0.9998  0.000101498  
0.99012  0.00495403  
0.987084  0.00650157  
0.987147  0.00647704  
0.987147  0.00647704  
0.987135  0.00645533  
0.98719  0.0064516  
0.9871  0.00647314  
0.987139  0.00649126  
0.9871  0.00647314  
0.98708  0.00648217  
0.987135  0.00645533  
0.987084  0.00650157  
0.987135  0.00646043  
0.98708  0.00648217  
0.850018  0.0780356  
0.850018  0.0780356  
0.847877  0.0792006  
0.840068  0.0834574  
0.832096  0.0878248  
0.824331  0.0920766  
0.81661  0.0963355  
0.809021  0.100549  
0.801505  0.10474  
0.798651  0.106329  
0.798651  0.106338  
0.798651  0.106344  
0.798651  0.106342  
0.798651  0.106338  
0.798651  0.106342  
0.798651  0.106344  
0.798651  0.106338  
0.798651  0.106344  
0.798651  0.106338  
0.798651  0.106329  
0.798651  0.106333  
0.798651  0.106332  
0.798651  0.106344  
0.665897  0.183975  
0.665897  0.183975  
0.665897  0.183975  
0.665897  0.183975  
0.665897  0.183975  
0.665897  0.183975  
0.660268  0.187431  
0.65423  0.191157  
0.64822  0.194882  
0.64227  0.198584  
0.636349  0.202285  
0.630535  0.205938  
0.624689  0.209627  
0.618872  0.213316  
0.613228  0.216931  
0.612211  0.217561  
0.612211  0.217561  
0.612211  0.217561  
0.612211  0.217561  
0.612211  0.217561  
0.612211  0.217561  
0.612211  0.217561  
0.612211  0.217561  
0.612211  0.217561  
0.612211  0.217561  
0.612211  0.217561  
0.612211  0.217561  
0.612211  0.217561  
0.612211  0.217561  
0.483948  0.304336  
0.483948  0.304336  
0.483948  0.304336  
0.483948  0.304336  
0.483948  0.304336  
0.483948  0.304336  
0.483948  0.304336  
0.483948  0.304336  
0.483948  0.304336  
0.483948  0.304336  
0.483124  0.304929  
0.47837  0.308363  
0.473657  0.311773  
0.468903  0.315236  
0.464229  0.318657  
0.459569  0.322085  
0.454909  0.325531  
0.450325  0.328938  
0.445742  0.332362  
0.441229  0.335751  
0.436688  0.339177  
0.432205  0.342587  
0.428484  0.345413  
0.428484  0.345413  
0.428484  0.345413  
0.428484  0.345413  
0.428484  0.345413  
0.428484  0.345413  
0.428484  0.345413  
0.428484  0.345413  
0.428484  0.345413  
0.428484  0.345413  
0.428484  0.345413  
0.428484  0.345413  
0.428484  0.345413  
0.305595  0.447194  
0.305595  0.447194  
0.305595  0.447194  
0.305595  0.447194  
0.305595  0.447194  
0.305595  0.447194  
0.305595  0.447194  
0.305595  0.447194  
0.305595  0.447194  
0.305595  0.447194  
0.305595  0.447194  
0.305595  0.447194  
0.305595  0.447194  
0.305595  0.447194  
0.305595  0.447194  
0.305595  0.447194  
0.305595  0.447194  
0.302531  0.449972  
0.298615  0.453543  
0.29465  0.457184  
0.290806  0.460737  
0.286914  0.464364  
0.283051  0.467975  
0.279188  0.471618  
0.27533  0.475282  
0.271517  0.478927  
0.267671  0.48263  
0.263869  0.486318  
0.260109  0.489993  
0.25634  0.493699  
0.252513  0.497493  
0.249119  0.500882  
0.249119  0.500882  
0.249119  0.500882  
0.249119  0.500882  
0.249119  0.500882  
0.249119  0.500882  
0.249119  0.500882  
0.249119  0.500882  
0.249119  0.500882  
0.249119  0.500882  
0.134302  0.633527  
0.134302  0.633527  
0.134302  0.633527  
0.134302  0.633527  
0.134302  0.633527  
0.134302  0.633527  
0.134302  0.633527  
0.134302  0.633527  
0.134302  0.633527  
0.134302  0.633527  
0.134302  0.633527  
0.134302  0.633527  
0.134302  0.633527  
0.134302  0.633527  
0.134302  0.633527  
0.134302  0.633527  
0.134302  0.633527  
0.134302  0.633527  
0.134302  0.633527  
0.134302  0.633527  
0.134302  0.633527  
0.134302  0.633527  
0.131349  0.637579  
0.127734  0.642602  
0.124118  0.647697  
0.120478  0.652901  
0.116835  0.658189  
0.113188  0.663572  
0.109539  0.669033  
0.10588  0.674609  
0.102218  0.680293  
0.0985374  0.686097  
0.0948972  0.691959  
0.0912229  0.698031  
0.0875072  0.704215  
0.0837915  0.710532  
0.0801016  0.716978  
0.0794736  0.718125  
0.0794736  0.718125  
0.0794736  0.718125  
0.0794736  0.718125  
0.0794736  0.718125  
1.79726e-005  1.04473  
1.79726e-005  1.04473  
1.79726e-005  1.04473  
1.79726e-005  1.04473  
1.79726e-005  1.04473  
1.79726e-005  1.04473  
1.79726e-005  1.04473  
1.79726e-005  1.04473  
1.79726e-005  1.04473  
1.79726e-005  1.04473  
1.79726e-005  1.04473  
1.79726e-005  1.04473  
1.79726e-005  1.04473  
1.79726e-005  1.04473  
1.79726e-005  1.04473  
