0.991505  0.281031  
0.991506  0.281032  
0.991504  0.28103  
0.991507  0.281032  
0.991505  0.281031  
0.991504  0.28103  
0.991505  0.281031  
0.991505  0.28103  
0.991504  0.28103  
0.991505  0.281031  
0.991505  0.281031  
0.991505  0.281031  
0.991505  0.281031  
0.991506  0.281031  
0.991504  0.28103  
0.991504  0.28103  
0.991504  0.28103  
0.991504  0.28103  
0.991505  0.281031  
0.991502  0.281028  
0.991504  0.28103  
0.991504  0.28103  
0.991505  0.28103  
0.991504  0.28103  
0.991505  0.281031  
0.991505  0.281031  
0.991504  0.281031  
0.991505  0.28103  
0.991504  0.28103  
0.991505  0.281031  
0.991502  0.281028  
0.991505  0.281031  
0.991506  0.281031  
0.991505  0.281031  
0.991504  0.28103  
0.991503  0.281029  
0.991503  0.281029  
0.991505  0.281031  
0.991505  0.281031  
0.991505  0.28103  
0.991505  0.281031  
0.991505  0.281031  
0.991504  0.28103  
0.991505  0.28103  
0.991504  0.281029  
0.991504  0.28103  
0.991504  0.28103  
0.991504  0.281029  
0.962217  0.311252  
0.962121  0.311319  
0.962121  0.31132  
0.962121  0.311319  
0.962121  0.31132  
0.932883  0.344228  
0.932664  0.34432  
0.932712  0.344285  
0.932664  0.34432  
0.897497  0.371084  
0.897496  0.371084  
0.897496  0.371084  
0.897488  0.371148  
0.897488  0.371148  
0.860099  0.40015  
0.85999  0.400198  
0.860089  0.400228  
0.860089  0.400228  
0.85999  0.400198  
0.822698  0.429902  
0.822698  0.429902  
0.821662  0.430671  
0.821662  0.430671  
0.821667  0.430631  
0.780651  0.459513  
0.780651  0.459513  
0.780309  0.459572  
0.780309  0.459572  
0.780309  0.459572  
0.733164  0.487568  
0.733049  0.487595  
0.733049  0.487595  
0.732823  0.487761  
0.732823  0.487761  
0.733034  0.487847  
0.687657  0.523451  
0.687657  0.523451  
0.687657  0.523451  
0.687626  0.523962  
0.687626  0.523962  
0.687626  0.523962  
0.687626  0.523962  
0.637319  0.558455  
0.637319  0.558455  
0.637319  0.558455  
0.636927  0.55903  
0.637123  0.558742  
0.636927  0.55903  
0.574575  0.58788  
0.574575  0.58788  
0.574659  0.587995  
0.575076  0.588575  
0.574575  0.58788  
0.574659  0.587995  
0.574743  0.588109  
0.574575  0.58788  
0.574743  0.588109  
0.515313  0.633207  
0.51523  0.63309  
0.51523  0.63309  
0.515397  0.633323  
0.515397  0.633323  
0.515147  0.632972  
0.515147  0.632972  
0.515147  0.632972  
0.515147  0.632972  
0.450607  0.687796  
0.45056  0.68783  
0.450585  0.688153  
0.450602  0.687889  
0.450607  0.687796  
0.450602  0.687889  
0.45056  0.68783  
0.450542  0.688907  
0.450542  0.688907  
0.450542  0.688907  
0.450542  0.688907  
0.372039  0.750717  
0.372094  0.749709  
0.372062  0.750285  
0.372094  0.749709  
0.372062  0.750285  
0.372055  0.750429  
0.372071  0.750141  
0.372055  0.750429  
0.371986  0.751677  
0.371926  0.75248  
0.371926  0.75248  
0.371981  0.751748  
0.263271  0.823242  
0.263254  0.823229  
0.263253  0.823228  
0.263253  0.823228  
0.263246  0.823253  
0.263271  0.823242  
0.263238  0.823217  
0.263243  0.823221  
0.263248  0.823225  
0.263275  0.823244  
0.263258  0.823248  
0.263275  0.823241  
0.263243  0.823221  
0.263238  0.823217  
0.262933  0.824817  
0.262953  0.824831  
0.262933  0.824817  
0.262947  0.824826  
0.262953  0.824831  
0.256352  0.93504  
0.250057  0.941839  
0.243341  0.949218  
0.23703  0.951884  
0.232269  0.955126  
0.224428  0.959357  
0.218444  0.961964  
0.20938  0.965685  
0.206032  0.968026  
0.199475  0.970566  
0.191935  0.97191  
0.185907  0.973336  
0.179037  0.974935  
0.169779  0.977347  
0.166104  0.977616  
0.157332  0.979624  
0.152432  0.980242  
0.1467  0.981459  
0.139978  0.982774  
0.132266  0.983621  
0.128236  0.98458  
0.121386  0.985175  
0.115946  0.986168  
0.106961  0.987488  
0.101116  0.988008  
0.0954577  0.988604  
0.0917265  0.989276  
0.0859749  0.990352  
0.0746417  0.991254  
0.0737929  0.991499  
0.0659595  0.992193  
0.0624525  0.992807  
0.0567628  0.993427  
0.0500352  0.994106  
0.0449485  0.995616  
0.0412611  0.996598  
0.0318297  0.997063  
0.0260856  0.997502  
0.0237252  0.997633  
0.0163002  0.998934  
0.0130286  0.999252  
0.00750039  0.999303  
4.78984e-026  1  
4.78984e-026  1  
