0.822864  1.3727  
0.822864  1.3727  
0.822864  1.3727  
0.822864  1.3727  
0.822864  1.3727  
0.822864  1.3727  
0.822864  1.3727  
0.822864  1.3727  
0.822864  1.3727  
0.822864  1.3727  
0.822864  1.3727  
0.822864  1.3727  
0.822864  1.3727  
0.822864  1.3727  
0.822864  1.3727  
0.822864  1.3727  
0.822864  1.3727  
0.822864  1.3727  
0.822864  1.3727  
0.822864  1.3727  
0.822864  1.3727  
0.822864  1.3727  
0.822864  1.3727  
0.822864  1.3727  
0.822864  1.3727  
0.822864  1.3727  
0.822864  1.3727  
0.822864  1.3727  
0.822864  1.3727  
0.822864  1.3727  
0.822864  1.3727  
0.822864  1.3727  
0.822864  1.3727  
0.822864  1.3727  
0.822864  1.3727  
0.822864  1.3727  
0.822864  1.3727  
0.822864  1.3727  
0.822864  1.3727  
0.822864  1.3727  
0.822864  1.3727  
0.822864  1.3727  
0.822864  1.3727  
0.822864  1.3727  
0.822864  1.3727  
0.822864  1.3727  
0.822864  1.3727  
0.822864  1.3727  
0.822864  1.3727  
0.822864  1.3727  
0.822864  1.3727  
0.822864  1.3727  
0.822864  1.3727  
0.822864  1.3727  
0.822864  1.3727  
0.822864  1.3727  
0.822864  1.3727  
0.822864  1.3727  
0.822864  1.3727  
0.822864  1.3727  
0.822864  1.3727  
0.822864  1.3727  
0.822864  1.3727  
0.822864  1.3727  
0.822864  1.3727  
0.822864  1.3727  
0.822864  1.3727  
0.822864  1.3727  
0.822864  1.3727  
0.822864  1.3727  
0.822864  1.3727  
0.822864  1.3727  
0.822864  1.3727  
0.822864  1.3727  
0.822864  1.3727  
0.822864  1.3727  
0.822864  1.3727  
0.822864  1.3727  
0.822864  1.3727  
0.822864  1.3727  
0.822864  1.3727  
0.822864  1.3727  
0.822864  1.3727  
0.822864  1.3727  
0.822864  1.3727  
0.822864  1.3727  
0.822864  1.3727  
0.822864  1.3727  
0.822864  1.3727  
0.822864  1.3727  
0.822864  1.3727  
0.822864  1.3727  
0.822864  1.3727  
0.822864  1.3727  
0.822864  1.3727  
0.822864  1.3727  
0.822864  1.3727  
0.822864  1.3727  
0.822864  1.3727  
0.822864  1.3727  
0.822864  1.3727  
0.822864  1.3727  
0.822864  1.3727  
0.822864  1.3727  
0.822864  1.3727  
0.822864  1.3727  
0.822864  1.3727  
0.822864  1.3727  
0.822864  1.3727  
0.822864  1.3727  
0.822864  1.3727  
0.822864  1.3727  
0.822864  1.3727  
0.822864  1.3727  
0.822864  1.3727  
0.822864  1.3727  
0.822864  1.3727  
0.822864  1.3727  
0.822864  1.3727  
0.822864  1.3727  
0.822864  1.3727  
0.822864  1.3727  
0.822864  1.3727  
0.822864  1.3727  
0.81991  1.3825  
0.812992  1.40091  
0.806227  1.42052  
0.79954  1.43881  
0.79239  1.45773  
0.786108  1.47603  
0.778518  1.49698  
0.771717  1.51585  
0.764805  1.53573  
0.757495  1.55587  
0.750445  1.57505  
0.743106  1.59646  
0.735577  1.61708  
0.728048  1.63781  
0.720447  1.65912  
0.712828  1.68015  
0.705094  1.70168  
0.697372  1.72364  
0.689856  1.74469  
0.682365  1.76566  
0.682364  1.76566  
0.682364  1.76566  
0.682364  1.76566  
0.682365  1.76566  
0.682365  1.76565  
0.682364  1.76566  
0.682365  1.76566  
0.682365  1.76566  
0.682364  1.76566  
0.682365  1.76566  
0.479346  2.33954  
0.479346  2.33954  
0.479347  2.33954  
0.479347  2.33954  
0.479347  2.33954  
0.479347  2.33954  
0.479346  2.33954  
0.479348  2.33955  
0.479346  2.33954  
0.479347  2.33954  
0.479347  2.33954  
0.477419  2.34571  
0.46635  2.37356  
0.455305  2.40548  
0.44439  2.43516  
0.432945  2.46713  
0.421828  2.49927  
0.409769  2.53294  
0.398195  2.56583  
0.386541  2.59987  
0.374171  2.63385  
0.36172  2.66907  
0.349293  2.70461  
0.336883  2.74034  
0.326808  2.77145  
0.326808  2.77145  
0.326808  2.77145  
0.134611  3.3137  
0.134611  3.3137  
0.134611  3.3137  
0.134611  3.3137  
0.134611  3.3137  
0.134611  3.3137  
0.134611  3.3137  
0.134611  3.3137  
0.134611  3.3137  
0.134611  3.3137  
0.134611  3.3137  
0.12085  3.35247  
0.104552  3.39882  
0.087354  3.44965  
0.0697872  3.50505  
0.0509111  3.55509  
0.0342598  3.60268  
0.0179491  3.65163  
1.95987e-005  3.69572  
