1.00608  0.172975  
0.909557  0.173702  
0.909557  0.174356  
0.909557  0.174785  
0.909557  0.175744  
0.909557  0.17692  
0.909557  0.178071  
0.909557  0.178071  
0.909557  0.178071  
0.909557  0.178071  
0.909557  0.178071  
0.909557  0.178071  
0.909557  0.183886  
0.909557  0.183886  
0.909557  0.186131  
0.909557  0.187197  
0.909557  0.187348  
0.909557  0.187348  
0.909557  0.187348  
0.909557  0.189733  
0.909557  0.187348  
0.909557  0.189733  
0.909557  0.189733  
0.909557  0.189733  
0.909557  0.189733  
0.909557  0.189733  
0.909557  0.197983  
0.909557  0.198704  
0.909557  0.198704  
0.909557  0.201221  
0.909557  0.201221  
0.909557  0.201803  
0.909557  0.201803  
0.909557  0.203871  
0.909557  0.201964  
0.909557  0.201803  
0.909557  0.203871  
0.909557  0.201964  
0.909557  0.201803  
0.909557  0.201964  
0.909557  0.211424  
0.909557  0.205899  
0.909557  0.201803  
0.909557  0.201803  
0.909557  0.204161  
0.909557  0.217213  
0.909557  0.217213  
0.909557  0.201964  
0.909557  0.220319  
0.909557  0.201964  
0.909557  0.219485  
0.909557  0.210949  
0.909557  0.222588  
0.909557  0.219485  
0.909557  0.201964  
0.909557  0.228111  
0.909557  0.210949  
0.909557  0.210949  
0.909557  0.210949  
0.909557  0.215128  
0.909557  0.220319  
0.909557  0.219367  
0.909557  0.215832  
0.909557  0.210949  
0.909557  0.215832  
0.909557  0.215128  
0.909557  0.210886  
0.909557  0.228111  
0.909557  0.242229  
0.909557  0.220319  
0.909557  0.220319  
0.909557  0.220054  
0.909557  0.230654  
0.909557  0.220054  
0.909557  0.215128  
0.909557  0.220319  
0.909557  0.215832  
0.909557  0.220319  
0.909557  0.21771  
0.909557  0.220054  
0.909557  0.242229  
0.909557  0.249125  
0.909557  0.249125  
0.909557  0.261812  
0.909557  0.261294  
0.909557  0.224099  
0.909557  0.215128  
0.909557  0.211485  
0.909557  0.249125  
0.909557  0.21771  
0.909557  0.210949  
0.909557  0.215128  
0.909557  0.236483  
0.909557  0.261812  
0.909557  0.242229  
0.909557  0.261812  
0.909557  0.215128  
0.909557  0.261812  
0.909557  0.215832  
0.909557  0.249125  
0.909557  0.215128  
0.909557  0.250804  
0.909557  0.275353  
0.909557  0.272905  
0.909557  0.220054  
0.909557  0.249125  
0.909557  0.220054  
0.909557  0.261812  
0.909557  0.249125  
0.909557  0.215832  
0.909557  0.261812  
0.909557  0.21771  
0.909557  0.215128  
0.909557  0.275353  
0.909557  0.275962  
0.909557  0.250804  
0.909557  0.300108  
0.909557  0.290346  
0.909557  0.236483  
0.909557  0.275962  
0.909557  0.275962  
0.909557  0.313856  
0.909557  0.313856  
0.909557  0.275353  
0.909557  0.220054  
0.909557  0.290346  
0.909557  0.312013  
0.909557  0.250804  
0.909557  0.250804  
0.909557  0.317045  
0.909557  0.312013  
0.909557  0.325973  
0.909557  0.317045  
0.909557  0.290346  
0.909557  0.333076  
0.909557  0.334141  
0.909557  0.317045  
0.909557  0.333076  
0.909557  0.290346  
0.909557  0.342031  
0.909557  0.334141  
0.909557  0.311345  
0.909557  0.24467  
0.909557  0.333076  
0.909557  0.275353  
0.909557  0.230079  
0.909557  0.250804  
0.909557  0.351985  
0.909557  0.275353  
0.909557  0.351985  
0.909557  0.24467  
0.909557  0.305335  
0.909557  0.311345  
0.909557  0.230079  
0.909557  0.250804  
0.909557  0.334402  
0.909557  0.261294  
0.909557  0.311345  
0.909557  0.351985  
0.909557  0.351985  
0.909557  0.342031  
0.909557  0.342031  
0.909557  0.334402  
0.909557  0.24467  
0.909557  0.325973  
0.909557  0.351985  
0.909557  0.351985  
0.909557  0.325973  
0.909557  0.333076  
0.909557  0.261294  
0.909557  0.240834  
0.909557  0.311345  
0.909557  0.24467  
0.909557  0.24467  
0.909557  0.329612  
0.909557  0.343188  
0.909557  0.333076  
0.909557  0.242238  
0.909557  0.262751  
0.909557  0.342031  
0.909557  0.317045  
0.909557  0.24467  
0.909557  0.230079  
0.909557  0.242238  
0.909557  0.242238  
0.909557  0.305335  
0.909557  0.325973  
0.909557  0.308138  
0.909557  0.224099  
0.909557  0.240834  
0.909557  0.240834  
0.909557  0.240834  
0.909557  0.240834  
0.909557  0.305335  
0.909557  0.329612  
0.909557  0.308138  
0.909557  0.271644  
0.909557  0.305335  
0.909557  0.305335  
0.909557  0.256627  
0.909557  0.305335  
0.909557  0.247003  
0.909557  0.247003  
0.909557  0.329612  
0.909557  0.230079  
0.909557  0.247003  
0.909557  0.271644  
0.909557  0.310141  
0.909557  0.242238  
0.909557  0.262751  
0.909557  0.247003  
0.909557  0.310141  
0.909557  0.233073  
0.909557  0.261294  
0.909557  0.256627  
0.909557  0.233073  
0.909557  0.232562  
0.909557  0.248193  
0.909557  0.242238  
0.909557  0.329612  
0.909557  0.233073  
0.909557  0.232562  
0.909557  0.232562  
0.909557  0.271644  
0.909557  0.256627  
0.909557  0.329612  
0.909557  0.248193  
0.909557  0.329612  
0.909557  0.271644  
0.909557  0.247003  
0.909557  0.247003  
0.909557  0.256627  
0.909557  0.317259  
0.909557  0.256627  
0.909557  0.232562  
0.909557  0.248193  
0.909557  0.248193  
0.909557  0.277405  
0.909557  0.256627  
0.909557  0.277405  
0.909557  0.248193  
0.909557  0.271644  
0.909557  0.234448  
0.909557  0.234448  
0.909557  0.257256  
0.909557  0.232562  
0.909557  0.234448  
0.909557  0.331711  
0.909557  0.317259  
0.909557  0.233073  
0.909557  0.257256  
0.909557  0.271644  
0.909557  0.342165  
0.909557  0.257256  
0.909557  0.275628  
0.909557  0.331711  
0.909557  0.234448  
0.909557  0.234448  
0.909557  0.28766  
0.909557  0.282237  
0.909557  0.317259  
0.909557  0.233073  
0.909557  0.257256  
0.909557  0.234448  
0.909557  0.282237  
0.909557  0.298214  
0.909557  0.298686  
0.909557  0.317259  
0.909557  0.298686  
0.909557  0.257256  
0.909557  0.277405  
0.909557  0.298214  
0.909557  0.31095  
0.909557  0.257256  
0.909557  0.331711  
0.909557  0.331116  
0.909557  0.279825  
0.909557  0.277405  
0.909557  0.331116  
0.909557  0.31095  
0.909557  0.230079  
0.909557  0.301522  
0.909557  0.324364  
0.909557  0.331711  
0.909557  0.269337  
0.909557  0.28766  
0.909557  0.304798  
0.909557  0.331711  
0.909557  0.269337  
0.909557  0.274828  
0.909557  0.262751  
0.909557  0.298214  
0.909557  0.274828  
0.909557  0.269337  
0.909557  0.316048  
0.909557  0.342165  
0.909557  0.342165  
0.909557  0.304798  
0.909557  0.230079  
0.909557  0.296265  
0.909557  0.29312  
0.909557  0.248193  
0.909557  0.331116  
0.909557  0.316048  
0.909557  0.342165  
0.909557  0.304798  
0.909557  0.301522  
0.909557  0.274828  
0.909557  0.269337  
0.909557  0.342165  
0.909557  0.248193  
0.909557  0.262751  
0.909557  0.298214  
0.909557  0.262751  
0.909557  0.324364  
0.909557  0.296265  
0.909557  0.304798  
0.909557  0.301522  
0.909557  0.224564  
0.909557  0.342165  
0.909557  0.31095  
0.909557  0.29312  
0.909557  0.224564  
0.909557  0.342165  
0.909557  0.342165  
0.909557  0.261294  
0.909557  0.224564  
0.909557  0.301522  
0.909557  0.304798  
0.909557  0.301522  
0.909557  0.224099  
0.909557  0.269337  
0.909557  0.869334  
0.909557  0.869334  
0.909557  0.269337  
0.909557  0.883891  
0.909557  0.883891  
0.909557  0.29312  
0.909557  0.869334  
0.909557  0.883891  
0.909557  0.224564  
0.909557  0.883891  
0.909557  0.883891  
0.909557  0.316048  
0.909557  0.869334  
0.909557  0.261294  
0.909557  0.883891  
0.74842  0.94521  
0.74842  0.94521  
0.813672  0.94521  
0.74842  0.94521  
0.847779  0.945211  
0.813672  0.94521  
0.847779  0.945211  
0.675682  0.945211  
0.74842  0.94521  
0.868292  0.945211  
0.739012  0.945209  
0.742268  0.945211  
0.847779  0.945211  
0.675682  0.945211  
0.813672  0.94521  
0.675682  0.945211  
0.847779  0.945211  
0.725945  0.945211  
0.813672  0.94521  
0.739012  0.945209  
0.742268  0.945211  
0.813672  0.94521  
0.742268  0.945211  
0.739012  0.945209  
0.787039  0.94521  
0.675682  0.945211  
0.787039  0.94521  
0.739012  0.945209  
0.74842  0.94521  
0.739012  0.945209  
0.74842  0.94521  
0.787039  0.94521  
0.787039  0.94521  
0.742268  0.945211  
0.771019  0.945212  
0.675682  0.945211  
0.742268  0.945211  
0.761966  0.945211  
0.771019  0.945212  
0.771859  0.945211  
0.771019  0.945212  
0.739012  0.945209  
0.725435  0.945212  
0.725435  0.945212  
0.725435  0.945212  
0.725435  0.945212  
0.725435  0.945212  
0.725435  0.945212  
0.675682  0.945211  
0.703929  0.945224  
0.717847  0.945212  
0.717847  0.945212  
0.703929  0.945224  
0.703929  0.945224  
0.679938  0.945234  
0.680734  0.945224  
0.703929  0.945224  
0.679938  0.945234  
0.717847  0.945212  
0.698066  0.94522  
0.680734  0.945224  
0.703929  0.945224  
0.703929  0.945224  
0.643291  0.945224  
0.643291  0.945224  
0.679938  0.945234  
0.643291  0.945224  
0.680734  0.945224  
0.679938  0.945234  
0.680734  0.945224  
0.679938  0.945234  
0.643291  0.945224  
0.679938  0.945234  
0.643291  0.945224  
0.661592  0.94533  
0.65028  0.945331  
0.65028  0.945331  
0.643291  0.945224  
0.661592  0.94533  
0.65028  0.945331  
0.65028  0.945331  
0.65028  0.945331  
0.646123  0.945415  
0.646123  0.945415  
0.646123  0.945415  
0.646123  0.945415  
0.632287  0.945456  
0.632287  0.945456  
0.634885  0.94546  
0.632287  0.945456  
0.627579  0.945534  
0.632287  0.945456  
0.627579  0.945534  
0.627579  0.945534  
0.626608  0.947932  
0.626551  0.947332  
0.626258  0.947068  
0.626551  0.947332  
0.625765  0.945623  
0.625765  0.945623  
0.626551  0.947332  
0.626258  0.947068  
0.626551  0.947332  
0.625765  0.945623  
0.626551  0.947332  
0.625765  0.945623  
0.626258  0.947068  
0.626608  0.947932  
0.626608  0.947932  
0.626551  0.947332  
0.626258  0.947068  
0.625765  0.945623  
0.625765  0.945623  
0.349261  1.08829  
0.348391  1.08828  
0.349261  1.08829  
0.349247  1.08828  
0.349145  1.08829  
0.348391  1.08828  
0.348391  1.08828  
0.349221  1.08828  
0.349221  1.08828  
0.348849  1.08828  
0.349221  1.08828  
0.348984  1.08828  
0.349247  1.08828  
0.348984  1.08828  
0.348984  1.08828  
0.349221  1.08828  
0.349221  1.08828  
0.348695  1.08828  
0.348695  1.08828  
0.34928  1.08829  
0.349221  1.08828  
0.348771  1.08828  
0.34843  1.08829  
0.34839  1.08828  
0.34843  1.08829  
0.348907  1.08828  
0.349003  1.08828  
0.348619  1.08828  
0.348821  1.08828  
0.348771  1.08828  
0.348771  1.08828  
0.348849  1.08828  
0.348571  1.08828  
0.348571  1.08828  
0.348984  1.08828  
0.349003  1.08828  
0.348771  1.08828  
0.348571  1.08828  
0.348821  1.08828  
0.349245  1.08828  
0.348479  1.08828  
0.348821  1.08828  
0.348984  1.08828  
0.348393  1.08828  
0.348849  1.08828  
0.34928  1.08829  
0.348849  1.08828  
0.348849  1.08828  
0.348984  1.08828  
0.348619  1.08828  
0.348619  1.08828  
0.348479  1.08828  
0.34846  1.08828  
0.349245  1.08828  
0.348907  1.08828  
0.348849  1.08828  
0.348499  1.08828  
0.349245  1.08828  
0.348821  1.08828  
0.348393  1.08828  
0.348821  1.08828  
0.348616  1.08828  
0.349003  1.08828  
0.348391  1.08828  
0.348393  1.08828  
0.348907  1.08828  
0.349245  1.08828  
0.348619  1.08828  
0.348499  1.08828  
0.34875  1.08828  
0.34846  1.08828  
0.349003  1.08828  
0.348571  1.08828  
0.348571  1.08828  
0.349245  1.08828  
0.349094  1.08828  
0.348571  1.08828  
0.349003  1.08828  
0.348391  1.08828  
0.348907  1.08828  
0.348668  1.08828  
0.349094  1.08828  
0.348619  1.08828  
0.349003  1.08828  
0.348619  1.08828  
0.349094  1.08828  
0.349245  1.08828  
0.34846  1.08828  
0.348499  1.08828  
0.348438  1.08828  
0.348406  1.08828  
0.348662  1.08828  
0.348467  1.08828  
0.34846  1.08828  
0.348391  1.08828  
0.348438  1.08828  
0.34875  1.08828  
0.348662  1.08828  
0.348547  1.08828  
0.348557  1.08828  
0.348547  1.08828  
0.348668  1.08828  
0.348557  1.08828  
0.348662  1.08828  
0.348547  1.08828  
0.349094  1.08828  
0.348557  1.08828  
0.348391  1.08828  
0.348392  1.08828  
0.34875  1.08828  
0.348392  1.08828  
0.348415  1.08828  
0.348913  1.08828  
0.349094  1.08828  
0.348642  1.08828  
0.348391  1.08828  
0.348415  1.08828  
0.348438  1.08828  
0.348406  1.08828  
0.348392  1.08828  
0.348662  1.08828  
0.348415  1.08828  
0.348391  1.08828  
0.348406  1.08828  
0.349094  1.08828  
0.348557  1.08828  
0.348438  1.08828  
0.348392  1.08828  
0.348392  1.08828  
0.348445  1.08828  
0.348437  1.08828  
0.348913  1.08828  
0.348642  1.08828  
0.348662  1.08828  
0.348599  1.08828  
0.348403  1.08828  
0.348599  1.08828  
0.348662  1.08828  
0.348392  1.08828  
0.348403  1.08828  
