1  1.22125e-015  
1  1.22125e-015  
1  1.22125e-015  
1  1.22125e-015  
1  1.22125e-015  
1  1.22125e-015  
1  1.22125e-015  
1  1.22125e-015  
1  1.22125e-015  
1  1.22125e-015  
1  1.22125e-015  
1  1.22125e-015  
1  1.22125e-015  
1  1.22125e-015  
1  1.22125e-015  
1  1.22125e-015  
1  1.22125e-015  
1  1.22125e-015  
1  1.22125e-015  
1  1.22125e-015  
1  1.22125e-015  
1  1.22125e-015  
1  1.22125e-015  
1  1.22125e-015  
1  1.22125e-015  
1  1.22125e-015  
1  1.22125e-015  
1  1.22125e-015  
1  1.22125e-015  
0.950329  0.0503191  
0.950329  0.0503191  
0.950329  0.0503486  
0.950329  0.0503355  
0.950328  0.0503367  
0.950329  0.0503344  
0.950328  0.0503367  
0.950329  0.0503344  
0.950328  0.0503367  
0.950328  0.0503367  
0.950329  0.0503355  
0.950328  0.0503367  
0.950329  0.0503344  
0.950329  0.0503344  
0.950329  0.0503355  
0.950329  0.0503355  
0.950329  0.0503344  
0.950328  0.0503367  
0.950329  0.0503486  
0.950328  0.0503367  
0.950329  0.0503486  
0.950328  0.0503367  
0.950328  0.0503367  
0.950329  0.0503355  
0.950328  0.0503367  
0.950329  0.0503344  
0.950328  0.0503367  
0.950328  0.0503367  
0.950329  0.0503355  
0.900334  0.100348  
0.900334  0.100348  
0.900335  0.100351  
0.900335  0.100356  
0.900334  0.100351  
0.900334  0.100351  
0.900334  0.100351  
0.900334  0.100351  
0.900335  0.100356  
0.900334  0.100348  
0.900334  0.100348  
0.900335  0.100356  
0.900334  0.100354  
0.900335  0.100356  
0.900334  0.100351  
0.900334  0.100348  
0.900334  0.100351  
0.900335  0.100356  
0.900334  0.100351  
0.900334  0.100354  
0.900334  0.100348  
0.900334  0.100351  
0.900334  0.100351  
0.900334  0.100351  
0.900335  0.100356  
0.900334  0.100351  
0.900334  0.100351  
0.900335  0.100356  
0.850272  0.150262  
0.850272  0.150262  
0.850272  0.150262  
0.850272  0.150262  
0.850266  0.150281  
0.850266  0.150281  
0.850266  0.150281  
0.850266  0.150281  
0.850266  0.15028  
0.850266  0.150281  
0.850266  0.150281  
0.850266  0.15028  
0.850266  0.15028  
0.850266  0.150282  
0.850266  0.150282  
0.850266  0.15028  
0.850266  0.150282  
0.850266  0.150281  
0.850266  0.150281  
0.850266  0.15028  
0.850266  0.150282  
0.850266  0.15028  
0.850266  0.15028  
0.850266  0.150282  
0.850266  0.15028  
0.850266  0.150282  
0.850266  0.15028  
0.850266  0.15028  
0.850266  0.150281  
0.800281  0.200266  
0.800281  0.200266  
0.800281  0.200266  
0.800281  0.200266  
0.800281  0.200266  
0.800279  0.20028  
0.800278  0.200294  
0.800278  0.200294  
0.800278  0.200294  
0.800278  0.200294  
0.800279  0.200281  
0.800278  0.200296  
0.800278  0.200282  
0.800278  0.200282  
0.800278  0.200294  
0.800278  0.200294  
0.800278  0.200294  
0.800278  0.200296  
0.800278  0.200282  
0.800278  0.200282  
0.800278  0.200296  
0.800278  0.200294  
0.800278  0.200294  
0.800278  0.200282  
0.800278  0.200294  
0.800278  0.200282  
0.800278  0.200294  
0.800278  0.200294  
0.750275  0.25026  
0.750275  0.25026  
0.750275  0.25026  
0.750274  0.25026  
0.750275  0.25026  
0.750275  0.25026  
0.750275  0.25026  
0.75026  0.250265  
0.750259  0.250263  
0.750261  0.250263  
0.75026  0.250265  
0.75026  0.250265  
0.750261  0.250263  
0.750261  0.250263  
0.750259  0.250263  
0.750261  0.250263  
0.750261  0.250263  
0.750259  0.250263  
0.750259  0.250263  
0.750259  0.250263  
0.750261  0.250263  
0.750261  0.250263  
0.750259  0.250263  
0.750261  0.250263  
0.75026  0.250265  
0.75026  0.250265  
0.750261  0.250263  
0.750261  0.250263  
0.750261  0.250263  
0.700167  0.300167  
0.700167  0.300167  
0.700178  0.300167  
0.700167  0.300167  
0.700167  0.300167  
0.700167  0.300167  
0.700167  0.300167  
0.700178  0.300167  
0.700162  0.300168  
0.700177  0.300172  
0.700162  0.300168  
0.700162  0.300168  
0.700162  0.300168  
0.700167  0.300167  
0.700164  0.300168  
0.700162  0.300168  
0.700164  0.300168  
0.700164  0.300168  
0.700164  0.300168  
0.700164  0.300168  
0.700164  0.300168  
0.700167  0.300167  
0.700164  0.300168  
0.700164  0.300168  
0.700167  0.300167  
0.700164  0.300168  
0.700164  0.300168  
0.700162  0.300168  
0.650335  0.350317  
0.650336  0.350319  
0.650336  0.350319  
0.650335  0.350317  
0.650332  0.350316  
0.650335  0.350318  
0.650335  0.350317  
0.650335  0.350317  
0.650331  0.350316  
0.65033  0.350318  
0.650334  0.350318  
0.65033  0.350318  
0.65033  0.350318  
0.650335  0.350318  
0.65033  0.350318  
0.650332  0.350316  
0.650335  0.350317  
0.65033  0.350318  
0.650332  0.350316  
0.650331  0.350316  
0.650331  0.350316  
0.650335  0.350317  
0.65033  0.350318  
0.65033  0.350318  
0.650335  0.350318  
0.650335  0.350318  
0.650331  0.350316  
0.650334  0.350318  
0.65033  0.350318  
0.600101  0.400096  
0.600101  0.400095  
0.600101  0.400096  
0.600101  0.400095  
0.600101  0.400095  
0.600101  0.400095  
0.600101  0.400096  
0.600101  0.400095  
0.600101  0.400095  
0.600101  0.400096  
0.600101  0.400096  
0.600096  0.400102  
0.600096  0.400102  
0.600096  0.400102  
0.600096  0.400102  
0.600096  0.400096  
0.600096  0.400102  
0.600096  0.400102  
0.600096  0.400096  
0.600096  0.400102  
0.600096  0.400102  
0.600096  0.400096  
0.600096  0.400102  
0.600096  0.400096  
0.600096  0.400096  
0.600096  0.400102  
0.600096  0.400096  
0.600096  0.400102  
0.550318  0.450306  
0.550318  0.450306  
0.550318  0.450306  
0.550318  0.450306  
0.550318  0.450306  
0.550318  0.450306  
0.550318  0.450306  
0.550318  0.450306  
0.550318  0.450306  
0.550318  0.450306  
0.550318  0.450306  
0.550318  0.450306  
0.550318  0.450306  
0.550318  0.450338  
0.550318  0.450338  
0.550318  0.450338  
0.550318  0.450338  
0.550318  0.450338  
0.550318  0.450338  
0.550318  0.450338  
0.550318  0.450338  
0.550318  0.450338  
0.550318  0.450338  
0.550318  0.450338  
0.550318  0.450338  
0.550318  0.450338  
0.550318  0.450338  
0.550318  0.450338  
0.550318  0.450338  
0.500238  0.500238  
0.500238  0.500238  
0.500238  0.500238  
0.500238  0.500238  
0.500238  0.500238  
0.500238  0.500238  
0.500238  0.500238  
0.500238  0.500238  
0.500238  0.500238  
0.500238  0.500238  
0.500238  0.500238  
0.500238  0.500238  
0.500238  0.500238  
0.500238  0.500238  
0.500227  0.500241  
0.500227  0.500241  
0.500227  0.500241  
0.500227  0.500241  
0.500227  0.500241  
0.500227  0.500241  
0.500227  0.500241  
0.500227  0.500241  
0.500227  0.500241  
0.500227  0.500241  
0.500227  0.500241  
0.500227  0.500241  
0.500227  0.500241  
0.500227  0.500241  
0.450255  0.550241  
0.450255  0.550241  
0.450255  0.550241  
0.450247  0.550241  
0.450247  0.550241  
0.450255  0.550241  
0.45025  0.550241  
0.450247  0.550241  
0.450247  0.550241  
0.450247  0.550241  
0.45025  0.550241  
0.450255  0.550241  
0.45025  0.550241  
0.45025  0.550241  
0.450255  0.550241  
0.450247  0.550241  
0.450243  0.550248  
0.450243  0.550248  
0.450243  0.550248  
0.450243  0.550248  
0.450243  0.550248  
0.450243  0.550248  
0.450243  0.550248  
0.450243  0.550248  
0.450243  0.55025  
0.450243  0.550248  
0.450243  0.550248  
0.450243  0.550248  
0.450243  0.550248  
0.400242  0.600249  
0.400242  0.600249  
0.400242  0.600249  
0.400265  0.600251  
0.400266  0.600251  
0.400242  0.600249  
0.400266  0.600251  
0.400242  0.600249  
0.400242  0.600249  
0.400265  0.600251  
0.400242  0.600249  
0.400242  0.600249  
0.400242  0.600249  
0.400242  0.600249  
0.400242  0.600249  
0.400242  0.600249  
0.400265  0.600251  
0.400242  0.600258  
0.400242  0.600258  
0.400242  0.600258  
0.400242  0.600258  
0.400242  0.600258  
0.400242  0.600258  
0.400242  0.600258  
0.400242  0.600258  
0.400242  0.600258  
0.400242  0.600258  
0.400242  0.600258  
0.350215  0.650204  
0.350215  0.650204  
0.350216  0.650204  
0.350215  0.650204  
0.350216  0.650204  
0.350209  0.650201  
0.350209  0.650201  
0.350209  0.650201  
0.350216  0.650204  
0.350215  0.650204  
0.350209  0.650201  
0.350209  0.650201  
0.350216  0.650204  
0.350216  0.650204  
0.350215  0.650204  
0.350216  0.650204  
0.350215  0.650204  
0.350215  0.650204  
0.350209  0.650201  
0.3502  0.650213  
0.3502  0.650213  
0.3502  0.650213  
0.3502  0.650213  
0.3502  0.650213  
0.3502  0.650213  
0.3502  0.650213  
0.3502  0.650213  
0.3502  0.650213  
0.3502  0.650213  
0.300489  0.700464  
0.300488  0.700464  
0.300489  0.700464  
0.300489  0.700464  
0.300489  0.700464  
0.300489  0.700464  
0.300489  0.700464  
0.300489  0.700464  
0.300489  0.700464  
0.300488  0.700464  
0.300489  0.700464  
0.300489  0.700464  
0.300489  0.700464  
0.300489  0.700464  
0.300489  0.700464  
0.300489  0.700464  
0.300489  0.700464  
0.300489  0.700464  
0.300489  0.700464  
0.300489  0.700464  
0.300478  0.700494  
0.300478  0.700494  
0.300478  0.700494  
0.300478  0.700494  
0.300478  0.700494  
0.300478  0.700494  
0.300478  0.700494  
0.300478  0.700494  
0.250371  0.750369  
0.250371  0.750377  
0.250371  0.750371  
0.250371  0.750371  
0.250374  0.750374  
0.250371  0.750377  
0.250371  0.750371  
0.250371  0.750371  
0.250371  0.750369  
0.250371  0.750371  
0.250371  0.750369  
0.250371  0.750369  
0.250371  0.750369  
0.250371  0.750371  
0.250371  0.750369  
0.250371  0.750371  
0.250374  0.750374  
0.250374  0.750374  
0.250374  0.750374  
0.250371  0.750371  
0.250374  0.750374  
0.250374  0.750374  
0.250371  0.750371  
0.250371  0.750371  
0.250371  0.750377  
0.250371  0.750371  
0.250371  0.750371  
0.250371  0.750371  
0.250371  0.750377  
0.20025  0.800247  
0.20025  0.800257  
0.20025  0.800247  
0.20025  0.800247  
0.20025  0.800257  
0.20025  0.800257  
0.20025  0.800257  
0.20025  0.800257  
0.20025  0.800247  
0.20025  0.800257  
0.20025  0.800257  
0.20025  0.800257  
0.20025  0.800257  
0.20025  0.800257  
0.20025  0.800247  
0.20025  0.800247  
0.20025  0.800257  
0.20025  0.800257  
0.20025  0.800257  
0.20025  0.800257  
0.20025  0.800257  
0.20025  0.800257  
0.20025  0.800257  
0.200246  0.800258  
0.200246  0.800258  
0.200246  0.800258  
0.200246  0.800258  
0.200246  0.800258  
0.150749  0.850705  
0.150749  0.850705  
0.150742  0.850705  
0.150749  0.850705  
0.150749  0.850705  
0.150749  0.850705  
0.150749  0.850705  
0.150742  0.850705  
0.150749  0.850705  
0.150749  0.850705  
0.150749  0.850705  
0.150742  0.850705  
0.150749  0.850705  
0.150749  0.850705  
0.150742  0.850705  
0.150749  0.850705  
0.150742  0.850705  
0.150749  0.850705  
0.150749  0.850705  
0.150749  0.850705  
0.150742  0.850705  
0.150749  0.850705  
0.150749  0.850705  
0.150749  0.850705  
0.150724  0.85077  
0.150724  0.85077  
0.150724  0.85077  
0.150724  0.85077  
0.150724  0.85077  
0.100404  0.900405  
0.100404  0.900405  
0.100408  0.900405  
0.100404  0.900405  
0.100408  0.900405  
0.100408  0.900405  
0.100408  0.900405  
0.100408  0.900405  
0.100404  0.900405  
0.100408  0.900405  
0.100408  0.900405  
0.100404  0.900405  
0.100404  0.900405  
0.100404  0.900405  
0.100408  0.900405  
0.100404  0.900405  
0.100408  0.900405  
0.100404  0.900405  
0.100408  0.900405  
0.100404  0.900405  
0.100408  0.900405  
0.100408  0.900405  
0.100404  0.900405  
0.100408  0.900405  
0.100408  0.900405  
0.100408  0.900405  
0.100404  0.900405  
0.100408  0.900405  
0.0508018  0.950831  
0.0508018  0.950831  
0.0508018  0.950831  
0.0508018  0.950831  
0.0508018  0.950831  
0.0508018  0.950831  
0.0508018  0.950831  
0.0508018  0.950831  
0.0507981  0.950831  
0.0508018  0.950831  
0.0508018  0.950831  
0.0508018  0.950831  
0.0508018  0.950831  
0.0508018  0.950831  
0.0507981  0.950831  
0.0508018  0.950831  
0.0507981  0.950831  
0.0508018  0.950831  
0.0507981  0.950831  
0.0508018  0.950831  
0.0508018  0.950831  
0.0507981  0.950831  
0.0508018  0.950831  
0.05081  0.950831  
0.0507981  0.950831  
0.0508018  0.950831  
0.0508018  0.950831  
0.0507969  0.950838  
0.0507969  0.950834  
9.53171e-018  1  
3.27758e-017  1  
3.27758e-017  1  
3.27758e-017  1  
4.65677e-018  1  
4.65677e-018  1  
3.27758e-017  1  
4.65677e-018  1  
4.65677e-018  1  
9.53171e-018  1  
3.27758e-017  1  
4.65677e-018  1  
3.27758e-017  1  
9.53171e-018  1  
3.27758e-017  1  
3.27758e-017  1  
8.04725e-018  1  
8.04725e-018  1  
3.27758e-017  1  
3.27758e-017  1  
8.04725e-018  1  
3.27758e-017  1  
8.04725e-018  1  
3.27758e-017  1  
9.53171e-018  1  
9.53171e-018  1  
8.04725e-018  1  
4.65677e-018  1  
8.04725e-018  1  
