0.281903  0.752948  
0.271235  0.753082  
0.265767  0.753481  
0.261422  0.753882  
0.258513  0.754498  
0.259775  0.754914  
0.258979  0.755172  
0.25356  0.755874  
0.255167  0.756223  
0.254902  0.756506  
0.253938  0.756865  
0.250269  0.757329  
0.250269  0.757329  
0.248409  0.758232  
0.247364  0.758561  
0.246336  0.759056  
0.244691  0.759602  
0.244691  0.759602  
0.243527  0.76024  
0.242372  0.760806  
0.242178  0.76099  
0.242178  0.76099  
0.241241  0.761729  
0.240368  0.762508  
0.239758  0.762796  
0.238909  0.763173  
0.238287  0.763693  
0.238464  0.763729  
0.238464  0.763729  
0.238464  0.763729  
0.236839  0.765229  
0.236839  0.765229  
0.236839  0.765229  
0.235379  0.766603  
0.234182  0.766858  
0.233908  0.766994  
0.233498  0.767644  
0.232833  0.76806  
0.232833  0.76806  
0.23168  0.768956  
0.23168  0.768956  
0.23116  0.769576  
0.231186  0.769834  
0.230245  0.770676  
0.229948  0.770871  
0.229788  0.771245  
0.229788  0.771245  
0.22884  0.772437  
0.227909  0.772545  
0.227438  0.77304  
0.227438  0.77304  
0.227093  0.773624  
0.225955  0.774383  
0.225581  0.774838  
0.225402  0.775151  
0.225017  0.775572  
0.225017  0.775572  
0.223949  0.776282  
0.223686  0.776875  
0.223496  0.777276  
0.222634  0.777687  
0.222634  0.777687  
0.222061  0.778402  
0.221909  0.778788  
0.221107  0.779273  
0.220533  0.779779  
0.220533  0.779779  
0.219875  0.780254  
0.219652  0.780944  
0.219228  0.781102  
0.21891  0.781452  
0.218155  0.782087  
0.218123  0.782388  
0.217474  0.783028  
0.216901  0.783293  
0.216901  0.783293  
0.216149  0.784025  
0.215608  0.784719  
0.2155  0.784752  
0.214931  0.785412  
0.214461  0.785947  
0.214191  0.78617  
0.213673  0.786684  
0.21327  0.787171  
0.212593  0.78762  
0.212593  0.78762  
0.212251  0.788091  
0.211805  0.788875  
0.211387  0.789319  
0.210814  0.789747  
0.210261  0.789939  
0.209798  0.790421  
0.209764  0.79057  
0.209764  0.79057  
0.209244  0.791746  
0.20844  0.792131  
0.207985  0.792516  
0.207979  0.79277  
0.207746  0.793292  
0.207746  0.793292  
0.20627  0.79409  
0.20619  0.794374  
0.205345  0.795085  
0.205345  0.795085  
0.205345  0.795085  
0.204298  0.796456  
0.203863  0.796676  
0.203551  0.796816  
0.203179  0.79753  
0.202361  0.797886  
0.202361  0.797886  
0.201752  0.798549  
0.201318  0.799017  
0.200924  0.799276  
0.200536  0.799913  
0.200174  0.800234  
0.200174  0.800234  
0.199051  0.801249  
0.198712  0.801638  
0.198425  0.801996  
0.197766  0.802535  
0.197471  0.802926  
0.197139  0.803296  
0.196892  0.803788  
0.196081  0.804209  
0.195749  0.804577  
0.19535  0.804888  
0.195137  0.805323  
0.194762  0.805792  
0.194762  0.805792  
0.193697  0.80643  
0.19337  0.807  
0.193168  0.807181  
0.192861  0.807599  
0.192259  0.807993  
0.191698  0.808447  
0.191323  0.808927  
0.190762  0.809577  
0.190608  0.809842  
0.190296  0.809949  
0.189976  0.810415  
0.189446  0.811043  
0.188772  0.811433  
0.188259  0.811833  
0.188259  0.811833  
0.187522  0.812644  
0.187301  0.813154  
0.186932  0.813608  
0.186576  0.81402  
0.186039  0.81435  
0.186039  0.81435  
0.185334  0.815334  
0.184527  0.815708  
0.184193  0.816083  
0.183719  0.816588  
0.183409  0.816781  
0.182927  0.817171  
0.182896  0.817644  
0.182272  0.818193  
0.181759  0.818578  
0.181366  0.818804  
0.181056  0.819415  
0.180602  0.819772  
0.180159  0.8202  
0.17984  0.82046  
0.179541  0.820878  
0.178729  0.82156  
0.178488  0.821671  
0.178099  0.822219  
0.177665  0.822546  
0.177285  0.823044  
0.176819  0.823436  
0.17672  0.823912  
0.175774  0.824371  
0.175541  0.824731  
0.175398  0.824975  
0.174945  0.825319  
0.174485  0.825866  
0.173793  0.826294  
0.173524  0.826722  
0.17304  0.827095  
0.172714  0.827389  
0.172308  0.827907  
0.171821  0.828446  
0.17124  0.828902  
0.170988  0.82939  
0.170797  0.829653  
0.17031  0.830031  
0.169649  0.830612  
0.169371  0.830911  
0.168946  0.831437  
0.168424  0.831783  
0.168242  0.831999  
0.167426  0.832633  
0.167343  0.83296  
0.1669  0.833427  
0.166508  0.833827  
0.166017  0.834128  
0.165573  0.834639  
0.1653  0.835217  
0.16476  0.835366  
0.164617  0.835929  
0.164031  0.836218  
0.163786  0.83678  
0.162996  0.837109  
0.162739  0.837392  
0.162244  0.837909  
0.162077  0.838009  
0.16162  0.838835  
0.16125  0.83918  
0.160771  0.839648  
0.160367  0.839861  
0.159721  0.840466  
0.159304  0.840911  
0.158844  0.841389  
0.158676  0.841603  
0.158207  0.842129  
0.157675  0.842485  
0.157237  0.843028  
0.156931  0.843248  
0.156651  0.843567  
0.156041  0.844126  
0.155607  0.844551  
0.155262  0.84499  
0.154694  0.845498  
0.154265  0.845885  
0.153839  0.846233  
0.153456  0.846663  
0.153281  0.847161  
0.152943  0.847434  
0.15244  0.847756  
0.152055  0.848287  
0.151493  0.848747  
0.151066  0.849335  
0.150608  0.849598  
0.150265  0.849953  
0.149851  0.850336  
0.149421  0.850827  
0.148867  0.851308  
0.148732  0.851477  
0.14843  0.851983  
0.147762  0.852506  
0.147549  0.852716  
0.146873  0.853419  
0.146397  0.853876  
0.146422  0.853995  
0.145679  0.854561  
0.145364  0.855019  
0.144858  0.855349  
0.144629  0.855608  
0.144035  0.856089  
0.143948  0.856404  
0.143263  0.856953  
0.142853  0.857403  
0.142386  0.85783  
0.142253  0.858093  
0.141839  0.858581  
0.141022  0.859137  
0.140797  0.859417  
0.140316  0.859754  
0.139719  0.860418  
0.139719  0.860418  
0.139068  0.861043  
0.13892  0.861422  
0.138575  0.862007  
0.137944  0.862282  
0.137326  0.862834  
0.137265  0.863066  
0.13656  0.863709  
0.13623  0.864026  
0.135787  0.864411  
0.13545  0.864924  
0.13483  0.86531  
0.13444  0.865681  
0.134543  0.86608  
0.133675  0.866592  
0.133269  0.866897  
0.133119  0.867146  
0.132601  0.867621  
0.131991  0.868249  
0.131669  0.868512  
0.131274  0.869073  
0.13106  0.869486  
0.130594  0.869569  
0.130276  0.870201  
0.129626  0.870783  
0.129268  0.870942  
0.128699  0.871529  
0.128432  0.871824  
0.127845  0.872252  
0.127637  0.872518  
0.127348  0.872866  
0.126782  0.873482  
0.126193  0.874221  
0.12584  0.874327  
0.125706  0.874587  
0.125118  0.875117  
0.12452  0.875711  
0.124163  0.87605  
0.123884  0.876383  
0.123389  0.876741  
0.122999  0.877275  
0.122521  0.877786  
0.122033  0.87812  
0.121801  0.878486  
0.121617  0.878646  
0.120896  0.87924  
0.120769  0.879506  
0.120235  0.880081  
0.119551  0.880648  
0.119286  0.880839  
0.118931  0.88136  
0.118598  0.88182  
0.118072  0.882156  
0.117724  0.882443  
0.117295  0.882806  
0.116961  0.88339  
0.116368  0.883901  
0.115933  0.884337  
0.115511  0.884587  
0.115367  0.884723  
0.114499  0.885608  
0.114202  0.885892  
0.113782  0.886334  
0.11358  0.886611  
0.112989  0.88733  
0.112557  0.887629  
0.112304  0.888032  
0.111957  0.888163  
0.1113  0.888818  
0.111003  0.889258  
0.110604  0.889577  
0.110268  0.88997  
0.109612  0.890453  
0.109424  0.890769  
0.108943  0.891231  
0.108509  0.891767  
0.108051  0.892207  
0.107879  0.892333  
0.107218  0.892902  
0.106934  0.893104  
0.106596  0.893757  
0.10589  0.894303  
0.105617  0.894565  
0.105223  0.894962  
0.104969  0.895428  
0.104323  0.895827  
0.104018  0.896109  
0.103577  0.896606  
0.103125  0.897125  
0.103023  0.897403  
0.102491  0.897772  
0.101881  0.8983  
0.101527  0.898603  
0.101282  0.898854  
0.100697  0.899647  
0.100236  0.899938  
0.0999917  0.900156  
0.0995804  0.900543  
0.0991548  0.901132  
0.0984111  0.901651  
0.0982884  0.901903  
0.0978947  0.902501  
0.0975369  0.90286  
0.0970917  0.903128  
0.0965921  0.903563  
0.0962641  0.90409  
0.0958771  0.904451  
0.0955289  0.904957  
0.0948811  0.905523  
0.0944195  0.90572  
0.0940846  0.906122  
0.0938623  0.906637  
0.093404  0.907117  
0.0929297  0.907189  
0.0924582  0.907717  
0.0921858  0.907889  
0.0917519  0.908509  
0.0912861  0.908947  
0.0905367  0.909555  
0.0902501  0.909867  
0.0899548  0.910158  
0.089632  0.910619  
0.0891757  0.911189  
0.0888192  0.91152  
0.0882173  0.911896  
0.0878562  0.912294  
0.0874275  0.91267  
0.0870791  0.913227  
0.0867843  0.913402  
0.0860993  0.914104  
0.0857749  0.914348  
0.0855538  0.914874  
0.0849701  0.91526  
0.0845576  0.915689  
0.0839685  0.916195  
0.0837331  0.916431  
0.083381  0.916812  
0.0827548  0.917403  
0.0824378  0.917776  
0.0822912  0.9179  
0.0817872  0.918462  
0.081214  0.918965  
0.0809397  0.919376  
0.0805587  0.919769  
0.0802416  0.920122  
0.0797432  0.920389  
0.0792795  0.920971  
0.0788739  0.92142  
0.0784157  0.921864  
0.0778773  0.922291  
0.0775367  0.922788  
0.0771879  0.922955  
0.0767037  0.923389  
0.0764983  0.924022  
0.0760386  0.924123  
0.07541  0.924712  
0.0750594  0.925137  
0.0747783  0.925649  
0.074277  0.925972  
0.0738197  0.926466  
0.0734829  0.926797  
0.0730106  0.927241  
0.0726099  0.927634  
0.072279  0.927849  
0.071803  0.92837  
0.0714611  0.928843  
0.0711201  0.929336  
0.0705837  0.929569  
0.0701105  0.930135  
0.0697594  0.930435  
0.0692643  0.93107  
0.0688963  0.931307  
0.0685765  0.931691  
0.0680944  0.932108  
0.0677222  0.932535  
0.0673318  0.932902  
0.0668237  0.933312  
0.0664695  0.933812  
0.0660572  0.934154  
0.0654903  0.934676  
0.0651576  0.935024  
0.0647433  0.93541  
0.0643379  0.935788  
0.0640796  0.936258  
0.0635867  0.936686  
0.0631217  0.937037  
0.0627164  0.937391  
0.0622409  0.937953  
0.0616229  0.93848  
0.0615162  0.938763  
0.0611284  0.939073  
0.0607067  0.939534  
0.0602211  0.939977  
0.0598  0.940375  
0.0593453  0.94077  
0.059025  0.941162  
0.0586972  0.941595  
0.0581322  0.942009  
0.0578205  0.942348  
0.0573389  0.94286  
0.0570124  0.943083  
0.0565566  0.943615  
0.0560874  0.94417  
0.0557443  0.944347  
0.0551279  0.944935  
0.0547399  0.945354  
0.0544633  0.945629  
0.0539311  0.946232  
0.0536717  0.946442  
0.053225  0.946886  
0.0528125  0.9473  
0.0522183  0.947893  
0.052  0.948185  
0.0516303  0.948648  
0.0511776  0.948936  
0.0507693  0.949501  
0.0504338  0.949723  
0.0499689  0.950223  
0.0495011  0.950586  
0.0491377  0.951036  
0.0487018  0.951523  
0.0483093  0.951867  
0.0477165  0.952442  
0.0474134  0.952713  
0.0470531  0.953094  
0.0465518  0.953557  
0.0462737  0.953873  
0.045789  0.954307  
0.0454165  0.954826  
0.0449809  0.955231  
0.0445412  0.955599  
0.044141  0.956103  
0.0437816  0.956354  
0.0432292  0.956924  
0.0429205  0.957312  
0.0425131  0.957608  
0.0420977  0.958085  
0.0416559  0.958424  
0.0412737  0.958916  
0.0408952  0.959297  
0.0404538  0.959738  
0.0400315  0.960081  
0.0395767  0.960493  
0.0391544  0.960956  
0.0388197  0.961381  
0.0381745  0.961929  
0.0379505  0.962218  
0.0375242  0.962531  
0.0370909  0.962958  
0.0367033  0.963457  
0.0363567  0.963788  
0.0358667  0.964303  
0.0355006  0.96461  
0.035098  0.965076  
0.0346462  0.965413  
0.0342564  0.965906  
0.0338433  0.966211  
0.0334446  0.966632  
0.0330341  0.967027  
0.0326009  0.967454  
0.032209  0.967861  
0.0318459  0.968423  
0.0313073  0.968749  
0.0309261  0.969287  
0.0305763  0.969551  
0.0300967  0.969943  
0.0297334  0.97041  
0.0293693  0.970836  
0.028884  0.971189  
0.0285076  0.971619  
0.0280617  0.972043  
0.0276704  0.972429  
0.0272106  0.972931  
0.0268226  0.973375  
0.0264328  0.973689  
0.0259468  0.974147  
0.0256037  0.974513  
0.0251112  0.974947  
0.0247064  0.975356  
0.0243821  0.975801  
0.0239529  0.976141  
0.0235209  0.976529  
0.0231198  0.976983  
0.022762  0.977444  
0.0223128  0.977888  
0.0218609  0.978272  
0.0214915  0.978712  
0.020969  0.979195  
0.0206428  0.979439  
0.0202074  0.979943  
0.0198192  0.980306  
0.0194147  0.980715  
0.0189267  0.981212  
0.0185924  0.981565  
0.018197  0.981868  
0.0177396  0.982452  
0.0173127  0.982822  
0.0169363  0.983258  
0.0165166  0.983615  
0.0161334  0.983979  
0.0156111  0.984589  
0.0152186  0.984911  
0.01475  0.985396  
0.0143034  0.985824  
0.0140612  0.98604  
0.01363  0.986605  
0.01322  0.987  
0.0128145  0.987355  
0.0124143  0.987723  
0.0120077  0.988133  
0.0115984  0.988474  
0.0111833  0.988923  
0.0107904  0.989358  
0.0103474  0.9897  
0.00993415  0.990207  
0.00939612  0.990741  
0.00906849  0.991102  
0.00871162  0.991432  
0.00814962  0.992034  
0.0077967  0.992375  
0.00735807  0.992727  
0.00702542  0.993202  
0.00660763  0.993588  
0.00611247  0.994156  
0.0057955  0.994417  
0.00539822  0.994815  
0.00488147  0.995332  
0.00446076  0.995678  
0.0041567  0.996143  
0.00376529  0.996407  
0.00335551  0.996823  
0.00292715  0.99732  
0.00224701  0.997962  
0.00187035  0.998313  
0.00160279  0.998654  
0.00124771  0.999297  
0.000856812  1.00013  
0.000405608  1.00017  
7.96784e-005  1.00098  
