0.981016  0.308719  
0.981017  0.30872  
0.980989  0.308682  
0.981012  0.308714  
0.981002  0.3087  
0.981014  0.308717  
0.981011  0.308679  
0.980994  0.308689  
0.980989  0.308682  
0.981019  0.308723  
0.981003  0.308702  
0.981017  0.30872  
0.981005  0.308704  
0.980992  0.308685  
0.981005  0.308704  
0.981011  0.308679  
0.980994  0.308689  
0.980992  0.308685  
0.98101  0.308711  
0.980997  0.308694  
0.981003  0.308702  
0.981002  0.3087  
0.981019  0.308723  
0.980997  0.308694  
0.981005  0.308704  
0.981001  0.308698  
0.981001  0.308698  
0.981002  0.3087  
0.980985  0.308677  
0.980981  0.308671  
0.981011  0.308712  
0.98101  0.308711  
0.98101  0.308711  
0.981011  0.308712  
0.980981  0.308671  
0.980992  0.308687  
0.980981  0.308671  
0.981008  0.308708  
0.980975  0.308663  
0.981002  0.3087  
0.980985  0.308677  
0.981013  0.308716  
0.98101  0.308711  
0.981004  0.308703  
0.980997  0.308693  
0.981005  0.308704  
0.980981  0.308671  
0.981005  0.308704  
0.98101  0.308711  
0.981006  0.308706  
0.980992  0.308687  
0.981006  0.308706  
0.980975  0.308663  
0.981011  0.308711  
0.896183  0.362048  
0.896174  0.362036  
0.896185  0.36205  
0.896174  0.362036  
0.896183  0.362048  
0.896184  0.362049  
0.896185  0.362051  
0.896185  0.362051  
0.896185  0.362051  
0.896183  0.362048  
0.896186  0.362052  
0.896183  0.362048  
0.896183  0.362048  
0.896183  0.362048  
0.896183  0.362048  
0.854229  0.474735  
0.854229  0.474735  
0.854064  0.474759  
0.854064  0.474759  
0.746702  0.496529  
0.746706  0.496514  
0.746761  0.496596  
0.746715  0.49662  
0.746705  0.496519  
0.746749  0.496637  
0.746749  0.496637  
0.746706  0.496514  
0.746733  0.496692  
0.746729  0.496707  
0.746702  0.496529  
0.746732  0.496697  
0.746729  0.496707  
0.746715  0.49662  
0.678916  0.573131  
0.678918  0.573133  
0.678915  0.573128  
0.678918  0.573133  
0.678912  0.573181  
0.678909  0.57319  
0.678912  0.573181  
0.678912  0.573181  
0.678909  0.57319  
0.678913  0.573133  
0.603641  0.639948  
0.603641  0.639948  
0.603637  0.639971  
0.603637  0.639971  
0.603639  0.63996  
0.603621  0.64005  
0.603607  0.64003  
0.603598  0.640101  
0.603598  0.640101  
0.603613  0.640066  
0.526567  0.703703  
0.526585  0.70362  
0.526567  0.703703  
0.526615  0.703623  
0.526519  0.703783  
0.526626  0.703597  
0.526626  0.703597  
0.526393  0.703999  
0.526359  0.704078  
0.526378  0.703998  
0.526378  0.703998  
0.52635  0.704118  
0.462118  0.784891  
0.462362  0.785009  
0.462118  0.784891  
0.462362  0.785009  
0.461919  0.784951  
0.46211  0.784891  
0.462201  0.785159  
0.461788  0.78519  
0.461788  0.78519  
0.461979  0.78513  
0.461894  0.78519  
0.395132  0.861941  
0.395109  0.861906  
0.395071  0.861932  
0.395071  0.861932  
0.39509  0.861878  
0.39509  0.861878  
0.395031  0.861955  
0.39505  0.861984  
0.395051  0.861985  
0.395031  0.861955  
0.39505  0.861984  
0.21028  0.949028  
0.210441  0.948982  
0.21028  0.949028  
0.2103  0.948966  
0.210379  0.949001  
0.210407  0.949016  
0.210321  0.949026  
0.210404  0.949017  
0.210238  0.948971  
0.2103  0.948966  
0.210441  0.948982  
0.210393  0.949009  
0.210348  0.949014  
0.210238  0.948971  
0.210403  0.948991  
0.210353  0.949011  
0.210379  0.949001  
0.21038  0.94901  
0.210355  0.949019  
0.210377  0.948992  
0.210348  0.949014  
0.210382  0.94902  
0.210055  0.949423  
0.103442  0.972203  
0.103466  0.972199  
0.103488  0.972188  
0.103481  0.97218  
0.103442  0.972203  
0.103445  0.97221  
0.103481  0.97218  
0.103448  0.972215  
0.103466  0.972199  
0.10349  0.972192  
0.103488  0.972188  
0.10349  0.972192  
0.10341  0.97224  
0.103483  0.972183  
0.103394  0.972258  
0.103483  0.972183  
0.10337  0.972261  
0.0206974  1.02837  
0.0206888  1.02838  
0.0206883  1.02838  
0.0206958  1.02838  
0.0206983  1.02837  
0.0207011  1.02838  
0.0206888  1.02838  
0.0206856  1.02837  
0.0206954  1.02838  
0.0206967  1.02837  
0.0206983  1.02837  
0.0207011  1.02838  
0.020686  1.02838  
0.0206856  1.02837  
0.0206974  1.02837  
7.86059e-005  1.16845  
7.86059e-005  1.16845  
7.74622e-005  1.16852  
7.72311e-005  1.16855  
