45.0508  0.0156653  95.0733  
45.0531  0.0156662  95.0782  
45.0497  0.0156648  95.0711  
45.054  0.0156655  95.0802  
45.0545  0.0156669  95.0811  
45.0474  0.0156643  95.0662  
45.0531  0.0156662  95.0782  
45.0545  0.0156669  95.0811  
45.0474  0.0156643  95.0662  
45.0497  0.0156648  95.0711  
45.0556  0.0156671  95.0834  
45.0497  0.0156648  95.0711  
45.0535  0.0156656  95.0791  
45.0497  0.0156648  95.0711  
45.0517  0.0156653  95.0752  
45.058  0.0156678  95.0886  
45.058  0.0156678  95.0886  
45.0505  0.0156649  95.0728  
45.0557  0.0156671  95.0837  
45.0531  0.0156662  95.0782  
45.0531  0.0156662  95.0782  
45.0519  0.0156648  95.0757  
45.0556  0.0156671  95.0834  
45.0507  0.0156652  95.0731  
45.0544  0.0156665  95.0809  
45.0544  0.0156665  95.0809  
45.0531  0.0156662  95.0782  
45.0544  0.0156665  95.0809  
45.0497  0.0156648  95.0711  
45.0497  0.0156648  95.0711  
45.0497  0.0156648  95.0711  
45.0556  0.0156671  95.0834  
45.051  0.0156652  95.0738  
45.0533  0.0156663  95.0786  
45.0533  0.0156663  95.0786  
45.0497  0.0156648  95.0711  
45.0544  0.0156665  95.0809  
45.058  0.0156678  95.0886  
45.0554  0.0156671  95.0831  
45.0545  0.0156669  95.0811  
45.0514  0.015665  95.0748  
45.0514  0.015665  95.0748  
45.0556  0.0156671  95.0834  
45.0511  0.0156656  95.0739  
45.0508  0.0156653  95.0733  
45.0554  0.0156671  95.0831  
45.0533  0.0156663  95.0786  
45.0514  0.015665  95.0748  
45.0487  0.0156638  95.0689  
45.0531  0.0156662  95.0782  
45.051  0.0156652  95.0738  
45.0439  0.0156632  95.0587  
45.0519  0.0156648  95.0757  
45.054  0.0156655  95.0802  
45.0497  0.0156648  95.0711  
45.0484  0.0156645  95.0683  
45.0507  0.0156652  95.0731  
45.0556  0.0156671  95.0834  
45.051  0.0156652  95.0738  
45.0533  0.0156663  95.0786  
45.0484  0.0156645  95.0683  
45.0557  0.0156671  95.0837  
45.054  0.0156649  95.0803  
45.0514  0.0156659  95.0746  
45.0511  0.0156656  95.0739  
45.0554  0.0156671  95.0831  
45.0544  0.0156665  95.0809  
45.058  0.0156678  95.0886  
45.0504  0.0156648  95.0725  
45.0514  0.015665  95.0748  
45.0556  0.0156671  95.0834  
45.051  0.0156652  95.0738  
45.0556  0.0156671  95.0834  
45.051  0.0156652  95.0738  
45.0544  0.0156665  95.0809  
45.054  0.0156649  95.0803  
45.0497  0.0156648  95.0711  
45.0524  0.0156645  95.0767  
45.051  0.0156648  95.0739  
45.0497  0.0156648  95.0711  
45.0508  0.0156653  95.0733  
45.0434  0.0156628  95.0577  
45.0544  0.0156665  95.0809  
45.0508  0.0156653  95.0733  
45.0497  0.0156648  95.0711  
45.0557  0.0156671  95.0837  
45.0516  0.0156656  95.0751  
45.0487  0.0156638  95.0689  
45.0517  0.0156653  95.0752  
45.0573  0.0156679  95.0871  
45.054  0.0156649  95.0803  
45.0484  0.0156645  95.0683  
45.051  0.0156652  95.0738  
45.0504  0.0156645  95.0725  
45.0529  0.015666  95.0778  
45.0556  0.0156671  95.0834  
45.058  0.0156678  95.0886  
45.058  0.0156678  95.0886  
45.058  0.0156678  95.0886  
45.0544  0.0156665  95.0809  
45.054  0.0156649  95.0803  
45.0545  0.0156669  95.0811  
45.0516  0.0156656  95.0751  
45.0497  0.0156648  95.0711  
45.0485  0.0156636  95.0685  
45.0484  0.0156645  95.0683  
45.0508  0.0156653  95.0733  
45.0514  0.015665  95.0748  
45.0516  0.0156656  95.0751  
45.051  0.0156652  95.0738  
45.0516  0.0156656  95.0751  
45.0516  0.0156656  95.0751  
45.0487  0.0156634  95.0691  
45.0484  0.0156645  95.0683  
45.0512  0.0156646  95.0741  
45.054  0.0156649  95.0803  
45.0516  0.0156656  95.0751  
45.0524  0.0156645  95.0767  
45.0524  0.0156658  95.0767  
45.0511  0.0156656  95.0739  
45.0529  0.015666  95.0778  
45.0514  0.015665  95.0748  
45.0488  0.0156646  95.0691  
45.0516  0.0156656  95.0751  
45.0515  0.0156659  95.0749  
45.0556  0.0156671  95.0834  
45.0507  0.0156652  95.0731  
45.0532  0.0156663  95.0784  
45.0529  0.015666  95.0778  
45.051  0.0156652  95.0738  
45.0487  0.0156634  95.0691  
45.0497  0.0156649  95.0711  
45.0524  0.0156645  95.0767  
45.0532  0.0156652  95.0786  
45.0507  0.0156652  95.0731  
45.0511  0.0156656  95.0739  
45.0557  0.0156674  95.0836  
45.0524  0.0156665  95.0768  
45.051  0.0156648  95.0739  
45.0504  0.0156648  95.0725  
45.0514  0.015665  95.0748  
45.0516  0.0156656  95.0751  
45.0515  0.0156659  95.0749  
45.0535  0.0156656  95.0791  
45.0533  0.0156663  95.0786  
45.0516  0.0156656  95.0751  
45.054  0.0156649  95.0803  
45.0532  0.0156663  95.0784  
45.0524  0.0156658  95.0767  
45.0516  0.0156656  95.0751  
45.0511  0.0156656  95.0739  
45.0497  0.0156649  95.0711  
45.0524  0.0156658  95.0767  
45.0532  0.015666  95.0783  
45.0504  0.0156645  95.0725  
45.0504  0.0156648  95.0725  
45.0516  0.0156652  95.075  
45.0516  0.0156652  95.075  
45.0529  0.015666  95.0778  
45.0557  0.0156671  95.0837  
45.0526  0.0156656  95.0772  
45.051  0.0156648  95.0739  
45.0484  0.0156645  95.0683  
45.0526  0.0156661  95.0772  
45.0528  0.0156646  95.0777  
45.0526  0.0156661  95.0772  
45.0517  0.0156653  95.0752  
45.0512  0.0156646  95.0741  
45.0496  0.0156638  95.0709  
45.0496  0.0156638  95.0709  
45.0506  0.0156646  95.0729  
45.0487  0.0156636  95.0688  
45.0514  0.015665  95.0748  
45.0514  0.015665  95.0748  
45.0512  0.0156646  95.0741  
45.0504  0.0156648  95.0725  
45.0532  0.015666  95.0783  
45.051  0.0156648  95.0739  
45.0473  0.0156641  95.0659  
45.0526  0.0156656  95.0772  
45.0517  0.0156653  95.0752  
45.0531  0.0156656  95.0783  
45.0524  0.0156658  95.0767  
45.0485  0.0156636  95.0685  
45.0528  0.0156646  95.0777  
45.0532  0.0156651  95.0783  
45.0496  0.0156638  95.0709  
45.0522  0.0156648  95.0763  
45.0517  0.015665  95.0752  
45.0532  0.0156651  95.0783  
45.0497  0.0156649  95.0711  
45.051  0.0156648  95.0739  
45.0529  0.015666  95.0778  
45.0532  0.015666  95.0783  
45.0417  0.0156622  95.0542  
45.0492  0.0156642  95.07  
45.0473  0.0156641  95.0659  
45.0514  0.015665  95.0748  
45.0434  0.0156628  95.0577  
45.0526  0.0156656  95.0772  
45.054  0.0156649  95.0803  
45.054  0.0156649  95.0803  
45.052  0.0156644  95.0758  
45.0524  0.0156645  95.0767  
45.0517  0.015665  95.0752  
45.0528  0.0156655  95.0776  
45.0524  0.0156645  95.0767  
45.0517  0.015665  95.0752  
45.0488  0.0156639  95.0691  
45.0506  0.0156646  95.0729  
45.0417  0.0156622  95.0542  
45.0516  0.0156652  95.075  
45.0434  0.0156628  95.0577  
45.0516  0.0156652  95.075  
45.0526  0.0156656  95.0772  
45.0532  0.015666  95.0783  
45.0529  0.015666  95.0778  
45.0528  0.0156646  95.0777  
45.0487  0.0156638  95.0689  
45.0486  0.0156645  95.0688  
45.0535  0.0156656  95.0791  
45.0518  0.0156651  95.0755  
45.0514  0.0156647  95.0747  
45.0521  0.0156651  95.0761  
45.0532  0.0156651  95.0783  
45.05  0.0156643  95.0716  
45.0488  0.0156639  95.0691  
45.0528  0.0156655  95.0776  
45.0519  0.0156643  95.0755  
45.0512  0.0156646  95.0741  
45.0522  0.0156648  95.0763  
45.044  0.015663  95.0588  
45.0516  0.0156652  95.075  
45.0504  0.0156648  95.0725  
45.0529  0.015666  95.0778  
45.0487  0.0156636  95.0688  
45.051  0.0156648  95.0739  
45.0496  0.0156647  95.0708  
45.0509  0.0156653  95.0736  
45.0487  0.0156641  95.0688  
45.0526  0.0156656  95.0772  
45.0531  0.0156656  95.0783  
45.0519  0.0156643  95.0755  
45.0492  0.0156642  95.07  
45.0487  0.0156638  95.0689  
45.0524  0.0156645  95.0767  
45.054  0.0156649  95.0803  
45.0514  0.0156647  95.0747  
45.05  0.0156643  95.0716  
45.0488  0.0156639  95.0691  
45.054  0.0156649  95.0803  
45.0491  0.0156637  95.0699  
45.0488  0.0156639  95.0691  
45.0434  0.0156628  95.0577  
45.0484  0.0156645  95.0683  
45.051  0.0156648  95.0739  
45.0509  0.0156653  95.0736  
45.0512  0.0156648  95.0741  
45.0389  0.0156607  95.0483  
45.0487  0.0156641  95.0688  
45.0532  0.015666  95.0783  
45.0487  0.0156641  95.0688  
45.0528  0.0156646  95.0777  
45.0492  0.0156642  95.07  
45.0531  0.0156656  95.0783  
45.0492  0.0156642  95.07  
45.0532  0.0156651  95.0783  
45.0528  0.0156646  95.0777  
45.0519  0.0156643  95.0755  
45.0522  0.0156648  95.0763  
45.0524  0.0156645  95.0767  
45.0524  0.0156645  95.0767  
45.0524  0.0156645  95.0767  
45.0526  0.0156652  95.0771  
45.052  0.0156644  95.0758  
45.0506  0.0156646  95.0729  
45.0487  0.0156636  95.0688  
45.0425  0.0156627  95.056  
45.0487  0.0156636  95.0688  
45.0503  0.0156647  95.0723  
45.0502  0.015664  95.0721  
45.0425  0.0156627  95.056  
45.0389  0.0156607  95.0483  
45.0518  0.0156651  95.0755  
45.0532  0.015666  95.0783  
45.0528  0.0156646  95.0777  
45.0528  0.0156646  95.0777  
45.0514  0.0156647  95.0747  
45.0517  0.0156648  95.0752  
45.0531  0.015665  95.0783  
45.0517  0.0156648  95.0752  
45.0488  0.0156639  95.0691  
45.05  0.0156643  95.0716  
45.052  0.0156644  95.0758  
45.0491  0.0156637  95.0699  
45.0519  0.0156643  95.0755  
45.0522  0.0156648  95.0763  
45.053  0.0156653  95.0781  
45.0488  0.0156639  95.0691  
45.0506  0.0156646  95.0729  
45.0512  0.0156648  95.0741  
45.0389  0.0156607  95.0483  
45.0484  0.0156645  95.0683  
45.0503  0.0156647  95.0723  
45.0389  0.0156607  95.0483  
45.0512  0.0156648  95.0741  
45.0487  0.0156636  95.0688  
45.051  0.0156648  95.0739  
45.0487  0.0156641  95.0688  
45.0528  0.0156646  95.0777  
45.0517  0.0156648  95.0752  
45.0526  0.0156641  95.0773  
45.0528  0.0156655  95.0776  
45.0528  0.0156646  95.0777  
45.05  0.0156643  95.0716  
45.0517  0.0156648  95.0752  
45.052  0.0156644  95.0758  
45.0519  0.0156643  95.0755  
45.0522  0.0156648  95.0763  
45.0526  0.0156652  95.0771  
45.0519  0.0156643  95.0755  
45.0491  0.0156637  95.0699  
45.0516  0.0156645  95.075  
45.0522  0.0156648  95.0763  
45.0506  0.0156646  95.0729  
45.0502  0.0156653  95.072  
45.0425  0.0156627  95.056  
45.0508  0.0156653  95.0733  
45.0417  0.0156622  95.0542  
45.0503  0.0156647  95.0723  
45.0487  0.0156636  95.0688  
45.0516  0.0156652  95.075  
45.0487  0.0156641  95.0688  
45.0526  0.0156656  95.0772  
45.0487  0.0156634  95.0691  
45.0517  0.0156648  95.0752  
45.0487  0.0156641  95.0688  
45.0515  0.0156651  95.0749  
45.0505  0.0156638  95.0726  
45.0531  0.015665  95.0783  
45.052  0.0156644  95.0758  
45.05  0.0156643  95.0716  
45.052  0.0156644  95.0758  
45.0531  0.015665  95.0783  
45.0516  0.0156647  95.075  
45.0516  0.0156645  95.075  
45.05  0.0156643  95.0716  
45.0522  0.0156648  95.0763  
45.0491  0.0156637  95.0699  
45.0504  0.0156641  95.0724  
45.0538  0.0156655  95.0798  
45.0502  0.015664  95.0721  
45.0434  0.0156628  95.0577  
45.0425  0.0156627  95.056  
45.0389  0.0156607  95.0483  
45.0487  0.0156636  95.0688  
45.0512  0.0156648  95.0741  
45.0487  0.0156636  95.0688  
45.0487  0.0156636  95.0688  
45.0526  0.0156656  95.0772  
45.0473  0.0156641  95.0659  
45.0526  0.0156641  95.0773  
45.0526  0.0156656  95.0772  
45.0528  0.0156646  95.0777  
45.0542  0.0156657  95.0806  
45.0487  0.0156641  95.0688  
45.05  0.0156643  95.0716  
45.0528  0.0156655  95.0776  
45.0519  0.0156643  95.0755  
45.0516  0.0156645  95.075  
45.0516  0.0156647  95.075  
45.0504  0.0156641  95.0724  
45.0522  0.0156648  95.0763  
45.0488  0.0156639  95.0691  
45.0526  0.0156652  95.0771  
45.0506  0.0156646  95.0728  
45.0508  0.0156645  95.0733  
45.0508  0.0156645  95.0733  
45.0461  0.0156642  95.0634  
45.0425  0.0156627  95.056  
45.0499  0.0156643  95.0715  
45.0389  0.0156607  95.0483  
45.0488  0.0156646  95.0691  
45.0512  0.0156648  95.0741  
45.0417  0.0156622  95.0542  
45.0532  0.015666  95.0783  
45.0492  0.0156642  95.07  
45.0526  0.0156656  95.0772  
45.0542  0.0156657  95.0806  
45.0486  0.0156645  95.0688  
45.0517  0.0156648  95.0752  
45.0526  0.0156641  95.0773  
45.0514  0.0156647  95.0747  
45.0519  0.0156643  95.0755  
45.0517  0.0156648  95.0752  
45.0531  0.015665  95.0783  
45.0519  0.0156643  95.0755  
45.0488  0.0156639  95.0691  
45.0491  0.0156637  95.0699  
45.0508  0.0156645  95.0733  
45.0504  0.0156641  95.0724  
45.0516  0.0156645  95.075  
45.05  0.0156643  95.0716  
45.0504  0.0156644  95.0725  
45.0504  0.0156641  95.0724  
45.0498  0.0156642  95.0714  
45.0492  0.0156652  95.0701  
45.0502  0.015664  95.0721  
45.0512  0.0156648  95.0741  
45.0502  0.015664  95.0721  
45.0389  0.0156607  95.0483  
45.0512  0.0156648  95.0741  
45.0502  0.0156643  95.0721  
45.0542  0.0156657  95.0806  
45.054  0.0156655  95.0802  
45.0502  0.015664  95.0721  
45.0502  0.015664  95.0721  
45.0511  0.0156649  95.074  
45.0505  0.0156649  95.0728  
45.0542  0.0156657  95.0806  
45.0505  0.0156634  95.0726  
45.0526  0.0156641  95.0773  
45.0516  0.0156647  95.075  
45.0517  0.0156648  95.0752  
45.0517  0.0156648  95.0752  
45.0516  0.0156645  95.075  
45.0518  0.0156646  95.0754  
45.0531  0.015665  95.0783  
45.0491  0.0156637  95.0699  
45.0556  0.0156663  95.0835  
45.0517  0.0156648  95.0752  
45.0508  0.0156645  95.0733  
45.0526  0.0156652  95.0771  
45.0516  0.0156645  95.075  
45.0508  0.0156645  95.0733  
45.0499  0.0156643  95.0715  
45.0454  0.0156631  95.062  
45.0454  0.0156631  95.062  
45.0497  0.0156649  95.0711  
45.0429  0.0156621  95.0567  
45.0429  0.0156621  95.0567  
45.0499  0.0156643  95.0715  
45.0518  0.0156655  95.0755  
45.0487  0.0156636  95.0688  
45.0509  0.0156647  95.0736  
45.0526  0.0156641  95.0773  
45.0492  0.0156642  95.07  
45.0507  0.0156652  95.0731  
45.0487  0.0156641  95.0688  
45.0526  0.0156641  95.0773  
45.0517  0.0156648  95.0752  
45.0528  0.0156655  95.0776  
45.05  0.0156643  95.0716  
45.0517  0.0156648  95.0752  
45.0516  0.0156647  95.075  
45.0491  0.0156637  95.0699  
45.0531  0.015665  95.0783  
45.0491  0.0156637  95.0699  
45.0491  0.0156637  95.0699  
45.0516  0.0156645  95.075  
45.0516  0.0156645  95.075  
45.0491  0.0156637  95.0699  
45.0472  0.0156632  95.0658  
45.0506  0.0156646  95.0729  
45.0446  0.0156621  95.0601  
45.0502  0.0156643  95.0721  
45.0503  0.0156647  95.0723  
45.0459  0.0156638  95.0631  
45.0519  0.0156648  95.0757  
45.0474  0.0156643  95.0662  
45.0509  0.0156647  95.0736  
45.0502  0.015664  95.0721  
45.0434  0.0156628  95.0577  
45.0502  0.015664  95.0721  
45.0503  0.0156647  95.0723  
45.0542  0.0156657  95.0806  
45.0503  0.0156647  95.0723  
45.0487  0.0156641  95.0688  
45.0525  0.0156658  95.0768  
45.0517  0.0156648  95.0752  
45.0505  0.0156634  95.0726  
45.0493  0.0156645  95.0701  
45.0517  0.0156648  95.0752  
45.0515  0.0156651  95.0749  
45.0518  0.0156646  95.0754  
45.0505  0.0156634  95.0726  
45.0518  0.0156646  95.0754  
45.0504  0.0156641  95.0724  
45.0504  0.0156645  95.0725  
45.0491  0.0156637  95.0699  
45.0446  0.0156621  95.0601  
45.0491  0.0156637  95.0699  
45.0491  0.0156637  95.0699  
45.0506  0.0156646  95.0729  
45.0446  0.0156621  95.0601  
45.0491  0.0156637  95.0699  
45.0466  0.0156635  95.0645  
45.0389  0.0156607  95.0483  
45.0534  0.0156663  95.0789  
45.0459  0.0156638  95.0631  
45.054  0.0156655  95.0802  
45.0502  0.0156653  95.072  
45.0509  0.0156647  95.0736  
45.0496  0.0156647  95.0708  
45.0502  0.015664  95.0721  
45.0522  0.0156661  95.0763  
45.0476  0.0156643  95.0667  
45.0526  0.0156641  95.0773  
45.0505  0.0156649  95.0728  
45.0533  0.0156656  95.0786  
45.0533  0.0156656  95.0786  
45.0513  0.0156652  95.0745  
45.0517  0.0156648  95.0752  
45.0511  0.0156649  95.074  
45.0505  0.0156649  95.0728  
45.0516  0.0156647  95.075  
45.0516  0.0156647  95.075  
45.0518  0.0156646  95.0754  
45.0504  0.0156641  95.0724  
45.0446  0.0156621  95.0601  
45.0516  0.0156645  95.075  
45.0491  0.0156637  95.0699  
45.0504  0.0156641  95.0724  
45.0504  0.0156644  95.0725  
45.0516  0.0156645  95.075  
45.0508  0.0156645  95.0733  
45.0491  0.0156637  95.0699  
45.0487  0.0156634  95.0691  
45.0466  0.0156635  95.0645  
45.0454  0.0156631  95.062  
45.0489  0.0156636  95.0692  
45.0499  0.0156643  95.0715  
45.0489  0.0156636  95.0692  
45.0502  0.015664  95.0721  
45.0502  0.0156643  95.0721  
45.0502  0.0156643  95.0721  
45.0512  0.0156646  95.0741  
45.0494  0.0156636  95.0703  
45.0519  0.0156648  95.0757  
45.0496  0.0156647  95.0708  
45.0509  0.0156647  95.0736  
45.0485  0.0156636  95.0685  
45.0509  0.0156647  95.0736  
45.0518  0.0156655  95.0755  
45.0529  0.0156658  95.0777  
45.0531  0.015665  95.0783  
45.048  0.0156636  95.0674  
45.0526  0.0156641  95.0773  
45.0531  0.015665  95.0783  
45.0556  0.0156663  95.0835  
45.0454  0.0156635  95.0619  
45.0516  0.0156647  95.075  
45.0516  0.0156647  95.075  
45.0516  0.0156645  95.075  
45.0528  0.0156653  95.0775  
45.0516  0.0156647  95.075  
45.0516  0.0156647  95.075  
45.0489  0.0156642  95.0694  
45.0516  0.0156647  95.075  
45.0504  0.0156644  95.0725  
45.0509  0.0156648  95.0736  
45.0512  0.0156648  95.0741  
45.0429  0.0156621  95.0567  
45.0502  0.0156643  95.0721  
45.0484  0.0156634  95.0683  
45.0429  0.0156621  95.0567  
45.0509  0.0156647  95.0736  
45.0534  0.0156663  95.0789  
45.0503  0.0156647  95.0723  
45.0429  0.0156621  95.0567  
45.0547  0.0156666  95.0815  
45.0494  0.0156636  95.0703  
45.0496  0.0156647  95.0708  
45.0484  0.0156645  95.0683  
45.0503  0.0156653  95.0723  
45.0542  0.0156657  95.0806  
45.0513  0.0156652  95.0745  
45.0476  0.0156643  95.0667  
45.0533  0.0156656  95.0786  
45.0526  0.0156641  95.0773  
45.0533  0.0156656  95.0786  
45.0531  0.015665  95.0783  
45.054  0.0156655  95.0802  
45.0518  0.0156646  95.0754  
45.0517  0.0156648  95.0752  
45.0472  0.0156632  95.0658  
45.0556  0.0156663  95.0835  
45.0504  0.0156641  95.0724  
45.0506  0.0156646  95.0728  
45.0472  0.0156632  95.0658  
45.053  0.0156653  95.0781  
45.0472  0.0156632  95.0658  
45.0446  0.0156621  95.0601  
45.0512  0.0156646  95.0741  
45.0508  0.0156645  95.0733  
45.0487  0.0156634  95.0691  
45.0454  0.0156631  95.062  
45.0499  0.0156643  95.0715  
45.0481  0.0156642  95.0677  
45.0512  0.0156648  95.0741  
45.051  0.0156647  95.0737  
45.0459  0.0156638  95.0631  
45.0494  0.0156638  95.0703  
45.0547  0.0156666  95.0815  
45.0509  0.0156645  95.0736  
45.0494  0.0156636  95.0703  
45.0547  0.0156666  95.0815  
45.0542  0.0156657  95.0806  
45.0494  0.0156648  95.0703  
45.0501  0.0156648  95.0717  
45.0503  0.0156653  95.0723  
45.0513  0.0156652  95.0745  
45.0511  0.0156649  95.074  
45.0511  0.0156649  95.074  
45.0531  0.015665  95.0783  
45.048  0.0156636  95.0674  
45.0516  0.0156645  95.075  
45.0556  0.0156663  95.0835  
45.0474  0.0156643  95.0662  
45.0518  0.0156646  95.0754  
45.0556  0.0156663  95.0835  
45.0504  0.0156641  95.0724  
45.0504  0.0156641  95.0724  
45.0498  0.0156642  95.0714  
45.0518  0.0156646  95.0754  
45.0556  0.0156663  95.0835  
45.0516  0.0156645  95.075  
45.0504  0.0156645  95.0725  
45.0504  0.0156644  95.0725  
45.0498  0.0156642  95.0714  
45.0469  0.015664  95.065  
45.0484  0.0156634  95.0683  
45.0502  0.0156643  95.0721  
45.05  0.0156648  95.0716  
45.0489  0.0156636  95.0692  
45.0499  0.0156643  95.0715  
45.0499  0.0156643  95.0715  
45.0429  0.0156621  95.0567  
45.0499  0.0156643  95.0715  
45.0506  0.0156646  95.073  
45.0509  0.0156645  95.0736  
45.051  0.0156647  95.0737  
45.0494  0.0156636  95.0703  
45.0518  0.0156655  95.0755  
45.0509  0.0156645  95.0736  
45.0511  0.0156649  95.074  
45.0518  0.0156655  95.0755  
45.0511  0.0156649  95.074  
45.0533  0.0156656  95.0786  
45.0526  0.0156641  95.0773  
45.0511  0.0156649  95.074  
45.0533  0.0156656  95.0786  
45.0509  0.0156645  95.0735  
45.0518  0.0156646  95.0754  
45.0502  0.0156646  95.0722  
45.0472  0.0156635  95.0657  
45.0472  0.0156632  95.0658  
45.0516  0.0156645  95.075  
45.0446  0.0156621  95.0601  
45.0556  0.0156663  95.0835  
45.0446  0.0156621  95.0601  
45.0556  0.0156663  95.0835  
45.0498  0.0156642  95.0714  
45.0543  0.015666  95.0807  
45.0489  0.0156642  95.0694  
45.0539  0.015666  95.08  
45.0499  0.0156643  95.0715  
45.05  0.0156648  95.0716  
45.0502  0.0156643  95.0721  
45.0507  0.0156652  95.0731  
45.0469  0.015664  95.065  
45.0477  0.0156639  95.0667  
45.054  0.0156655  95.0802  
45.0489  0.0156636  95.0692  
45.0487  0.0156638  95.0689  
45.0509  0.0156647  95.0736  
45.0493  0.0156636  95.0702  
45.0493  0.0156636  95.0702  
45.0509  0.0156647  95.0736  
45.0494  0.0156645  95.0704  
45.0502  0.0156651  95.0721  
45.0494  0.0156638  95.0703  
45.0509  0.0156647  95.0736  
45.0502  0.0156646  95.0722  
45.0493  0.0156645  95.0701  
45.0502  0.0156646  95.0722  
45.0488  0.0156636  95.0692  
45.0485  0.0156636  95.0685  
45.0529  0.0156658  95.0777  
45.0496  0.0156648  95.0709  
45.0487  0.0156634  95.0691  
45.0518  0.0156646  95.0754  
45.048  0.0156636  95.0674  
45.0472  0.0156632  95.0658  
45.0504  0.0156644  95.0725  
45.0516  0.0156647  95.075  
45.0504  0.0156644  95.0725  
45.0508  0.0156645  95.0733  
45.0508  0.0156645  95.0733  
45.0472  0.0156632  95.0658  
45.0489  0.0156642  95.0694  
45.0512  0.0156646  95.0741  
45.0506  0.0156646  95.0728  
45.0466  0.0156635  95.0645  
45.044  0.0156628  95.0589  
45.0492  0.0156649  95.07  
45.0481  0.0156642  95.0677  
45.0469  0.015664  95.065  
45.0499  0.0156643  95.0715  
45.0494  0.0156636  95.0703  
45.0466  0.0156635  95.0645  
45.051  0.0156647  95.0737  
45.0489  0.0156636  95.0692  
45.0509  0.0156647  95.0736  
45.0489  0.0156636  95.0692  
45.051  0.0156647  95.0737  
45.0494  0.0156636  95.0703  
45.0488  0.0156637  95.069  
45.0519  0.0156648  95.0757  
45.0505  0.0156649  95.0728  
45.0547  0.0156666  95.0815  
45.0533  0.0156656  95.0786  
45.0505  0.0156649  95.0728  
45.0488  0.0156636  95.0692  
45.048  0.0156636  95.0674  
45.0487  0.0156638  95.0689  
45.054  0.0156655  95.0802  
45.0505  0.0156647  95.0728  
45.0528  0.0156654  95.0776  
45.0518  0.0156646  95.0754  
45.0556  0.0156663  95.0835  
45.0534  0.0156656  95.0789  
45.0468  0.0156639  95.0648  
45.0472  0.0156632  95.0658  
45.0504  0.0156644  95.0725  
45.0446  0.0156621  95.0601  
45.0446  0.0156621  95.0601  
45.0498  0.0156642  95.0714  
45.048  0.0156642  95.0675  
45.0528  0.0156653  95.0775  
45.0506  0.0156646  95.0728  
45.0492  0.0156649  95.07  
45.0492  0.0156649  95.07  
45.0481  0.0156642  95.0677  
45.0489  0.0156636  95.0692  
45.0505  0.0156649  95.0728  
45.0458  0.0156634  95.0628  
45.0469  0.015664  95.065  
45.0494  0.0156636  95.0703  
45.0458  0.0156634  95.0628  
45.0488  0.0156637  95.069  
45.0509  0.0156645  95.0736  
45.0468  0.015663  95.0649  
45.0493  0.0156636  95.0702  
45.0505  0.0156649  95.0728  
45.0509  0.0156645  95.0736  
45.0488  0.0156637  95.069  
45.0494  0.0156648  95.0703  
45.0494  0.0156645  95.0704  
45.0502  0.0156646  95.0722  
45.0502  0.0156646  95.0722  
45.0528  0.0156654  95.0776  
45.0502  0.0156646  95.0722  
45.0488  0.0156636  95.0692  
45.0509  0.0156645  95.0735  
45.0505  0.0156647  95.0728  
45.048  0.0156636  95.0674  
45.048  0.0156636  95.0674  
45.0472  0.0156632  95.0658  
45.0556  0.0156663  95.0835  
45.0534  0.0156656  95.0789  
45.0504  0.0156644  95.0725  
45.0528  0.0156653  95.0775  
45.0446  0.0156621  95.0601  
45.0506  0.0156646  95.0728  
45.0534  0.0156656  95.0789  
45.0484  0.0156642  95.0682  
45.0506  0.0156646  95.0728  
45.0506  0.0156646  95.0728  
45.0539  0.015666  95.08  
45.0481  0.0156642  95.0677  
45.0434  0.0156628  95.0577  
45.0484  0.0156634  95.0683  
45.0469  0.015664  95.065  
45.0477  0.0156639  95.0667  
45.051  0.0156647  95.0737  
45.0493  0.0156636  95.0702  
45.051  0.0156647  95.0737  
45.0489  0.0156636  95.0693  
45.0484  0.0156634  95.0683  
45.0484  0.0156634  95.0683  
45.0488  0.0156637  95.069  
45.0506  0.0156646  95.073  
45.0494  0.0156638  95.0703  
45.0509  0.0156645  95.0736  
45.0506  0.0156646  95.073  
45.0529  0.0156658  95.0777  
45.0529  0.0156658  95.0777  
45.0501  0.0156648  95.0717  
45.0529  0.0156658  95.0777  
45.0488  0.0156636  95.0692  
45.0528  0.0156654  95.0776  
45.0502  0.0156646  95.0722  
45.0501  0.0156648  95.0717  
45.0529  0.0156658  95.0777  
45.0502  0.0156646  95.0722  
45.0505  0.0156647  95.0728  
45.0556  0.0156663  95.0835  
45.0556  0.0156663  95.0835  
45.0556  0.0156663  95.0835  
45.0505  0.0156649  95.0728  
45.0484  0.0156642  95.0682  
45.0472  0.0156632  95.0658  
45.0506  0.0156646  95.0728  
45.0506  0.0156646  95.0728  
45.0528  0.0156653  95.0775  
45.0506  0.0156646  95.0728  
45.0539  0.015666  95.08  
45.0528  0.0156653  95.0775  
45.0512  0.0156646  95.0741  
45.0519  0.0156648  95.0757  
45.0511  0.0156655  95.0741  
45.0458  0.0156634  95.0628  
45.0489  0.0156636  95.0692  
45.05  0.0156648  95.0716  
45.05  0.0156648  95.0716  
45.0515  0.015665  95.0748  
45.0506  0.0156646  95.073  
45.0456  0.0156635  95.0623  
45.0509  0.0156645  95.0736  
45.0493  0.0156636  95.0702  
45.0509  0.0156645  95.0736  
45.0506  0.0156646  95.073  
45.0468  0.015663  95.0649  
45.0494  0.0156636  95.0703  
45.0519  0.0156648  95.0757  
45.0519  0.0156648  95.0757  
45.0495  0.0156651  95.0706  
45.0508  0.0156653  95.0733  
45.0468  0.015663  95.0649  
45.0528  0.0156654  95.0776  
45.0505  0.0156649  95.0728  
45.0533  0.0156656  95.0786  
45.0434  0.0156628  95.0577  
45.0488  0.0156636  95.0692  
45.0491  0.0156644  95.0698  
45.0534  0.0156656  95.0789  
45.0456  0.0156633  95.0623  
45.0512  0.0156646  95.0741  
45.0456  0.0156633  95.0623  
45.0456  0.0156633  95.0623  
45.054  0.0156655  95.0802  
45.0543  0.015666  95.0807  
45.0543  0.015666  95.0807  
45.0539  0.015666  95.08  
45.0489  0.0156642  95.0694  
45.0468  0.0156639  95.0648  
45.0539  0.015666  95.08  
45.0528  0.0156653  95.0775  
45.0543  0.015666  95.0807  
45.0543  0.015666  95.0807  
45.0492  0.0156649  95.07  
45.0497  0.0156648  95.0711  
45.0492  0.0156649  95.07  
45.0458  0.0156634  95.0628  
45.0456  0.0156635  95.0623  
45.0477  0.0156639  95.0667  
45.0489  0.0156636  95.0693  
45.0505  0.0156649  95.0728  
45.044  0.0156628  95.0589  
45.0493  0.0156636  95.0702  
45.0468  0.015663  95.0649  
45.0468  0.015663  95.0649  
45.0488  0.0156637  95.069  
45.0493  0.0156636  95.0702  
45.0494  0.0156636  95.0703  
45.0493  0.0156636  95.0702  
45.051  0.0156647  95.0737  
45.0488  0.0156637  95.069  
45.0541  0.0156665  95.0802  
45.0541  0.0156665  95.0802  
45.0497  0.0156648  95.0711  
45.0494  0.0156648  95.0703  
45.0529  0.0156658  95.0777  
45.0494  0.0156648  95.0703  
45.0529  0.0156658  95.0777  
45.0474  0.015664  95.0661  
45.0488  0.0156636  95.0692  
45.0528  0.0156654  95.0776  
45.0488  0.0156636  95.0692  
45.0468  0.0156639  95.0648  
45.0504  0.0156645  95.0723  
45.0534  0.0156656  95.0789  
45.0539  0.015666  95.08  
45.0534  0.0156656  95.0789  
45.0504  0.0156645  95.0723  
45.0543  0.015666  95.0807  
45.0484  0.0156642  95.0682  
45.0504  0.0156645  95.0725  
45.0528  0.0156653  95.0775  
45.0477  0.015664  95.0667  
45.0468  0.0156639  95.0648  
45.0543  0.015666  95.0807  
45.0458  0.0156634  95.0628  
45.0497  0.0156648  95.0711  
45.05  0.0156648  95.0716  
45.0484  0.0156634  95.0683  
45.0466  0.0156635  95.0645  
45.05  0.0156648  95.0716  
45.0489  0.0156636  95.0692  
45.0515  0.015665  95.0748  
45.0484  0.0156634  95.0683  
45.0515  0.015665  95.0748  
45.05  0.0156648  95.0716  
45.0489  0.0156636  95.0692  
45.0515  0.015665  95.0748  
45.0505  0.0156649  95.0728  
45.0489  0.0156636  95.0693  
45.0468  0.015663  95.0649  
45.0488  0.0156637  95.069  
45.0489  0.0156636  95.0693  
45.0559  0.0156674  95.0841  
45.0529  0.0156658  95.0777  
45.0487  0.0156634  95.0691  
45.0494  0.0156648  95.0703  
45.0491  0.0156644  95.0698  
45.0505  0.0156649  95.0728  
45.0494  0.0156648  95.0703  
45.0491  0.0156644  95.0698  
45.048  0.0156636  95.0674  
45.048  0.0156636  95.0674  
45.0474  0.015664  95.0661  
45.0485  0.0156636  95.0685  
45.0468  0.0156639  95.0648  
45.0505  0.0156647  95.0728  
45.0477  0.015664  95.0667  
45.0543  0.015666  95.0807  
45.0543  0.015666  95.0807  
45.0468  0.0156639  95.0648  
45.0456  0.0156633  95.0623  
45.0477  0.015664  95.0667  
45.0487  0.0156638  95.0689  
45.0504  0.0156645  95.0725  
45.048  0.0156642  95.0675  
45.0543  0.015666  95.0807  
45.0497  0.0156649  95.0711  
45.0466  0.0156635  95.0645  
45.0469  0.015664  95.065  
45.0466  0.0156635  95.0645  
45.0492  0.0156649  95.07  
45.0487  0.0156634  95.0691  
45.0487  0.0156634  95.0691  
45.0492  0.0156649  95.07  
45.0469  0.015664  95.065  
45.0515  0.015665  95.0748  
45.044  0.0156628  95.0589  
45.0484  0.0156634  95.0683  
45.0456  0.0156635  95.0623  
45.0487  0.0156638  95.0689  
45.0494  0.0156636  95.0703  
45.0515  0.015665  95.0748  
45.0493  0.0156636  95.0702  
45.051  0.0156647  95.0737  
45.0506  0.0156646  95.073  
45.0496  0.015665  95.0708  
45.0484  0.0156645  95.0683  
45.0468  0.015663  95.0649  
45.0468  0.015663  95.0649  
45.0529  0.0156658  95.0777  
45.0528  0.0156654  95.0776  
45.0491  0.0156644  95.0698  
45.0506  0.0156653  95.0729  
45.0506  0.0156653  95.0729  
45.0488  0.0156636  95.0692  
45.0528  0.0156654  95.0776  
45.0506  0.0156653  95.0729  
45.0528  0.0156654  95.0776  
45.0512  0.0156646  95.0741  
45.048  0.0156642  95.0675  
45.0504  0.0156645  95.0725  
45.0477  0.015664  95.0667  
45.0469  0.0156639  95.065  
45.0456  0.0156633  95.0623  
45.0469  0.0156639  95.065  
45.0479  0.015664  95.0671  
45.0456  0.0156633  95.0623  
45.0456  0.0156633  95.0623  
45.0505  0.0156649  95.0728  
45.0497  0.0156649  95.0711  
45.0504  0.0156645  95.0723  
45.0504  0.0156645  95.0725  
45.0434  0.0156628  95.0577  
45.0469  0.015664  95.065  
45.05  0.0156648  95.0716  
45.0466  0.0156635  95.0645  
45.0466  0.0156635  95.0645  
45.0489  0.0156636  95.0693  
45.0492  0.0156649  95.07  
45.05  0.0156648  95.0716  
45.0519  0.0156648  95.0757  
45.0469  0.015664  95.065  
45.0468  0.015663  95.0649  
45.0517  0.0156653  95.0752  
45.0493  0.0156636  95.0702  
45.0488  0.0156637  95.069  
45.0515  0.015665  95.0748  
45.0485  0.0156636  95.0685  
45.0485  0.0156636  95.0685  
45.0505  0.0156649  95.0728  
45.0491  0.0156644  95.0698  
45.0505  0.0156656  95.0727  
45.0505  0.0156649  95.0728  
45.0502  0.0156646  95.0722  
45.0502  0.0156646  95.0722  
45.054  0.0156655  95.0802  
45.0506  0.0156653  95.0729  
45.0496  0.015665  95.0708  
45.0491  0.0156644  95.0698  
45.0488  0.0156636  95.0692  
45.0528  0.0156654  95.0776  
45.0505  0.0156647  95.0728  
45.0528  0.0156654  95.0776  
45.0487  0.0156638  95.0689  
45.0505  0.0156647  95.0728  
45.0498  0.0156644  95.0714  
45.047  0.0156639  95.0654  
45.0506  0.0156653  95.0729  
45.0535  0.0156656  95.0791  
45.0504  0.0156645  95.0723  
45.0456  0.0156633  95.0623  
45.0487  0.0156634  95.0691  
45.0535  0.0156656  95.0791  
45.0539  0.015666  95.08  
45.0497  0.0156649  95.0711  
45.047  0.0156639  95.0654  
