1  1.22125e-015  
1  1.22125e-015  
1  1.22125e-015  
1  1.22125e-015  
1  1.22125e-015  
1  1.22125e-015  
1  1.22125e-015  
1  1.22125e-015  
1  1.22125e-015  
1  1.22125e-015  
1  1.22125e-015  
1  1.22125e-015  
1  1.22125e-015  
1  1.22125e-015  
1  1.22125e-015  
1  1.22125e-015  
1  1.22125e-015  
1  1.22125e-015  
1  1.22125e-015  
1  1.22125e-015  
1  1.22125e-015  
1  1.22125e-015  
1  1.22125e-015  
1  1.22125e-015  
1  1.22125e-015  
1  1.22125e-015  
1  1.22125e-015  
1  1.22125e-015  
1  1.22125e-015  
0.950074  0.0500707  
0.950068  0.0500707  
0.950068  0.0500707  
0.95007  0.0500707  
0.95007  0.0500707  
0.950068  0.0500707  
0.950068  0.0500707  
0.950068  0.0500707  
0.95007  0.0500707  
0.950068  0.0500707  
0.950068  0.0500707  
0.95007  0.0500707  
0.95007  0.0500707  
0.95007  0.0500707  
0.950068  0.0500707  
0.95007  0.0500707  
0.95007  0.0500707  
0.95007  0.0500707  
0.95007  0.0500707  
0.95007  0.0500707  
0.95007  0.0500707  
0.950068  0.0500707  
0.95007  0.0500707  
0.950068  0.0500707  
0.95007  0.0500707  
0.950068  0.0500707  
0.95007  0.0500707  
0.95007  0.0500707  
0.950068  0.0500707  
0.900071  0.100067  
0.900071  0.100067  
0.90007  0.100074  
0.90007  0.100074  
0.90007  0.100074  
0.90007  0.100074  
0.90007  0.100074  
0.90007  0.100074  
0.90007  0.100074  
0.90007  0.100074  
0.90007  0.100074  
0.90007  0.100074  
0.90007  0.100074  
0.90007  0.100074  
0.90007  0.100074  
0.90007  0.100074  
0.90007  0.100074  
0.90007  0.100074  
0.90007  0.100074  
0.90007  0.100074  
0.90007  0.100074  
0.90007  0.100074  
0.90007  0.100074  
0.90007  0.100074  
0.90007  0.100074  
0.90007  0.100074  
0.90007  0.100074  
0.90007  0.100074  
0.850102  0.150099  
0.850102  0.150099  
0.850102  0.150099  
0.850102  0.150099  
0.850102  0.150099  
0.850102  0.150099  
0.850102  0.150099  
0.850102  0.150099  
0.850102  0.150099  
0.850102  0.150099  
0.850102  0.150099  
0.850102  0.150099  
0.850102  0.150099  
0.850102  0.150099  
0.850102  0.150099  
0.850102  0.150099  
0.850102  0.150099  
0.850102  0.150099  
0.850102  0.150099  
0.850102  0.150099  
0.850102  0.150099  
0.850102  0.150099  
0.850102  0.150099  
0.850102  0.150099  
0.850102  0.150099  
0.850102  0.150099  
0.850102  0.150099  
0.850102  0.150099  
0.850102  0.150099  
0.800154  0.200155  
0.800154  0.200155  
0.800154  0.200155  
0.800154  0.200155  
0.800154  0.200155  
0.800154  0.200155  
0.800154  0.200155  
0.800154  0.200155  
0.800154  0.200155  
0.800154  0.200155  
0.800154  0.200155  
0.800154  0.200155  
0.800154  0.200155  
0.800154  0.200155  
0.800154  0.200155  
0.800154  0.200155  
0.800154  0.200155  
0.800154  0.200155  
0.800154  0.200155  
0.800154  0.200155  
0.800154  0.200155  
0.800154  0.200155  
0.800154  0.200155  
0.800154  0.200155  
0.800154  0.200155  
0.800154  0.200155  
0.800154  0.200155  
0.800154  0.200155  
0.750135  0.250127  
0.750135  0.250127  
0.750135  0.250127  
0.750135  0.250127  
0.750135  0.250127  
0.750135  0.250127  
0.750135  0.250127  
0.750128  0.250131  
0.750128  0.250131  
0.750128  0.250131  
0.750128  0.250131  
0.750128  0.250131  
0.750128  0.250131  
0.750128  0.250131  
0.750128  0.250131  
0.750128  0.250131  
0.750128  0.250131  
0.750128  0.250131  
0.750128  0.250131  
0.750128  0.250131  
0.750128  0.250131  
0.750128  0.250131  
0.750128  0.250131  
0.750128  0.250131  
0.750128  0.250131  
0.750128  0.250131  
0.750128  0.250131  
0.750128  0.250131  
0.750128  0.250131  
0.700171  0.300162  
0.700171  0.300162  
0.700171  0.300162  
0.700171  0.300162  
0.700171  0.300162  
0.700171  0.300162  
0.700171  0.300162  
0.700171  0.300162  
0.700158  0.300168  
0.700158  0.300168  
0.700158  0.300168  
0.700158  0.300168  
0.700158  0.300168  
0.700158  0.300168  
0.700158  0.300168  
0.700158  0.300168  
0.700158  0.300168  
0.700158  0.300168  
0.700158  0.300168  
0.700158  0.300168  
0.700158  0.300168  
0.700158  0.300168  
0.700158  0.300168  
0.700158  0.300168  
0.700158  0.300168  
0.700158  0.300168  
0.700158  0.300168  
0.700158  0.300168  
0.650227  0.350232  
0.650227  0.350229  
0.650227  0.350229  
0.650227  0.350232  
0.650227  0.350232  
0.650227  0.350229  
0.650227  0.350229  
0.650227  0.350229  
0.650227  0.350229  
0.650227  0.350232  
0.650227  0.350234  
0.650227  0.350234  
0.650227  0.350234  
0.650221  0.350235  
0.650227  0.350234  
0.650221  0.350235  
0.650227  0.350234  
0.650227  0.350234  
0.650221  0.350235  
0.650227  0.350234  
0.650227  0.350234  
0.650221  0.350235  
0.650227  0.350234  
0.650227  0.350234  
0.650227  0.350234  
0.650221  0.350235  
0.650227  0.350234  
0.650221  0.350235  
0.650227  0.350234  
0.600108  0.400102  
0.600108  0.400102  
0.600108  0.400102  
0.600108  0.400102  
0.600108  0.400102  
0.600108  0.400102  
0.600108  0.400102  
0.600108  0.400102  
0.600108  0.400102  
0.600108  0.400102  
0.600108  0.400102  
0.600105  0.400111  
0.600105  0.400111  
0.600105  0.400111  
0.600105  0.400111  
0.600105  0.400111  
0.600105  0.400111  
0.600105  0.400111  
0.600105  0.400111  
0.600105  0.400111  
0.600105  0.400111  
0.600105  0.400111  
0.600105  0.400111  
0.600105  0.400111  
0.600105  0.400111  
0.600105  0.400111  
0.600105  0.400111  
0.600105  0.400111  
0.550207  0.450199  
0.550207  0.450199  
0.550207  0.450199  
0.550207  0.450199  
0.550207  0.450199  
0.550207  0.450199  
0.550207  0.450199  
0.550207  0.450199  
0.550207  0.450199  
0.550207  0.450199  
0.550207  0.450199  
0.550207  0.450199  
0.550207  0.450199  
0.550202  0.450214  
0.550202  0.450214  
0.550202  0.450214  
0.550202  0.450214  
0.550202  0.450214  
0.550202  0.450214  
0.550202  0.450214  
0.550202  0.450214  
0.550202  0.450214  
0.550202  0.450214  
0.550202  0.450214  
0.550202  0.450214  
0.550202  0.450214  
0.550202  0.450214  
0.550202  0.450214  
0.550202  0.450214  
0.500187  0.500176  
0.500187  0.500176  
0.500187  0.500176  
0.500187  0.500176  
0.500187  0.500176  
0.500187  0.500176  
0.500187  0.500176  
0.500187  0.500176  
0.500187  0.500176  
0.500187  0.500176  
0.500187  0.500176  
0.500187  0.500176  
0.500187  0.500176  
0.500187  0.500176  
0.500184  0.500194  
0.500184  0.500194  
0.500184  0.500194  
0.500184  0.500194  
0.500184  0.500194  
0.500184  0.500194  
0.500184  0.500194  
0.500184  0.500194  
0.500184  0.500194  
0.500184  0.500194  
0.500184  0.500194  
0.500184  0.500194  
0.500184  0.500194  
0.500184  0.500194  
0.450136  0.550134  
0.450136  0.550134  
0.450136  0.550134  
0.450136  0.550134  
0.450136  0.550134  
0.450136  0.550134  
0.450136  0.550134  
0.450136  0.550134  
0.450136  0.550134  
0.450136  0.550134  
0.450136  0.550134  
0.450136  0.550134  
0.450136  0.550134  
0.450136  0.550134  
0.450136  0.550134  
0.450136  0.550134  
0.450131  0.550139  
0.450131  0.550139  
0.450131  0.550139  
0.450131  0.550139  
0.450131  0.550139  
0.450131  0.550139  
0.450131  0.550139  
0.450131  0.550139  
0.450131  0.550139  
0.450131  0.550139  
0.450131  0.550139  
0.450131  0.550139  
0.450131  0.550139  
0.400293  0.600275  
0.400293  0.600275  
0.400293  0.600275  
0.400293  0.600275  
0.400293  0.600275  
0.400293  0.600275  
0.400293  0.600275  
0.400293  0.600275  
0.400293  0.600275  
0.400293  0.600275  
0.400293  0.600275  
0.400293  0.600275  
0.400293  0.600275  
0.400293  0.600275  
0.400293  0.600275  
0.400293  0.600275  
0.400293  0.600275  
0.400281  0.600299  
0.400281  0.600299  
0.400281  0.600299  
0.400281  0.600299  
0.400281  0.600299  
0.400281  0.600299  
0.400281  0.600299  
0.400281  0.600299  
0.400281  0.600299  
0.400281  0.600299  
0.400281  0.600299  
0.350222  0.650228  
0.350222  0.650228  
0.350242  0.650228  
0.350232  0.650228  
0.350242  0.650228  
0.350232  0.650228  
0.350222  0.650228  
0.350232  0.650228  
0.350242  0.650228  
0.350222  0.650228  
0.350242  0.650228  
0.350232  0.650228  
0.350222  0.650228  
0.350232  0.650228  
0.350242  0.650228  
0.350232  0.650228  
0.350242  0.650228  
0.350242  0.650228  
0.350222  0.650228  
0.350214  0.650228  
0.350214  0.650228  
0.350214  0.650228  
0.350214  0.650228  
0.350215  0.650229  
0.350215  0.650229  
0.350215  0.650229  
0.350214  0.650228  
0.350215  0.650229  
0.350214  0.650228  
0.300645  0.700644  
0.300645  0.700644  
0.300615  0.700644  
0.300645  0.700644  
0.300645  0.700644  
0.300671  0.700644  
0.300645  0.700644  
0.300645  0.700644  
0.300645  0.700644  
0.300671  0.700644  
0.300615  0.700644  
0.300645  0.700644  
0.300615  0.700644  
0.300615  0.700644  
0.300615  0.700644  
0.300615  0.700644  
0.300645  0.700644  
0.300645  0.700644  
0.300645  0.700644  
0.300645  0.700644  
0.300605  0.700644  
0.300605  0.700644  
0.300605  0.700644  
0.300605  0.700644  
0.300605  0.700644  
0.300605  0.700644  
0.300605  0.700644  
0.300605  0.700644  
0.250348  0.750341  
0.250348  0.750341  
0.250348  0.750341  
0.250348  0.750341  
0.25036  0.750341  
0.250348  0.750341  
0.25036  0.750341  
0.250348  0.750341  
0.250348  0.750341  
0.250348  0.750341  
0.25036  0.750341  
0.250348  0.750341  
0.250348  0.750341  
0.25036  0.750341  
0.25036  0.750341  
0.250348  0.750341  
0.250348  0.750341  
0.250348  0.750341  
0.25036  0.750341  
0.250348  0.750341  
0.250348  0.750341  
0.250348  0.750341  
0.250322  0.750343  
0.250322  0.750343  
0.250322  0.750343  
0.250322  0.750343  
0.250322  0.750343  
0.250322  0.750343  
0.250322  0.750343  
0.20155  0.801491  
0.201588  0.801491  
0.201579  0.801491  
0.201579  0.801491  
0.201588  0.801491  
0.201579  0.801491  
0.201579  0.801491  
0.201579  0.801491  
0.201579  0.801491  
0.201579  0.801491  
0.201579  0.801491  
0.20155  0.801491  
0.201579  0.801491  
0.201588  0.801491  
0.20155  0.801491  
0.201579  0.801491  
0.201579  0.801491  
0.201579  0.801491  
0.20155  0.801491  
0.20155  0.801491  
0.20155  0.801491  
0.201579  0.801491  
0.20141  0.801492  
0.20141  0.801492  
0.20141  0.801492  
0.20141  0.801492  
0.20141  0.801492  
0.20141  0.801492  
0.151163  0.851174  
0.151168  0.851174  
0.151168  0.851174  
0.151166  0.851174  
0.151166  0.851174  
0.151166  0.851174  
0.151163  0.851174  
0.151166  0.851174  
0.151168  0.851174  
0.151163  0.851174  
0.151168  0.851174  
0.151163  0.851174  
0.151163  0.851174  
0.151166  0.851174  
0.151163  0.851174  
0.151163  0.851174  
0.151163  0.851174  
0.151163  0.851174  
0.151164  0.851174  
0.151166  0.851174  
0.151166  0.851174  
0.151163  0.851174  
0.151168  0.851174  
0.151168  0.851174  
0.15111  0.851176  
0.15111  0.851176  
0.15111  0.851176  
0.15111  0.851176  
0.100762  0.900801  
0.100762  0.900801  
0.100762  0.900801  
0.100761  0.900801  
0.100762  0.900801  
0.100762  0.900801  
0.100762  0.900801  
0.100761  0.900802  
0.100762  0.900801  
0.100762  0.900801  
0.100762  0.900801  
0.100762  0.900801  
0.100762  0.900801  
0.100762  0.900801  
0.100762  0.900801  
0.100762  0.900801  
0.100762  0.900801  
0.100762  0.900801  
0.100762  0.900801  
0.100762  0.900801  
0.100762  0.900801  
0.100762  0.900801  
0.100762  0.900801  
0.100762  0.900801  
0.100762  0.900801  
0.100762  0.900801  
0.100757  0.900806  
0.100757  0.900806  
0.100757  0.900806  
0.0508482  0.950825  
0.0508601  0.950863  
0.0508611  0.950863  
0.0508626  0.950863  
0.0508611  0.950863  
0.0508609  0.950863  
0.0508476  0.950825  
0.0508634  0.950863  
0.0508638  0.950863  
0.0508476  0.950825  
0.05086  0.950863  
0.0508609  0.950863  
0.0508611  0.950863  
0.0508601  0.950863  
0.0508482  0.950825  
0.0508609  0.950863  
0.0508476  0.950825  
0.0508482  0.950825  
0.0508601  0.950863  
0.0508482  0.950825  
0.0508601  0.950863  
0.0508476  0.950825  
0.05086  0.950863  
0.0508476  0.950825  
0.0508476  0.950825  
0.0508482  0.950825  
0.0508611  0.950863  
0.0508515  0.950882  
0.0508482  0.950825  
1.60434e-007  1  
1.60434e-007  1  
1.60434e-007  1  
1.60434e-007  1  
8.04873e-008  1  
8.04873e-008  1  
8.04873e-008  1  
8.04873e-008  1  
1.60434e-007  1  
1.60434e-007  1  
8.04873e-008  1  
1.60434e-007  1  
1.60434e-007  1  
8.04873e-008  1  
1.60434e-007  1  
1.60434e-007  1  
8.04873e-008  1  
8.04873e-008  1  
8.04873e-008  1  
8.04873e-008  1  
8.04873e-008  1  
1.60434e-007  1  
1.60434e-007  1  
1.60434e-007  1  
1.60434e-007  1  
8.04873e-008  1  
1.60434e-007  1  
1.60434e-007  1  
1.60434e-007  1  
