1.15129  1.32946  0.000146042  
2.79852  0.000755555  0.000258963  
0.00854479  4.88001  0.000428969  
2.79852  0.000755555  0.000258963  
0.832147  0.838178  0.0136408  
0.00854479  4.88001  0.000428969  
2.79852  0.000755555  0.000258963  
1.00702  0.118367  0.0233873  
0.308627  1.04369  0.00913748  
0.00501923  5.00598  0.000302774  
2.79852  0.000755555  0.000258963  
1.00692  0.116217  0.0163253  
0.736129  0.73691  0.038453  
0.308627  1.04369  0.00913748  
0.00501923  5.00598  0.000302774  
2.79852  0.000755555  0.000258963  
1.00692  0.116217  0.0163253  
0.88889  0.536949  0.0142412  
0.5621  0.900843  0.0301181  
0.042645  1.21801  0.0296294  
0.00327382  5.20783  0.000126637  
2.79852  0.000755555  0.000258963  
1.00559  0.108692  0.00286768  
1.00441  0.105871  0.0457418  
0.736129  0.73691  0.038453  
0.308627  1.04369  0.00913748  
0.042645  1.21801  0.0296294  
0.00327382  3.35591  0.000126637  
2.79852  0.000755555  0.000258116  
1.00559  0.108692  0.00286768  
1.00441  0.105871  0.0457418  
0.879853  0.527515  0.0711508  
0.5621  0.900843  0.0301181  
0.308627  1.04369  0.00913748  
0.042645  1.21801  0.0296294  
0.00327382  3.35591  0.000126637  
2.79852  0.000755555  0.000258116  
1.00559  0.108692  0.00286768  
1.00436  0.103715  0.0370946  
0.879853  0.527515  0.0711508  
0.736129  0.73691  0.038453  
0.540543  0.889551  0.0763615  
0.308627  1.04369  0.00913748  
0.042645  1.21801  0.0296294  
0.00327382  5.40129  0.000126637  
2.79852  0.000755555  0.000258963  
1.00559  0.108692  0.00286768  
1.00329  0.102603  0.0567089  
0.99905  0.0696533  0.0827285  
0.877186  0.523392  0.0885166  
0.540543  0.889551  0.0763615  
0.183235  1.0121  0.0838205  
0.307728  1.04369  0.0100988  
0.042645  1.21801  0.0296294  
0.00117246  5.31816  0.000751203  
2.79852  0.000755555  0.000258116  
1.00559  0.108692  0.00286768  
1.00329  0.102603  0.0567089  
0.99905  0.0696533  0.0827285  
0.877186  0.523392  0.0885166  
0.736129  0.73691  0.038453  
0.540543  0.889551  0.0763615  
0.176991  1.01048  0.0892307  
0.0468873  1.21499  0.0682742  
0.042645  1.21801  0.0296294  
0.00117246  5.31816  0.000751203  
2.79852  0.000755555  0.000258116  
1.00559  0.108692  0.00286768  
1.00329  0.102603  0.0567089  
0.99905  0.0696533  0.0827285  
0.877186  0.523392  0.0885166  
0.711555  0.711946  0.117048  
0.711555  0.711946  0.117048  
0.540543  0.889551  0.0763615  
0.144094  1.00689  0.0776109  
0.0389972  1.21493  0.0730822  
0.0340102  1.21715  0.0361961  
0.00117246  5.31816  0.000751203  
2.79852  0.000755555  0.000258116  
1.00436  0.103715  0.0370946  
1.00329  0.102603  0.0567089  
0.99905  0.0696533  0.0827285  
0.99736  0.100146  0.122119  
0.872214  0.518625  0.134681  
0.711555  0.711946  0.117048  
0.527745  0.87703  0.131201  
0.13642  1.0022  0.123325  
0.125285  1.00435  0.0881287  
0.0389972  1.21493  0.0730822  
0.0340102  1.21715  0.0361961  
0.00132331  5.31015  0.000754094  
2.79852  0.000755555  0.000258116  
1.21841  0.0689821  0.0222293  
1.00329  0.102603  0.0567089  
0.99905  0.0696533  0.0827285  
0.99736  0.100146  0.122119  
0.872214  0.518625  0.134681  
0.711555  0.711946  0.117048  
0.711555  0.711946  0.117048  
0.527745  0.87703  0.131201  
0.130754  1.00005  0.127814  
0.125285  1.00435  0.0881287  
0.144094  1.00689  0.0776109  
0.0378182  1.21686  0.0386364  
0.00166112  5.29421  0.000777239  
2.79852  0.000755555  0.000258116  
1.21841  0.0689821  0.0222293  
1.00329  0.102603  0.0567089  
0.99905  0.0696533  0.0827285  
0.996114  0.101635  0.132275  
0.862965  0.505965  0.150168  
0.861417  0.504987  0.161661  
0.705197  0.705663  0.16602  
0.527745  0.87703  0.143122  
0.527745  0.87703  0.143122  
0.131846  0.999262  0.133318  
0.124562  1.00223  0.0997595  
0.144094  1.00689  0.0776109  
0.0378182  1.21686  0.0386364  
0.00166112  5.29421  0.000777239  
2.79852  0.000755555  0.000258116  
1.21841  0.0689821  0.0222293  
1.00329  0.102603  0.0567089  
0.99905  0.0696533  0.0827285  
0.995542  0.0956664  0.134928  
0.990253  0.0847793  0.163252  
0.861417  0.504987  0.161661  
0.705197  0.705663  0.16602  
0.705197  0.705663  0.16602  
0.524458  0.870302  0.17803  
0.111  0.991205  0.170107  
0.130068  0.999061  0.13502  
0.108823  1.00051  0.101183  
0.144094  1.00689  0.0776109  
0.0342241  1.21664  0.0417403  
0.00166112  5.29421  0.000777239  
2.79852  0.000755555  0.000258116  
1.21841  0.0689821  0.0222293  
1.00329  0.102603  0.0567089  
0.99905  0.0696533  0.0827285  
0.993867  0.0850292  0.137736  
0.988726  0.0924252  0.176552  
0.859198  0.505328  0.184144  
0.856125  0.504019  0.208699  
0.705197  0.705663  0.16602  
0.501028  0.855904  0.195083  
0.524458  0.870302  0.17803  
0.111352  0.991058  0.172056  
0.114738  0.997525  0.138114  
0.108823  1.00051  0.101183  
0.144094  1.00689  0.0776109  
0.0342241  1.21664  0.0417403  
0.00132328  5.30996  0.000765395  
2.79852  0.000755555  0.000258116  
1.21841  0.0689821  0.0222293  
1.00152  0.0958487  0.0740658  
0.99905  0.0696533  0.0827285  
0.993867  0.0850292  0.137736  
0.98722  0.0915034  0.182943  
0.858064  0.503827  0.191642  
0.856125  0.504019  0.208699  
0.702469  0.70192  0.22357  
0.702301  0.70311  0.225845  
0.505967  0.855244  0.217645  
0.501028  0.855904  0.195083  
0.111352  0.991058  0.172056  
0.133625  0.998514  0.139587  
0.108823  1.00051  0.101183  
0.144094  1.00689  0.0776109  
0.0342241  1.21664  0.0417403  
0.00132328  5.30996  0.000765395  
2.95043  0.000485858  0.000233719  
1.21841  0.0689821  0.0222293  
1.00152  0.0958487  0.0740658  
0.99905  0.0696533  0.0827285  
0.993867  0.0850292  0.137736  
0.986589  0.0854975  0.182993  
0.978624  0.0837234  0.221298  
0.855644  0.5065  0.227709  
0.853021  0.509113  0.24928  
0.702469  0.70192  0.237671  
0.503976  0.851734  0.234269  
0.505967  0.855244  0.217645  
0.120546  0.9822  0.221654  
0.118899  0.989866  0.184481  
0.133625  0.998514  0.139587  
0.108823  1.00051  0.101183  
0.134342  1.0051  0.0824977  
0.0342241  1.21664  0.0417403  
0.00132328  5.30996  0.000765395  
2.69675  0.000661968  0.000524182  
1.21841  0.051153  0.0405328  
1.00152  0.0958487  0.0740658  
0.99868  0.0903953  0.100981  
0.992337  0.0906565  0.155265  
0.985912  0.0941354  0.193782  
0.976326  0.0803376  0.230936  
0.858064  0.503827  0.191642  
0.853021  0.509113  0.24928  
0.702469  0.70192  0.237671  
0.701056  0.70263  0.278519  
0.503976  0.851734  0.234269  
0.501028  0.855904  0.195083  
0.110359  0.978771  0.231458  
0.0914208  0.985194  0.192729  
0.133625  0.998514  0.139587  
0.108823  1.00051  0.101183  
0.125025  1.00455  0.0860156  
0.0263708  1.21632  0.0479968  
0.00132328  5.30996  0.000765395  
2.76059  0.000571731  0.000240026  
1.21841  0.051153  0.0405328  
0.99905  0.0696533  0.0827285  
0.997701  0.103653  0.121008  
0.990253  0.0847793  0.163252  
0.984381  0.0896779  0.199092  
0.975716  0.0932874  0.237843  
0.858064  0.503827  0.191642  
0.845971  0.505416  0.275713  
0.845971  0.505416  0.275713  
0.702469  0.70192  0.237671  
0.517398  0.849827  0.294708  
0.503976  0.851734  0.234269  
0.501028  0.855904  0.195083  
0.0943551  0.975287  0.23898  
0.0914208  0.985194  0.192729  
0.102697  0.991959  0.161479  
0.108823  1.00051  0.101183  
0.125025  1.00455  0.0860156  
0.0224906  1.21625  0.048986  
0.000795362  5.34178  0.000811053  
2.76059  0.000571731  0.000240026  
1.21841  0.051153  0.0405328  
0.99905  0.0696533  0.0827285  
0.997701  0.103653  0.121008  
0.98881  0.0853421  0.17171  
0.982722  0.0902208  0.206744  
0.973655  0.0874505  0.245074  
0.964956  0.103671  0.281859  
0.845971  0.505416  0.275713  
0.845971  0.505416  0.275713  
0.702617  0.700723  0.317632  
0.701056  0.70263  0.278519  
0.521533  0.846341  0.329987  
0.517398  0.849827  0.294708  
0.0955703  0.973153  0.248461  
0.0955703  0.973153  0.248461  
0.112298  0.983209  0.212541  
0.111352  0.991058  0.172056  
0.130754  1.00005  0.127814  
0.108823  1.00051  0.101183  
0.0224906  1.21625  0.048986  
0.000795362  5.34178  0.000811053  
2.76059  0.000571731  0.000240026  
1.21713  0.0500435  0.0479549  
0.99905  0.0696533  0.0827285  
0.995542  0.0956664  0.134928  
0.988251  0.091477  0.178466  
0.978624  0.0837234  0.221298  
0.970455  0.0871635  0.255612  
0.9617  0.125047  0.303018  
0.858064  0.503827  0.191642  
0.845971  0.505416  0.275713  
0.839117  0.512275  0.35127  
0.702469  0.70192  0.237671  
0.701056  0.70263  0.278519  
0.521533  0.846341  0.329987  
0.501028  0.855904  0.195083  
0.174628  0.968214  0.307803  
0.0955703  0.973153  0.248461  
0.120546  0.9822  0.221654  
0.0901625  0.989381  0.169981  
0.130068  0.999061  0.13502  
0.108823  1.00051  0.101183  
0.0224906  1.21625  0.048986  
0.000795362  5.34178  0.000811053  
2.76059  0.000571731  0.000240026  
1.21713  0.0500435  0.0479549  
0.99905  0.0696533  0.0827285  
0.993867  0.0850292  0.137736  
0.986589  0.0854975  0.182993  
0.976326  0.0803376  0.230936  
0.967044  0.0986743  0.274412  
0.953561  0.100388  0.318316  
0.94028  0.112747  0.358963  
0.839117  0.512275  0.35127  
0.839117  0.512275  0.35127  
0.701805  0.699114  0.38954  
0.701056  0.70263  0.278519  
0.49798  0.819539  0.394643  
0.521533  0.846341  0.329987  
0.501028  0.855904  0.195083  
0.130214  0.956088  0.319116  
0.0955703  0.973153  0.248461  
0.110359  0.978771  0.231458  
0.0901625  0.989381  0.169981  
0.130068  0.999061  0.13502  
0.108823  1.00051  0.101183  
0.0224906  1.21625  0.048986  
0.000795362  5.34178  0.000811053  
2.95043  0.000485858  0.000233719  
1.21713  0.0500435  0.0479549  
0.99905  0.0696533  0.0827285  
0.993867  0.0850292  0.137736  
0.984414  0.0831372  0.195499  
0.975716  0.0932874  0.237843  
0.96367  0.103642  0.286045  
0.952729  0.103855  0.320629  
0.937024  0.119068  0.368181  
0.845971  0.505416  0.275713  
0.832187  0.525023  0.414843  
0.682657  0.679898  0.44813  
0.699774  0.700489  0.414955  
0.499036  0.807444  0.439963  
0.500063  0.817223  0.406172  
0.517065  0.854067  0.272369  
0.184612  0.944161  0.378689  
0.130214  0.956088  0.319116  
0.130119  0.967365  0.284909  
0.0943551  0.975287  0.23898  
0.0914208  0.985194  0.192729  
0.130068  0.999061  0.13502  
0.108823  1.00051  0.101183  
0.0224906  1.21625  0.048986  
0.000795362  5.34178  0.000811053  
2.95043  0.000485858  0.000233719  
1.21499  0.00511456  0.0630317  
0.99905  0.0696533  0.0827285  
0.992058  0.0792992  0.150124  
0.982722  0.0902208  0.206744  
0.973655  0.0874505  0.245074  
0.95817  0.100321  0.3035  
0.945639  0.114447  0.34441  
0.929499  0.135134  0.391958  
0.858064  0.503827  0.191642  
0.832187  0.525023  0.414843  
0.808064  0.510992  0.466448  
0.669782  0.671995  0.453125  
0.669782  0.671995  0.453125  
0.503842  0.806561  0.4627  
0.500063  0.817223  0.406172  
0.49798  0.819539  0.394643  
0.178991  0.944054  0.378625  
0.132437  0.948144  0.344113  
0.121698  0.960807  0.301052  
0.0955703  0.973153  0.248461  
0.0914208  0.985194  0.192729  
0.130068  0.999061  0.13502  
0.0507843  1.20861  0.12476  
0.0224906  1.21625  0.048986  
0.000795362  5.34178  0.000811053  
2.95043  0.000485858  0.000233719  
1.21499  0.00511456  0.0630317  
0.99905  0.0696533  0.0827285  
0.991002  0.0875264  0.160607  
0.981638  0.102203  0.217896  
0.967877  0.0909067  0.267099  
0.953561  0.100388  0.318316  
0.939057  0.120477  0.365192  
0.921552  0.123651  0.407406  
0.903725  0.131331  0.447011  
0.80939  0.51449  0.462428  
0.781586  0.474585  0.4748  
0.636824  0.635569  0.506588  
0.668184  0.671086  0.479964  
0.636824  0.635569  0.506588  
0.525172  0.805646  0.491539  
0.499036  0.807444  0.439963  
0.177968  0.908212  0.455635  
0.219209  0.940407  0.403126  
0.132437  0.948144  0.344113  
0.130214  0.956088  0.319116  
0.105488  0.969293  0.267788  
0.0914208  0.985194  0.192729  
0.102697  0.991959  0.161479  
0.0507843  1.20861  0.12476  
0.0224906  1.21625  0.048986  
0.000795362  5.34178  0.000811053  
2.95043  0.000485858  0.000233719  
1.21445  0.0316432  0.0711123  
0.99905  0.0696533  0.0827285  
0.988471  0.0799274  0.170931  
0.978624  0.0837234  0.221298  
0.964956  0.103671  0.281859  
0.953358  0.12357  0.328003  
0.933985  0.130739  0.382082  
0.912419  0.134721  0.429756  
0.893373  0.111356  0.461892  
0.781586  0.474585  0.474761  
0.781586  0.478136  0.482393  
0.754836  0.457343  0.52528  
0.636975  0.635453  0.518958  
0.636805  0.635584  0.509313  
0.446494  0.750773  0.52169  
0.466705  0.772433  0.49694  
0.475559  0.776536  0.492553  
0.155702  0.90134  0.460175  
0.21923  0.925997  0.435076  
0.178991  0.944054  0.378625  
0.147243  0.952479  0.336635  
0.130119  0.967365  0.284909  
0.0961728  0.979972  0.222493  
0.0901625  0.989381  0.169981  
0.0857219  1.20847  0.141301  
0.0224906  1.21625  0.048986  
0.000795362  5.34178  0.000811053  
2.95043  0.000485858  0.000233719  
1.2141  0.0308207  0.0726711  
0.99905  0.0696533  0.0827285  
0.988251  0.091477  0.178466  
0.97777  0.125097  0.244425  
0.96367  0.103642  0.286045  
0.945639  0.114447  0.34441  
0.9238  0.126156  0.402765  
0.901275  0.119725  0.450357  
0.878502  0.116551  0.491574  
0.754836  0.457343  0.52528  
0.754836  0.457343  0.52528  
0.743056  0.454092  0.557503  
0.726873  0.443671  0.580414  
0.636749  0.635628  0.525184  
0.440295  0.729721  0.569406  
0.443187  0.743891  0.536318  
0.448717  0.754158  0.515013  
0.448717  0.754158  0.515013  
0.253093  0.898493  0.502037  
0.177968  0.908212  0.455635  
0.219209  0.940407  0.403126  
0.132437  0.948144  0.344113  
0.121698  0.960807  0.301052  
0.0943551  0.975287  0.23898  
0.0901625  0.989381  0.169981  
0.0857219  1.20847  0.141301  
0.0224906  1.21625  0.048986  
0.000795362  5.34178  0.000811053  
2.9916  0.000485858  0.000233719  
1.2141  0.0308207  0.0726711  
0.99905  0.0696533  0.0827285  
0.985133  0.0797956  0.189862  
0.975171  0.133704  0.259082  
0.956345  0.116466  0.315742  
0.937024  0.119068  0.368181  
0.91697  0.131766  0.419852  
0.889631  0.111898  0.469671  
0.865558  0.131633  0.519066  
0.84871  0.172996  0.558453  
0.744108  0.451299  0.551887  
0.726873  0.443671  0.580414  
0.704169  0.417789  0.596316  
0.586012  0.588472  0.624782  
0.586012  0.588472  0.624782  
0.586012  0.588472  0.624782  
0.440295  0.729721  0.569406  
0.443187  0.743891  0.536318  
0.443187  0.743891  0.536318  
0.197346  0.872547  0.527468  
0.155702  0.90134  0.459689  
0.177774  0.928042  0.415196  
0.178991  0.944054  0.378625  
0.130214  0.956088  0.319116  
0.0955703  0.973153  0.248461  
0.0914208  0.985194  0.192729  
0.0857219  1.20847  0.141301  
0.0265479  1.21495  0.0807899  
0.000795362  5.34178  0.000811053  
2.9916  0.000485858  0.000233719  
1.2141  0.0308207  0.0726711  
0.99905  0.0696533  0.0827285  
0.982944  0.0898526  0.205349  
0.967044  0.0986743  0.274412  
0.949359  0.130888  0.340222  
0.925847  0.118362  0.397427  
0.901275  0.119725  0.450357  
0.874225  0.116667  0.499227  
0.850251  0.139474  0.543218  
0.824468  0.157642  0.586372  
0.704169  0.417789  0.596316  
0.704169  0.417789  0.596316  
0.697123  0.430305  0.629417  
0.66858  0.397968  0.650626  
0.586012  0.588472  0.624782  
0.586012  0.588472  0.624782  
0.458442  0.701655  0.661177  
0.471612  0.725503  0.61867  
0.440295  0.729721  0.569406  
0.231633  0.852003  0.573642  
0.18209  0.860608  0.539943  
0.244756  0.891375  0.511383  
0.177968  0.908212  0.455635  
0.219209  0.940407  0.402854  
0.14721  0.952267  0.33754  
0.105488  0.969293  0.267788  
0.0914208  0.985194  0.192729  
0.0853697  0.98994  0.166396  
0.0272825  1.21416  0.0835502  
0.000406065  4.78059  0.0016833  
2.9916  0.000485858  0.000233719  
1.2141  0.0308207  0.0726711  
0.99905  0.0696533  0.0827285  
0.981638  0.102203  0.217896  
0.964363  0.118251  0.290909  
0.94049  0.111041  0.357889  
0.91697  0.131766  0.419852  
0.888013  0.111518  0.47355  
0.861898  0.145112  0.528733  
0.831743  0.162011  0.577171  
0.80228  0.151122  0.615297  
0.704169  0.417789  0.596316  
0.697123  0.430305  0.629417  
0.66858  0.397968  0.650626  
0.656785  0.426462  0.70767  
0.563763  0.560757  0.681935  
0.55515  0.554094  0.691666  
0.538636  0.541629  0.711297  
0.459172  0.697055  0.676677  
0.454962  0.714899  0.633024  
0.236812  0.784651  0.662093  
0.218003  0.815857  0.62035  
0.231633  0.852003  0.573642  
0.173763  0.863135  0.534041  
0.155702  0.90134  0.459689  
0.177774  0.928042  0.415196  
0.17799  0.948793  0.364059  
0.130119  0.967365  0.284909  
0.0961728  0.979972  0.222493  
0.0796064  1.20257  0.174205  
0.0280186  1.21338  0.0874677  
0.000406065  4.78059  0.0016833  
2.9916  0.000485858  0.000233719  
1.21405  0.0308309  0.0999831  
0.99905  0.0696533  0.0827285  
0.982944  0.0898526  0.205349  
0.956345  0.116466  0.315742  
0.933985  0.130739  0.382082  
0.901275  0.119725  0.450357  
0.873347  0.155433  0.509663  
0.842799  0.132463  0.553832  
0.809056  0.147369  0.607166  
0.775027  0.138331  0.647502  
0.75435  0.205564  0.688934  
0.66858  0.397968  0.650626  
0.641136  0.404477  0.709777  
0.621907  0.381085  0.719242  
0.525302  0.528705  0.739131  
0.538636  0.541629  0.711297  
0.525302  0.528705  0.739131  
0.430134  0.642884  0.73615  
0.455166  0.670712  0.713589  
0.196015  0.716901  0.724054  
0.256022  0.762138  0.69428  
0.195928  0.789084  0.642898  
0.227354  0.821587  0.610968  
0.198525  0.852282  0.558864  
0.206687  0.881536  0.515249  
0.176347  0.906805  0.455635  
0.177904  0.949502  0.358377  
0.121698  0.960807  0.301052  
0.0961728  0.979972  0.222493  
0.0747784  0.985506  0.185592  
0.0280186  1.21338  0.0874677  
0.000406065  4.78059  0.0016833  
2.9916  0.000485858  0.000233719  
1.21405  0.0308309  0.0999831  
0.99905  0.0696533  0.0827285  
0.967877  0.0909067  0.267099  
0.949359  0.130888  0.340222  
0.920564  0.126613  0.410987  
0.884498  0.12443  0.482921  
0.850251  0.139474  0.543218  
0.82036  0.166578  0.595434  
0.791202  0.205993  0.646816  
0.755509  0.187484  0.682906  
0.724234  0.223406  0.722606  
0.621907  0.381085  0.719242  
0.621907  0.381085  0.719242  
0.585356  0.369097  0.767817  
0.573742  0.381589  0.794054  
0.495443  0.494086  0.779418  
0.495443  0.494086  0.779418  
0.48902  0.488174  0.781637  
0.427131  0.613998  0.775328  
0.427131  0.613998  0.775328  
0.212014  0.702783  0.741531  
0.196015  0.716901  0.724054  
0.256022  0.762138  0.69428  
0.195928  0.789084  0.642898  
0.227782  0.837138  0.59029  
0.18209  0.860608  0.539943  
0.155702  0.90134  0.459689  
0.121698  0.960807  0.301052  
0.121698  0.960807  0.301052  
0.0961728  0.979972  0.222493  
0.0747784  0.985506  0.185592  
0.0280186  1.21338  0.0874677  
0.000406065  4.78059  0.0016833  
2.9916  0.000485858  0.000233719  
1.20938  0.0203722  0.119695  
0.99905  0.0696533  0.0827285  
0.967877  0.0909067  0.267099  
0.94049  0.111041  0.357889  
0.901275  0.119725  0.450357  
0.865558  0.131633  0.519066  
0.828474  0.130553  0.574231  
0.796447  0.174571  0.629173  
0.755509  0.187484  0.682906  
0.724234  0.223406  0.722606  
0.686809  0.154034  0.742303  
0.641226  0.116273  0.775561  
0.585356  0.369097  0.767817  
0.568908  0.381491  0.800358  
0.535918  0.357765  0.827334  
0.523149  0.351467  0.838557  
0.48902  0.488174  0.781637  
0.480328  0.477129  0.835728  
0.412014  0.568782  0.837424  
0.412014  0.568782  0.837424  
0.293615  0.642114  0.823325  
0.298087  0.661682  0.809486  
0.212014  0.702783  0.741531  
0.196015  0.715632  0.724054  
0.26631  0.771031  0.687276  
0.206301  0.802  0.630578  
0.198525  0.852282  0.558864  
0.173763  0.863135  0.534041  
0.155702  0.90134  0.459689  
0.0995395  0.973254  0.251586  
0.0914208  0.985194  0.192729  
0.0747784  0.985506  0.185592  
0.0191733  1.20997  0.110951  
0.000406065  4.78059  0.0016833  
2.9916  0.000485858  0.000233719  
1.20713  0.0282164  0.131856  
0.99905  0.0696533  0.0827285  
0.967877  0.0909067  0.267099  
0.925847  0.118362  0.397427  
0.884498  0.12443  0.482921  
0.842799  0.132463  0.553832  
0.80228  0.151122  0.615297  
0.761492  0.163195  0.669  
0.724234  0.223406  0.722606  
0.681261  0.181664  0.755807  
0.641226  0.116273  0.775561  
0.599564  0.144931  0.812394  
0.576467  0.15556  0.832686  
0.535918  0.357765  0.827334  
0.513978  0.359362  0.851516  
0.480523  0.336063  0.870328  
0.455767  0.317513  0.889517  
0.427469  0.3005  0.904663  
0.427469  0.3005  0.904663  
0.411429  0.296949  0.914186  
0.372436  0.571047  0.898104  
0.357237  0.589128  0.884263  
0.317033  0.631169  0.836154  
0.298087  0.661682  0.809486  
0.212014  0.702783  0.741531  
0.196015  0.715632  0.724054  
0.229145  0.788288  0.659023  
0.195928  0.789084  0.642898  
0.18209  0.860608  0.539943  
0.155702  0.90134  0.461197  
0.0995395  0.973254  0.251586  
0.0914208  0.985194  0.192729  
0.0328419  1.18714  0.254781  
0.0197652  1.20898  0.131576  
0.000406065  4.78059  0.0016833  
3.44814  0.000254425  0.00188189  
1.20713  0.0282164  0.131856  
1.16771  0.00757706  0.285574  
0.982944  0.0898526  0.205349  
0.90796  0.0970891  0.430821  
0.848534  0.138968  0.546023  
0.809056  0.147369  0.607166  
0.763097  0.142615  0.661461  
0.725153  0.186795  0.712276  
0.680891  0.212341  0.762873  
0.624831  0.131366  0.792496  
0.598736  0.181  0.820469  
0.558759  0.137616  0.840281  
0.525595  0.131268  0.860074  
0.490568  0.116975  0.879664  
0.455767  0.317513  0.889517  
0.427469  0.3005  0.904663  
0.427469  0.3005  0.904663  
0.394467  0.387704  0.918995  
0.383538  0.265641  0.920377  
0.367523  0.258449  0.927243  
0.355058  0.355483  0.929411  
0.340784  0.242486  0.938862  
0.323199  0.46005  0.94313  
0.304365  0.628409  0.924835  
0.282667  0.661138  0.87251  
0.248795  0.682607  0.851223  
0.212014  0.702783  0.741531  
0.196015  0.715632  0.724054  
0.195928  0.789084  0.642898  
0.155702  0.90134  0.459689  
0.146108  0.961269  0.309678  
0.0995395  0.973254  0.251586  
0.0747784  0.985506  0.185592  
0.0181454  1.17566  0.294038  
0.0197652  1.20898  0.131576  
0.000406065  4.78059  0.0016833  
3.44814  0.000254425  0.00188189  
1.20513  0.0270096  0.170466  
1.1542  0.0304459  0.3238  
0.991002  0.0875264  0.160607  
0.90796  0.0970891  0.430821  
0.828474  0.130553  0.574231  
0.775027  0.138331  0.647502  
0.703452  0.141997  0.725622  
0.654688  0.151364  0.769967  
0.621116  0.142636  0.796333  
0.578589  0.154847  0.830843  
0.540778  0.140445  0.852726  
0.506167  0.131115  0.871752  
0.468157  0.124511  0.89189  
0.445084  0.140068  0.906474  
0.421899  0.137883  0.917044  
0.39189  0.278385  0.919128  
0.375436  0.260198  0.923787  
0.355044  0.247321  0.932191  
0.345355  0.241522  0.936397  
0.330537  0.325749  0.942153  
0.314833  0.313872  0.948136  
0.300357  0.296267  0.95209  
0.289539  0.358684  0.95482  
0.276879  0.33866  0.958437  
0.26663  0.382536  0.961612  
0.258024  0.412743  0.964136  
0.249931  0.436804  0.966436  
0.180364  0.693711  0.880647  
0.196015  0.715632  0.724054  
0.101778  0.775335  0.778544  
0.129262  0.868118  0.717835  
0.11422  0.91676  0.667172  
0.0995395  0.973254  0.251586  
0.0905549  0.985351  0.193475  
0.0606902  1.15518  0.321023  
0.0323349  1.20707  0.157806  
0.000406065  4.78059  0.0016833  
3.44814  0.000254425  0.00188189  
1.19746  0.0235732  0.197232  
1.1363  0.0539766  0.365626  
0.99905  0.0696533  0.0827285  
0.90796  0.0970891  0.430821  
0.860548  0.0519529  0.711363  
0.69288  0.135305  0.734588  
0.641226  0.116273  0.775561  
0.621116  0.142636  0.796333  
0.558759  0.137616  0.840281  
0.520914  0.146709  0.865264  
0.481857  0.154771  0.889608  
0.445084  0.140068  0.906474  
0.421899  0.137883  0.917044  
0.396466  0.126207  0.926541  
0.349117  0.240335  0.935241  
0.349117  0.240335  0.935241  
0.330418  0.236669  0.944256  
0.310242  0.213379  0.948301  
0.300357  0.296267  0.95209  
0.28542  0.197135  0.956021  
0.272396  0.337107  0.962385  
0.261379  0.317468  0.96436  
0.25202  0.31071  0.9677  
0.239173  0.38092  0.969639  
0.229216  0.433894  0.97194  
0.22428  0.461471  0.973245  
0.216703  0.524505  0.975092  
0.209251  0.331832  0.977048  
0.200303  0.42201  0.978621  
0.180364  0.693711  0.880647  
0.0909402  0.733434  0.8572  
0.101778  0.775335  0.778544  
0.129262  0.868118  0.717835  
0.03813  0.943961  0.635522  
0.00630071  1.04691  0.511755  
0.0405103  1.12953  0.375679  
0.0323349  1.20707  0.157806  
0.000406065  4.78059  0.0016833  
3.44814  0.000254425  0.00188189  
1.18997  0.0134737  0.231424  
1.10529  0.0101348  0.419945  
0.991879  0.0662119  0.594617  
0.887768  0.0835749  0.688718  
0.778294  0.0620211  0.773706  
0.641226  0.116273  0.775561  
0.555057  0.12862  0.84193  
0.540778  0.140445  0.852726  
0.48995  0.118648  0.879528  
0.445084  0.140068  0.906474  
0.414982  0.116995  0.917619  
0.37967  0.120812  0.933  
0.357044  0.109047  0.940887  
0.338721  0.124154  0.948812  
0.316303  0.120209  0.956557  
0.27775  0.194526  0.958893  
0.27775  0.194526  0.958893  
0.264546  0.181892  0.963214  
0.252084  0.180268  0.969277  
0.241469  0.24484  0.969807  
0.22676  0.225718  0.973727  
0.217303  0.155702  0.975897  
0.208032  0.295903  0.978117  
0.202965  0.326029  0.97828  
0.195084  0.137726  0.980025  
0.185207  0.368031  0.98199  
0.181821  0.319551  0.982646  
0.17282  0.344255  0.984199  
0.169841  0.400878  0.985068  
0.163983  0.313056  0.985849  
0.159111  0.308747  0.986767  
0.153354  0.389915  0.987621  
0.0909402  0.733434  0.8572  
0.101778  0.775335  0.778544  
0.0897662  0.93825  0.647853  
0.0555858  1.009  0.571734  
0.0266408  1.10245  0.430838  
0.0203127  1.20861  0.157804  
0.000406065  4.78059  0.0016833  
3.44814  0.000254425  0.00188189  
1.16771  0.00757706  0.285574  
1.04467  0.0172497  0.518049  
0.907167  0.036831  0.671976  
0.778294  0.0620211  0.773706  
0.665575  0.0824505  0.844138  
0.466353  0.104841  0.890505  
0.466353  0.104841  0.890505  
0.410311  0.115822  0.919765  
0.410311  0.115822  0.919765  
0.357044  0.109047  0.940887  
0.339185  0.0840413  0.944287  
0.304583  0.094761  0.957102  
0.287842  0.090284  0.962114  
0.272813  0.0915283  0.966158  
0.255173  0.0875364  0.971015  
0.236184  0.0671686  0.973967  
0.225175  0.160597  0.975687  
0.217303  0.155702  0.975897  
0.195084  0.137726  0.980025  
0.195084  0.137726  0.980025  
0.186463  0.138125  0.983834  
0.177939  0.215718  0.98349  
0.170465  0.121831  0.985696  
0.163969  0.165297  0.986283  
0.154575  0.216345  0.988131  
0.149215  0.238883  0.988632  
0.145558  0.278321  0.988864  
0.140975  0.305247  0.989448  
0.136426  0.303155  0.990257  
0.132039  0.308791  0.990975  
0.127314  0.262525  0.991436  
0.123759  0.44047  0.992266  
0.119209  0.2727  0.992549  
0.116393  0.264117  0.992845  
0.0909402  0.733434  0.8572  
0.0858277  0.771589  0.782294  
0.0734765  0.939009  0.646872  
0.00630071  1.04691  0.511755  
0.0181454  1.17566  0.294038  
0.000406065  4.78059  0.0016833  
3.44814  0.000254425  0.00188189  
1.14682  0.0147333  0.349141  
0.962071  0.038213  0.621635  
0.778392  0.0452216  0.76983  
0.64203  0.0571708  0.850922  
0.530597  0.0531115  0.902305  
0.454301  0.0102848  0.928634  
0.379605  0.0689525  0.952777  
0.352787  0.082719  0.960325  
0.287842  0.090284  0.962114  
0.287842  0.090284  0.962114  
0.265013  0.0741078  0.967146  
0.236502  0.0684195  0.974047  
0.214594  0.0721677  0.97917  
0.203824  0.0597808  0.980903  
0.19288  0.0583325  0.982824  
0.178051  0.0708267  0.986677  
0.170465  0.121831  0.985696  
0.15708  0.0431035  0.988472  
0.156211  0.0500658  0.988973  
0.141314  0.139093  0.990157  
0.141314  0.139093  0.990157  
0.135308  0.133182  0.990976  
0.124082  0.153949  0.99232  
0.124082  0.153949  0.99232  
0.117011  0.14638  0.992752  
0.114456  0.196885  0.993587  
0.109632  0.2027  0.994281  
0.105781  0.213101  0.994318  
0.10245  0.19407  0.994749  
0.0990395  0.212314  0.995131  
0.0960888  0.152819  0.995173  
0.0930977  0.17635  0.995518  
0.0902667  0.0654112  0.996052  
0.0846539  0.183623  0.9963  
0.0846539  0.183623  0.9963  
0.0808012  0.281614  0.996569  
0.0736403  0.735301  0.939074  
0.0276624  0.873624  0.832856  
0.03813  0.943961  0.635522  
0.0253601  1.13263  0.372255  
0.000657648  5.46146  0.00561547  
3.44814  0.000254425  0.00188189  
1.04467  0.0172497  0.518049  
0.768926  0.000339762  0.779988  
0.579817  0.0228959  0.912743  
0.454301  0.0102848  0.928634  
0.319702  0.0472513  0.966046  
0.319702  0.0472513  0.966046  
0.273138  0.0331169  0.981429  
0.245194  0.0331096  0.984963  
0.211737  0.0238064  0.985128  
0.15708  0.0431035  0.988472  
0.15708  0.0431035  0.988472  
0.15708  0.0431035  0.988472  
0.140549  0.039594  0.990876  
0.140549  0.039594  0.990876  
0.122467  0.0362422  0.99314  
0.122467  0.0362422  0.99314  
0.100473  0.0734699  0.995487  
0.109556  0.079865  0.994665  
0.100473  0.0734699  0.995487  
0.0896954  0.0894182  0.996454  
0.0896954  0.0894182  0.996454  
0.0902667  0.0654112  0.996052  
0.0853249  0.0841825  0.996574  
0.0824457  0.0811207  0.996851  
0.0734493  0.0912194  0.997242  
0.0734493  0.0912194  0.997242  
0.0734493  0.0912194  0.997242  
0.070221  0.129332  0.99775  
0.068536  0.0686656  0.997794  
0.0640539  0.110273  0.997904  
0.0640539  0.110273  0.997904  
0.0616407  0.168235  0.998128  
0.0599137  0.200989  0.998256  
0.0568981  0.0909064  0.998349  
0.0559268  0.240247  0.99845  
0.0553368  0.159244  0.998534  
0.0529073  0.139813  0.99855  
0.0514859  0.295939  0.998675  
0.0509075  0.0875777  0.998692  
0.0276624  0.873624  0.832856  
0.00630071  1.04691  0.511755  
0.000473922  5.19699  0.0109291  
3.44814  0.000254425  0.00188189  
0.768926  0.000339762  0.779988  
0.454301  0.0102848  0.928634  
0.211737  0.0238064  0.985128  
0.211737  0.0238064  0.985128  
0.16871  0.0166628  0.990536  
0.147413  0.0219449  0.994571  
0.130361  0.0255947  0.996657  
0.110328  0.0282777  0.997681  
0.110328  0.0282777  0.997681  
0.0612522  0.0231415  0.998408  
0.0612522  0.0231415  0.998408  
0.0612522  0.0231415  0.998408  
0.0612522  0.0231415  0.998408  
0.0612522  0.0231415  0.998408  
0.0612522  0.0231415  0.998408  
0.0612522  0.0231415  0.998408  
0.0478612  0.0357  0.998976  
0.0503201  0.0385511  0.998894  
0.0503201  0.0385511  0.998894  
0.0478612  0.0357  0.998976  
0.0452012  0.026543  0.999336  
0.0396254  0.0474182  0.999248  
0.0396254  0.0474182  0.999248  
0.0396254  0.0474182  0.999248  
0.0396254  0.0474182  0.999248  
0.0358981  0.0358749  0.999337  
0.0358981  0.0358749  0.999337  
0.0328101  0.0392941  0.999477  
0.0345807  0.04207  0.999379  
0.0328101  0.0392941  0.999477  
0.0314341  0.0433788  0.999547  
0.0285113  0.0752415  0.99959  
0.0285113  0.0752415  0.99959  
0.0285113  0.0752415  0.99959  
0.0285113  0.0752415  0.99959  
0.0269562  0.0770619  0.999629  
0.0269562  0.0770619  0.999629  
0.0263694  0.0424794  0.99965  
0.0241108  0.0927039  0.999692  
0.0241108  0.0927039  0.999692  
0.0241108  0.0927039  0.999692  
0.0237994  0.169162  0.999714  
0.000473922  5.19699  0.0109291  
0.768926  0.000339762  0.779988  
0.221823  0.00199582  0.997924  
0.0307377  0.00863528  0.999898  
0.0210668  0.00638969  0.999971  
0.0210668  0.00638969  0.999971  
0.0210668  0.00638969  0.999971  
0.0210668  0.00638969  0.999971  
0.0210668  0.00638969  0.999971  
0.0210668  0.00638969  0.999971  
0.0235279  0.00429426  0.999945  
0.0210668  0.00638969  0.999971  
0.0114398  0.00685813  0.99999  
0.0114398  0.00685813  0.99999  
0.0114398  0.00685813  0.99999  
0.0114398  0.00685813  0.99999  
0.0101007  0.00275153  0.999986  
0.0101007  0.00275153  0.999986  
0.0101007  0.00275153  0.999986  
0.0101007  0.00275153  0.999986  
0.0101007  0.00275153  0.999986  
0.0101007  0.00275153  0.999986  
0.0101007  0.00275153  0.999986  
0.00886833  0.00945274  0.999987  
0.0101007  0.00275153  0.999986  
0.00886833  0.00945274  0.999987  
0.00886833  0.00945274  0.999987  
0.00886833  0.00945274  0.999987  
0.0101007  0.00275153  0.999986  
0.00976519  0.0173815  0.99999  
0.00886833  0.00945274  0.999987  
0.00886833  0.00945274  0.999987  
0.00786694  0.0046732  0.99998  
0.00786694  0.0046732  0.99998  
0.00786694  0.0046732  0.99998  
0.00786694  0.0046732  0.99998  
0.00786694  0.0046732  0.99998  
0.00786694  0.0046732  0.99998  
0.00786694  0.0046732  0.99998  
0.0056535  0.0426642  0.999999  
0.00690069  0.0549644  0.999997  
0.00690069  0.0549644  0.999997  
0.00690069  0.0549644  0.999997  
0.00690069  0.0549644  0.999997  
0.00690069  0.0549644  0.999997  
0.000473922  5.19699  0.0109291  
