0.984462  0.287245  
0.984462  0.287245  
0.984462  0.287245  
0.984462  0.287245  
0.984462  0.287245  
0.984462  0.287245  
0.984462  0.287245  
0.984462  0.287245  
0.984462  0.287245  
0.984462  0.287245  
0.984462  0.287245  
0.984462  0.287245  
0.984462  0.287245  
0.984462  0.287245  
0.984462  0.287245  
0.984462  0.287245  
0.984462  0.287245  
0.984462  0.287245  
0.984462  0.287245  
0.984462  0.287245  
0.984462  0.287245  
0.984462  0.287245  
0.984462  0.287245  
0.984462  0.287245  
0.984462  0.287245  
0.984462  0.287245  
0.984462  0.287245  
0.984462  0.287245  
0.984462  0.287245  
0.984462  0.287245  
0.984462  0.287245  
0.984462  0.287245  
0.984462  0.287245  
0.984462  0.287245  
0.984462  0.287245  
0.984462  0.287245  
0.984462  0.287245  
0.984462  0.287245  
0.984462  0.287245  
0.984462  0.287245  
0.984462  0.287245  
0.984462  0.287245  
0.984462  0.287245  
0.984462  0.287245  
0.984462  0.287245  
0.980311  0.28996  
0.971167  0.295416  
0.961296  0.302533  
0.959506  0.306307  
0.959159  0.309742  
0.959159  0.309742  
0.959159  0.309742  
0.959159  0.309742  
0.901354  0.346798  
0.901354  0.346798  
0.898888  0.348155  
0.891656  0.353264  
0.881958  0.359766  
0.878558  0.36663  
0.878444  0.3687  
0.878444  0.3687  
0.878444  0.3687  
0.878444  0.3687  
0.823636  0.405157  
0.821261  0.404971  
0.821261  0.404971  
0.814184  0.408965  
0.808586  0.412799  
0.801028  0.418904  
0.798095  0.427479  
0.798095  0.427479  
0.798095  0.427755  
0.798095  0.427755  
0.739124  0.464205  
0.739124  0.463994  
0.739124  0.464064  
0.739124  0.463994  
0.733475  0.467775  
0.727741  0.473627  
0.718669  0.478641  
0.717337  0.480775  
0.717337  0.480775  
0.717514  0.480953  
0.717514  0.480953  
0.662291  0.52249  
0.662291  0.52249  
0.662291  0.52249  
0.662291  0.52249  
0.654357  0.525535  
0.647142  0.529882  
0.642024  0.534974  
0.636906  0.540086  
0.635509  0.545458  
0.635509  0.545458  
0.635509  0.545458  
0.580446  0.581965  
0.580446  0.581965  
0.580446  0.581965  
0.580446  0.581965  
0.580446  0.581965  
0.573737  0.585044  
0.566229  0.589813  
0.559315  0.594504  
0.554975  0.599884  
0.554916  0.599925  
0.554935  0.599911  
0.554916  0.599925  
0.496299  0.640574  
0.496407  0.640494  
0.496377  0.640516  
0.496407  0.640494  
0.496377  0.640516  
0.492951  0.642007  
0.488817  0.645466  
0.481492  0.650281  
0.475438  0.656969  
0.473638  0.661311  
0.473638  0.661311  
0.473638  0.661311  
0.416813  0.699295  
0.416813  0.699295  
0.418306  0.698785  
0.421432  0.699318  
0.418306  0.698785  
0.41835  0.699344  
0.412123  0.70169  
0.405984  0.705186  
0.399276  0.711289  
0.394641  0.715677  
0.393544  0.716072  
0.393544  0.716072  
0.340482  0.758009  
0.340483  0.758009  
0.340482  0.758009  
0.340482  0.758009  
0.340482  0.758009  
0.340483  0.758009  
0.340482  0.758009  
0.332798  0.759696  
0.32815  0.764307  
0.31839  0.769239  
0.315952  0.771575  
0.312073  0.781449  
0.312073  0.781449  
0.258136  0.81653  
0.258136  0.81653  
0.258136  0.81653  
0.258136  0.81653  
0.258136  0.81653  
0.258136  0.81653  
0.258136  0.81653  
0.258136  0.81653  
0.250506  0.818525  
0.244631  0.822329  
0.239887  0.828008  
0.234818  0.831715  
0.231167  0.835939  
0.231167  0.835939  
0.174645  0.875138  
0.174645  0.875138  
0.174645  0.875138  
0.174645  0.875137  
0.174645  0.875138  
0.174645  0.875137  
0.174645  0.875138  
0.174645  0.875138  
0.172773  0.876127  
0.167158  0.879159  
0.160302  0.884773  
0.156559  0.886941  
0.151107  0.895005  
0.150956  0.895525  
0.0945651  0.933817  
0.0945617  0.933819  
0.0945651  0.933817  
0.0945617  0.933819  
0.0945434  0.933829  
0.0945529  0.933824  
0.0945529  0.933824  
0.0945651  0.933817  
0.0945651  0.933817  
0.0923434  0.935561  
0.0866746  0.937692  
0.081113  0.943312  
0.0760335  0.949373  
0.0705924  0.952437  
0.00560314  0.99678  
0.00560314  0.99678  
0.00560353  0.99678  
0.00560392  0.99678  
0.00560314  0.99678  
0.00560353  0.99678  
0.00560353  0.99678  
0.00560314  0.99678  
0.00560314  0.99678  
0.00560314  0.99678  
0.00560314  0.99678  
0.00560314  0.99678  
0.00498103  0.996898  
0  1  
