0.336109  0.708899  
0.336109  0.708899  
0.305822  0.709857  
0.30265  0.710175  
0.30265  0.710175  
0.297012  0.711125  
0.296554  0.71154  
0.293129  0.712396  
0.291097  0.712798  
0.291097  0.712798  
0.290108  0.713726  
0.289655  0.71428  
0.288589  0.714633  
0.28747  0.715099  
0.28747  0.715099  
0.286551  0.715953  
0.285502  0.716394  
0.284731  0.717107  
0.284676  0.717659  
0.283979  0.717922  
0.283153  0.718646  
0.282181  0.719176  
0.28157  0.719401  
0.28157  0.719401  
0.280817  0.720371  
0.279895  0.720956  
0.279475  0.721406  
0.279205  0.721593  
0.279475  0.721406  
0.277487  0.722994  
0.277272  0.723383  
0.277272  0.723383  
0.276299  0.724355  
0.276076  0.724858  
0.275267  0.725402  
0.274748  0.725845  
0.27482  0.725834  
0.274081  0.726643  
0.273207  0.727358  
0.273924  0.727066  
0.272304  0.728335  
0.272304  0.728335  
0.271371  0.729002  
0.270946  0.729364  
0.270651  0.730369  
0.270651  0.730369  
0.269792  0.7311  
0.269009  0.731768  
0.26852  0.732008  
0.267881  0.732384  
0.267714  0.733276  
0.267016  0.733708  
0.26643  0.734269  
0.265694  0.734637  
0.265539  0.735094  
0.26455  0.735724  
0.264227  0.7361  
0.264025  0.736569  
0.263641  0.736805  
0.262705  0.737591  
0.262369  0.738087  
0.262156  0.738107  
0.261695  0.738634  
0.260902  0.739511  
0.26045  0.739967  
0.259843  0.740546  
0.259843  0.740546  
0.25919  0.741367  
0.258317  0.741852  
0.25803  0.742227  
0.258009  0.74305  
0.256738  0.743534  
0.256734  0.743948  
0.256314  0.744054  
0.256314  0.744054  
0.255044  0.745398  
0.25448  0.745875  
0.254177  0.746165  
0.253437  0.746891  
0.252944  0.747306  
0.252706  0.747641  
0.252231  0.748035  
0.251682  0.74877  
0.251169  0.749241  
0.251057  0.749313  
0.25007  0.750331  
0.249748  0.750621  
0.249564  0.751256  
0.249212  0.751572  
0.248394  0.752134  
0.2477  0.752768  
0.247565  0.753211  
0.246576  0.753661  
0.246512  0.754258  
0.245948  0.754579  
0.246007  0.754953  
0.245211  0.755696  
0.245288  0.755843  
0.243951  0.756585  
0.243294  0.757115  
0.242972  0.757466  
0.243257  0.757131  
0.242202  0.758273  
0.241489  0.759139  
0.241372  0.759315  
0.240692  0.760098  
0.240013  0.760447  
0.239612  0.761065  
0.239612  0.761065  
0.238626  0.761959  
0.238466  0.762309  
0.237967  0.762656  
0.237438  0.763182  
0.23696  0.763638  
0.236284  0.764257  
0.235709  0.764841  
0.235709  0.764841  
0.234933  0.765928  
0.234815  0.765931  
0.234043  0.766495  
0.233715  0.767195  
0.232904  0.767884  
0.232173  0.768334  
0.231978  0.768624  
0.231744  0.769354  
0.230906  0.769669  
0.230906  0.769669  
0.230395  0.770805  
0.229474  0.771283  
0.229208  0.771827  
0.228692  0.772071  
0.228239  0.772863  
0.227624  0.773151  
0.227027  0.773815  
0.227279  0.774344  
0.225954  0.774674  
0.225718  0.774851  
0.225378  0.775657  
0.224763  0.77614  
0.224423  0.776272  
0.223839  0.77696  
0.223394  0.777308  
0.22296  0.778308  
0.222391  0.778337  
0.22189  0.778923  
0.22189  0.778923  
0.220945  0.77993  
0.220148  0.780563  
0.219883  0.780941  
0.219428  0.781229  
0.218844  0.782065  
0.218198  0.782507  
0.217623  0.782972  
0.217541  0.783528  
0.216682  0.783954  
0.216392  0.78445  
0.21579  0.784854  
0.215394  0.785325  
0.214923  0.785621  
0.214173  0.786356  
0.21375  0.786929  
0.213521  0.787268  
0.213081  0.78745  
0.212727  0.788091  
0.212183  0.788708  
0.211407  0.789262  
0.210835  0.789461  
0.210538  0.790054  
0.209932  0.790795  
0.20951  0.791063  
0.208977  0.791537  
0.208255  0.792085  
0.207802  0.792688  
0.207387  0.793128  
0.207222  0.793179  
0.206644  0.79391  
0.206302  0.794257  
0.205364  0.794972  
0.204905  0.79566  
0.204442  0.795896  
0.204024  0.796287  
0.203377  0.797087  
0.20315  0.797301  
0.202254  0.797988  
0.202101  0.798254  
0.20193  0.79869  
0.20077  0.799434  
0.200564  0.79963  
0.199969  0.800518  
0.199557  0.800791  
0.199056  0.801429  
0.198534  0.80182  
0.198188  0.802069  
0.197831  0.802905  
0.19744  0.803153  
0.19651  0.803916  
0.196062  0.804257  
0.195735  0.804829  
0.195538  0.805099  
0.194578  0.805694  
0.194156  0.806154  
0.193795  0.806809  
0.193071  0.807083  
0.192598  0.807526  
0.191999  0.808207  
0.191853  0.808818  
0.19128  0.80897  
0.190725  0.809599  
0.190329  0.810105  
0.190019  0.810229  
0.189414  0.810775  
0.188569  0.811602  
0.188366  0.811838  
0.187819  0.812505  
0.187085  0.813193  
0.186951  0.813274  
0.186407  0.813934  
0.185955  0.814495  
0.185329  0.814944  
0.185032  0.815344  
0.184572  0.815675  
0.183693  0.816548  
0.183388  0.816946  
0.182868  0.817396  
0.182408  0.817849  
0.181929  0.818357  
0.181448  0.818864  
0.180995  0.819311  
0.180412  0.820029  
0.179947  0.820261  
0.179458  0.820682  
0.178921  0.821296  
0.178609  0.821615  
0.178039  0.822245  
0.17751  0.822669  
0.176962  0.823283  
0.176571  0.823734  
0.176136  0.824119  
0.175862  0.824271  
0.175093  0.825087  
0.174678  0.825446  
0.174033  0.826129  
0.17355  0.826706  
0.173266  0.827001  
0.172685  0.827503  
0.172142  0.828046  
0.171675  0.828448  
0.17124  0.828945  
0.170729  0.829632  
0.170365  0.830048  
0.169638  0.830586  
0.169185  0.831056  
0.168679  0.831505  
0.168438  0.831852  
0.167774  0.832432  
0.167279  0.832898  
0.166741  0.833495  
0.166204  0.833996  
0.165958  0.834533  
0.165298  0.83484  
0.16476  0.835337  
0.164415  0.835873  
0.163888  0.836322  
0.163504  0.836653  
0.163086  0.837279  
0.162427  0.837671  
0.161926  0.838293  
0.161427  0.838963  
0.161092  0.83913  
0.16047  0.839826  
0.159963  0.840165  
0.159687  0.840791  
0.159043  0.841177  
0.158582  0.84165  
0.157934  0.842206  
0.15759  0.842651  
0.157259  0.843247  
0.156681  0.843582  
0.156118  0.84412  
0.155693  0.844692  
0.155292  0.844915  
0.154729  0.845607  
0.154129  0.846157  
0.153739  0.846454  
0.153218  0.847188  
0.152685  0.847489  
0.152433  0.84806  
0.151805  0.84841  
0.151322  0.849015  
0.150818  0.849456  
0.150263  0.849957  
0.149856  0.850419  
0.149396  0.850927  
0.148702  0.851476  
0.148238  0.851944  
0.147904  0.852234  
0.147467  0.852757  
0.146916  0.853167  
0.146373  0.853732  
0.14604  0.854044  
0.145328  0.854786  
0.144927  0.85512  
0.144499  0.855776  
0.14376  0.856331  
0.143445  0.856808  
0.142992  0.857154  
0.142483  0.857592  
0.141957  0.858188  
0.141374  0.858695  
0.141058  0.859045  
0.140678  0.859627  
0.139933  0.860349  
0.139519  0.860625  
0.139205  0.861116  
0.138437  0.861684  
0.137903  0.862152  
0.137647  0.862551  
0.137271  0.862948  
0.136729  0.863731  
0.136001  0.864079  
0.135947  0.864219  
0.135235  0.864878  
0.134679  0.865558  
0.134219  0.865907  
0.133835  0.866303  
0.133165  0.867002  
0.132906  0.86758  
0.132238  0.867818  
0.131649  0.868482  
0.131226  0.869048  
0.130817  0.869423  
0.130156  0.869946  
0.129558  0.870532  
0.129407  0.870866  
0.128711  0.871469  
0.128341  0.871871  
0.127819  0.872245  
0.127361  0.872875  
0.126968  0.87313  
0.126335  0.873938  
0.125947  0.874178  
0.125233  0.874989  
0.124804  0.875359  
0.12463  0.875797  
0.123915  0.876199  
0.123489  0.876727  
0.122792  0.877294  
0.122451  0.877863  
0.122245  0.877882  
0.121672  0.878757  
0.121039  0.879351  
0.120814  0.879766  
0.120052  0.880237  
0.119747  0.880684  
0.119041  0.881209  
0.118736  0.881669  
0.118278  0.882118  
0.11764  0.882665  
0.117203  0.883044  
0.116619  0.883586  
0.11613  0.884062  
0.115826  0.884557  
0.115437  0.88478  
0.114649  0.885511  
0.114206  0.885976  
0.113738  0.886426  
0.113362  0.886742  
0.112747  0.887438  
0.112264  0.888037  
0.111833  0.888582  
0.111497  0.888764  
0.110744  0.889337  
0.110341  0.889877  
0.10979  0.890407  
0.109327  0.890985  
0.10879  0.891333  
0.108205  0.891942  
0.107807  0.892401  
0.107356  0.8928  
0.10691  0.893165  
0.106511  0.89378  
0.10597  0.894306  
0.105609  0.894583  
0.105019  0.895245  
0.104399  0.895662  
0.104138  0.896021  
0.103604  0.896466  
0.103096  0.897215  
0.102646  0.897594  
0.102256  0.898108  
0.101589  0.898531  
0.101095  0.899048  
0.100486  0.899779  
0.100131  0.900074  
0.0998527  0.900405  
0.0992756  0.900777  
0.0986321  0.901499  
0.0982147  0.901861  
0.0978056  0.902361  
0.0973649  0.903031  
0.0968529  0.90329  
0.0962356  0.903929  
0.0957823  0.904498  
0.0952367  0.904914  
0.0948178  0.905476  
0.0942048  0.905943  
0.0938346  0.906314  
0.0933114  0.906772  
0.092792  0.907375  
0.0924341  0.907802  
0.0919886  0.908255  
0.0914752  0.908692  
0.0908321  0.909398  
0.0904112  0.909679  
0.0899251  0.910317  
0.0894602  0.910777  
0.0890228  0.911266  
0.0885407  0.911635  
0.0879239  0.912203  
0.0875624  0.912608  
0.0869593  0.91335  
0.0865557  0.913827  
0.0860532  0.914251  
0.0856113  0.91478  
0.0851706  0.915089  
0.0845902  0.915606  
0.0840014  0.916177  
0.0835837  0.916583  
0.0832194  0.917109  
0.0825918  0.917609  
0.0821543  0.91793  
0.0817547  0.91861  
0.0811335  0.919028  
0.08062  0.919508  
0.0800708  0.920027  
0.0796319  0.920496  
0.0793131  0.920768  
0.0787368  0.921315  
0.0782481  0.9219  
0.0778932  0.92231  
0.0773278  0.922947  
0.0768359  0.923352  
0.0762968  0.923949  
0.0758344  0.924457  
0.0753216  0.925006  
0.0747695  0.925419  
0.0744571  0.925743  
0.0738375  0.926402  
0.0733756  0.926752  
0.0728407  0.92729  
0.0724156  0.927832  
0.0720838  0.928354  
0.0714462  0.928687  
0.0708667  0.929304  
0.0704856  0.929636  
0.070017  0.930142  
0.0694992  0.930639  
0.0690549  0.931061  
0.0685487  0.931698  
0.0680837  0.932067  
0.0674306  0.932663  
0.0670535  0.933014  
0.0665283  0.933535  
0.0660941  0.934101  
0.0656264  0.934438  
0.0650782  0.935086  
0.0644531  0.935678  
0.0641258  0.935936  
0.0637093  0.93649  
0.0632089  0.936913  
0.0627353  0.937393  
0.0621966  0.937904  
0.0617169  0.938338  
0.0612354  0.93894  
0.0608333  0.939403  
0.0602753  0.939905  
0.0598335  0.940422  
0.0592974  0.940768  
0.058781  0.941356  
0.058251  0.941892  
0.0577531  0.942345  
0.0573721  0.942887  
0.0568604  0.94335  
0.0563309  0.943787  
0.0559082  0.944183  
0.0553974  0.9447  
0.054971  0.945231  
0.0542881  0.945854  
0.0539917  0.946141  
0.0535497  0.946571  
0.0530169  0.947208  
0.0525318  0.947693  
0.0520107  0.948218  
0.0515503  0.9486  
0.0510729  0.949131  
0.0502917  0.94979  
0.0501347  0.95007  
0.0496103  0.950555  
0.0490297  0.951093  
0.0486099  0.951543  
0.0481227  0.952014  
0.0476463  0.952488  
0.0471255  0.952928  
0.0467152  0.9535  
0.0461873  0.953977  
0.0457287  0.95432  
0.0452021  0.954922  
0.0447476  0.955512  
0.0441905  0.955859  
0.0437189  0.956372  
0.0432073  0.956953  
0.0427955  0.957333  
0.0422862  0.957774  
0.0418385  0.958289  
0.0413935  0.958771  
0.0407979  0.959306  
0.0403573  0.959807  
0.0398161  0.960235  
0.0393828  0.960704  
0.0389214  0.961214  
0.0384393  0.961647  
0.0378922  0.962201  
0.0374257  0.962666  
0.0367887  0.963245  
0.0364692  0.963621  
0.0359046  0.964173  
0.0354599  0.9647  
0.0350356  0.965064  
0.0345651  0.965558  
0.0340475  0.966  
0.0335514  0.9665  
0.0330728  0.967025  
0.0326447  0.967469  
0.0321404  0.967974  
0.0315929  0.96856  
0.0310976  0.969088  
0.0306318  0.969521  
0.0302102  0.96989  
0.0296932  0.97049  
0.0291985  0.97085  
0.02877  0.971548  
0.0282366  0.971929  
0.0277227  0.972381  
0.0272505  0.972864  
0.0267685  0.973304  
0.0262655  0.973807  
0.0257153  0.974468  
0.0253294  0.974893  
0.0248288  0.975318  
0.0243469  0.975752  
0.0238037  0.97635  
0.0232836  0.976878  
0.0229276  0.977381  
0.0223696  0.977705  
0.0219365  0.978156  
0.0214292  0.978718  
0.020942  0.979286  
0.0203985  0.979733  
0.0199316  0.980099  
0.0193907  0.980806  
0.0190106  0.98139  
0.0185159  0.981667  
0.0180587  0.982169  
0.0174861  0.982587  
0.0170669  0.983216  
0.0165487  0.983646  
0.016068  0.984025  
0.0155265  0.984576  
0.0150831  0.985041  
0.0145589  0.985717  
0.0141488  0.986045  
0.0136457  0.986707  
0.0131791  0.987105  
0.0126647  0.987664  
0.012107  0.988102  
0.0117112  0.98852  
0.011235  0.989091  
0.0107442  0.989572  
0.0102049  0.990207  
0.00977055  0.990419  
0.00927898  0.991049  
0.00875797  0.991531  
0.00833481  0.992027  
0.00785705  0.992475  
0.00736315  0.99291  
0.00685784  0.993746  
0.00625163  0.99396  
0.00583291  0.9945  
0.00533123  0.995056  
0.00489767  0.995496  
0.00433746  0.995978  
0.00392615  0.996577  
0.00333575  0.996977  
0.00272684  0.997806  
0.00250389  0.998124  
0.00179505  0.998818  
0.00148595  0.99931  
0.000852644  1.00015  
8.03008e-005  1.00114  
8.03008e-005  1.00114  
