0.822864  1.3727  
0.822864  1.3727  
0.822864  1.3727  
0.822864  1.3727  
0.822864  1.3727  
0.822864  1.3727  
0.822864  1.3727  
0.822864  1.3727  
0.822864  1.3727  
0.822864  1.3727  
0.822864  1.3727  
0.822864  1.3727  
0.822864  1.3727  
0.822864  1.3727  
0.822864  1.3727  
0.822864  1.3727  
0.822864  1.3727  
0.822864  1.3727  
0.822864  1.3727  
0.822864  1.3727  
0.822864  1.3727  
0.822864  1.3727  
0.822864  1.3727  
0.822864  1.3727  
0.822864  1.3727  
0.822864  1.3727  
0.822864  1.3727  
0.822864  1.3727  
0.822864  1.3727  
0.822864  1.3727  
0.822864  1.3727  
0.822864  1.3727  
0.822864  1.3727  
0.822864  1.3727  
0.822864  1.3727  
0.822864  1.3727  
0.822864  1.3727  
0.822864  1.3727  
0.822864  1.3727  
0.822864  1.3727  
0.822864  1.3727  
0.822864  1.3727  
0.822864  1.3727  
0.822864  1.3727  
0.822864  1.3727  
0.822864  1.3727  
0.822864  1.3727  
0.822864  1.3727  
0.822864  1.3727  
0.822864  1.3727  
0.822864  1.3727  
0.822864  1.3727  
0.822864  1.3727  
0.822864  1.3727  
0.822864  1.3727  
0.822864  1.3727  
0.822864  1.3727  
0.822864  1.3727  
0.822864  1.3727  
0.822864  1.3727  
0.822864  1.3727  
0.822864  1.3727  
0.822864  1.3727  
0.822864  1.3727  
0.822864  1.3727  
0.822864  1.3727  
0.822864  1.3727  
0.822864  1.3727  
0.822864  1.3727  
0.822864  1.3727  
0.822864  1.3727  
0.822864  1.3727  
0.822864  1.3727  
0.822864  1.3727  
0.822864  1.3727  
0.822864  1.3727  
0.822864  1.3727  
0.822864  1.3727  
0.822864  1.3727  
0.822864  1.3727  
0.822864  1.3727  
0.822864  1.3727  
0.822864  1.3727  
0.822864  1.3727  
0.822864  1.3727  
0.822864  1.3727  
0.822864  1.3727  
0.822864  1.3727  
0.822864  1.3727  
0.822864  1.3727  
0.822864  1.3727  
0.822864  1.3727  
0.822864  1.3727  
0.822864  1.3727  
0.822864  1.3727  
0.822864  1.3727  
0.822864  1.3727  
0.822864  1.3727  
0.822864  1.3727  
0.822864  1.3727  
0.822864  1.3727  
0.822864  1.3727  
0.822864  1.3727  
0.822864  1.3727  
0.822864  1.3727  
0.822864  1.3727  
0.822864  1.3727  
0.822864  1.3727  
0.822864  1.3727  
0.822864  1.3727  
0.822864  1.3727  
0.822864  1.3727  
0.822864  1.3727  
0.822864  1.3727  
0.822864  1.3727  
0.822864  1.3727  
0.822864  1.3727  
0.822864  1.3727  
0.822864  1.3727  
0.822864  1.3727  
0.822864  1.3727  
0.822864  1.3727  
0.822864  1.3727  
0.817884  1.38819  
0.811545  1.40597  
0.804814  1.42393  
0.798671  1.44148  
0.792103  1.45866  
0.785167  1.47881  
0.778033  1.49783  
0.771041  1.51751  
0.76433  1.53651  
0.75789  1.55496  
0.750251  1.57552  
0.743291  1.59547  
0.735499  1.61781  
0.728608  1.63753  
0.72123  1.6572  
0.713591  1.67823  
0.705952  1.69935  
0.698336  1.72191  
0.690526  1.74276  
0.683103  1.76613  
0.682737  1.76747  
0.682736  1.76747  
0.682737  1.76747  
0.682736  1.76747  
0.682736  1.76747  
0.682736  1.76747  
0.682736  1.76747  
0.682737  1.76747  
0.682736  1.76747  
0.682736  1.76747  
0.682737  1.76747  
0.47944  2.34092  
0.47944  2.34092  
0.47944  2.34092  
0.47944  2.34092  
0.47944  2.34093  
0.47944  2.34092  
0.47944  2.34092  
0.47944  2.34092  
0.47944  2.34092  
0.47944  2.34092  
0.47944  2.34092  
0.473588  2.3574  
0.462029  2.38914  
0.450508  2.422  
0.43942  2.44879  
0.428254  2.48227  
0.417427  2.51319  
0.405683  2.54503  
0.394594  2.5797  
0.38292  2.61212  
0.370481  2.64541  
0.358042  2.67913  
0.343387  2.72069  
0.333461  2.75215  
0.327777  2.77241  
0.327777  2.77241  
0.327777  2.77241  
0.134519  3.31281  
0.134519  3.31281  
0.134519  3.31281  
0.134519  3.31281  
0.134519  3.31281  
0.134519  3.31281  
0.134519  3.31281  
0.134519  3.31281  
0.134519  3.31281  
0.134519  3.31281  
0.134519  3.31281  
0.119329  3.35717  
0.102928  3.40302  
0.0869098  3.44991  
0.0647208  3.51179  
0.0532084  3.55939  
0.0360975  3.61406  
0.0170616  3.65296  
2.26573e-005  3.6957  
