20.0054  0.125  
20.0054  0.125  
20.0054  0.125  
20.0054  0.125  
15.7222  0.125  
12.4226  0.125  
7.52319  0.125  
7.52319  0.125  
7.52319  0.125  
6.78963  0.125  
6.16845  0.125  
5.78783  0.125  
5.46674  0.125  
4.92933  0.125  
3.65439  0.125  
3.65439  0.125  
3.65439  0.125  
3.65439  0.125  
3.58628  0.125  
3.17038  0.125  
3.17038  0.125  
3.0567  0.125  
2.29137  0.125  
2.29137  0.125  
2.29137  0.125  
2.29137  0.125  
2.29137  0.125  
2.29137  0.125  
2.14824  0.125  
2.14824  0.125  
1.53342  0.125  
1.53342  0.125  
1.53342  0.125  
1.53342  0.125  
1.53342  0.125  
1.53342  0.125  
1.53342  0.125  
1.53342  0.125  
1.53342  0.125  
1.53342  0.125  
1.53342  0.125  
1.49329  0.125  
1.4  0.125  
1.4  0.125  
1.4  0.125  
1.27251  0.125  
1.2902  0.125  
1.27251  0.125  
1.27251  0.125  
1.15899  0.125  
1.15899  0.125  
1.15899  0.125  
1.15899  0.125  
1.13401  0.125  
1.06112  0.125  
1.06112  0.125  
1.06112  0.125  
1.06112  0.125  
1.04086  0.125  
1.0228  0.125  
1.01769  0.126021  
1.01769  0.126021  
1.00222  0.12948  
1.00222  0.12948  
0.998874  0.131994  
0.994144  0.134174  
0.994144  0.134174  
0.992207  0.137381  
0.990748  0.139747  
0.989965  0.14062  
0.989105  0.143679  
0.989105  0.143679  
0.988791  0.146396  
0.987616  0.149457  
0.988172  0.150947  
0.986677  0.154009  
0.985967  0.154948  
0.985967  0.157467  
0.983902  0.160576  
0.983902  0.160576  
0.981499  0.163865  
0.981499  0.163865  
0.972512  0.166696  
0.96771  0.168094  
0.96771  0.168094  
0.96771  0.168094  
0.960751  0.173354  
0.958068  0.175807  
0.956424  0.177892  
0.956424  0.177892  
0.956424  0.177892  
0.953164  0.182421  
0.943678  0.185182  
0.943678  0.185182  
0.943678  0.188648  
0.940224  0.189525  
0.940224  0.189525  
0.939747  0.193744  
0.934176  0.195197  
0.930011  0.197345  
0.930011  0.197345  
0.927183  0.200337  
0.924382  0.202408  
0.924382  0.202408  
0.919217  0.206874  
0.919217  0.206874  
0.918157  0.210454  
0.918157  0.210454  
0.917752  0.213938  
0.914805  0.215275  
0.9147  0.218697  
0.908375  0.218848  
0.908375  0.218848  
0.906555  0.224065  
0.904729  0.22414  
0.903352  0.226869  
0.902746  0.227742  
0.894436  0.231432  
0.894436  0.231432  
0.891562  0.234417  
0.890149  0.23621  
0.890821  0.237899  
0.887344  0.238948  
0.887344  0.238948  
0.884268  0.24322  
0.881625  0.245055  
0.880199  0.247737  
0.878215  0.248862  
0.877537  0.251631  
0.87482  0.253493  
0.87268  0.25395  
0.87268  0.25395  
0.86906  0.258691  
0.86906  0.258691  
0.86906  0.258691  
0.866753  0.263902  
0.864664  0.265967  
0.862802  0.26865  
0.860271  0.270424  
0.858362  0.271244  
0.855303  0.273559  
0.855303  0.273559  
0.85308  0.278439  
0.849109  0.280303  
0.849109  0.280303  
0.849065  0.283974  
0.845488  0.28421  
0.845488  0.28421  
0.845488  0.28421  
0.839082  0.291918  
0.839082  0.291918  
0.838967  0.295597  
0.838967  0.295597  
0.836189  0.300392  
0.831537  0.301519  
0.828487  0.301626  
0.828487  0.301626  
0.828487  0.301626  
0.822128  0.307471  
0.820146  0.309313  
0.820146  0.309313  
0.818013  0.314082  
0.818013  0.314082  
0.818013  0.314082  
0.814691  0.319554  
0.81016  0.320656  
0.807071  0.320947  
0.803893  0.324076  
0.803893  0.324076  
0.803893  0.324076  
0.803893  0.324076  
0.802245  0.333279  
0.800235  0.335027  
0.794317  0.335362  
0.791952  0.337696  
0.791952  0.337696  
0.791852  0.341153  
0.789297  0.343199  
0.786508  0.345049  
0.785467  0.34572  
0.780445  0.34797  
0.780445  0.34797  
0.779213  0.352947  
0.779213  0.352947  
0.779213  0.352947  
0.775387  0.360141  
0.775387  0.360141  
0.764992  0.363791  
0.764992  0.363791  
0.763411  0.363858  
0.761806  0.367206  
0.761806  0.367206  
0.759796  0.37129  
0.757044  0.373507  
0.756097  0.374254  
0.754364  0.376753  
0.753879  0.379309  
0.753879  0.379309  
0.747526  0.383125  
0.745925  0.384146  
0.745925  0.384146  
0.742433  0.38922  
0.742433  0.38922  
0.737381  0.391376  
0.737381  0.391376  
0.733658  0.394771  
0.731781  0.397562  
0.73097  0.397733  
0.73097  0.397733  
0.728122  0.404163  
0.728122  0.404163  
0.728122  0.404163  
0.728122  0.404163  
0.678836  0.414149  
0.681911  0.414149  
0.681911  0.414149  
0.678836  0.414149  
0.681911  0.414149  
0.681911  0.414149  
0.678836  0.414149  
0.678836  0.414149  
0.678836  0.414149  
0.678836  0.414149  
0.676114  0.414493  
0.673222  0.415777  
0.671756  0.416989  
0.670465  0.417669  
0.669814  0.418972  
0.668794  0.421997  
0.667765  0.424502  
0.667765  0.424502  
0.666896  0.43119  
0.666896  0.43119  
0.666896  0.43119  
0.643136  0.437458  
0.643136  0.437458  
0.643136  0.437458  
0.643136  0.437458  
0.643136  0.437458  
0.638931  0.43957  
0.638931  0.43957  
0.636584  0.439828  
0.634467  0.443196  
0.634317  0.444614  
0.634317  0.446429  
0.634317  0.444614  
0.632108  0.451913  
0.632108  0.451913  
0.632108  0.451913  
0.632108  0.451913  
0.593968  0.464442  
0.593968  0.464442  
0.593968  0.464442  
0.593968  0.464442  
0.593968  0.464442  
0.593968  0.464442  
0.593968  0.464442  
0.593968  0.464442  
0.593968  0.464442  
0.593968  0.464442  
0.589113  0.4651  
0.581143  0.465662  
0.581143  0.465662  
0.581143  0.465662  
0.576206  0.468811  
0.575341  0.468811  
0.575341  0.468811  
0.561001  0.47451  
0.561001  0.47451  
0.556884  0.47451  
0.556884  0.47451  
0.556884  0.47451  
0.554633  0.475076  
0.553903  0.475076  
0.553903  0.475076  
0.553903  0.475076  
0.553903  0.475076  
0.553903  0.475076  
0.540775  0.48903  
0.540775  0.48903  
0.540775  0.48903  
0.536322  0.490192  
0.536322  0.490192  
0.533793  0.491721  
0.533793  0.491721  
0.533793  0.491721  
0.530822  0.499209  
0.521087  0.499983  
0.521087  0.499983  
0.521087  0.499983  
0.511047  0.500679  
0.511047  0.500679  
0.511047  0.500679  
0.511047  0.500679  
0.507468  0.502318  
0.500955  0.504581  
0.500955  0.504581  
0.500955  0.504581  
0.498323  0.505559  
0.494469  0.50773  
0.494325  0.508185  
0.493847  0.511136  
0.492095  0.513672  
0.490974  0.514847  
0.487147  0.517788  
0.487147  0.517788  
0.487147  0.517788  
0.483675  0.521181  
0.483675  0.521181  
0.481274  0.524252  
0.480267  0.527339  
0.476111  0.527544  
0.476111  0.527544  
0.474356  0.531512  
0.472829  0.531973  
0.468335  0.53553  
0.468335  0.53553  
0.466496  0.537108  
0.465376  0.53871  
0.462569  0.541167  
0.46195  0.541669  
0.461224  0.543307  
0.459114  0.546252  
0.459114  0.546252  
0.459114  0.546252  
0.457925  0.554872  
0.457688  0.556938  
0.457688  0.556938  
0.45597  0.564064  
0.455359  0.565679  
0.455359  0.565679  
0.455304  0.570874  
0.454651  0.575689  
0.454651  0.575689  
0.452499  0.581851  
0.452499  0.581851  
0.452499  0.581851  
0.451263  0.592807  
0.451263  0.592807  
0.451263  0.592807  
0.45053  0.600838  
0.44794  0.606533  
0.44794  0.606533  
0.44794  0.606533  
0.44771  0.615488  
0.44771  0.615488  
0.44771  0.615488  
0.44771  0.624803  
0.44771  0.624803  
0.44771  0.624803  
0.393468  0.639903  
0.393468  0.639903  
0.38127  0.639903  
0.41478  0.639903  
0.393468  0.639903  
0.393468  0.639903  
0.393468  0.639903  
0.393468  0.639903  
0.393468  0.639903  
0.393468  0.639903  
0.38127  0.639903  
0.38127  0.639903  
0.393468  0.639903  
0.393468  0.639903  
0.38191  0.639903  
0.38127  0.639903  
0.393468  0.639903  
0.38191  0.639903  
0.38127  0.639903  
0.38191  0.639903  
0.38191  0.639903  
0.38191  0.639903  
0.38127  0.639903  
0.380542  0.639903  
0.377266  0.639903  
0.368469  0.639927  
0.368469  0.639927  
0.368469  0.639927  
0.364781  0.640001  
0.364781  0.640001  
0.362647  0.640958  
0.360246  0.640998  
0.359619  0.644636  
0.358923  0.648267  
0.356611  0.64852  
0.355663  0.650176  
0.351208  0.655649  
0.351208  0.655649  
0.350776  0.656967  
0.347075  0.660956  
0.347075  0.660956  
0.347075  0.660956  
0.336129  0.664244  
0.336129  0.664244  
0.336129  0.664244  
0.336129  0.664244  
0.335912  0.666065  
0.334921  0.670357  
0.332421  0.671743  
0.331673  0.673146  
0.329405  0.673835  
0.32772  0.677037  
0.327063  0.678215  
0.32512  0.678897  
0.320342  0.680668  
0.320342  0.680668  
0.319179  0.682562  
0.318174  0.686523  
0.316019  0.687965  
0.314491  0.688623  
0.313218  0.692159  
0.312676  0.693967  
0.310968  0.694905  
0.30772  0.69705  
0.307281  0.698279  
0.304002  0.700233  
0.302155  0.700971  
0.302155  0.701671  
0.300574  0.703954  
0.298996  0.706204  
0.294614  0.70889  
0.294614  0.70889  
0.294445  0.710186  
0.291391  0.713881  
0.288907  0.714974  
0.286206  0.715686  
0.286206  0.715686  
0.284826  0.717265  
0.283042  0.718737  
0.282203  0.722424  
0.280164  0.725176  
0.27682  0.725662  
0.27682  0.725662  
0.274197  0.730304  
0.274197  0.730304  
0.268832  0.734018  
0.268832  0.734018  
0.268832  0.734018  
0.265999  0.736866  
0.265999  0.736866  
0.264877  0.74487  
0.258748  0.745026  
0.258748  0.745026  
0.258748  0.745026  
0.25761  0.748539  
0.25524  0.748678  
0.251725  0.749642  
0.251725  0.749642  
0.250653  0.75177  
0.24759  0.758409  
0.24759  0.758409  
0.245864  0.759917  
0.241836  0.760828  
0.241836  0.760828  
0.241836  0.765156  
0.231795  0.771286  
0.234655  0.771309  
0.234655  0.771309  
0.234655  0.771309  
0.23164  0.773081  
0.229062  0.774241  
0.229062  0.774241  
0.223666  0.778533  
0.225422  0.776055  
0.223666  0.778533  
0.222205  0.785671  
0.218637  0.786332  
0.218637  0.786332  
0.218637  0.786332  
0.214467  0.791264  
0.214467  0.791264  
0.212164  0.794226  
0.212164  0.794226  
0.209236  0.798279  
0.201318  0.800347  
0.201318  0.800347  
0.201318  0.800347  
0.201318  0.800347  
0.198681  0.804528  
0.198681  0.804528  
0.196446  0.807284  
0.196446  0.807284  
0.192701  0.811438  
0.192701  0.811438  
0.190797  0.817934  
0.188746  0.819214  
0.188746  0.819214  
0.18628  0.822611  
0.184963  0.823554  
0.183944  0.829282  
0.181078  0.831502  
0.181078  0.831502  
0.171819  0.834028  
0.171819  0.834028  
0.171819  0.834028  
0.171819  0.834028  
0.167579  0.83525  
0.167579  0.83525  
0.167579  0.83525  
0.16666  0.837182  
0.163777  0.842479  
0.163104  0.843067  
0.160483  0.845042  
0.159784  0.845159  
0.156169  0.847879  
0.156169  0.847879  
0.154373  0.849612  
0.149283  0.85295  
0.149283  0.85295  
0.149283  0.85295  
0.148084  0.854374  
0.144948  0.8576  
0.140806  0.859959  
0.140806  0.859959  
0.140806  0.859959  
0.13939  0.865051  
0.137547  0.865577  
0.136605  0.866179  
0.134021  0.868375  
0.132811  0.870317  
0.131129  0.873108  
0.126902  0.875895  
0.126902  0.875895  
0.12621  0.876431  
0.124565  0.879515  
0.12118  0.880942  
0.12118  0.880942  
0.119769  0.883994  
0.114263  0.887447  
0.115773  0.887754  
0.11382  0.889058  
0.109509  0.893065  
0.109509  0.893065  
0.109509  0.893065  
0.107979  0.893753  
0.103094  0.899043  
0.103094  0.899043  
0.103094  0.899043  
0.0981006  0.904172  
0.0969309  0.904516  
0.0969309  0.904516  
0.0947482  0.906419  
0.0947482  0.906419  
0.0889443  0.911988  
0.0886399  0.911997  
0.0886399  0.911997  
0.0886399  0.911997  
0.0866824  0.916868  
0.0820588  0.919826  
0.0812711  0.91987  
0.0791578  0.922104  
0.0783129  0.922717  
0.0783129  0.922717  
0.0749128  0.928455  
0.0729833  0.929635  
0.0712265  0.932884  
0.0712265  0.933488  
0.0681462  0.933952  
0.0669859  0.934872  
0.0668387  0.937323  
0.0637883  0.939216  
0.0618485  0.941191  
0.0620758  0.941988  
0.0587572  0.944603  
0.0569181  0.946318  
0.0547339  0.947854  
0.0531  0.950262  
0.0531  0.950262  
0.0510091  0.952005  
0.0482804  0.954671  
0.047165  0.956749  
0.0462053  0.958457  
0.0434055  0.960556  
0.0434055  0.960556  
0.0401795  0.964486  
0.0391309  0.966406  
0.0378288  0.967074  
0.0328255  0.968898  
0.0328255  0.968898  
0.0328255  0.968898  
0.0313586  0.970226  
0.0289299  0.97358  
0.0262589  0.975387  
0.0262589  0.975387  
0.0245103  0.978084  
0.0237939  0.97954  
0.0223121  0.980077  
0.0204899  0.981538  
0.0192073  0.984606  
0.0170659  0.9907  
0.0148027  0.999331  
0.013903  1.01556  
0.0124854  1.0235  
0.0112207  1.04469  
0.00885709  1.07384  
0.00805792  1.07865  
0.000982461  1.13704  
0.00362407  1.13603  
0.00276069  1.1361  
0.000982461  1.13704  
