27.4453  0.0241317  57.9247  
27.4492  0.0241448  57.9329  
27.4544  0.0241504  57.9443  
27.4453  0.0241317  57.9247  
27.4556  0.0241487  57.9464  
27.4544  0.0241504  57.9443  
27.4492  0.0241448  57.9329  
27.4544  0.0241504  57.9443  
27.4526  0.0241474  57.9402  
27.4553  0.0241507  57.9461  
27.4466  0.0241464  57.9275  
27.45  0.0241454  57.9351  
27.4603  0.0241586  57.9566  
27.4569  0.0241526  57.9493  
27.4544  0.0241504  57.9443  
27.4544  0.0241504  57.9443  
27.4492  0.0241448  57.9329  
27.4505  0.024145  57.9358  
27.45  0.0241454  57.9351  
27.4553  0.0241507  57.9461  
27.4492  0.0241448  57.9329  
27.4603  0.0241586  57.9566  
27.4544  0.0241504  57.9443  
27.4569  0.0241525  57.9495  
27.4569  0.0241525  57.9495  
27.4453  0.0241317  57.9247  
27.4569  0.0241525  57.9495  
27.4505  0.024145  57.9358  
27.4453  0.0241317  57.9247  
27.4569  0.0241525  57.9495  
27.4399  0.0241383  57.9134  
27.4569  0.0241525  57.9495  
27.4399  0.0241383  57.9134  
27.4399  0.0241383  57.9134  
27.4603  0.0241586  57.9566  
27.4553  0.0241455  57.9455  
27.45  0.0241454  57.9351  
27.4399  0.0241383  57.9134  
27.4399  0.0241383  57.9134  
27.45  0.0241454  57.9351  
27.4505  0.024145  57.9358  
27.4497  0.0241443  57.9343  
27.4399  0.0241383  57.9134  
27.4453  0.0241317  57.9247  
27.4553  0.0241507  57.9461  
27.4453  0.0241317  57.9247  
27.4497  0.0241456  57.934  
27.4497  0.0241456  57.934  
27.4399  0.0241383  57.9134  
27.4551  0.0241504  57.9455  
27.4544  0.0241504  57.9443  
27.4553  0.0241455  57.9455  
27.4553  0.0241507  57.9461  
27.4542  0.0241481  57.9434  
27.4492  0.0241448  57.9329  
27.4512  0.024146  57.9373  
27.4556  0.0241487  57.9464  
27.4551  0.0241504  57.9455  
27.4497  0.0241443  57.9343  
27.4569  0.0241525  57.9495  
27.4544  0.0241509  57.9443  
27.4471  0.0241424  57.9287  
27.4453  0.0241317  57.9247  
27.4511  0.0241421  57.9368  
27.448  0.0241433  57.9307  
27.4553  0.0241455  57.9455  
27.4386  0.0241376  57.9108  
27.4512  0.024146  57.9373  
27.4551  0.0241504  57.9455  
27.455  0.0241512  57.9454  
27.4399  0.0241383  57.9134  
27.4453  0.0241317  57.9247  
27.4497  0.0241456  57.934  
27.4497  0.0241456  57.934  
27.4544  0.0241509  57.9443  
27.4505  0.024145  57.9358  
27.4542  0.0241481  57.9434  
27.45  0.0241267  57.9345  
27.45  0.0241454  57.9351  
27.4451  0.0241443  57.9244  
27.4512  0.024146  57.9373  
27.4553  0.0241492  57.9456  
27.4471  0.0241424  57.9287  
27.4471  0.0241424  57.9287  
27.448  0.0241433  57.9307  
27.4569  0.0241525  57.9495  
27.45  0.0241267  57.9345  
27.4556  0.0241487  57.9464  
27.4546  0.0241459  57.9447  
27.4504  0.0241467  57.9354  
27.4453  0.0241317  57.9247  
27.4512  0.024146  57.9373  
27.4471  0.0241424  57.9287  
27.4585  0.0241524  57.9526  
27.4512  0.024146  57.9373  
27.4453  0.0241317  57.9247  
27.4512  0.024146  57.9373  
27.4546  0.0241459  57.9447  
27.4492  0.0241448  57.9329  
27.4553  0.0241455  57.9455  
27.4551  0.0241504  57.9455  
27.4524  0.0241463  57.9395  
27.4569  0.0241525  57.9495  
27.4492  0.0241448  57.9329  
27.455  0.0241433  57.9455  
27.455  0.0241512  57.9454  
27.45  0.0241454  57.9351  
27.45  0.0241454  57.9351  
27.455  0.0241512  57.9454  
27.4544  0.0241509  57.9443  
27.4551  0.0241504  57.9455  
27.448  0.0241433  57.9307  
27.455  0.0241512  57.9454  
27.4471  0.0241424  57.9287  
27.4497  0.0241456  57.934  
27.4492  0.0241448  57.9329  
27.4553  0.0241455  57.9455  
27.4524  0.0241463  57.9395  
27.4524  0.0241463  57.9395  
27.448  0.0241433  57.9307  
27.4504  0.0241437  57.9356  
27.4553  0.0241492  57.9456  
27.4553  0.0241492  57.9456  
27.4553  0.0241507  57.9461  
27.4504  0.0241437  57.9356  
27.455  0.0241512  57.9454  
27.4497  0.0241456  57.934  
27.45  0.0241267  57.9345  
27.455  0.0241512  57.9454  
27.4511  0.0241439  57.9371  
27.4505  0.024145  57.9358  
27.4399  0.0241383  57.9134  
27.4521  0.0241506  57.9391  
27.4542  0.0241481  57.9434  
27.4504  0.0241467  57.9354  
27.4553  0.0241455  57.9455  
27.4512  0.024146  57.9373  
27.455  0.0241512  57.9454  
27.455  0.0241512  57.9454  
27.4512  0.024146  57.9373  
27.4512  0.024146  57.9373  
27.4386  0.0241376  57.9108  
27.4512  0.024146  57.9373  
27.4512  0.024146  57.9373  
27.4511  0.0241439  57.9371  
27.4546  0.0241459  57.9447  
27.4471  0.0241424  57.9287  
27.4487  0.0241303  57.9315  
27.4544  0.0241509  57.9443  
27.4497  0.0241443  57.9343  
27.4542  0.0241481  57.9434  
27.4559  0.0241458  57.9468  
27.45  0.0241267  57.9345  
27.45  0.0241454  57.9351  
27.45  0.0241454  57.9351  
27.45  0.0241454  57.9351  
27.4511  0.0241439  57.9371  
27.4475  0.0241451  57.9296  
27.4451  0.0241443  57.9244  
27.4512  0.024146  57.9373  
27.4504  0.0241437  57.9356  
27.4546  0.0241459  57.9447  
27.4546  0.0241459  57.9447  
27.4508  0.024146  57.9365  
27.4551  0.0241504  57.9455  
27.448  0.0241433  57.9307  
27.455  0.0241433  57.9455  
27.4576  0.0241577  57.951  
27.45  0.0241267  57.9345  
27.4553  0.0241455  57.9455  
27.455  0.0241433  57.9455  
27.4504  0.0241437  57.9356  
27.4512  0.024146  57.9373  
27.4512  0.024146  57.9373  
27.4512  0.024146  57.9373  
27.4553  0.0241492  57.9456  
27.4585  0.0241524  57.9526  
27.4551  0.0241504  57.9455  
27.4544  0.0241509  57.9443  
27.4512  0.024146  57.9373  
27.4553  0.0241492  57.9456  
27.4471  0.0241424  57.9287  
27.4508  0.024146  57.9365  
27.4553  0.0241455  57.9455  
27.4546  0.0241459  57.9447  
27.4546  0.0241461  57.9444  
27.455  0.0241433  57.9455  
27.4513  0.0241448  57.9372  
27.4524  0.0241463  57.9395  
27.4559  0.0241458  57.9468  
27.4495  0.0241514  57.9338  
27.4503  0.0241511  57.9352  
27.4477  0.0241468  57.9298  
27.4585  0.0241524  57.9526  
27.455  0.0241512  57.9454  
27.4497  0.0241456  57.934  
27.4477  0.0241468  57.9298  
27.4512  0.024146  57.9373  
27.4504  0.0241437  57.9356  
27.4542  0.0241481  57.9434  
27.4553  0.0241492  57.9456  
27.4471  0.0241424  57.9287  
27.4478  0.0241387  57.9298  
27.4496  0.0241416  57.934  
27.45  0.0241267  57.9345  
27.4476  0.0241433  57.9295  
27.4542  0.0241481  57.9434  
27.4569  0.0241526  57.9493  
27.4487  0.0241303  57.9315  
27.4487  0.0241303  57.9315  
27.4458  0.0241441  57.926  
27.4585  0.0241524  57.9526  
27.4511  0.0241421  57.9368  
27.4512  0.024146  57.9373  
27.4512  0.024146  57.9373  
27.4512  0.024146  57.9373  
27.4475  0.0241451  57.9296  
27.4512  0.024146  57.9373  
27.4504  0.0241437  57.9356  
27.4512  0.024146  57.9373  
27.4553  0.0241492  57.9456  
27.4546  0.0241459  57.9447  
27.4496  0.0241416  57.934  
27.4511  0.0241439  57.9371  
27.4476  0.0241433  57.9295  
27.4546  0.0241461  57.9444  
27.4524  0.0241463  57.9395  
27.4524  0.0241463  57.9395  
27.448  0.0241433  57.9307  
27.4515  0.0241445  57.9381  
27.4515  0.0241445  57.9381  
27.4512  0.024146  57.9373  
27.4513  0.0241448  57.9372  
27.4456  0.0241464  57.9255  
27.4512  0.024146  57.9373  
27.4512  0.024146  57.9373  
27.446  0.0241456  57.9265  
27.4585  0.0241524  57.9526  
27.4512  0.024146  57.9373  
27.4585  0.0241524  57.9526  
27.4508  0.024146  57.9365  
27.4511  0.0241439  57.9371  
27.4512  0.024146  57.9373  
27.4461  0.0241396  57.9269  
27.4511  0.0241439  57.9371  
27.4546  0.0241459  57.9447  
27.4569  0.0241526  57.9493  
27.4476  0.0241433  57.9295  
27.4512  0.0241482  57.9374  
27.4502  0.0241485  57.9352  
27.4515  0.0241445  57.9381  
27.455  0.0241433  57.9455  
27.4512  0.0241482  57.9374  
27.4495  0.0241514  57.9338  
27.4456  0.0241464  57.9255  
27.4462  0.0241474  57.927  
27.4504  0.0241437  57.9356  
27.4512  0.024146  57.9373  
27.4512  0.024146  57.9373  
27.4578  0.0241508  57.9513  
27.4511  0.0241439  57.9371  
27.4496  0.0241416  57.934  
27.4547  0.0241504  57.9447  
27.4496  0.0241416  57.934  
27.4508  0.024146  57.9365  
27.4432  0.0241431  57.9203  
27.4512  0.024146  57.9373  
27.4505  0.024145  57.9358  
27.4508  0.024146  57.9365  
27.4512  0.0241482  57.9374  
27.4504  0.0241467  57.9354  
27.4524  0.0241463  57.9395  
27.4524  0.0241463  57.9395  
27.4514  0.0241462  57.938  
27.4531  0.024144  57.9408  
27.4515  0.0241445  57.9381  
27.4578  0.0241508  57.9513  
27.4456  0.0241464  57.9255  
27.4409  0.0241441  57.9156  
27.4504  0.0241437  57.9356  
27.4495  0.0241514  57.9338  
27.4445  0.0241418  57.9231  
27.4456  0.0241464  57.9255  
27.4477  0.0241468  57.9298  
27.4512  0.024146  57.9373  
27.4512  0.024146  57.9373  
27.4432  0.0241421  57.9202  
27.4476  0.0241433  57.9295  
27.4526  0.0241474  57.9402  
27.4444  0.024143  57.9229  
27.4511  0.0241439  57.9371  
27.4515  0.0241445  57.9381  
27.4511  0.0241421  57.9368  
27.4496  0.0241416  57.934  
27.4504  0.0241467  57.9354  
27.4512  0.0241482  57.9374  
27.4487  0.0241303  57.9315  
27.4512  0.0241482  57.9374  
27.455  0.0241433  57.9455  
27.4557  0.0241286  57.946  
27.4409  0.0241441  57.9156  
27.4445  0.0241418  57.9231  
27.4481  0.024145  57.9306  
27.4504  0.0241437  57.9356  
27.4464  0.0241462  57.927  
27.4481  0.024145  57.9306  
27.4547  0.0241504  57.9447  
27.4547  0.0241504  57.9447  
27.4496  0.0241416  57.934  
27.4504  0.0241437  57.9356  
27.4511  0.0241439  57.9371  
27.4547  0.0241504  57.9447  
27.4476  0.0241433  57.9295  
27.4511  0.0241439  57.9371  
27.4546  0.0241461  57.9444  
27.4546  0.0241461  57.9444  
27.4444  0.024143  57.9229  
27.4508  0.024146  57.9365  
27.455  0.0241433  57.9455  
27.4483  0.0241489  57.9315  
27.4513  0.0241448  57.9372  
27.4526  0.0241474  57.9402  
27.455  0.0241433  57.9455  
27.4475  0.0241448  57.9292  
27.4382  0.0241421  57.9099  
27.4578  0.0241508  57.9513  
27.4506  0.0241518  57.936  
27.4456  0.0241464  57.9255  
27.438  0.0241376  57.9094  
27.4445  0.0241418  57.9231  
27.4547  0.0241504  57.9447  
27.4481  0.024145  57.9306  
27.4506  0.0241518  57.936  
27.4481  0.024145  57.9306  
27.4578  0.0241508  57.9513  
27.4512  0.024146  57.9373  
27.4444  0.024143  57.9229  
27.4502  0.0241458  57.9354  
27.4496  0.0241416  57.934  
27.4432  0.0241431  57.9203  
27.4496  0.0241416  57.934  
27.4546  0.0241461  57.9444  
27.4487  0.0241303  57.9315  
27.4432  0.0241421  57.9202  
27.4546  0.0241461  57.9444  
27.4546  0.0241461  57.9444  
27.4487  0.0241303  57.9315  
27.4491  0.0241492  57.9328  
27.4483  0.0241489  57.9315  
27.4483  0.0241489  57.9315  
27.4527  0.024153  57.9407  
27.4513  0.0241448  57.9372  
27.4478  0.0241387  57.9298  
27.4458  0.0241441  57.926  
27.4456  0.0241464  57.9255  
27.4456  0.0241464  57.9255  
27.4512  0.024146  57.9373  
27.4445  0.0241418  57.9231  
27.4512  0.024146  57.9373  
27.4484  0.0241496  57.9314  
27.4456  0.0241464  57.9255  
27.4486  0.0241297  57.9321  
27.4511  0.0241421  57.9368  
27.4597  0.024153  57.955  
27.4547  0.0241504  57.9447  
27.4496  0.0241416  57.934  
27.4476  0.0241433  57.9295  
27.4444  0.024143  57.9229  
27.4494  0.0241459  57.9334  
27.4494  0.0241459  57.9334  
27.4515  0.0241445  57.9381  
27.455  0.0241433  57.9455  
27.4515  0.0241445  57.9381  
27.4386  0.0241376  57.9108  
27.4487  0.0241303  57.9315  
27.4497  0.0241443  57.9343  
27.4494  0.0241438  57.9331  
27.4514  0.0241469  57.9381  
27.4423  0.0241457  57.9183  
27.4481  0.024145  57.9306  
27.4556  0.0241487  57.9464  
27.4456  0.0241464  57.9255  
27.4475  0.0241448  57.9292  
27.4464  0.0241462  57.927  
27.4435  0.0241437  57.9209  
27.4481  0.024145  57.9306  
27.4451  0.0241456  57.9243  
27.4486  0.0241297  57.9321  
27.4481  0.024145  57.9306  
27.4547  0.0241504  57.9447  
27.4547  0.0241504  57.9447  
27.4476  0.0241433  57.9295  
27.4508  0.0241507  57.9365  
27.4546  0.0241461  57.9444  
27.4476  0.0241433  57.9295  
27.4486  0.0241435  57.9317  
27.4521  0.0241506  57.9391  
27.4486  0.0241435  57.9317  
27.4512  0.0241482  57.9374  
27.4444  0.024143  57.9229  
27.4414  0.024145  57.9166  
27.4487  0.0241303  57.9315  
27.455  0.0241433  57.9455  
27.4575  0.0241443  57.95  
27.4515  0.0241445  57.9381  
27.4554  0.0241193  57.9453  
27.4481  0.024145  57.9306  
27.4597  0.024153  57.955  
27.4578  0.0241508  57.9513  
27.4464  0.0241462  57.927  
27.4385  0.0241383  57.9105  
27.4481  0.024145  57.9306  
27.4481  0.024145  57.9306  
27.4481  0.024145  57.9306  
27.4458  0.0241441  57.926  
27.4486  0.0241297  57.9321  
27.4578  0.0241508  57.9513  
27.4578  0.0241508  57.9513  
27.4508  0.024146  57.9365  
27.451  0.0241482  57.937  
27.4508  0.024146  57.9365  
27.4486  0.0241297  57.9321  
27.4477  0.0241438  57.9298  
27.4508  0.024146  57.9365  
27.4487  0.0241476  57.9319  
27.4412  0.0241421  57.9161  
27.4505  0.024145  57.9358  
27.4512  0.0241482  57.9374  
27.4444  0.024143  57.9229  
27.4414  0.024145  57.9166  
27.4512  0.0241482  57.9374  
27.4575  0.0241443  57.95  
27.4546  0.0241443  57.9444  
27.4511  0.0241421  57.9368  
27.4557  0.0241286  57.946  
27.4463  0.0241468  57.927  
27.4374  0.0241354  57.9083  
27.4489  0.024144  57.9325  
27.4489  0.024144  57.9325  
27.4477  0.0241468  57.9298  
27.4556  0.0241487  57.9464  
27.4484  0.0241496  57.9314  
27.4478  0.0241387  57.9298  
27.4463  0.0241468  57.927  
27.444  0.024144  57.9219  
27.4477  0.0241438  57.9298  
27.4486  0.0241297  57.9321  
27.446  0.0241456  57.9265  
27.4435  0.0241423  57.921  
27.4435  0.0241423  57.921  
27.4502  0.0241458  57.9354  
27.4478  0.0241387  57.9298  
27.4496  0.0241416  57.934  
27.4441  0.0241404  57.9223  
27.4513  0.0241448  57.9372  
27.4546  0.0241461  57.9444  
27.4492  0.0241472  57.9328  
27.4523  0.0241457  57.9396  
27.4546  0.0241443  57.9444  
27.4492  0.0241472  57.9328  
27.4494  0.0241438  57.9331  
27.4523  0.0241533  57.9398  
27.4515  0.0241374  57.9381  
27.4515  0.0241374  57.9381  
27.4557  0.0241286  57.946  
27.4588  0.0241486  57.9533  
27.4522  0.0241447  57.9395  
27.4363  0.0241292  57.9058  
27.4511  0.0241421  57.9368  
27.4374  0.0241354  57.9083  
27.4556  0.0241487  57.9464  
27.4464  0.0241466  57.9275  
27.4556  0.0241487  57.9464  
27.4386  0.0241376  57.9108  
27.4481  0.024145  57.9306  
27.4475  0.0241448  57.9292  
27.4481  0.024145  57.9306  
27.4445  0.0241418  57.9231  
27.4478  0.0241431  57.9298  
27.4494  0.0241459  57.9334  
27.4444  0.024143  57.9229  
27.4478  0.0241387  57.9298  
27.451  0.0241482  57.937  
27.4478  0.0241387  57.9298  
27.4441  0.0241404  57.9223  
27.4444  0.024143  57.9229  
27.4441  0.0241404  57.9223  
27.45  0.0241267  57.9345  
27.4546  0.0241443  57.9444  
27.4514  0.0241469  57.9381  
27.4523  0.0241533  57.9398  
27.4557  0.0241286  57.946  
27.4419  0.0241411  57.9175  
27.4565  0.0241424  57.9485  
27.4526  0.0241474  57.9402  
27.4515  0.0241374  57.9381  
27.4414  0.024145  57.9166  
27.4588  0.0241486  57.9533  
27.4413  0.0241436  57.9164  
27.4463  0.0241468  57.927  
27.4456  0.0241449  57.9257  
27.4482  0.0241474  57.9312  
27.4481  0.024145  57.9306  
27.438  0.0241376  57.9094  
27.4578  0.0241508  57.9513  
27.4445  0.0241418  57.9231  
27.4513  0.0241448  57.9372  
27.4477  0.0241438  57.9298  
27.4464  0.0241462  57.927  
27.4486  0.0241297  57.9321  
27.4435  0.0241423  57.921  
27.45  0.0241267  57.9345  
27.4486  0.0241435  57.9317  
27.4523  0.0241457  57.9396  
27.451  0.0241482  57.937  
27.4477  0.0241438  57.9298  
27.4497  0.0241443  57.9343  
27.4486  0.0241435  57.9317  
27.4498  0.0241482  57.9346  
27.4546  0.0241443  57.9444  
27.4498  0.0241482  57.9346  
27.4575  0.0241443  57.95  
27.4498  0.0241482  57.9346  
27.4575  0.0241443  57.95  
27.4557  0.0241286  57.946  
27.4419  0.0241411  57.9175  
27.4387  0.0241224  57.9107  
27.4557  0.0241286  57.946  
27.4497  0.0241491  57.9341  
27.4385  0.0241383  57.9105  
27.4522  0.0241447  57.9395  
27.4385  0.0241383  57.9105  
27.4456  0.0241449  57.9257  
27.4588  0.0241486  57.9533  
27.4556  0.0241487  57.9464  
27.4409  0.0241394  57.9157  
27.4478  0.0241431  57.9298  
27.4456  0.0241464  57.9255  
27.4478  0.0241431  57.9298  
27.4409  0.0241394  57.9157  
27.4481  0.024145  57.9306  
27.451  0.0241482  57.937  
27.4487  0.0241468  57.9322  
27.4444  0.024143  57.9229  
27.4494  0.0241459  57.9334  
27.4486  0.0241435  57.9317  
27.4441  0.0241404  57.9223  
27.4441  0.0241404  57.9223  
27.4498  0.0241482  57.9346  
27.4477  0.0241438  57.9298  
27.4435  0.0241423  57.921  
27.4494  0.0241438  57.9331  
27.4483  0.0241338  57.9312  
27.4546  0.0241443  57.9444  
27.4509  0.0241236  57.9365  
27.4565  0.0241424  57.9485  
27.4515  0.0241374  57.9381  
27.4515  0.0241492  57.9378  
27.4509  0.0241236  57.9365  
27.4515  0.0241374  57.9381  
27.4525  0.0241395  57.9401  
27.4491  0.0241424  57.9328  
27.4489  0.024144  57.9325  
27.4386  0.0241376  57.9108  
27.4489  0.024144  57.9325  
27.4372  0.0241348  57.9078  
27.438  0.0241376  57.9094  
27.4481  0.024145  57.9306  
27.4409  0.0241394  57.9157  
27.4478  0.0241431  57.9298  
27.4386  0.0241376  57.9108  
27.4464  0.0241462  57.927  
27.4556  0.0241487  57.9464  
27.4486  0.0241297  57.9321  
27.4478  0.0241431  57.9298  
27.4457  0.0241434  57.9253  
27.4521  0.0241477  57.9392  
27.4505  0.0241459  57.9358  
27.4409  0.0241441  57.9156  
27.4486  0.0241297  57.9321  
27.4435  0.0241423  57.921  
27.451  0.0241293  57.9365  
27.4444  0.024143  57.9229  
27.4498  0.0241482  57.9346  
27.4556  0.0241487  57.9464  
27.4557  0.0241286  57.946  
27.4419  0.0241411  57.9175  
27.4419  0.0241411  57.9175  
27.4498  0.0241482  57.9346  
27.4565  0.0241424  57.9485  
27.4515  0.0241374  57.9381  
27.4547  0.0241159  57.9441  
27.4565  0.0241424  57.9485  
27.4509  0.0241236  57.9365  
27.4547  0.0241159  57.9441  
27.4522  0.0241447  57.9395  
27.4491  0.0241424  57.9328  
27.4588  0.0241486  57.9533  
27.4497  0.0241491  57.9341  
27.4372  0.0241348  57.9078  
27.4489  0.024144  57.9325  
27.4363  0.0241292  57.9058  
27.4569  0.0241526  57.9493  
27.4372  0.0241348  57.9078  
27.4551  0.0241521  57.9455  
27.4481  0.024145  57.9306  
27.4478  0.0241431  57.9298  
27.45  0.0241267  57.9345  
27.4435  0.0241423  57.921  
27.4451  0.0241456  57.9243  
27.4521  0.0241477  57.9392  
27.4464  0.0241462  57.927  
27.4441  0.0241404  57.9223  
27.4435  0.0241423  57.921  
27.4435  0.0241423  57.921  
27.4435  0.0241423  57.921  
27.451  0.0241293  57.9365  
27.4498  0.0241482  57.9346  
27.4526  0.0241474  57.9402  
27.4505  0.0241459  57.9358  
27.4494  0.0241438  57.9331  
27.4419  0.0241411  57.9175  
27.4509  0.0241236  57.9365  
27.4554  0.0241193  57.9453  
27.4387  0.0241224  57.9107  
27.4534  0.0241429  57.9415  
27.4535  0.0241327  57.9419  
27.4509  0.0241236  57.9365  
27.4494  0.0241319  57.9334  
27.4387  0.0241224  57.9107  
27.442  0.0241433  57.9179  
27.4374  0.0241354  57.9083  
27.4374  0.0241354  57.9083  
27.4491  0.0241424  57.9328  
27.4491  0.0241424  57.9328  
27.4363  0.0241292  57.9058  
27.4556  0.0241487  57.9464  
27.4556  0.0241487  57.9464  
27.45  0.0241267  57.9345  
27.4551  0.0241521  57.9455  
27.4482  0.0241474  57.9312  
27.4464  0.0241462  57.927  
27.4478  0.0241431  57.9298  
27.4486  0.0241457  57.9317  
27.451  0.0241482  57.937  
27.4486  0.0241297  57.9321  
27.4467  0.0241472  57.9277  
27.4386  0.0241376  57.9108  
27.4521  0.0241477  57.9392  
27.4486  0.0241297  57.9321  
27.4521  0.0241477  57.9392  
27.4457  0.0241434  57.9253  
27.4498  0.0241482  57.9346  
27.4435  0.0241423  57.921  
27.451  0.0241293  57.9365  
27.4436  0.0241414  57.9211  
27.4494  0.0241438  57.9331  
27.4565  0.0241424  57.9485  
27.4531  0.0241454  57.9415  
27.4565  0.0241424  57.9485  
27.4509  0.0241236  57.9365  
27.4509  0.0241236  57.9365  
27.4535  0.0241327  57.9419  
27.4554  0.0241193  57.9453  
27.4494  0.0241319  57.9334  
27.4554  0.0241193  57.9453  
27.4511  0.0241421  57.9368  
27.4526  0.0241474  57.9402  
27.4413  0.0241436  57.9164  
27.4482  0.0241474  57.9312  
27.4597  0.024153  57.955  
27.4588  0.0241486  57.9533  
27.4588  0.0241486  57.9533  
27.4489  0.024144  57.9325  
27.4556  0.0241487  57.9464  
27.4481  0.024145  57.9306  
27.4481  0.024145  57.9306  
27.4466  0.0241471  57.9275  
27.4556  0.0241487  57.9464  
27.4369  0.0241355  57.9072  
27.4526  0.0241474  57.9402  
27.4486  0.0241457  57.9317  
27.4441  0.0241404  57.9223  
27.4487  0.0241476  57.9319  
27.4526  0.0241474  57.9402  
27.4521  0.0241477  57.9392  
27.4486  0.0241435  57.9317  
27.4505  0.0241459  57.9358  
27.4486  0.0241435  57.9317  
27.4526  0.0241474  57.9402  
27.4523  0.0241457  57.9396  
27.451  0.0241293  57.9365  
27.4523  0.0241457  57.9396  
27.4494  0.0241438  57.9331  
27.4483  0.0241338  57.9312  
27.4552  0.0241412  57.9458  
27.4483  0.0241338  57.9312  
27.4515  0.0241374  57.9381  
27.4546  0.0241443  57.9444  
27.4538  0.0241442  57.9423  
27.4525  0.0241395  57.9401  
27.4494  0.0241319  57.9334  
27.4547  0.0241159  57.9441  
27.4588  0.0241486  57.9533  
27.4588  0.0241486  57.9533  
27.4363  0.0241292  57.9058  
27.4497  0.0241491  57.9341  
27.4508  0.0241427  57.9361  
27.4489  0.024144  57.9325  
27.4491  0.0241424  57.9328  
27.449  0.0241444  57.9329  
27.4385  0.0241383  57.9105  
27.4526  0.0241514  57.9404  
27.4447  0.0241466  57.9235  
27.4372  0.0241348  57.9078  
27.4556  0.0241487  57.9464  
27.4486  0.0241457  57.9317  
27.451  0.0241482  57.937  
27.4422  0.02414  57.9183  
27.4486  0.0241457  57.9317  
27.4422  0.02414  57.9183  
27.4486  0.0241457  57.9317  
27.4435  0.0241423  57.921  
27.4435  0.0241423  57.921  
27.4441  0.0241404  57.9223  
27.4486  0.0241435  57.9317  
27.4513  0.0241234  57.9373  
27.4513  0.0241234  57.9373  
27.4421  0.0241434  57.9181  
27.4526  0.0241514  57.9404  
27.4435  0.0241423  57.921  
27.451  0.0241293  57.9365  
27.4531  0.0241454  57.9415  
27.4547  0.0241159  57.9441  
27.4535  0.0241327  57.9419  
27.4552  0.0241412  57.9458  
27.4526  0.0241178  57.9398  
27.4547  0.0241159  57.9441  
27.4509  0.0241236  57.9365  
27.4533  0.0241345  57.9413  
27.4515  0.0241374  57.9381  
27.4588  0.0241486  57.9533  
27.4363  0.0241292  57.9058  
27.4522  0.0241447  57.9395  
27.449  0.0241444  57.9329  
27.4497  0.0241491  57.9341  
27.4482  0.0241474  57.9312  
27.4482  0.0241474  57.9312  
27.4372  0.0241348  57.9078  
27.4511  0.0241421  57.9368  
27.4372  0.0241348  57.9078  
27.4497  0.0241443  57.9343  
27.4551  0.0241521  57.9455  
27.4397  0.0241414  57.9131  
27.4438  0.0241439  57.9214  
27.4369  0.0241355  57.9072  
27.4422  0.02414  57.9183  
27.4461  0.0241461  57.9268  
27.451  0.0241482  57.937  
27.451  0.0241482  57.937  
27.4505  0.0241459  57.9358  
27.4422  0.02414  57.9183  
27.4513  0.0241448  57.9372  
27.4521  0.0241477  57.9392  
27.451  0.0241293  57.9365  
27.4505  0.0241459  57.9358  
27.4505  0.0241459  57.9358  
27.4436  0.0241414  57.9211  
27.4515  0.0241272  57.9375  
27.4526  0.0241385  57.9397  
27.4515  0.0241272  57.9375  
27.4565  0.0241424  57.9485  
27.4478  0.0241387  57.9298  
27.4546  0.0241443  57.9444  
27.4526  0.0241178  57.9398  
27.4547  0.0241159  57.9441  
27.4515  0.0241272  57.9375  
27.4387  0.0241224  57.9107  
27.4494  0.0241319  57.9334  
27.4515  0.0241374  57.9381  
27.4413  0.0241436  57.9164  
27.4489  0.024144  57.9325  
27.4511  0.0241421  57.9368  
27.4402  0.0241453  57.9143  
27.4491  0.0241424  57.9328  
27.4491  0.0241424  57.9328  
27.4556  0.0241487  57.9464  
27.4551  0.0241521  57.9455  
27.4372  0.0241348  57.9078  
27.4452  0.0241442  57.9245  
27.4482  0.0241474  57.9312  
27.4372  0.0241348  57.9078  
27.4372  0.0241348  57.9078  
27.4482  0.0241474  57.9312  
27.4467  0.0241472  57.9277  
27.4487  0.0241468  57.9322  
27.4409  0.0241394  57.9157  
27.4475  0.0241448  57.9292  
27.4422  0.02414  57.9183  
27.4486  0.0241457  57.9317  
27.4513  0.0241234  57.9373  
27.4516  0.0241462  57.9378  
27.4488  0.0241468  57.932  
27.4435  0.0241423  57.921  
27.4516  0.0241462  57.9378  
27.451  0.0241293  57.9365  
27.4531  0.0241454  57.9415  
27.451  0.0241293  57.9365  
27.4488  0.024148  57.9321  
27.4526  0.0241178  57.9398  
27.4509  0.0241346  57.9366  
27.4515  0.0241272  57.9375  
27.4531  0.0241454  57.9415  
27.4387  0.0241224  57.9107  
27.4387  0.0241224  57.9107  
27.4525  0.0241395  57.9401  
27.4526  0.0241178  57.9398  
27.4387  0.0241224  57.9107  
27.4525  0.0241395  57.9401  
27.4537  0.024149  57.9422  
27.4522  0.0241447  57.9395  
27.4413  0.0241436  57.9164  
27.4511  0.0241421  57.9368  
27.4491  0.0241424  57.9328  
27.4588  0.0241486  57.9533  
27.4511  0.0241421  57.9368  
27.4363  0.0241292  57.9058  
27.442  0.0241433  57.9179  
27.4491  0.0241424  57.9328  
27.4423  0.0241417  57.9188  
27.4423  0.0241417  57.9188  
27.4482  0.0241474  57.9312  
27.4597  0.024153  57.955  
27.4422  0.02414  57.9183  
27.4487  0.0241468  57.9322  
27.449  0.0241444  57.9329  
27.4521  0.0241477  57.9392  
27.4461  0.0241461  57.9268  
27.4461  0.0241461  57.9268  
27.4505  0.0241459  57.9358  
27.4597  0.024153  57.955  
27.4513  0.0241448  57.9372  
27.4521  0.0241477  57.9392  
27.4488  0.0241468  57.932  
27.4533  0.0241475  57.9422  
27.4521  0.0241506  57.9391  
27.4516  0.0241462  57.9378  
27.4531  0.0241454  57.9415  
27.4443  0.0241421  57.9226  
27.4552  0.0241412  57.9458  
27.4526  0.0241385  57.9397  
27.4552  0.0241412  57.9458  
27.4547  0.0241159  57.9441  
27.4487  0.0241476  57.9319  
27.4526  0.0241178  57.9398  
27.4552  0.0241412  57.9458  
27.4487  0.0241476  57.9319  
27.4515  0.0241374  57.9381  
27.4494  0.0241319  57.9334  
27.4465  0.0241445  57.9272  
27.4509  0.0241346  57.9366  
27.4363  0.0241292  57.9058  
27.4522  0.0241447  57.9395  
27.4522  0.0241447  57.9395  
27.4452  0.0241442  57.9245  
27.4413  0.0241436  57.9164  
27.4363  0.0241292  57.9058  
27.4497  0.0241443  57.9343  
27.4363  0.0241292  57.9058  
27.4497  0.0241491  57.9341  
27.449  0.0241444  57.9329  
27.4511  0.0241421  57.9368  
27.449  0.0241444  57.9329  
27.4482  0.0241474  57.9312  
27.4482  0.0241474  57.9312  
27.4551  0.0241521  57.9455  
27.4409  0.0241441  57.9156  
27.4425  0.0241406  57.9187  
27.4521  0.0241477  57.9392  
27.4467  0.0241472  57.9277  
27.4409  0.0241441  57.9156  
27.4425  0.0241406  57.9187  
27.4486  0.0241457  57.9317  
27.4477  0.0241468  57.9298  
27.4521  0.0241477  57.9392  
27.4435  0.0241423  57.921  
27.4505  0.0241459  57.9358  
27.4516  0.0241462  57.9378  
27.4526  0.0241385  57.9397  
27.4531  0.0241454  57.9415  
27.4465  0.0241445  57.9272  
27.4526  0.0241385  57.9397  
27.4526  0.0241385  57.9397  
27.4533  0.0241345  57.9413  
27.4436  0.0241414  57.9211  
27.4552  0.0241412  57.9458  
27.4526  0.0241178  57.9398  
27.4515  0.0241272  57.9375  
27.4494  0.0241319  57.9334  
27.4487  0.0241476  57.9319  
27.4534  0.0241429  57.9415  
27.4526  0.0241178  57.9398  
27.4526  0.0241178  57.9398  
27.4407  0.0241441  57.915  
27.4491  0.0241424  57.9328  
27.4511  0.0241421  57.9368  
27.4452  0.0241442  57.9245  
27.442  0.0241433  57.9179  
27.4363  0.0241292  57.9058  
27.4556  0.0241487  57.9464  
27.449  0.0241444  57.9329  
27.4522  0.0241447  57.9395  
27.4497  0.0241443  57.9343  
27.4452  0.0241442  57.9245  
27.4421  0.0241449  57.9183  
27.4369  0.0241355  57.9072  
27.4369  0.0241355  57.9072  
27.449  0.0241444  57.9329  
27.4422  0.02414  57.9183  
27.4551  0.0241521  57.9455  
27.4471  0.0241485  57.9288  
27.4409  0.0241441  57.9156  
27.4597  0.024153  57.955  
27.4467  0.0241472  57.9277  
27.4422  0.02414  57.9183  
27.4486  0.0241457  57.9317  
27.4513  0.0241234  57.9373  
27.4422  0.02414  57.9183  
27.4513  0.0241234  57.9373  
27.4505  0.0241459  57.9358  
27.4516  0.0241462  57.9378  
27.4488  0.0241468  57.932  
27.4483  0.0241338  57.9312  
27.4531  0.0241454  57.9415  
27.451  0.0241293  57.9365  
27.4494  0.0241319  57.9334  
27.4547  0.0241159  57.9441  
27.4419  0.0241411  57.9175  
27.4509  0.0241236  57.9365  
27.4533  0.0241345  57.9413  
27.4494  0.0241319  57.9334  
27.4509  0.0241346  57.9366  
27.4533  0.0241345  57.9413  
27.4534  0.0241429  57.9415  
27.4418  0.0241452  57.9173  
27.4544  0.0241384  57.9434  
27.4407  0.0241441  57.915  
27.442  0.0241433  57.9179  
27.4475  0.0241448  57.9292  
27.4522  0.0241447  57.9395  
27.4511  0.0241421  57.9368  
27.4511  0.0241421  57.9368  
27.4522  0.0241447  57.9395  
27.449  0.0241444  57.9329  
27.449  0.0241444  57.9329  
27.4452  0.0241442  57.9245  
27.4511  0.0241421  57.9368  
27.4551  0.0241521  57.9455  
27.4508  0.0241427  57.9361  
27.4386  0.0241376  57.9108  
27.446  0.0241466  57.926  
27.4526  0.0241514  57.9404  
27.4453  0.0241481  57.925  
27.4551  0.0241521  57.9455  
27.4486  0.0241457  57.9317  
27.4486  0.0241457  57.9317  
27.4513  0.0241234  57.9373  
27.4461  0.0241461  57.9268  
27.4478  0.0241387  57.9298  
27.4526  0.0241474  57.9402  
27.4421  0.024147  57.918  
27.4481  0.0241466  57.931  
27.4513  0.0241234  57.9373  
27.4515  0.0241272  57.9375  
27.4531  0.0241454  57.9415  
27.4513  0.0241234  57.9373  
27.4515  0.0241272  57.9375  
27.4531  0.0241454  57.9415  
27.4535  0.0241327  57.9419  
27.4552  0.0241412  57.9458  
27.4387  0.0241224  57.9107  
27.4509  0.0241236  57.9365  
27.4525  0.0241395  57.9401  
27.4515  0.0241492  57.9378  
27.4535  0.0241327  57.9419  
27.4535  0.0241327  57.9419  
27.4534  0.0241429  57.9415  
27.4534  0.0241429  57.9415  
27.4547  0.0241159  57.9441  
27.4525  0.0241395  57.9401  
27.4407  0.0241441  57.915  
27.442  0.0241433  57.9179  
27.4508  0.0241427  57.9361  
27.445  0.0241451  57.9243  
27.4508  0.0241427  57.9361  
27.4452  0.0241442  57.9245  
27.4423  0.0241417  57.9188  
27.4511  0.0241421  57.9368  
27.4487  0.0241388  57.9315  
27.445  0.0241451  57.9243  
27.4551  0.0241521  57.9455  
27.4475  0.0241448  57.9292  
27.4478  0.0241387  57.9298  
27.445  0.0241451  57.9243  
27.449  0.0241444  57.9329  
27.445  0.0241451  57.9243  
27.4551  0.0241521  57.9455  
27.4452  0.0241442  57.9245  
27.4511  0.0241421  57.9368  
27.4461  0.0241461  57.9268  
27.4513  0.0241448  57.9372  
27.4533  0.0241475  57.9422  
27.4513  0.0241234  57.9373  
27.4473  0.0241471  57.9289  
27.4475  0.0241448  57.9292  
27.4533  0.0241475  57.9422  
27.4513  0.0241234  57.9373  
27.4515  0.0241272  57.9375  
27.4515  0.0241272  57.9375  
27.4516  0.0241462  57.9378  
27.4386  0.0241376  57.9108  
27.4526  0.0241178  57.9398  
27.4488  0.024148  57.9321  
27.4515  0.0241272  57.9375  
27.4509  0.0241346  57.9366  
27.4535  0.0241327  57.9419  
27.4525  0.0241395  57.9401  
27.4465  0.0241445  57.9272  
27.4544  0.0241384  57.9434  
27.4387  0.0241224  57.9107  
27.4534  0.0241429  57.9415  
27.4418  0.0241452  57.9173  
27.4547  0.0241159  57.9441  
27.4526  0.0241178  57.9398  
27.4533  0.0241475  57.9422  
