1.02029  0.00757739  
1.02029  0.00757739  
0.994371  0.0090313  
0.986445  0.0100417  
0.978442  0.0121907  
0.974597  0.0136659  
0.972327  0.0147737  
0.969186  0.0171523  
0.964823  0.0187635  
0.962992  0.0202389  
0.960969  0.021447  
0.957101  0.0228417  
0.95255  0.0248329  
0.950077  0.026202  
0.946347  0.0283436  
0.942835  0.0299313  
0.942416  0.0303506  
0.937303  0.0322616  
0.933658  0.034347  
0.931327  0.0359351  
0.929572  0.0377325  
0.92425  0.0390497  
0.921788  0.040624  
0.919076  0.0422151  
0.91759  0.0430113  
0.914009  0.045149  
0.910576  0.0460611  
0.906578  0.0484797  
0.904478  0.0495652  
0.90099  0.0515983  
0.897558  0.0527554  
0.895443  0.0542475  
0.892217  0.0559381  
0.889105  0.0575304  
0.886357  0.0590074  
0.884947  0.0602636  
0.882108  0.0616688  
0.877904  0.0634322  
0.875217  0.0650092  
0.872373  0.0662512  
0.8696  0.0678651  
0.867209  0.0691825  
0.864093  0.0707586  
0.861846  0.0724339  
0.859176  0.073489  
0.857545  0.0747362  
0.854001  0.0767628  
0.851083  0.0779117  
0.847631  0.0796911  
0.845159  0.0810833  
0.842869  0.0824074  
0.840116  0.0838369  
0.838298  0.0848132  
0.836792  0.0862132  
0.832087  0.0881865  
0.831063  0.0896158  
0.828788  0.0909078  
0.824357  0.0923167  
0.823363  0.0932798  
0.820905  0.0953992  
0.817981  0.0965041  
0.815869  0.0977528  
0.813147  0.0989257  
0.810706  0.100878  
0.80778  0.102119  
0.804555  0.103448  
0.802525  0.105116  
0.800314  0.106307  
0.797822  0.107539  
0.795372  0.108971  
0.792954  0.110531  
0.789749  0.111986  
0.787619  0.11332  
0.785669  0.114463  
0.78218  0.116109  
0.779761  0.117545  
0.778816  0.118617  
0.775142  0.120082  
0.77333  0.121213  
0.770694  0.12245  
0.768218  0.124053  
0.766277  0.125324  
0.764095  0.126493  
0.761523  0.128129  
0.759065  0.12923  
0.756705  0.130707  
0.754216  0.132081  
0.75306  0.133646  
0.750312  0.134728  
0.747538  0.136159  
0.744882  0.137562  
0.742726  0.138867  
0.74126  0.139761  
0.738259  0.14141  
0.736285  0.142836  
0.733137  0.144005  
0.730693  0.14546  
0.729254  0.146493  
0.726862  0.147907  
0.725278  0.149374  
0.722548  0.150078  
0.720519  0.15156  
0.718731  0.153136  
0.715556  0.154436  
0.71448  0.15554  
0.711757  0.1569  
0.70995  0.157848  
0.708176  0.159597  
0.705955  0.161025  
0.703538  0.161804  
0.70134  0.163064  
0.69895  0.164609  
0.696032  0.165959  
0.694824  0.166646  
0.69236  0.168489  
0.690626  0.169624  
0.688521  0.171021  
0.686296  0.172292  
0.684485  0.172919  
0.682034  0.174718  
0.680121  0.176095  
0.678014  0.177215  
0.675438  0.17858  
0.673925  0.179647  
0.671556  0.180828  
0.669281  0.182308  
0.66791  0.18328  
0.665103  0.184812  
0.6634  0.18597  
0.661225  0.187143  
0.659539  0.18833  
0.657844  0.189937  
0.655306  0.19078  
0.653523  0.192203  
0.651293  0.193299  
0.649852  0.194452  
0.646916  0.195925  
0.645063  0.197189  
0.643591  0.197995  
0.641657  0.199638  
0.639734  0.200896  
0.637659  0.20152  
0.635705  0.203163  
0.633973  0.204369  
0.632376  0.205768  
0.629892  0.206462  
0.628158  0.208139  
0.626399  0.208884  
0.624165  0.210637  
0.622102  0.211778  
0.620721  0.212979  
0.61859  0.214246  
0.616907  0.21508  
0.615095  0.216423  
0.612993  0.217782  
0.610944  0.218939  
0.609087  0.220056  
0.607075  0.221363  
0.605326  0.222427  
0.60327  0.223567  
0.601435  0.224944  
0.599577  0.225924  
0.597527  0.227255  
0.596025  0.228511  
0.59398  0.229526  
0.592024  0.230792  
0.590318  0.231981  
0.588457  0.233141  
0.586634  0.234383  
0.585003  0.23561  
0.582929  0.236654  
0.581052  0.237907  
0.579385  0.239025  
0.577517  0.240248  
0.575741  0.241419  
0.573856  0.242664  
0.571872  0.243876  
0.570324  0.244959  
0.568361  0.246168  
0.56682  0.247214  
0.56511  0.248454  
0.563171  0.249612  
0.562549  0.250015  
0.562549  0.250015  
0.562549  0.250017  
0.562549  0.249987  
0.562549  0.249987  
0.562549  0.250016  
0.562549  0.249987  
0.562549  0.250022  
0.562549  0.250024  
0.562549  0.250024  
0.562549  0.250007  
0.562549  0.250017  
0.562549  0.250038  
0.562549  0.250007  
0.562549  0.250029  
0.562549  0.250017  
0.562549  0.250017  
0.562549  0.250024  
0.562549  0.250015  
0.562549  0.250017  
0.562549  0.250017  
0.562549  0.250017  
0.562549  0.250017  
0.562549  0.25002  
0.562549  0.25003  
0.562549  0.250022  
0.562549  0.250038  
0.562549  0.25002  
0.562549  0.250017  
0.562549  0.250022  
0.562549  0.250022  
0.562549  0.25002  
0.562549  0.250017  
0.562549  0.250029  
0.562549  0.250015  
0.562549  0.250036  
0.562549  0.250016  
0.562549  0.250017  
0.562549  0.25003  
0.562549  0.250029  
0.562549  0.25002  
0.562549  0.250022  
0.562549  0.250015  
0.562549  0.250032  
0.562549  0.25003  
0.562549  0.250024  
0.562549  0.250022  
0.562549  0.250023  
0.562549  0.25002  
0.562549  0.250023  
0.562549  0.250038  
0.562549  0.25003  
0.562549  0.250032  
0.562549  0.250017  
0.562549  0.250041  
0.562549  0.250024  
0.562549  0.250036  
0.562549  0.25003  
0.562549  0.250015  
0.562549  0.250032  
0.562549  0.25003  
0.562549  0.250017  
0.562549  0.250029  
0.562549  0.250036  
0.562549  0.250038  
0.562549  0.250029  
0.562549  0.250023  
0.562549  0.250017  
0.562549  0.250023  
0.562549  0.250017  
0.562549  0.250024  
0.562549  0.250017  
0.562549  0.250023  
0.562549  0.25003  
0.562549  0.250023  
0.562549  0.250041  
0.562549  0.250036  
0.562549  0.250032  
0.562549  0.250019  
0.562549  0.250022  
0.562549  0.250017  
0.562549  0.250024  
0.562549  0.250016  
0.562549  0.250017  
0.562549  0.250017  
0.562549  0.250024  
0.562549  0.250024  
0.562549  0.250017  
0.562549  0.250041  
0.562549  0.250017  
0.562549  0.250041  
0.562549  0.250017  
0.562549  0.250022  
0.562549  0.250038  
0.562549  0.250016  
0.562549  0.250041  
0.562549  0.250017  
0.562549  0.250041  
0.562549  0.250017  
0.249974  0.500045  
0.249968  0.500045  
0.249971  0.500045  
0.249971  0.500045  
0.249971  0.500045  
0.249973  0.500045  
0.250039  0.500045  
0.24997  0.500045  
0.249971  0.500045  
0.249971  0.500045  
0.249984  0.500045  
0.249971  0.500045  
0.249971  0.500045  
0.249968  0.500045  
0.250039  0.500045  
0.249968  0.500045  
0.249968  0.500045  
0.249971  0.500045  
0.249974  0.500045  
0.24997  0.500045  
0.249984  0.500045  
0.249971  0.500045  
0.249977  0.500045  
0.249971  0.500045  
0.249971  0.500045  
0.250039  0.500045  
0.249968  0.500045  
0.249984  0.500045  
0.249971  0.500045  
0.249977  0.500045  
0.250039  0.500045  
0.249968  0.500045  
0.250039  0.500045  
0.249971  0.500045  
0.249971  0.500045  
0.249974  0.500045  
0.249984  0.500045  
0.249977  0.500045  
0.249974  0.500045  
0.249977  0.500045  
0.249971  0.500045  
0.249973  0.500045  
0.249993  0.500045  
0.250039  0.500045  
0.249971  0.500045  
0.249971  0.500045  
0.249974  0.500045  
0.249971  0.500045  
0.249974  0.500045  
0.249971  0.500045  
0.249973  0.500045  
0.249984  0.500045  
0.24997  0.500045  
0.24997  0.500045  
0.249973  0.500045  
0.249984  0.500045  
0.249971  0.500045  
0.249973  0.500045  
0.24997  0.500045  
0.249979  0.500045  
0.249973  0.500045  
0.24997  0.500045  
0.249977  0.500045  
0.249977  0.500045  
0.249993  0.500045  
0.250006  0.500045  
0.249993  0.500045  
0.249972  0.500045  
0.250006  0.500045  
0.250006  0.500045  
0.250006  0.500045  
0.250006  0.500045  
0.249993  0.500045  
0.249972  0.500045  
0.249972  0.500045  
0.250006  0.500045  
0.249972  0.500045  
0.24997  0.500045  
0.249993  0.500045  
0.24997  0.500045  
0.24997  0.500045  
0.24997  0.500045  
0.24997  0.500045  
0.24997  0.500045  
0.24997  0.500045  
0.24997  0.500045  
0.24997  0.500045  
0.250015  0.500045  
0.249993  0.500045  
0.250015  0.500045  
0.250015  0.500045  
0.249974  0.500045  
0.250034  0.500045  
0.250034  0.500045  
0.250015  0.500045  
0.250034  0.500045  
0.249974  0.500045  
0.250034  0.500045  
0.250034  0.500045  
0.249999  0.500045  
0.249999  0.500045  
0.249974  0.500045  
0.250015  0.500045  
0.250002  0.500045  
0.250015  0.500045  
0.250034  0.500045  
0.250002  0.500045  
0.249999  0.500045  
0.249974  0.500045  
0.249999  0.500045  
0.249974  0.500045  
0.250002  0.500045  
0.250002  0.500045  
0.249999  0.500045  
0.249974  0.500045  
0.249999  0.500045  
0.250002  0.500045  
0.249765  0.500323  
0.248525  0.501515  
0.247299  0.502729  
0.246058  0.504041  
0.244794  0.50533  
0.243582  0.50656  
0.242239  0.507872  
0.241122  0.509033  
0.239849  0.510379  
0.238663  0.511583  
0.237442  0.512914  
0.236172  0.514129  
0.234824  0.515508  
0.233755  0.516745  
0.232532  0.517886  
0.2313  0.519191  
0.230053  0.520517  
0.22882  0.521773  
0.227573  0.523037  
0.226365  0.524411  
0.225168  0.525691  
0.223868  0.526911  
0.222631  0.528354  
0.221546  0.529581  
0.220195  0.530843  
0.218955  0.532248  
0.217797  0.533407  
0.216639  0.534645  
0.215432  0.535997  
0.214143  0.537327  
0.212925  0.538814  
0.211694  0.540043  
0.210561  0.541325  
0.209324  0.54284  
0.208053  0.544015  
0.206941  0.545448  
0.205698  0.546798  
0.204419  0.547988  
0.20325  0.549298  
0.20202  0.550648  
0.200798  0.552075  
0.199605  0.553479  
0.198361  0.554711  
0.19716  0.556046  
0.196057  0.557547  
0.194733  0.558921  
0.193505  0.56024  
0.192298  0.56178  
0.191066  0.562985  
0.189858  0.564519  
0.188786  0.565865  
0.187546  0.567071  
0.186451  0.568619  
0.185183  0.569966  
0.183955  0.571434  
0.18265  0.572709  
0.181466  0.574306  
0.180311  0.575703  
0.178979  0.577059  
0.177857  0.57854  
0.176667  0.579945  
0.175556  0.581555  
0.174384  0.58281  
0.173225  0.584322  
0.171983  0.585624  
0.170792  0.587127  
0.169409  0.588598  
0.168304  0.589939  
0.167201  0.591575  
0.166024  0.592982  
0.164777  0.594381  
0.163539  0.595799  
0.162409  0.597392  
0.161169  0.598817  
0.160007  0.600254  
0.158797  0.601922  
0.15751  0.603285  
0.156315  0.604815  
0.155158  0.606396  
0.153991  0.607787  
0.152816  0.609451  
0.151587  0.610938  
0.150323  0.612454  
0.149175  0.614038  
0.147937  0.615581  
0.146809  0.617172  
0.145742  0.618676  
0.144388  0.620259  
0.1433  0.62207  
0.141988  0.623332  
0.140919  0.625093  
0.139708  0.626546  
0.138454  0.62821  
0.137086  0.629797  
0.136126  0.631527  
0.134801  0.633105  
0.133699  0.634741  
0.132427  0.636439  
0.131271  0.638101  
0.130027  0.639935  
0.128776  0.641338  
0.127684  0.642917  
0.126543  0.644744  
0.125238  0.646385  
0.124048  0.648092  
0.122845  0.649636  
0.12165  0.651304  
0.120583  0.653021  
0.119184  0.655043  
0.118154  0.656751  
0.116935  0.658246  
0.115714  0.660146  
0.11444  0.661835  
0.113177  0.663642  
0.112116  0.665458  
0.110866  0.667209  
0.109587  0.669074  
0.108448  0.67081  
0.107306  0.672661  
0.105964  0.67463  
0.104859  0.676695  
0.103606  0.678328  
0.102489  0.680056  
0.101121  0.682179  
0.0998568  0.684279  
0.0988592  0.685992  
0.0975871  0.687829  
0.0963339  0.6899  
0.0952162  0.691919  
0.0939911  0.693758  
0.0927785  0.695519  
0.0915443  0.697854  
0.0902228  0.69986  
0.0890379  0.701934  
0.087828  0.703839  
0.0867329  0.705801  
0.0853509  0.708137  
0.0842701  0.710421  
0.0829594  0.712187  
0.081788  0.714277  
0.0804  0.716722  
0.0793503  0.718774  
0.0781512  0.72092  
0.0768877  0.723065  
0.0754043  0.725492  
0.0743491  0.727533  
0.0732132  0.729821  
0.0719432  0.732166  
0.0707099  0.734405  
0.0693832  0.736889  
0.0682691  0.739249  
0.0670204  0.741565  
0.0657343  0.743904  
0.064347  0.746582  
0.0630632  0.748922  
0.0625529  0.750134  
0.0625529  0.750134  
0.0625529  0.750134  
0.0625529  0.750134  
0.0625529  0.750134  
0.0625529  0.750134  
0.0625529  0.750134  
0.0625529  0.750134  
0.0625529  0.750134  
0.0625529  0.750134  
0.0625529  0.750134  
3.35057e-005  1.00519  
3.35057e-005  1.00519  
3.35057e-005  1.00519  
3.33138e-005  1.0052  
3.33138e-005  1.0052  
3.46491e-005  1.00519  
3.35057e-005  1.00519  
3.35057e-005  1.00519  
3.51497e-005  1.00519  
3.47514e-005  1.00519  
3.74047e-005  1.00519  
3.51497e-005  1.00519  
3.46491e-005  1.00519  
3.46491e-005  1.00519  
3.43996e-005  1.00519  
3.46491e-005  1.00519  
3.47514e-005  1.00519  
3.51497e-005  1.00519  
3.51497e-005  1.00519  
4.20919e-005  1.00519  
3.46491e-005  1.00519  
3.47514e-005  1.00519  
3.32974e-005  1.00524  
4.20919e-005  1.00519  
3.35057e-005  1.00519  
3.74047e-005  1.00519  
4.20919e-005  1.00519  
3.51497e-005  1.00519  
3.51497e-005  1.00519  
3.46491e-005  1.00519  
4.20919e-005  1.00519  
4.20919e-005  1.00519  
3.43996e-005  1.00519  
3.43996e-005  1.00519  
3.47514e-005  1.00519  
3.74047e-005  1.00519  
