0.999871  7.55399e-005  
0.990033  0.0049962  
0.987058  0.00649218  
0.987058  0.00649218  
0.987058  0.00649218  
0.987058  0.00649218  
0.987058  0.00649218  
0.987058  0.00649218  
0.987058  0.00649218  
0.987058  0.00649218  
0.987058  0.00649218  
0.987058  0.00649218  
0.987058  0.00649218  
0.987058  0.00649218  
0.987058  0.00649218  
0.850029  0.0780296  
0.850029  0.0780296  
0.848101  0.0790801  
0.839974  0.0834989  
0.832177  0.0877745  
0.824337  0.09207  
0.816847  0.0962045  
0.809023  0.100544  
0.801477  0.104747  
0.798644  0.106331  
0.798644  0.106331  
0.798644  0.106331  
0.798644  0.106331  
0.798644  0.106331  
0.798644  0.106331  
0.798644  0.106331  
0.798644  0.106331  
0.798644  0.106331  
0.798644  0.106331  
0.798644  0.106331  
0.798644  0.106331  
0.798644  0.106331  
0.798644  0.106331  
0.665869  0.183992  
0.665869  0.183992  
0.665869  0.183992  
0.665869  0.183992  
0.665869  0.183992  
0.665869  0.183992  
0.66032  0.187404  
0.654173  0.191191  
0.648185  0.194901  
0.64233  0.198545  
0.636381  0.202265  
0.630497  0.205962  
0.624684  0.209632  
0.618997  0.213236  
0.613366  0.216828  
0.612218  0.217556  
0.612218  0.217556  
0.612218  0.217556  
0.612218  0.217556  
0.612218  0.217556  
0.612218  0.217556  
0.612218  0.217556  
0.612218  0.217556  
0.612218  0.217556  
0.612218  0.217556  
0.612218  0.217556  
0.612218  0.217556  
0.612218  0.217556  
0.612218  0.217556  
0.483952  0.304333  
0.483952  0.304333  
0.483952  0.304333  
0.483952  0.304333  
0.483952  0.304333  
0.483952  0.304333  
0.483952  0.304333  
0.483952  0.304333  
0.483952  0.304333  
0.483952  0.304333  
0.483133  0.304922  
0.478428  0.308315  
0.473599  0.311823  
0.468902  0.315236  
0.464202  0.318677  
0.45956  0.322092  
0.454935  0.325512  
0.450347  0.328921  
0.445759  0.332349  
0.441161  0.335801  
0.436641  0.339212  
0.43215  0.342619  
0.42847  0.345424  
0.42847  0.345424  
0.42847  0.345424  
0.42847  0.345424  
0.42847  0.345424  
0.42847  0.345424  
0.42847  0.345424  
0.42847  0.345424  
0.42847  0.345424  
0.42847  0.345424  
0.42847  0.345424  
0.42847  0.345424  
0.42847  0.345424  
0.305534  0.447249  
0.305534  0.447249  
0.305534  0.447249  
0.305534  0.447249  
0.305534  0.447249  
0.305534  0.447249  
0.305534  0.447249  
0.305534  0.447249  
0.305534  0.447249  
0.305534  0.447249  
0.305534  0.447249  
0.305534  0.447249  
0.305534  0.447249  
0.305534  0.447249  
0.305534  0.447249  
0.305534  0.447249  
0.305534  0.447249  
0.302473  0.450025  
0.298562  0.453601  
0.294689  0.457148  
0.290785  0.460756  
0.286959  0.464314  
0.283057  0.467969  
0.279154  0.47165  
0.275345  0.475266  
0.271516  0.478928  
0.267701  0.482602  
0.263882  0.486306  
0.260079  0.49002  
0.256281  0.493758  
0.252512  0.497494  
0.249062  0.500939  
0.249062  0.500939  
0.249062  0.500939  
0.249062  0.500939  
0.249062  0.500939  
0.249062  0.500939  
0.249062  0.500939  
0.249062  0.500939  
0.249062  0.500939  
0.249062  0.500939  
0.134302  0.633527  
0.134302  0.633527  
0.134302  0.633527  
0.134302  0.633527  
0.134302  0.633527  
0.134302  0.633527  
0.134302  0.633527  
0.134302  0.633527  
0.134302  0.633527  
0.134302  0.633527  
0.134302  0.633527  
0.134302  0.633527  
0.134302  0.633527  
0.134302  0.633527  
0.134302  0.633527  
0.134302  0.633527  
0.134302  0.633527  
0.134302  0.633527  
0.134302  0.633527  
0.134302  0.633527  
0.134302  0.633527  
0.134302  0.633527  
0.131381  0.637535  
0.12775  0.642604  
0.124114  0.647703  
0.120458  0.652931  
0.116814  0.65822  
0.113177  0.663584  
0.109535  0.669041  
0.105895  0.674586  
0.102209  0.680299  
0.0985677  0.686047  
0.0948743  0.691984  
0.0912149  0.697991  
0.0875038  0.7042  
0.0838262  0.710473  
0.0800474  0.717075  
0.0791838  0.718606  
0.0791838  0.718606  
0.0791838  0.718606  
0.0791838  0.718606  
0.0791838  0.718606  
7.37131e-008  1.04462  
7.37362e-008  1.04462  
7.37316e-008  1.04462  
7.37316e-008  1.04462  
7.37216e-008  1.04462  
7.37432e-008  1.04462  
7.37273e-008  1.04462  
7.37131e-008  1.04462  
7.37366e-008  1.04462  
7.37181e-008  1.04462  
7.37273e-008  1.04462  
7.37216e-008  1.04462  
7.37394e-008  1.04462  
7.37181e-008  1.04462  
7.37238e-008  1.04462  
