1  1.11022e-015  
1  1.33227e-015  
1  9.99201e-016  
1  1.33227e-015  
1  9.99201e-016  
1  9.99201e-016  
1  1.33227e-015  
1  1.33227e-015  
1  1.33227e-015  
1  1.33227e-015  
1  1.33227e-015  
1  9.99201e-016  
1  1.11022e-015  
1  1.33227e-015  
1  1.11022e-015  
1  9.99201e-016  
1  9.99201e-016  
1  1.33227e-015  
1  1.11022e-015  
1  9.99201e-016  
1  1.33227e-015  
1  9.99201e-016  
1  9.99201e-016  
1  9.99201e-016  
1  9.99201e-016  
1  9.99201e-016  
1  1.11022e-015  
1  1.33227e-015  
1  1.11022e-015  
1  1.33227e-015  
0.951294  0.051226  
0.951291  0.0512983  
0.951298  0.0512475  
0.951291  0.0512983  
0.951294  0.051226  
0.951294  0.051226  
0.951294  0.051226  
0.9513  0.0512337  
0.951291  0.0513512  
0.951291  0.0512983  
0.951294  0.051226  
0.9513  0.0512337  
0.951291  0.0513512  
0.951291  0.0513512  
0.951294  0.051226  
0.951291  0.0512983  
0.951291  0.0512983  
0.951291  0.0512983  
0.951291  0.0513512  
0.951291  0.0513512  
0.9513  0.0512337  
0.951291  0.0512983  
0.951291  0.0512983  
0.951291  0.0512983  
0.951291  0.0512983  
0.951291  0.0512983  
0.951291  0.0513512  
0.951291  0.0512983  
0.90091  0.10086  
0.90091  0.10086  
0.90091  0.10086  
0.900905  0.100921  
0.900905  0.100921  
0.900905  0.100921  
0.900905  0.100944  
0.900905  0.100944  
0.900905  0.100944  
0.900905  0.100944  
0.900905  0.100944  
0.900905  0.100921  
0.900905  0.100944  
0.900905  0.100944  
0.900905  0.100944  
0.900905  0.100921  
0.900905  0.100903  
0.900905  0.100903  
0.900905  0.100903  
0.900905  0.100903  
0.900905  0.100903  
0.900905  0.100903  
0.900905  0.100944  
0.900905  0.100944  
0.900905  0.100944  
0.900905  0.100944  
0.900905  0.100944  
0.900905  0.100921  
0.850417  0.150408  
0.850417  0.150415  
0.850436  0.150422  
0.850424  0.150428  
0.850424  0.150428  
0.850417  0.150408  
0.850414  0.150422  
0.850417  0.150415  
0.850424  0.150428  
0.850417  0.150408  
0.850414  0.150422  
0.850414  0.150422  
0.850414  0.150422  
0.850414  0.150422  
0.850417  0.150408  
0.850417  0.150408  
0.850417  0.150415  
0.850417  0.150408  
0.850417  0.150408  
0.850417  0.150408  
0.850417  0.150415  
0.850417  0.150415  
0.850417  0.150408  
0.850417  0.150408  
0.850414  0.150422  
0.850417  0.150408  
0.850424  0.150428  
0.850417  0.150408  
0.850417  0.150415  
0.800166  0.200156  
0.800166  0.200156  
0.800166  0.200156  
0.800166  0.200156  
0.800166  0.200156  
0.80016  0.200169  
0.80016  0.200169  
0.80016  0.200169  
0.80016  0.200167  
0.80016  0.200167  
0.80016  0.200169  
0.80016  0.200167  
0.80016  0.200169  
0.80016  0.200169  
0.80016  0.200169  
0.80016  0.200169  
0.80016  0.200169  
0.80016  0.200167  
0.80016  0.200167  
0.80016  0.200169  
0.80016  0.200169  
0.80016  0.200169  
0.80016  0.200169  
0.80016  0.200169  
0.80016  0.200169  
0.80016  0.200169  
0.80016  0.200169  
0.80016  0.200167  
0.750275  0.250266  
0.750275  0.250266  
0.750279  0.250267  
0.750275  0.250266  
0.750275  0.250266  
0.750275  0.250266  
0.750275  0.250266  
0.750265  0.250276  
0.750265  0.250276  
0.750265  0.250274  
0.750265  0.250276  
0.750265  0.250276  
0.750265  0.250276  
0.750265  0.250276  
0.750265  0.250274  
0.750265  0.250276  
0.750265  0.250276  
0.750265  0.250276  
0.750265  0.250274  
0.750265  0.250274  
0.750265  0.250274  
0.750265  0.250274  
0.750265  0.250276  
0.750265  0.250276  
0.750265  0.250276  
0.750265  0.250276  
0.750265  0.250276  
0.750265  0.250276  
0.750265  0.250276  
0.700251  0.300237  
0.700251  0.300237  
0.700251  0.300237  
0.700251  0.300237  
0.70025  0.300237  
0.700251  0.300237  
0.70025  0.300237  
0.700251  0.300237  
0.700243  0.300257  
0.700245  0.300257  
0.700241  0.300257  
0.700241  0.300257  
0.700241  0.300257  
0.700241  0.300257  
0.700241  0.300257  
0.700241  0.300257  
0.700241  0.300257  
0.700241  0.300257  
0.700245  0.300257  
0.700241  0.300257  
0.700241  0.300257  
0.700241  0.300257  
0.700245  0.300258  
0.700245  0.300257  
0.700245  0.300257  
0.700243  0.300257  
0.700241  0.300257  
0.700245  0.300258  
0.650485  0.350456  
0.650485  0.350456  
0.650485  0.350456  
0.650485  0.350456  
0.650485  0.350456  
0.650485  0.350456  
0.650485  0.350456  
0.650485  0.350456  
0.650485  0.350456  
0.650485  0.350456  
0.650455  0.350483  
0.650455  0.350483  
0.650455  0.350483  
0.650455  0.350483  
0.650455  0.350483  
0.650455  0.350483  
0.650455  0.350483  
0.650455  0.350483  
0.650455  0.350483  
0.650455  0.350483  
0.650455  0.350483  
0.650455  0.350483  
0.650455  0.350483  
0.650455  0.350483  
0.650455  0.350483  
0.650455  0.350483  
0.650455  0.350483  
0.650455  0.350483  
0.650455  0.350483  
0.60021  0.400199  
0.60021  0.400199  
0.60021  0.400199  
0.60021  0.400199  
0.60021  0.400199  
0.60021  0.400199  
0.60021  0.400199  
0.60021  0.400199  
0.60021  0.400199  
0.60021  0.400199  
0.60021  0.400199  
0.600209  0.400212  
0.600209  0.400222  
0.600209  0.400222  
0.600209  0.400222  
0.600209  0.400212  
0.600209  0.400212  
0.600209  0.400222  
0.600209  0.400222  
0.600209  0.400212  
0.600209  0.400212  
0.600209  0.400212  
0.600209  0.400222  
0.600209  0.400222  
0.600209  0.400222  
0.600209  0.400222  
0.600209  0.400222  
0.600209  0.400222  
0.550226  0.450217  
0.550226  0.450217  
0.550227  0.450217  
0.550211  0.450217  
0.550235  0.45023  
0.550215  0.450223  
0.550226  0.450217  
0.550235  0.45023  
0.550211  0.450217  
0.550215  0.450223  
0.550215  0.450223  
0.550226  0.450223  
0.550215  0.450223  
0.550215  0.450223  
0.550211  0.450217  
0.550213  0.450223  
0.550213  0.450223  
0.550211  0.450217  
0.550212  0.450223  
0.550212  0.450223  
0.550213  0.450223  
0.550211  0.450217  
0.550212  0.450223  
0.550213  0.450223  
0.550213  0.450223  
0.550211  0.450217  
0.550215  0.450223  
0.550229  0.450231  
0.550229  0.450231  
0.500281  0.500275  
0.500289  0.500279  
0.500289  0.500279  
0.500289  0.500279  
0.500281  0.500275  
0.500281  0.500275  
0.500281  0.500275  
0.500281  0.500275  
0.500289  0.500279  
0.500289  0.500279  
0.500289  0.500279  
0.500289  0.500279  
0.500281  0.500275  
0.500289  0.500279  
0.500276  0.500292  
0.500276  0.500292  
0.500276  0.500285  
0.500276  0.500285  
0.500276  0.500285  
0.500276  0.500292  
0.500276  0.500284  
0.500276  0.500292  
0.500276  0.500292  
0.500276  0.500284  
0.500276  0.500285  
0.500276  0.500285  
0.500276  0.500285  
0.500276  0.500292  
0.450407  0.550396  
0.450407  0.550396  
0.450407  0.550396  
0.450405  0.550397  
0.450415  0.550397  
0.450415  0.550397  
0.450407  0.550396  
0.450407  0.550396  
0.450405  0.550397  
0.450405  0.550397  
0.450407  0.550396  
0.450405  0.550397  
0.450405  0.550397  
0.450407  0.550396  
0.450407  0.550396  
0.450407  0.550396  
0.450389  0.550413  
0.450389  0.550413  
0.450399  0.550414  
0.450389  0.550413  
0.450392  0.550407  
0.450389  0.550413  
0.450389  0.550413  
0.450389  0.550413  
0.450399  0.550414  
0.450389  0.550413  
0.450389  0.550413  
0.450399  0.550414  
0.450389  0.550413  
0.400464  0.600439  
0.400434  0.60043  
0.400434  0.60043  
0.400464  0.600439  
0.400464  0.600439  
0.400434  0.60043  
0.400434  0.60043  
0.400434  0.60043  
0.400434  0.60043  
0.400464  0.600439  
0.400464  0.600439  
0.400464  0.600439  
0.400434  0.60043  
0.400434  0.60043  
0.400434  0.60043  
0.400464  0.600439  
0.400434  0.60043  
0.400434  0.60046  
0.400431  0.600444  
0.400431  0.600444  
0.400434  0.60046  
0.400431  0.600444  
0.400431  0.600444  
0.400431  0.600444  
0.400431  0.600444  
0.400431  0.600444  
0.400434  0.60046  
0.400434  0.60046  
0.350573  0.650539  
0.350573  0.65054  
0.350573  0.650539  
0.350573  0.650539  
0.350573  0.650539  
0.350573  0.650539  
0.350573  0.65054  
0.350573  0.650539  
0.350573  0.650539  
0.350573  0.65054  
0.350573  0.650539  
0.350573  0.650539  
0.350573  0.650539  
0.350573  0.65054  
0.350573  0.650539  
0.350573  0.65054  
0.350573  0.65054  
0.350573  0.65054  
0.350573  0.650539  
0.350537  0.650572  
0.350537  0.650572  
0.350537  0.650572  
0.350537  0.650572  
0.350537  0.650572  
0.350537  0.650572  
0.350537  0.650572  
0.350537  0.650572  
0.350537  0.650572  
0.350537  0.650572  
0.300292  0.700276  
0.300292  0.700276  
0.300292  0.700276  
0.300292  0.700276  
0.300292  0.700276  
0.300292  0.700276  
0.300292  0.700276  
0.300292  0.700276  
0.300292  0.700276  
0.300292  0.700276  
0.300292  0.700276  
0.300292  0.700276  
0.300292  0.700276  
0.300292  0.700276  
0.300292  0.700276  
0.300292  0.700276  
0.300292  0.700276  
0.300292  0.700276  
0.300292  0.700276  
0.300292  0.700276  
0.300288  0.70028  
0.300288  0.70028  
0.300288  0.70028  
0.300288  0.70028  
0.300288  0.70028  
0.300288  0.70028  
0.300288  0.70028  
0.300288  0.70028  
0.250036  0.750035  
0.250036  0.750035  
0.250036  0.750035  
0.250036  0.750035  
0.250036  0.750035  
0.250036  0.750035  
0.250036  0.750035  
0.250036  0.750035  
0.250036  0.750035  
0.250036  0.750035  
0.250036  0.750035  
0.250036  0.750035  
0.250036  0.750035  
0.250036  0.750035  
0.250036  0.750035  
0.250036  0.750035  
0.250036  0.750035  
0.250036  0.750035  
0.250036  0.750035  
0.250036  0.750035  
0.250036  0.750035  
0.250036  0.750035  
0.250033  0.750035  
0.250033  0.750035  
0.250033  0.750035  
0.250033  0.750035  
0.250033  0.750035  
0.250033  0.750035  
0.250033  0.750035  
0.20022  0.800212  
0.20022  0.800212  
0.200219  0.800212  
0.200218  0.800212  
0.200218  0.800212  
0.20022  0.800212  
0.200218  0.800212  
0.200218  0.800212  
0.20022  0.800212  
0.200218  0.800212  
0.20022  0.800212  
0.200218  0.800212  
0.200218  0.800212  
0.200219  0.800212  
0.200219  0.800212  
0.200218  0.800212  
0.200219  0.800212  
0.200218  0.800212  
0.200218  0.800212  
0.20022  0.800212  
0.200218  0.800212  
0.200218  0.800212  
0.200219  0.800212  
0.200209  0.80022  
0.200209  0.80022  
0.200209  0.80022  
0.200209  0.80022  
0.200209  0.80022  
0.150352  0.850332  
0.150352  0.850332  
0.150352  0.850332  
0.150352  0.850332  
0.150353  0.850333  
0.150352  0.850332  
0.150352  0.850332  
0.150353  0.850333  
0.150352  0.850332  
0.150352  0.850332  
0.150352  0.850332  
0.150352  0.850332  
0.150352  0.850332  
0.150352  0.850332  
0.150352  0.850332  
0.150352  0.850332  
0.150352  0.850332  
0.150352  0.850332  
0.150352  0.850332  
0.150353  0.850333  
0.150353  0.850333  
0.150352  0.850332  
0.150352  0.850332  
0.150353  0.850333  
0.150353  0.850333  
0.150347  0.850365  
0.150347  0.850365  
0.150347  0.850365  
0.150347  0.850365  
0.100609  0.900599  
0.100609  0.900608  
0.100609  0.900599  
0.100598  0.900603  
0.100609  0.900599  
0.100609  0.900599  
0.100609  0.900599  
0.100609  0.900599  
0.100609  0.900608  
0.100598  0.900603  
0.100609  0.900599  
0.100609  0.900608  
0.100609  0.900599  
0.100609  0.900608  
0.100609  0.900608  
0.100598  0.900603  
0.100609  0.900608  
0.100626  0.900607  
0.100598  0.900603  
0.100626  0.900607  
0.100609  0.900599  
0.100609  0.900599  
0.100598  0.900603  
0.100609  0.900599  
0.100609  0.900599  
0.100576  0.900614  
0.100576  0.900614  
0.100576  0.900614  
0.0502515  0.950236  
0.0502515  0.950236  
0.0502515  0.950236  
0.0502515  0.950236  
0.0502515  0.950236  
0.0502515  0.950236  
0.0502515  0.950236  
0.0502515  0.950236  
0.0502515  0.950236  
0.0502515  0.950236  
0.0502515  0.950236  
0.0502515  0.950236  
0.0502515  0.950236  
0.0502515  0.950236  
0.0502515  0.950236  
0.0502515  0.950236  
0.0502515  0.950236  
0.0502515  0.950236  
0.0502515  0.950236  
0.0502515  0.950236  
0.0502515  0.950236  
0.0502515  0.950236  
0.0502515  0.950236  
0.0502515  0.950236  
0.0502515  0.950236  
0.0502515  0.950236  
0.0502515  0.950236  
0.0502513  0.950237  
0.0502513  0.950237  
2.85726e-017  1  
5.32079e-017  1  
4.00187e-017  1  
7.41758e-018  1  
5.32079e-017  1  
2.85726e-017  1  
4.00187e-017  1  
4.00187e-017  1  
5.32079e-017  1  
1.42064e-017  1  
1.42064e-017  1  
2.85726e-017  1  
5.32079e-017  1  
4.00187e-017  1  
4.00187e-017  1  
1.42064e-017  1  
1.42064e-017  1  
1.42064e-017  1  
2.85726e-017  1  
2.85726e-017  1  
1.42064e-017  1  
4.00187e-017  1  
2.85726e-017  1  
4.00187e-017  1  
4.00187e-017  1  
4.00187e-017  1  
5.32079e-017  1  
4.00187e-017  1  
5.32079e-017  1  
