1.07698  0.128025  
1.07698  0.128025  
1.08409  0.127337  
1.01255  0.127565  
1.08409  0.127337  
1.08409  0.127337  
1.01255  0.127565  
1.07698  0.128025  
1.01879  0.127565  
1.09819  0.127086  
1.01879  0.127565  
1.09819  0.127086  
1.01879  0.127565  
1.09819  0.127086  
1.08409  0.127337  
1.01879  0.127565  
1.08409  0.127337  
1.09819  0.127086  
1.09819  0.127086  
1.09819  0.127086  
1.01879  0.127565  
1.01879  0.127565  
1.08409  0.127337  
1.06202  0.128089  
1.02612  0.129016  
1.04096  0.130783  
1.01456  0.131014  
1.01456  0.131014  
1.01381  0.128364  
1.00613  0.136637  
1.00146  0.138393  
1.00127  0.140068  
1.00127  0.140068  
0.994401  0.143743  
0.994401  0.143743  
0.994401  0.143743  
0.986302  0.148985  
0.980598  0.150131  
0.983831  0.150581  
0.983831  0.150581  
0.980775  0.154966  
0.980295  0.157462  
0.980295  0.157462  
0.980295  0.157462  
0.965885  0.161915  
0.965885  0.161915  
0.964597  0.164703  
0.964597  0.164703  
0.957628  0.169204  
0.957628  0.169204  
0.957628  0.169204  
0.952901  0.174161  
0.952901  0.174161  
0.949115  0.177684  
0.949115  0.177685  
0.949115  0.177685  
0.945504  0.181694  
0.945504  0.181694  
0.944939  0.184998  
0.944939  0.187682  
0.944939  0.187682  
0.9434  0.191559  
0.941816  0.194367  
0.941816  0.194367  
0.9434  0.191559  
0.943063  0.191054  
0.941816  0.194367  
0.942447  0.201543  
0.943211  0.202822  
0.941816  0.194367  
0.942447  0.201543  
0.942447  0.201543  
0.94319  0.20903  
0.941816  0.194367  
0.941816  0.194367  
0.941081  0.219881  
0.941081  0.219881  
0.941081  0.219881  
0.941081  0.219881  
0.940872  0.227158  
0.940872  0.227158  
0.940818  0.231329  
0.940818  0.231329  
0.941081  0.219881  
0.941081  0.219881  
0.940818  0.231329  
0.940818  0.231329  
0.940629  0.244616  
0.940818  0.231329  
0.940818  0.231329  
0.940629  0.244616  
0.940239  0.25327  
0.940239  0.25327  
0.93929  0.253533  
0.93929  0.253533  
0.93929  0.253533  
0.93929  0.253533  
0.93929  0.253533  
0.939227  0.267534  
0.939024  0.270553  
0.939024  0.270553  
0.932209  0.275632  
0.85165  0.276719  
0.867743  0.269163  
0.854885  0.277049  
0.85165  0.276719  
0.867743  0.269163  
0.854885  0.277049  
0.854885  0.277049  
0.854885  0.277049  
0.85165  0.276719  
0.848676  0.278204  
0.848676  0.278204  
0.847853  0.281415  
0.847853  0.281415  
0.844059  0.28636  
0.844059  0.28636  
0.841364  0.29005  
0.841364  0.29005  
0.840253  0.293381  
0.836619  0.293896  
0.834171  0.29545  
0.834109  0.292417  
0.830986  0.300569  
0.828865  0.299692  
0.827795  0.302887  
0.825692  0.304037  
0.822287  0.307265  
0.819131  0.308326  
0.819131  0.308326  
0.822287  0.307265  
0.816266  0.314378  
0.816266  0.314378  
0.814326  0.316683  
0.814326  0.316683  
0.814326  0.316683  
0.80947  0.323732  
0.80947  0.323732  
0.806695  0.326868  
0.806695  0.326868  
0.806695  0.326868  
0.806661  0.332282  
0.802191  0.331713  
0.802191  0.331713  
0.796405  0.337431  
0.79383  0.338366  
0.79383  0.338366  
0.78754  0.343071  
0.78754  0.343071  
0.78355  0.344632  
0.783485  0.345182  
0.783485  0.345182  
0.783485  0.345182  
0.778841  0.351904  
0.778841  0.351904  
0.776431  0.356997  
0.773706  0.35775  
0.773706  0.358084  
0.770393  0.361613  
0.769217  0.363167  
0.763185  0.364932  
0.763185  0.364932  
0.763185  0.364932  
0.761957  0.368517  
0.75695  0.371628  
0.75695  0.371628  
0.753701  0.37279  
0.752967  0.37775  
0.750882  0.377842  
0.750882  0.377842  
0.750882  0.377842  
0.748159  0.384509  
0.741006  0.38609  
0.741006  0.38609  
0.740148  0.387975  
0.740148  0.387975  
0.74003  0.393217  
0.73705  0.393975  
0.74003  0.393217  
0.74003  0.393217  
0.73705  0.393975  
0.73705  0.393975  
0.737141  0.401396  
0.73705  0.393975  
0.73705  0.393975  
0.73705  0.393975  
0.731984  0.414986  
0.731984  0.414986  
0.731984  0.414986  
0.731984  0.414986  
0.73139  0.42509  
0.65155  0.425965  
0.65155  0.425975  
0.65155  0.425965  
0.65155  0.425964  
0.65155  0.425965  
0.65155  0.425965  
0.65155  0.425967  
0.65155  0.425965  
0.65155  0.425967  
0.65155  0.425964  
0.65155  0.425967  
0.65155  0.425964  
0.65155  0.425965  
0.65155  0.425975  
0.65155  0.425975  
0.65155  0.425964  
0.65155  0.425964  
0.65155  0.428967  
0.65155  0.428967  
0.643772  0.435654  
0.635994  0.435649  
0.639258  0.436325  
0.635994  0.435654  
0.632557  0.436761  
0.63237  0.440179  
0.63237  0.440179  
0.623917  0.442065  
0.623917  0.442065  
0.623917  0.442124  
0.619645  0.444966  
0.61948  0.446431  
0.619244  0.448115  
0.608247  0.45089  
0.609775  0.448115  
0.608247  0.45089  
0.603984  0.451777  
0.603422  0.453616  
0.603279  0.453875  
0.603279  0.453875  
0.600471  0.458995  
0.601366  0.463392  
0.597688  0.462941  
0.59776  0.465928  
0.597688  0.462941  
0.596472  0.469949  
0.596472  0.469949  
0.596472  0.469949  
0.596472  0.469949  
0.596472  0.469949  
0.596472  0.469949  
0.597742  0.464654  
0.59774  0.466596  
0.597688  0.462941  
0.597742  0.464654  
0.526216  0.49661  
0.526216  0.49661  
0.523704  0.49661  
0.516777  0.49661  
0.516777  0.49661  
0.513499  0.49661  
0.510035  0.49661  
0.507415  0.496611  
0.56185  0.497115  
0.542868  0.498519  
0.544192  0.498519  
0.544192  0.498519  
0.544192  0.498519  
0.544192  0.498519  
0.513975  0.498732  
0.513975  0.498732  
0.507053  0.499296  
0.507053  0.499296  
0.513975  0.498732  
0.513975  0.498732  
0.513975  0.498732  
0.513975  0.498732  
0.507053  0.499296  
0.507053  0.499296  
0.507053  0.499296  
0.503436  0.499684  
0.503436  0.499684  
0.503392  0.501211  
0.501328  0.50434  
0.499312  0.505497  
0.499293  0.507025  
0.499063  0.51102  
0.494343  0.512753  
0.49039  0.515142  
0.49039  0.515142  
0.49039  0.515142  
0.488538  0.517567  
0.487626  0.518296  
0.483204  0.519982  
0.483204  0.519982  
0.482618  0.523432  
0.477858  0.524103  
0.477858  0.524103  
0.4764  0.5272  
0.47447  0.527269  
0.473041  0.528718  
0.472187  0.530972  
0.47063  0.532803  
0.470058  0.533153  
0.467943  0.53743  
0.467943  0.53743  
0.467943  0.53743  
0.465452  0.54033  
0.46224  0.547977  
0.464151  0.546131  
0.46224  0.547977  
0.46224  0.547977  
0.451292  0.553887  
0.451292  0.553887  
0.451292  0.553887  
0.451292  0.553887  
0.45047  0.55632  
0.45047  0.55632  
0.44975  0.559799  
0.446937  0.561764  
0.442773  0.564104  
0.442773  0.564104  
0.440074  0.564638  
0.438419  0.565386  
0.438419  0.565386  
0.436923  0.569813  
0.433853  0.572518  
0.433853  0.572518  
0.431548  0.574114  
0.431065  0.576313  
0.429982  0.577329  
0.426414  0.580517  
0.426414  0.580517  
0.426414  0.580517  
0.426414  0.580517  
0.426414  0.580517  
0.421629  0.591499  
0.421629  0.591499  
0.421629  0.591499  
0.421629  0.591499  
0.421629  0.591499  
0.4202  0.603726  
0.4202  0.603726  
0.404838  0.610734  
0.404838  0.610734  
0.404838  0.610734  
0.404838  0.610734  
0.404838  0.610734  
0.387865  0.616379  
0.404838  0.610734  
0.387865  0.616379  
0.398085  0.617381  
0.387865  0.616379  
0.398085  0.617381  
0.387865  0.616379  
0.387865  0.616379  
0.385461  0.619165  
0.385461  0.619165  
0.385461  0.619165  
0.380735  0.622098  
0.380735  0.622098  
0.378149  0.626251  
0.37988  0.626451  
0.375862  0.627469  
0.375862  0.627469  
0.375862  0.627469  
0.375862  0.627469  
0.374187  0.635732  
0.371442  0.636965  
0.371442  0.636965  
0.371442  0.636965  
0.367869  0.645281  
0.36716  0.645703  
0.363842  0.648889  
0.363842  0.648889  
0.363462  0.650905  
0.363462  0.650905  
0.351326  0.656233  
0.351326  0.656233  
0.351326  0.656233  
0.351326  0.656233  
0.34711  0.656458  
0.34711  0.656458  
0.34711  0.656458  
0.34711  0.656458  
0.34324  0.663106  
0.34324  0.663106  
0.341679  0.666476  
0.338411  0.667586  
0.338411  0.667586  
0.335016  0.668796  
0.335016  0.668796  
0.335016  0.668796  
0.33158  0.674622  
0.33158  0.674622  
0.324731  0.681256  
0.324731  0.681256  
0.324731  0.681256  
0.324731  0.681256  
0.319983  0.682256  
0.319983  0.682256  
0.319983  0.682256  
0.318687  0.6884  
0.316692  0.691556  
0.313117  0.692209  
0.313117  0.692209  
0.311435  0.693252  
0.311435  0.693252  
0.307524  0.697512  
0.305794  0.697802  
0.305794  0.697802  
0.304243  0.699549  
0.304243  0.699549  
0.301897  0.706982  
0.300448  0.707408  
0.297876  0.711137  
0.297876  0.711137  
0.294099  0.714373  
0.294099  0.714373  
0.294099  0.714373  
0.285035  0.719927  
0.285035  0.719927  
0.285035  0.719927  
0.285035  0.719927  
0.283182  0.72009  
0.281902  0.721465  
0.281902  0.721465  
0.27697  0.728045  
0.27697  0.728045  
0.275012  0.728563  
0.275012  0.728563  
0.271046  0.730409  
0.271046  0.730409  
0.271046  0.730409  
0.267303  0.735447  
0.267303  0.735447  
0.265612  0.742047  
0.259821  0.742246  
0.259821  0.742246  
0.259821  0.742246  
0.257776  0.744196  
0.257776  0.744196  
0.252043  0.750663  
0.252043  0.750663  
0.252043  0.750663  
0.252043  0.750663  
0.251819  0.756574  
0.246509  0.760136  
0.246509  0.760136  
0.246509  0.760136  
0.240832  0.764139  
0.240832  0.764139  
0.240832  0.764139  
0.240832  0.764139  
0.239918  0.77333  
0.239918  0.77333  
0.234493  0.779038  
0.234493  0.779038  
0.234493  0.779038  
0.2335  0.780639  
0.22426  0.784179  
0.22426  0.784179  
0.22426  0.784179  
0.22426  0.784179  
0.22426  0.784179  
0.221521  0.792011  
0.221521  0.792011  
0.221467  0.796482  
0.218332  0.797616  
0.205832  0.799979  
0.201087  0.802748  
0.201087  0.802748  
0.198137  0.803744  
0.198137  0.803744  
0.197851  0.803844  
0.197447  0.805271  
0.197447  0.805271  
0.197447  0.805271  
0.197447  0.805271  
0.197447  0.805271  
0.197447  0.805271  
0.187115  0.813942  
0.190098  0.813942  
0.190098  0.813942  
0.190098  0.813942  
0.190098  0.813942  
0.186189  0.814406  
0.186189  0.814406  
0.186189  0.814406  
0.180761  0.823116  
0.180761  0.823116  
0.180761  0.823116  
0.178052  0.828412  
0.178052  0.828412  
0.177855  0.830319  
0.166641  0.833674  
0.165341  0.836091  
0.171519  0.837122  
0.171519  0.837122  
0.166391  0.837801  
0.166391  0.837801  
0.163418  0.838914  
0.163418  0.838914  
0.160113  0.841871  
0.160113  0.841871  
0.15952  0.843024  
0.158293  0.845011  
0.156832  0.850543  
0.155292  0.851941  
0.14653  0.8551  
0.152967  0.855681  
0.143053  0.857857  
0.149591  0.858169  
0.145725  0.858342  
0.145725  0.858342  
0.14505  0.860983  
0.137784  0.862698  
0.137784  0.862698  
0.137784  0.862698  
0.137784  0.862698  
0.136425  0.867935  
0.128935  0.8728  
0.12798  0.873213  
0.12798  0.873213  
0.12798  0.873213  
0.12798  0.873213  
0.127929  0.875846  
0.119531  0.882404  
0.118082  0.883064  
0.117165  0.883797  
0.117165  0.883797  
0.117165  0.883797  
0.117165  0.883797  
0.117165  0.883797  
0.108437  0.89358  
0.108011  0.894021  
0.111641  0.895527  
0.108081  0.896915  
0.108081  0.896915  
0.108081  0.896915  
0.099292  0.902818  
0.0992581  0.90161  
0.0973717  0.90371  
0.0953487  0.906568  
0.0953487  0.906568  
0.0953487  0.906568  
0.0953487  0.906568  
0.0953487  0.906568  
0.0888087  0.913359  
0.0876324  0.914257  
0.0865625  0.914411  
0.0877613  0.914776  
0.0877613  0.914776  
0.0863869  0.919736  
0.0826828  0.92099  
0.0826828  0.92099  
0.0761348  0.925543  
0.0761348  0.925543  
0.0764438  0.925543  
0.0764438  0.925543  
0.0701127  0.93068  
0.0701127  0.93068  
0.0720411  0.93068  
0.066606  0.939593  
0.0659997  0.937148  
0.0621439  0.940507  
0.0621439  0.940507  
0.0617787  0.941292  
0.0607078  0.943443  
0.0584983  0.944077  
0.0561739  0.946674  
0.0561739  0.946674  
0.0561739  0.946674  
0.0515094  0.952133  
0.0513002  0.950618  
0.0520213  0.954484  
0.050928  0.955842  
0.0471684  0.956319  
0.0457504  0.959332  
0.0422442  0.960336  
0.0422442  0.960336  
0.0397076  0.963054  
0.0397076  0.963054  
0.0380402  0.96509  
0.0363175  0.966506  
0.0338832  0.96808  
0.0338832  0.96808  
0.0331245  0.971851  
0.0325103  0.973213  
0.0286698  0.974531  
0.0266157  0.976461  
0.0266157  0.976461  
0.0245769  0.979114  
0.0233048  0.98129  
0.0233048  0.981303  
0.0200536  0.984508  
0.0182334  0.988277  
0.0157031  0.989492  
0.0157031  0.989492  
0.0149027  0.990306  
0.0135817  0.9926  
0.0117959  0.993839  
0.00849223  0.996141  
0.00849223  0.996141  
0.00596635  0.998566  
0.00596635  0.998566  
0.00449931  1.00595  
0.00186515  1.01238  
0.00186515  1.01238  
0.000418004  1.01283  
