0.592317  0.410201  
0.371541  0.410647  
0.371045  0.411109  
0.364594  0.411406  
0.363165  0.411951  
0.359957  0.41246  
0.359375  0.413043  
0.358712  0.413575  
0.358192  0.414044  
0.35754  0.414662  
0.356834  0.414997  
0.356355  0.415546  
0.35629  0.416025  
0.355279  0.416574  
0.35486  0.416923  
0.35486  0.416923  
0.354043  0.417957  
0.353699  0.418318  
0.353044  0.419027  
0.352588  0.419352  
0.35219  0.42006  
0.351998  0.420456  
0.351468  0.420965  
0.35124  0.42136  
0.350638  0.422025  
0.350175  0.422559  
0.349852  0.423063  
0.349634  0.423555  
0.349304  0.423788  
0.349017  0.424341  
0.348628  0.425004  
0.348007  0.425391  
0.347592  0.426008  
0.347094  0.426541  
0.347021  0.427112  
0.346449  0.427647  
0.346113  0.42816  
0.345798  0.42833  
0.345024  0.429082  
0.344796  0.429664  
0.344553  0.429946  
0.344005  0.430674  
0.343769  0.430902  
0.343609  0.431554  
0.34268  0.43216  
0.342559  0.43264  
0.342087  0.432983  
0.34165  0.43374  
0.341423  0.434005  
0.34083  0.434741  
0.340402  0.435222  
0.3401  0.435737  
0.339867  0.436287  
0.339343  0.436666  
0.338904  0.437194  
0.338436  0.437789  
0.338119  0.438216  
0.33784  0.438774  
0.33733  0.439341  
0.337009  0.439798  
0.336562  0.440264  
0.336096  0.440915  
0.335761  0.441392  
0.33565  0.441841  
0.334952  0.442442  
0.334528  0.442964  
0.334528  0.442964  
0.333756  0.444006  
0.333484  0.444434  
0.333484  0.444434  
0.332609  0.445576  
0.332419  0.446106  
0.331872  0.446547  
0.331658  0.446843  
0.331178  0.447656  
0.330835  0.44805  
0.330554  0.448676  
0.329961  0.449184  
0.329705  0.449763  
0.32919  0.450229  
0.328871  0.450699  
0.328395  0.451193  
0.328395  0.451193  
0.327791  0.452348  
0.327344  0.452674  
0.326935  0.453364  
0.326659  0.453954  
0.326199  0.454318  
0.325851  0.454917  
0.325255  0.455508  
0.325057  0.45579  
0.324526  0.456517  
0.324368  0.456768  
0.323864  0.457674  
0.323278  0.45823  
0.323087  0.458413  
0.322725  0.459077  
0.322039  0.459879  
0.321718  0.460372  
0.321448  0.460966  
0.321035  0.461336  
0.320584  0.461906  
0.320233  0.46248  
0.319865  0.462866  
0.319676  0.463252  
0.318943  0.464056  
0.318572  0.464549  
0.318188  0.465227  
0.317728  0.465657  
0.317405  0.466216  
0.316982  0.466766  
0.31661  0.467231  
0.316255  0.467796  
0.316202  0.468121  
0.315501  0.468894  
0.314913  0.469511  
0.314599  0.470121  
0.314217  0.470641  
0.31399  0.471188  
0.313523  0.471506  
0.313372  0.471869  
0.312781  0.472488  
0.312381  0.47335  
0.311977  0.473979  
0.311817  0.474279  
0.311163  0.475014  
0.310779  0.475424  
0.310478  0.475944  
0.309901  0.476487  
0.309661  0.476892  
0.308891  0.477828  
0.308891  0.477828  
0.308483  0.478574  
0.308084  0.479163  
0.307497  0.479986  
0.307248  0.480527  
0.306808  0.480827  
0.306391  0.481725  
0.305902  0.482111  
0.305556  0.482703  
0.304995  0.483255  
0.30462  0.483953  
0.304165  0.484472  
0.304006  0.484701  
0.303454  0.485578  
0.303109  0.486132  
0.302674  0.486593  
0.302419  0.487177  
0.301887  0.487699  
0.301622  0.48831  
0.300997  0.488907  
0.300796  0.489447  
0.300593  0.49008  
0.299799  0.490508  
0.299335  0.491129  
0.299279  0.491683  
0.298637  0.492385  
0.298263  0.492676  
0.29779  0.493527  
0.297506  0.493926  
0.297054  0.494521  
0.296685  0.495214  
0.296131  0.495762  
0.295788  0.496411  
0.295431  0.496797  
0.295041  0.497342  
0.294431  0.49817  
0.294078  0.498491  
0.293895  0.499335  
0.293474  0.499676  
0.293173  0.50054  
0.292907  0.500684  
0.291999  0.501591  
0.291917  0.502302  
0.291189  0.502651  
0.290972  0.502874  
0.290627  0.504086  
0.290196  0.504383  
0.289681  0.504927  
0.289604  0.505475  
0.288934  0.505921  
0.288315  0.506906  
0.288054  0.507356  
0.287629  0.50805  
0.287484  0.508306  
0.286998  0.509315  
0.286294  0.509798  
0.286097  0.510308  
0.285591  0.510994  
0.285292  0.511275  
0.284852  0.512151  
0.284232  0.512687  
0.283811  0.513359  
0.283498  0.513774  
0.28339  0.514558  
0.282749  0.515134  
0.282343  0.515462  
0.281901  0.516368  
0.281333  0.516943  
0.281173  0.517447  
0.280413  0.518146  
0.280243  0.518715  
0.280012  0.519287  
0.279245  0.519874  
0.279037  0.520597  
0.278583  0.521002  
0.277969  0.521835  
0.277793  0.522292  
0.277537  0.522575  
0.276885  0.523738  
0.276855  0.524445  
0.275935  0.524987  
0.275935  0.524987  
0.275494  0.526481  
0.27465  0.526529  
0.27465  0.526529  
0.273701  0.528063  
0.273701  0.528063  
0.273376  0.529105  
0.273255  0.529937  
0.272317  0.530426  
0.272036  0.531116  
0.272036  0.531116  
0.271534  0.532529  
0.271534  0.532529  
0.271534  0.532529  
0.271534  0.532529  
0.270578  0.536091  
0.270578  0.536091  
0.27037  0.537072  
0.27037  0.537072  
0.27037  0.537072  
0.27037  0.537072  
0.270281  0.540778  
0.270281  0.541605  
0.270281  0.541605  
0.269628  0.542975  
0.269434  0.54371  
0.269434  0.54371  
0.269222  0.545062  
0.269222  0.545062  
0.269157  0.546881  
0.269157  0.546881  
0.269135  0.549043  
0.268872  0.550187  
0.268872  0.550187  
0.268872  0.550187  
0.268006  0.549998  
0.268525  0.55326  
0.268312  0.553771  
0.268396  0.554774  
0.268006  0.549998  
0.267812  0.556598  
0.268006  0.549998  
0.267812  0.556598  
0.268006  0.549998  
0.268006  0.549998  
0.268006  0.549998  
0.267812  0.556598  
0.267814  0.563715  
0.267812  0.556598  
0.267812  0.556598  
0.267898  0.565457  
0.267812  0.556598  
0.267685  0.566132  
0.267683  0.566859  
0.267683  0.566859  
0.267683  0.566859  
0.267593  0.573617  
0.267593  0.573617  
0.267621  0.576377  
0.267593  0.573617  
0.267593  0.573617  
0.267658  0.578019  
0.267658  0.578019  
0.267652  0.572604  
0.267587  0.57551  
0.267587  0.57551  
0.267593  0.573617  
0.267587  0.57551  
0.267587  0.57551  
0.267584  0.578007  
0.267584  0.578007  
0.267585  0.587561  
0.267584  0.578007  
0.267585  0.587561  
0.267593  0.573617  
0.267585  0.587561  
0.267585  0.587561  
0.267587  0.57551  
0.267585  0.587561  
0.267584  0.578007  
0.267568  0.600674  
0.267577  0.590624  
0.267552  0.585011  
0.267585  0.587561  
0.267552  0.585011  
0.267552  0.585011  
0.267582  0.592127  
0.267557  0.578333  
0.267542  0.609681  
0.267584  0.578007  
0.267584  0.578007  
0.267542  0.609681  
0.267567  0.601785  
0.267567  0.601785  
0.267567  0.601785  
0.267547  0.59433  
0.267568  0.600674  
0.267547  0.59433  
0.267552  0.585011  
0.267553  0.614888  
0.267557  0.584734  
0.267542  0.609681  
0.267542  0.609681  
0.267567  0.59883  
0.267541  0.635322  
0.267541  0.635322  
0.267553  0.614888  
0.267553  0.614888  
0.267541  0.635322  
0.267547  0.59433  
0.267541  0.635322  
0.267541  0.635322  
0.267542  0.609681  
0.267565  0.606801  
0.267547  0.59433  
0.267547  0.59433  
0.267547  0.59433  
0.267541  0.635322  
0.267553  0.614888  
0.267552  0.585011  
0.267557  0.584734  
0.267557  0.578333  
0.267547  0.59433  
0.267547  0.59433  
0.267566  0.658774  
0.267566  0.658774  
0.267547  0.59433  
0.267566  0.658774  
0.267547  0.59433  
0.267553  0.614888  
0.267557  0.584734  
0.267566  0.658774  
0.267542  0.609681  
0.267557  0.578333  
0.267573  0.63395  
0.267573  0.63395  
0.24837  0.689053  
0.24837  0.689053  
0.24837  0.689053  
0.260966  0.689108  
0.233947  0.689103  
0.24837  0.689053  
0.231973  0.689145  
0.236047  0.689104  
0.24837  0.689053  
0.233947  0.689103  
0.236047  0.689104  
0.231973  0.689145  
0.24837  0.689053  
0.231973  0.689145  
0.237736  0.689127  
0.237736  0.689127  
0.237736  0.689127  
0.236047  0.689104  
0.233947  0.689103  
0.236047  0.689104  
0.236047  0.689104  
0.231973  0.689145  
0.237736  0.689127  
0.233947  0.689103  
0.233947  0.689103  
0.231973  0.689145  
0.231973  0.689145  
0.23087  0.689155  
0.22488  0.689204  
0.22488  0.689204  
0.226742  0.689184  
0.226742  0.689184  
0.217565  0.689267  
0.217565  0.689267  
0.217565  0.689267  
0.217565  0.689267  
0.217565  0.689267  
0.217565  0.689267  
0.201784  0.689494  
0.21558  0.689329  
0.206644  0.689294  
0.206644  0.689294  
0.206644  0.689294  
0.20174  0.689519  
0.207133  0.689509  
0.200519  0.689493  
0.206644  0.689294  
0.206644  0.689294  
0.206644  0.689294  
0.198192  0.689475  
0.198192  0.689475  
0.198192  0.689475  
0.198192  0.689475  
0.20174  0.689519  
0.200519  0.689493  
0.199208  0.689554  
0.199208  0.689554  
0.198481  0.689621  
0.191251  0.689665  
0.191251  0.689665  
0.191251  0.689665  
0.191251  0.689665  
0.193128  0.689715  
0.191251  0.689665  
0.191251  0.689665  
0.187887  0.689884  
0.187887  0.689884  
0.184628  0.689922  
0.184628  0.689922  
0.184628  0.689922  
0.184628  0.689922  
0.184628  0.689922  
0.180034  0.690385  
0.180034  0.690385  
0.180034  0.690385  
0.180034  0.690385  
0.180034  0.690385  
0.176893  0.690434  
0.176893  0.690434  
0.176893  0.690434  
0.176893  0.690434  
0.176755  0.691086  
0.16981  0.6921  
0.175042  0.692039  
0.16981  0.6921  
0.16981  0.6921  
0.16981  0.6921  
0.16981  0.6921  
0.16981  0.6921  
0.1691  0.693335  
0.1691  0.693335  
0.168802  0.694796  
0.167069  0.696135  
0.167069  0.696135  
0.167069  0.696135  
0.166227  0.699104  
0.166061  0.699347  
0.165436  0.700192  
0.164399  0.701152  
0.16369  0.701485  
0.163205  0.701803  
0.162784  0.703167  
0.161687  0.704475  
0.161687  0.704475  
0.160982  0.705596  
0.160982  0.705596  
0.159876  0.708272  
0.159499  0.708724  
0.159089  0.709966  
0.158701  0.710562  
0.157964  0.711734  
0.156977  0.71222  
0.156605  0.713485  
0.156014  0.713584  
0.155291  0.714385  
0.154769  0.715012  
0.1545  0.716466  
0.153749  0.717345  
0.152814  0.718376  
0.152415  0.719329  
0.151776  0.720629  
0.151572  0.721387  
0.150521  0.722139  
0.150249  0.723015  
0.149621  0.724567  
0.149037  0.725043  
0.148486  0.726129  
0.147487  0.72778  
0.147409  0.728541  
0.146661  0.729673  
0.145751  0.7308  
0.145751  0.7308  
0.144995  0.732744  
0.144444  0.73381  
0.14403  0.734293  
0.143209  0.735413  
0.142599  0.736604  
0.142061  0.737695  
0.141137  0.738997  
0.140689  0.739115  
0.14012  0.740509  
0.139704  0.740685  
0.138785  0.742126  
0.138347  0.743023  
0.137749  0.744467  
0.137289  0.746111  
0.136777  0.746941  
0.13596  0.747097  
0.135415  0.74848  
0.13478  0.749191  
0.133856  0.750911  
0.133201  0.752143  
0.132783  0.752775  
0.132502  0.753412  
0.131346  0.7553  
0.131141  0.755498  
0.130452  0.756804  
0.12968  0.758129  
0.129306  0.758955  
0.12866  0.760433  
0.128011  0.761037  
0.127449  0.76198  
0.126566  0.763339  
0.126063  0.764691  
0.125538  0.764881  
0.124756  0.766707  
0.124254  0.767552  
0.123488  0.768574  
0.122807  0.770195  
0.122184  0.771346  
0.121573  0.771965  
0.121102  0.773866  
0.120184  0.775014  
0.1199  0.775709  
0.119196  0.776771  
0.118477  0.777874  
0.117849  0.779058  
0.116885  0.780631  
0.116656  0.781648  
0.115912  0.782331  
0.115272  0.783481  
0.114529  0.785263  
0.113996  0.786169  
0.113415  0.786848  
0.112709  0.78864  
0.112169  0.789674  
0.111373  0.791112  
0.110831  0.791745  
0.110152  0.792965  
0.109204  0.794048  
0.108442  0.795599  
0.107961  0.796411  
0.107198  0.79799  
0.106637  0.79848  
0.106135  0.799276  
0.105364  0.800686  
0.104733  0.802145  
0.104026  0.803366  
0.103292  0.804948  
0.102655  0.80581  
0.101949  0.807173  
0.101457  0.808303  
0.100568  0.809569  
0.0998946  0.810988  
0.099275  0.811856  
0.0986232  0.813462  
0.097984  0.814514  
0.0972787  0.816315  
0.0963343  0.817262  
0.0957321  0.818312  
0.0951076  0.819498  
0.0941253  0.821429  
0.0937532  0.821703  
0.093178  0.823198  
0.0924726  0.82409  
0.0917205  0.825809  
0.0910453  0.826665  
0.0903011  0.828196  
0.0893968  0.830185  
0.0888339  0.830993  
0.0879212  0.83267  
0.0874707  0.83354  
0.0867913  0.835423  
0.0859807  0.83653  
0.0852111  0.837813  
0.0845924  0.838441  
0.0835316  0.84063  
0.082996  0.841641  
0.0823235  0.842684  
0.0817114  0.844465  
0.0808936  0.845635  
0.0796799  0.847382  
0.0794977  0.848432  
0.0782708  0.850136  
0.0779567  0.851049  
0.0772159  0.853787  
0.0762344  0.854268  
0.0756748  0.855739  
0.0749117  0.856753  
0.0742594  0.859256  
0.0733559  0.860111  
0.0726765  0.861984  
0.0719854  0.863589  
0.0712471  0.866264  
0.0704277  0.866396  
0.0696548  0.87288  
0.0689839  0.879392  
0.0678414  0.895274  
0.0674593  0.912165  
0.0666927  0.945811  
0.0663628  1.11619  
0.0654369  3.0377  
