1  0.881259  
1  0.881259  
1  0.881259  
1  0.881259  
1  0.881259  
1  0.881259  
1  0.881259  
1  0.881259  
1  0.881259  
1  0.881259  
1  0.881259  
1  0.881259  
1  0.881259  
1  0.881259  
1  0.881259  
1  0.881259  
1  0.881259  
1  0.881259  
1  0.881259  
1  0.881259  
1  0.881259  
1  0.881259  
1  0.881259  
1  0.881259  
1  0.881259  
1  0.881259  
1  0.881259  
1  0.881259  
1  0.881259  
1  0.881259  
1  0.881259  
1  0.881259  
1  0.881259  
1  0.881259  
1  0.881259  
1  0.881259  
1  0.881259  
1  0.881259  
1  0.881259  
1  0.881259  
1  0.881259  
1  0.881259  
1  0.881259  
1  0.881259  
1  0.881259  
1  0.881259  
1  0.881259  
1  0.881259  
1  0.881259  
1  0.881259  
1  0.881259  
1  0.881259  
1  0.881259  
1  0.881259  
1  0.881259  
1  0.881259  
1  0.881259  
1  0.881259  
1  0.881259  
1  0.881259  
1  0.881259  
1  0.881259  
1  0.881259  
1  0.881259  
1  0.881259  
1  0.881259  
1  0.881259  
1  0.881259  
1  0.881259  
1  0.881259  
1  0.881259  
1  0.881259  
1  0.881259  
1  0.881259  
1  0.881259  
1  0.881259  
1  0.881259  
1  0.881259  
1  0.881259  
1  0.881259  
1  0.881259  
1  0.881259  
1  0.881259  
1  0.881259  
1  0.881259  
1  0.881259  
1  0.881259  
1  0.881259  
1  0.881259  
1  0.881259  
1  0.881259  
1  0.881259  
1  0.881259  
0.998274  0.88921  
0.994684  0.89864  
0.989368  0.916089  
0.982603  0.930282  
0.980669  0.936537  
0.973905  0.95501  
0.970584  0.963482  
0.962881  0.987439  
0.955596  1.00557  
0.952627  1.01422  
0.952627  1.01422  
0.944101  1.03925  
0.940047  1.04883  
0.936537  1.06427  
0.932184  1.08466  
0.913568  1.12065  
0.915685  1.12716  
0.910551  1.12945  
0.903918  1.15364  
0.898317  1.16681  
0.895779  1.18682  
0.886082  1.20233  
0.883612  1.22191  
0.874572  1.23357  
0.86857  1.24789  
0.865375  1.25897  
0.864435  1.27723  
0.854258  1.30203  
0.846168  1.31058  
0.839254  1.32946  
0.829403  1.35751  
0.826747  1.36509  
0.818343  1.38873  
0.810888  1.40814  
0.80573  1.42141  
0.799979  1.43866  
0.790228  1.46829  
0.784119  1.48409  
0.774752  1.5081  
0.774752  1.5081  
0.761079  1.54518  
0.75448  1.56577  
0.747298  1.58667  
0.744423  1.59427  
0.729339  1.63704  
0.724403  1.65097  
0.71773  1.66983  
0.703971  1.70549  
0.704136  1.70883  
0.691197  1.74932  
0.685362  1.76368  
0.678489  1.78099  
0.670227  1.81104  
0.660922  1.84065  
0.653997  1.84877  
0.646699  1.86816  
0.632631  1.90968  
0.622963  1.93252  
0.618311  1.95199  
0.603501  1.98848  
0.594254  2.01409  
0.585463  2.0388  
0.575932  2.06465  
0.571282  2.07728  
0.561335  2.10555  
0.547219  2.14598  
0.538056  2.17424  
0.532335  2.18758  
0.51745  2.22963  
0.510913  2.25588  
0.497156  2.28732  
0.48793  2.31586  
0.475736  2.34796  
0.46518  2.37661  
0.45389  2.40856  
0.445734  2.43721  
0.43158  2.4725  
0.421203  2.50522  
0.409174  2.53466  
0.397554  2.56876  
0.385612  2.60189  
0.373787  2.63457  
0.361199  2.67112  
0.351208  2.70413  
0.335477  2.74392  
0.322626  2.78099  
0.309468  2.81635  
0.297548  2.85493  
0.283487  2.89352  
0.270412  2.93126  
0.256265  2.96826  
0.241416  3.00959  
0.226964  3.05528  
0.213404  3.08999  
0.198618  3.13224  
0.183512  3.17409  
0.168407  3.21748  
0.151157  3.26577  
0.136818  3.30914  
0.120316  3.35486  
0.104139  3.40968  
0.0862351  3.45153  
0.0693508  3.5021  
0.0537259  3.55505  
0.0359921  3.59543  
0.0179961  3.647  
5.24301e-009  3.69938  
