0.791091  0.836199  6.60941e-005  
1.63959  0.000125886  3.75986e-005  
0.00335798  1.50368  0.000299758  
1.63959  0.000125886  3.75986e-005  
0.711626  0.725907  0.011146  
0.00335798  1.50368  0.000299758  
1.63959  0.000125886  3.75986e-005  
0.897228  0.447606  0.00962884  
0.00168967  0.999885  0.0227811  
0.00335798  1.50368  0.000299758  
1.63959  0.000125886  3.75986e-005  
0.951264  0.317031  0.0184724  
0.707396  0.709827  0.0324561  
0.00408772  0.999837  0.0247812  
0.00174321  1.51361  0.000329662  
1.63959  0.000125886  3.7571e-005  
0.972813  0.232834  0.0133955  
0.868381  0.50102  0.0405217  
0.556175  0.832088  0.0354676  
0.00408772  0.999837  0.0252225  
0.00174322  1.51361  0.000329601  
1.63959  0.000125886  3.75986e-005  
0.981503  0.195487  0.00643425  
0.895052  0.446527  0.0426244  
0.708039  0.708696  0.0462936  
0.0109458  0.99878  0.0524663  
0.00494041  0.999786  0.026087  
0.00174322  1.51361  0.000329601  
1.63959  0.000125886  3.7571e-005  
0.988615  0.161723  0.0101837  
0.930167  0.371118  0.0439797  
0.867317  0.503454  0.0641468  
0.600719  0.800925  0.052286  
0.0109458  0.99878  0.0524663  
0.00494041  0.999786  0.026087  
0.00174321  1.51361  0.000329662  
1.63959  0.000125886  3.75986e-005  
0.990235  0.139552  0.0252471  
0.949573  0.315424  0.030224  
0.867317  0.503454  0.0641468  
0.70659  0.708605  0.0698387  
0.514717  0.858041  0.0590299  
0.0125036  0.998563  0.055432  
0.00494041  0.999786  0.026087  
0.00166205  1.52028  0.000359446  
1.63959  0.000125886  3.7571e-005  
0.993353  0.123784  0.0258252  
0.962977  0.271444  0.0273957  
0.895052  0.446527  0.0426244  
0.8655  0.501353  0.0868638  
0.624232  0.780972  0.0678568  
0.0244922  0.99702  0.0842781  
0.0125036  0.998563  0.055432  
0.0102556  0.999676  0.028515  
0.00158571  1.52699  0.000396614  
1.63959  0.000125886  3.75986e-005  
0.994024  0.110189  0.0204724  
0.970687  0.241351  0.0324  
0.919505  0.391774  0.0585166  
0.864797  0.499423  0.101119  
0.707317  0.707605  0.0819012  
0.554016  0.831619  0.0571657  
0.015994  0.996405  0.0878688  
0.0125036  0.998563  0.055432  
0.00921547  0.999655  0.0282183  
0.00152472  1.52631  0.000427066  
1.63959  0.000125886  3.75986e-005  
0.995503  0.0965781  0.0232429  
0.977189  0.216637  0.0576403  
0.935538  0.349033  0.0656092  
0.867926  0.49548  0.0961508  
0.704451  0.704766  0.108228  
0.64121  0.768778  0.0990734  
0.501125  0.866401  0.0269614  
0.0128918  0.996285  0.0900197  
0.00366988  0.998379  0.0603818  
0.0069539  0.999612  0.0294726  
0.00152472  1.52631  0.000427066  
1.63959  0.000125886  3.75986e-005  
0.997141  0.0880636  0.0242331  
0.981004  0.192392  0.0476246  
0.946731  0.315888  0.078318  
0.894503  0.446453  0.0805611  
0.861618  0.498245  0.131801  
0.704451  0.704766  0.108228  
0.580959  0.813726  0.0756294  
0.0159495  0.992649  0.123579  
0.0279748  0.996085  0.0931305  
0.00366988  0.998379  0.0603818  
0.0069539  0.999612  0.0294726  
0.00140751  1.53238  0.000511256  
1.7073  0.000125886  3.75848e-005  
0.997194  0.0809386  0.0279835  
0.983341  0.178143  0.0586692  
0.957086  0.285929  0.0695017  
0.91176  0.397792  0.113568  
0.8606  0.499631  0.137337  
0.704451  0.704766  0.108228  
0.65124  0.759364  0.0459  
0.528171  0.845984  0.0908147  
0.0168088  0.992574  0.12435  
0.019222  0.995635  0.0951292  
0.0178354  0.998213  0.0640769  
0.00807601  0.99956  0.0321246  
0.00140751  1.53238  0.000511256  
1.63959  0.000125886  3.75986e-005  
0.997211  0.0759094  0.0165869  
0.986846  0.161437  0.0457381  
0.962907  0.261631  0.0786866  
0.924692  0.369652  0.122308  
0.872726  0.478792  0.12124  
0.8606  0.499631  0.137337  
0.704451  0.704766  0.108228  
0.600232  0.797994  0.127748  
0.500214  0.855819  0.139189  
0.024053  0.991722  0.131515  
0.0102902  0.995199  0.0988896  
0.0135305  0.998112  0.0652969  
0.00807601  0.99956  0.0321246  
0.00139693  1.52431  0.000607976  
1.60966  0.000480234  0.00029436  
0.997707  0.069583  0.0323737  
0.988158  0.1506  0.0615154  
0.967741  0.241153  0.0949803  
0.936681  0.334683  0.12658  
0.887419  0.440624  0.146171  
0.8606  0.499631  0.137337  
0.695305  0.699967  0.184578  
0.652586  0.746396  0.174103  
0.548798  0.826463  0.152269  
0.0307321  0.986476  0.169897  
0.00993062  0.99113  0.133524  
0.0195986  0.99504  0.102016  
0.0154415  0.997885  0.067179  
0.00922721  0.999487  0.0338894  
0.00131641  1.55416  0.000695445  
1.60966  0.000480234  0.00029436  
0.997921  0.0625822  0.0306065  
0.989236  0.138582  0.0542815  
0.973324  0.223494  0.0717215  
0.942778  0.314323  0.121827  
0.902836  0.405804  0.160745  
0.856108  0.496971  0.184149  
0.852086  0.489603  0.195865  
0.695305  0.699967  0.184578  
0.60059  0.782595  0.190347  
0.507737  0.848697  0.166065  
0.0103025  0.98504  0.174784  
0.0141029  0.990141  0.141397  
0.0224271  0.994622  0.10623  
0.0141627  0.997765  0.0708669  
0.00922721  0.999487  0.0338894  
0.00131641  1.55416  0.000695445  
1.84231  0.000480234  0.00029436  
0.998027  0.0590991  0.025171  
0.990581  0.131398  0.0600795  
0.97518  0.20582  0.102212  
0.949774  0.289085  0.140576  
0.915088  0.379764  0.157553  
0.867807  0.466833  0.188419  
0.84914  0.493286  0.219573  
0.695305  0.699967  0.184578  
0.650052  0.736426  0.207535  
0.566264  0.807613  0.187978  
0.498478  0.856094  0.157971  
0.0292976  0.98472  0.17813  
0.015971  0.989819  0.144431  
0.0187118  0.994565  0.10766  
0.0196342  0.997494  0.0738915  
0.0105974  0.999414  0.0357421  
0.00131641  1.55416  0.000695445  
1.87983  0.000125886  3.75986e-005  
0.998154  0.0583882  0.0286625  
0.99117  0.11718  0.0668867  
0.977819  0.194494  0.101927  
0.953889  0.271412  0.139909  
0.924319  0.350978  0.164825  
0.882442  0.435726  0.197696  
0.847884  0.487573  0.222571  
0.842425  0.484118  0.258846  
0.694869  0.695666  0.240723  
0.607595  0.772882  0.230137  
0.530475  0.835955  0.174091  
0.00633401  0.975958  0.224618  
0.0380262  0.982931  0.188985  
0.0403053  0.989322  0.150964  
0.0149168  0.993765  0.113147  
0.0204587  0.99741  0.0749699  
0.0105974  0.999414  0.0357421  
0.00131641  1.55416  0.000695445  
1.87983  0.000125886  3.75986e-005  
0.998493  0.0536487  0.0201146  
0.991488  0.114035  0.0701073  
0.978835  0.183484  0.106297  
0.960104  0.248328  0.148703  
0.930451  0.332119  0.180144  
0.892999  0.412595  0.207062  
0.847884  0.487573  0.222571  
0.841883  0.493672  0.263609  
0.685849  0.686117  0.264834  
0.654884  0.73022  0.254743  
0.567941  0.791525  0.247862  
0.497808  0.851851  0.2071  
0.0263056  0.973525  0.231705  
0.0177109  0.981004  0.195343  
0.0273598  0.98796  0.157206  
0.0246071  0.993351  0.117979  
0.0183167  0.997017  0.0793281  
0.0110955  0.999371  0.038939  
0.00121292  1.568  0.000890759  
1.87983  0.000125886  3.75986e-005  
0.998557  0.0474639  0.0286702  
0.991889  0.108858  0.0743608  
0.97978  0.170774  0.117551  
0.961196  0.239554  0.14472  
0.935393  0.311632  0.188128  
0.904421  0.387282  0.221212  
0.860557  0.463493  0.244679  
0.839376  0.493965  0.278485  
0.829493  0.474862  0.308003  
0.685849  0.686117  0.264834  
0.617035  0.74447  0.27895  
0.541362  0.806292  0.264454  
0.493596  0.835666  0.269542  
0.0240635  0.971432  0.238621  
0.0336299  0.980133  0.202471  
0.0185954  0.987368  0.163857  
0.00907627  0.992667  0.122193  
0.0215969  0.996935  0.0816932  
0.0110955  0.999371  0.038939  
0.00102385  1.18771  0.000916158  
1.87983  0.000125886  3.75986e-005  
0.998557  0.0474639  0.0286702  
0.99226  0.104294  0.0740845  
0.980517  0.155159  0.126733  
0.961887  0.225673  0.164798  
0.939364  0.288953  0.200383  
0.909145  0.36384  0.219675  
0.870959  0.427059  0.261298  
0.835964  0.484304  0.280819  
0.827692  0.481845  0.321654  
0.679658  0.680702  0.318738  
0.649533  0.714576  0.303299  
0.579094  0.769185  0.299108  
0.490524  0.826236  0.286628  
0.0576435  0.958836  0.290345  
0.0285497  0.968625  0.252085  
0.0130487  0.977985  0.211756  
0.02162  0.985985  0.170496  
0.0132476  0.99176  0.129415  
0.016393  0.99653  0.0854947  
0.0110955  0.999371  0.038939  
0.00102385  1.18771  0.000916158  
1.87983  0.000125886  3.75986e-005  
0.998268  0.0458634  0.044636  
0.992547  0.0984637  0.0808947  
0.980708  0.150746  0.13222  
0.964021  0.212847  0.173394  
0.94189  0.262344  0.213895  
0.912704  0.337512  0.24575  
0.879944  0.410597  0.262859  
0.832377  0.472641  0.302134  
0.821512  0.475316  0.328044  
0.668306  0.671042  0.338847  
0.671832  0.672763  0.327523  
0.613761  0.721138  0.330478  
0.537096  0.786938  0.314951  
0.483812  0.827836  0.291068  
0.0290155  0.955525  0.301493  
0.0235564  0.965758  0.262892  
0.0143536  0.976056  0.220461  
0.0143957  0.984735  0.176772  
0.0121883  0.991187  0.133295  
0.016117  0.996171  0.0904951  
0.0180483  0.999189  0.0450928  
0.00102385  1.18771  0.000916158  
1.87983  0.000125886  3.75986e-005  
0.99859  0.0428483  0.0377869  
0.992303  0.0898714  0.0904268  
0.980939  0.14395  0.140052  
0.964929  0.196681  0.179485  
0.942865  0.256045  0.221959  
0.917042  0.315897  0.254428  
0.886276  0.381697  0.286462  
0.844575  0.433133  0.322757  
0.819104  0.468302  0.347081  
0.805941  0.461721  0.381225  
0.661531  0.663453  0.376524  
0.629868  0.693168  0.36085  
0.575671  0.744928  0.357915  
0.515324  0.795764  0.335112  
0.481906  0.820125  0.343674  
0.03149  0.950214  0.315458  
0.0104168  0.963639  0.272889  
0.0263056  0.973525  0.231705  
0.0201774  0.983271  0.186891  
0.0141029  0.990141  0.141397  
0.0175848  0.996019  0.0935493  
0.010884  0.998926  0.0474861  
0.00102385  1.18771  0.000916158  
1.87983  0.000125886  3.75986e-005  
0.998244  0.039606  0.0490833  
0.992303  0.0898714  0.0904268  
0.981404  0.129379  0.145549  
0.965607  0.184412  0.189188  
0.943135  0.246139  0.235  
0.916912  0.305505  0.272741  
0.88616  0.354889  0.308432  
0.848554  0.424192  0.337063  
0.812  0.473706  0.360107  
0.801598  0.468331  0.396532  
0.64384  0.650422  0.415326  
0.656881  0.660217  0.381275  
0.611691  0.713403  0.368575  
0.548585  0.763343  0.377217  
0.474914  0.812829  0.361657  
0.0509146  0.931237  0.369747  
0.0556953  0.945121  0.331277  
0.0310154  0.95932  0.28772  
0.0225023  0.971126  0.24222  
0.0177109  0.981004  0.195343  
0.0180113  0.989632  0.147119  
0.0102902  0.995199  0.0988896  
0.010884  0.998926  0.0474861  
0.000981502  1.1681  0.00106568  
1.87983  0.000125886  3.75986e-005  
0.998244  0.039606  0.0490833  
0.992496  0.0809621  0.103433  
0.981066  0.127338  0.154118  
0.964704  0.178548  0.202488  
0.946544  0.220299  0.247006  
0.916281  0.286048  0.288221  
0.888752  0.344503  0.325735  
0.858105  0.37902  0.358277  
0.813327  0.448179  0.380412  
0.793599  0.460291  0.418164  
0.780993  0.453812  0.453054  
0.643483  0.643473  0.444117  
0.623406  0.673887  0.397726  
0.570921  0.716972  0.406761  
0.512876  0.774149  0.408375  
0.471994  0.79993  0.388735  
0.0206152  0.923986  0.388607  
0.0763261  0.942159  0.343839  
0.0232401  0.95474  0.300311  
0.0130669  0.968171  0.254067  
0.0255354  0.979701  0.205134  
0.018048  0.988145  0.154661  
0.0143772  0.994989  0.102494  
0.00642033  0.998692  0.0525144  
0.000981502  1.1681  0.00106568  
1.87983  0.000125886  3.75986e-005  
0.998179  0.0377618  0.0537379  
0.991697  0.078777  0.108608  
0.980814  0.123425  0.159498  
0.96454  0.16822  0.208886  
0.944065  0.216151  0.260418  
0.917357  0.271115  0.300989  
0.889443  0.32749  0.336503  
0.849675  0.378179  0.376786  
0.814979  0.423772  0.409917  
0.788048  0.451222  0.435091  
0.774002  0.452853  0.471457  
0.61954  0.627391  0.492972  
0.641808  0.641314  0.454162  
0.572512  0.693471  0.462452  
0.538397  0.732941  0.446204  
0.463643  0.778817  0.42949  
0.462606  0.786803  0.420041  
0.042088  0.916124  0.403018  
0.0490877  0.934532  0.363588  
0.03149  0.950214  0.315458  
0.0364425  0.965139  0.267789  
0.0217764  0.97737  0.215308  
0.02139  0.987068  0.161598  
0.00372562  0.994755  0.109174  
0.0186151  0.998671  0.0553498  
0.0007831  1.12711  0.00121238  
1.87983  0.000125886  3.75986e-005  
0.998179  0.0377618  0.0537379  
0.991249  0.0769216  0.115338  
0.979238  0.120182  0.169202  
0.962435  0.165331  0.220854  
0.941291  0.208907  0.275165  
0.91568  0.250487  0.323055  
0.888839  0.299543  0.364283  
0.852362  0.353842  0.401224  
0.815194  0.406236  0.434867  
0.780993  0.453812  0.453054  
0.757488  0.43937  0.491388  
0.74364  0.435088  0.522919  
0.618181  0.621045  0.514018  
0.598838  0.643791  0.496618  
0.557873  0.700243  0.471741  
0.503128  0.743126  0.462557  
0.460433  0.781691  0.440557  
0.04304  0.888746  0.465953  
0.0359037  0.906251  0.426357  
0.0461689  0.928855  0.375755  
0.0109861  0.944191  0.332022  
0.0249465  0.961009  0.280103  
0.0228345  0.974388  0.228819  
0.0285972  0.985527  0.173193  
0.0251004  0.993934  0.116167  
0.016445  0.998479  0.058704  
0.0007831  1.12711  0.00121238  
1.87983  0.000125886  3.75986e-005  
0.997829  0.0369273  0.0610232  
0.990493  0.0713139  0.121498  
0.977738  0.112361  0.182153  
0.962729  0.158599  0.226025  
0.938295  0.194651  0.292823  
0.912194  0.24301  0.341166  
0.879875  0.290194  0.384289  
0.847604  0.330392  0.424583  
0.812435  0.37327  0.457441  
0.781022  0.414635  0.481794  
0.753819  0.441972  0.506663  
0.731682  0.426611  0.548377  
0.597986  0.606023  0.554988  
0.615313  0.617349  0.535256  
0.562571  0.645161  0.533588  
0.526113  0.699955  0.518572  
0.478602  0.739948  0.514454  
0.452953  0.756436  0.512834  
0.0726657  0.875781  0.488456  
0.049098  0.898293  0.449381  
0.0404691  0.918807  0.400935  
0.0282389  0.93854  0.349891  
0.0311053  0.955757  0.296189  
0.0225023  0.971126  0.24222  
0.0153479  0.983549  0.182614  
0.0199956  0.992914  0.121019  
0.016445  0.998479  0.058704  
0.0007831  1.12711  0.00121238  
1.87983  0.000125886  3.75986e-005  
0.997594  0.0325018  0.0661368  
0.989951  0.0708703  0.128405  
0.976552  0.102475  0.194319  
0.958486  0.137783  0.255019  
0.934717  0.182928  0.309332  
0.90567  0.236319  0.362262  
0.875378  0.272009  0.405935  
0.841611  0.315618  0.447204  
0.806698  0.357404  0.482018  
0.765871  0.397766  0.511421  
0.739399  0.417717  0.543329  
0.718508  0.424337  0.575602  
0.698162  0.410684  0.605545  
0.58267  0.593118  0.577829  
0.572483  0.616247  0.569991  
0.534312  0.656507  0.567365  
0.487136  0.69755  0.542261  
0.436945  0.742769  0.527428  
0.436945  0.742769  0.527428  
0.0371855  0.860354  0.516633  
0.0703784  0.884968  0.471956  
0.024382  0.905937  0.424195  
0.0509146  0.931237  0.369747  
0.03149  0.950214  0.315458  
0.0340298  0.967017  0.257006  
0.0179905  0.981711  0.194495  
0.0213596  0.991554  0.131311  
0.019116  0.99817  0.0638192  
0.0007831  1.12711  0.00121238  
1.87983  0.000125886  3.75986e-005  
0.997466  0.0326714  0.0683027  
0.988822  0.0579415  0.141318  
0.974037  0.102617  0.208011  
0.954132  0.146938  0.264666  
0.929996  0.183841  0.32926  
0.902956  0.206578  0.379397  
0.86589  0.257144  0.434224  
0.836645  0.273807  0.478801  
0.797755  0.343218  0.507062  
0.76587  0.353975  0.541678  
0.724795  0.403121  0.570612  
0.701538  0.412947  0.597318  
0.677438  0.400587  0.634362  
0.548976  0.563117  0.648399  
0.546646  0.576966  0.620834  
0.529996  0.60623  0.612778  
0.494836  0.639527  0.590461  
0.461821  0.685446  0.592505  
0.425128  0.725035  0.55746  
0.0315222  0.821178  0.577613  
0.0670289  0.844462  0.54147  
0.0425488  0.872196  0.497531  
0.049098  0.898293  0.449381  
0.0445344  0.922836  0.393368  
0.0254643  0.943693  0.335848  
0.0289722  0.963308  0.275538  
0.0135461  0.97907  0.208482  
0.0199238  0.990592  0.140204  
0.014913  0.998063  0.0711109  
0.000679056  1.09839  0.00138061  
1.87983  0.000125886  3.75986e-005  
0.997231  0.0322965  0.0729703  
0.98753  0.0620027  0.148454  
0.971946  0.0846435  0.223678  
0.952151  0.135717  0.286632  
0.919993  0.176641  0.352561  
0.888898  0.213391  0.408256  
0.859388  0.248015  0.453282  
0.825257  0.271441  0.503935  
0.789188  0.322059  0.541175  
0.747392  0.353818  0.575705  
0.706714  0.380674  0.604579  
0.684815  0.40406  0.622778  
0.66617  0.37216  0.666887  
0.639923  0.350781  0.690703  
0.551012  0.549898  0.659221  
0.534989  0.566272  0.657308  
0.489621  0.599531  0.655216  
0.460852  0.647314  0.640636  
0.413163  0.677832  0.627976  
0.413163  0.677832  0.627976  
0.1055  0.797412  0.616539  
0.0451466  0.825546  0.570151  
0.0498008  0.854258  0.525581  
0.0230235  0.884035  0.472857  
0.02609  0.911263  0.417121  
0.0361218  0.933836  0.359747  
0.0275207  0.95636  0.293427  
0.0230535  0.974966  0.224296  
0.027918  0.989588  0.150088  
0.0216013  0.997383  0.0762526  
0.000679056  1.09839  0.00138061  
1.87983  0.000125886  3.75986e-005  
0.997095  0.0293523  0.0794025  
0.986645  0.0390575  0.163505  
0.967285  0.0884489  0.239692  
0.944821  0.123713  0.309966  
0.916036  0.166441  0.376674  
0.878334  0.197704  0.436529  
0.844019  0.231531  0.492408  
0.803403  0.263377  0.537884  
0.773034  0.283036  0.579002  
0.7339  0.313837  0.61319  
0.695011  0.362006  0.638842  
0.662305  0.38079  0.664963  
0.639548  0.386966  0.691455  
0.612129  0.358898  0.720547  
0.501404  0.51955  0.714981  
0.514477  0.526506  0.701512  
0.482736  0.542634  0.701161  
0.454793  0.585705  0.687841  
0.411548  0.630236  0.683057  
0.397866  0.659604  0.662341  
0.389324  0.64737  0.678459  
0.027265  0.775839  0.639616  
0.0283888  0.803817  0.601666  
0.0231083  0.832766  0.554976  
0.0385035  0.867747  0.50481  
0.049098  0.898293  0.449381  
0.0243564  0.925946  0.385585  
0.03149  0.950214  0.315458  
0.0439237  0.971345  0.242053  
0.0232583  0.987112  0.163737  
0.0269166  0.997218  0.0823908  
0.000595981  1.07764  0.00155342  
1.87983  0.000125886  3.75986e-005  
0.996371  0.0282877  0.0881155  
0.983999  0.0550121  0.173666  
0.963621  0.0671786  0.262892  
0.935044  0.128633  0.33519  
0.901425  0.157705  0.409391  
0.865698  0.175396  0.471573  
0.831902  0.202044  0.525909  
0.794431  0.211502  0.575324  
0.756083  0.236524  0.618201  
0.71899  0.277235  0.650755  
0.671743  0.329617  0.673319  
0.639923  0.350781  0.690703  
0.612129  0.358898  0.720547  
0.584807  0.313893  0.752057  
0.558071  0.330233  0.770931  
0.475017  0.491896  0.7543  
0.479478  0.51031  0.740546  
0.447009  0.517195  0.743526  
0.419832  0.567794  0.717766  
0.379712  0.601848  0.71439  
0.379712  0.601848  0.71439  
0.0469307  0.719003  0.717559  
0.0253846  0.747338  0.679168  
0.0918727  0.778575  0.63488  
0.0171174  0.811058  0.589839  
0.0346142  0.846079  0.538406  
0.0268257  0.878125  0.481016  
0.0416986  0.914208  0.410688  
0.0254643  0.943693  0.335848  
0.0316634  0.965836  0.263027  
0.0252677  0.985411  0.17712  
0.0265807  0.996333  0.0904547  
0.000595981  1.07764  0.00155342  
1.87983  0.000125886  3.75986e-005  
0.995458  0.0275486  0.0978654  
0.980365  0.0556408  0.190427  
0.958225  0.0683315  0.283923  
0.924728  0.12075  0.368951  
0.88762  0.141419  0.439843  
0.847059  0.178666  0.507657  
0.806608  0.189187  0.566961  
0.764746  0.234495  0.610299  
0.722696  0.247321  0.648622  
0.68017  0.274375  0.685419  
0.642035  0.302323  0.712806  
0.601678  0.316236  0.73814  
0.576976  0.32729  0.752145  
0.556407  0.310915  0.772114  
0.532693  0.279389  0.804993  
0.50872  0.290044  0.81816  
0.466479  0.465891  0.784189  
0.416253  0.466098  0.794151  
0.41358  0.502421  0.786304  
0.37241  0.531973  0.789349  
0.37241  0.531973  0.789349  
0.194372  0.650242  0.792156  
0.120153  0.685829  0.742838  
0.0469307  0.719003  0.717559  
0.0274296  0.749324  0.673333  
0.0366466  0.785602  0.628279  
0.0315222  0.821178  0.577613  
0.0150551  0.860126  0.513702  
0.049098  0.898293  0.449381  
0.0271675  0.931246  0.372349  
0.02055  0.959221  0.284508  
0.0100167  0.982337  0.195519  
0.0291528  0.996608  0.0919027  
0.000595981  1.07764  0.00155342  
1.87983  0.000125886  3.75986e-005  
0.995458  0.0275486  0.0978654  
0.975107  0.0526407  0.217214  
0.948248  0.0866657  0.311572  
0.912928  0.103826  0.406015  
0.871481  0.131276  0.483031  
0.826032  0.168583  0.548984  
0.783828  0.195779  0.597866  
0.735542  0.20932  0.654411  
0.695441  0.237191  0.686  
0.653627  0.244682  0.722833  
0.616867  0.282262  0.748702  
0.569898  0.286029  0.775416  
0.544238  0.322864  0.788842  
0.516312  0.288739  0.815937  
0.498497  0.279077  0.828531  
0.47447  0.246444  0.847411  
0.455453  0.281522  0.865546  
0.362939  0.451417  0.839271  
0.362939  0.451417  0.839271  
0.371821  0.502332  0.820785  
0.35391  0.533494  0.80906  
0.35391  0.533494  0.80906  
0.254441  0.623443  0.828651  
0.194372  0.650242  0.792156  
0.180257  0.682977  0.757467  
0.0469307  0.719003  0.717559  
0.128952  0.753439  0.669338  
0.0593391  0.79068  0.617331  
0.0231083  0.832766  0.554976  
0.0549418  0.876514  0.484973  
0.0479218  0.91788  0.407677  
0.0214399  0.950249  0.316266  
0.0323962  0.978486  0.21651  
0.0231387  0.995491  0.106367  
0.000595981  1.07764  0.00155342  
1.87983  0.000125886  3.75986e-005  
0.995458  0.0275486  0.0978654  
0.970425  0.0449732  0.241366  
0.934727  0.078144  0.349766  
0.894586  0.104507  0.445254  
0.847787  0.121128  0.525575  
0.796743  0.153438  0.59366  
0.748345  0.146902  0.656018  
0.698562  0.189599  0.694967  
0.657851  0.173172  0.738335  
0.613967  0.233253  0.769943  
0.573192  0.251166  0.792531  
0.541968  0.266462  0.809335  
0.505435  0.272174  0.820348  
0.483213  0.261208  0.837097  
0.459926  0.241553  0.863677  
0.435958  0.25536  0.871693  
0.420615  0.2321  0.882108  
0.374296  0.385812  0.871381  
0.357661  0.378398  0.874358  
0.333398  0.419603  0.889819  
0.320579  0.463937  0.878227  
0.320579  0.463937  0.878227  
0.289771  0.543546  0.918481  
0.263994  0.593823  0.865521  
0.21814  0.604975  0.833125  
0.216924  0.639027  0.798716  
0.134993  0.671875  0.767042  
0.0469307  0.719003  0.717559  
0.0741108  0.761302  0.668771  
0.0283888  0.803817  0.601666  
0.0675314  0.856442  0.53294  
0.049098  0.898293  0.449381  
0.0324676  0.940025  0.351462  
0.028117  0.972235  0.238398  
0.0268457  0.99359  0.119888  
0.000456105  1.02876  0.00213547  
1.87983  0.000125886  3.75986e-005  
0.990787  0.0274932  0.136796  
0.961401  0.0366333  0.275129  
0.91886  0.0655143  0.390849  
0.86825  0.0818666  0.496504  
0.814796  0.0862748  0.581964  
0.757411  0.111919  0.647529  
0.70113  0.147471  0.705654  
0.651675  0.179299  0.744906  
0.607704  0.187211  0.780068  
0.562793  0.208746  0.815302  
0.532443  0.205537  0.834152  
0.49824  0.239134  0.85198  
0.459926  0.241553  0.863677  
0.435958  0.25536  0.871693  
0.416277  0.250044  0.890531  
0.393259  0.193597  0.905704  
0.376017  0.179391  0.916471  
0.358152  0.190005  0.923905  
0.288032  0.316889  0.926722  
0.288032  0.316889  0.926722  
0.288032  0.316889  0.926722  
0.288032  0.316889  0.926722  
0.288032  0.316889  0.926722  
0.275966  0.301826  0.958077  
0.265352  0.293198  0.959947  
0.21814  0.604975  0.833125  
0.21814  0.604975  0.833125  
0.200877  0.638133  0.802765  
0.134993  0.671875  0.767042  
0.0469307  0.719003  0.717559  
0.118141  0.765956  0.654386  
0.0401956  0.817904  0.583255  
0.0350306  0.868452  0.497162  
0.0212018  0.923145  0.393051  
0.0289722  0.963308  0.275538  
0.0199238  0.990592  0.140204  
0.000456105  1.02876  0.00213547  
1.87983  0.000125886  3.75986e-005  
0.999096  0.0271226  0.0512223  
0.948543  0.0491416  0.31633  
0.895814  0.045885  0.446879  
0.832633  0.0749529  0.554206  
0.768554  0.106481  0.639322  
0.708713  0.108419  0.709987  
0.650871  0.131375  0.753168  
0.5944  0.140868  0.794597  
0.553279  0.149247  0.829707  
0.509337  0.175668  0.851004  
0.454269  0.193842  0.87461  
0.427879  0.196896  0.889757  
0.406335  0.187814  0.898983  
0.387588  0.195653  0.906593  
0.368458  0.150837  0.921681  
0.349535  0.143991  0.932085  
0.330977  0.202319  0.93364  
0.312814  0.198955  0.945597  
0.29807  0.114221  0.952136  
0.275525  0.125061  0.954203  
0.272221  0.139962  0.956131  
0.262095  0.159272  0.963938  
0.250802  0.153937  0.965889  
0.238103  0.127782  0.96804  
0.232596  0.0655465  0.971569  
0.223176  0.0830603  0.973749  
0.216881  0.103443  0.975428  
0.209455  0.0667665  0.97759  
0.188652  0.643901  0.808784  
0.0640707  0.65048  0.785643  
0.0720941  0.670597  0.774158  
0.0469307  0.719003  0.717559  
0.104986  0.772148  0.643651  
0.0231083  0.832766  0.554976  
0.049098  0.89692  0.449381  
0.0177672  0.950447  0.316266  
0.02139  0.987263  0.163129  
0.0003308  1.08897  0.0021408  
1.87983  0.000125886  3.75986e-005  
0.982594  0.0241797  0.186432  
0.932265  0.0452451  0.361389  
0.8682  0.0633992  0.499947  
0.783352  0.0871081  0.620702  
0.703975  0.0616835  0.711672  
0.638634  0.105713  0.767349  
0.578494  0.116705  0.81007  
0.526213  0.135047  0.845756  
0.482602  0.141212  0.868567  
0.444684  0.124793  0.891144  
0.41231  0.130719  0.906309  
0.377872  0.133093  0.921048  
0.358185  0.102083  0.931126  
0.334459  0.145308  0.940479  
0.313905  0.163561  0.945863  
0.293776  0.129602  0.952744  
0.275525  0.125061  0.954203  
0.265666  0.117591  0.959316  
0.246859  0.145782  0.965187  
0.238103  0.127782  0.96804  
0.231216  0.0738983  0.971719  
0.221416  0.134124  0.974782  
0.210831  0.208544  0.977252  
0.203911  0.115425  0.978926  
0.195745  0.0415456  0.980522  
0.188873  0.0309604  0.982088  
0.181543  0.0647557  0.983441  
0.175481  0.114911  0.984626  
0.169651  0.477678  0.985606  
0.163629  0.114934  0.98665  
0.159228  0.169174  0.987235  
0.0640707  0.65048  0.785643  
0.0640707  0.65048  0.785643  
0.0469307  0.719003  0.717559  
0.0593391  0.79068  0.617331  
0.0718605  0.862739  0.516461  
0.023328  0.932089  0.371844  
0.0100167  0.982337  0.195519  
0.0003308  1.08897  0.0021408  
1.87983  0.000125886  3.75986e-005  
0.982594  0.0241797  0.186432  
0.895814  0.045885  0.446879  
0.80369  0.0634261  0.597982  
0.703975  0.0616835  0.711672  
0.62565  0.0644249  0.781142  
0.553857  0.0893836  0.832887  
0.494731  0.0974289  0.868016  
0.445926  0.0934055  0.89494  
0.403763  0.115506  0.911317  
0.370339  0.0788973  0.926991  
0.341317  0.0729923  0.938797  
0.310125  0.130203  0.946689  
0.291645  0.116594  0.953958  
0.272221  0.139962  0.956131  
0.246859  0.145782  0.965187  
0.242035  0.120471  0.969417  
0.227869  0.111146  0.972474  
0.216481  0.0739651  0.975186  
0.205978  0.0332404  0.978461  
0.195745  0.0415456  0.980522  
0.186759  0.118741  0.982262  
0.178264  0.0562332  0.983729  
0.170891  0.115295  0.985409  
0.164235  0.0924778  0.986472  
0.158106  0.0857522  0.987541  
0.151655  0.0441867  0.988541  
0.146387  0.0190532  0.989345  
0.140797  0.252993  0.990092  
0.136475  0.16126  0.990772  
0.132252  0.283819  0.99125  
0.128028  0.0591824  0.991824  
0.124036  0.427393  0.992317  
0.120246  0.0301499  0.992823  
0.0640707  0.65048  0.785643  
0.0640707  0.65048  0.785643  
0.0469307  0.719003  0.717559  
0.0498824  0.810881  0.603347  
0.0242882  0.9017  0.450092  
0.0228345  0.974388  0.228819  
0.0003308  1.08897  0.0021408  
1.87983  0.000125886  3.75986e-005  
0.982594  0.0241797  0.186432  
0.871444  0.0417276  0.490615  
0.688128  0.0558163  0.726925  
0.601272  0.0632399  0.800128  
0.514326  0.0564443  0.859454  
0.443195  0.0613353  0.89742  
0.394012  0.0533731  0.918511  
0.350082  0.0829319  0.936276  
0.314013  0.0785176  0.947873  
0.28622  0.0847453  0.956382  
0.262172  0.0541345  0.966061  
0.242568  0.0767911  0.969352  
0.224711  0.0705786  0.974455  
0.209567  0.0766232  0.977453  
0.195745  0.0415456  0.980522  
0.183669  0.0401362  0.983042  
0.171553  0.046373  0.985113  
0.164235  0.0924778  0.986472  
0.155543  0.048336  0.98784  
0.147982  0.0384105  0.989065  
0.141484  0.0524074  0.990104  
0.134498  0.0898689  0.991092  
0.128884  0.0747743  0.991699  
0.124035  0.0358576  0.992316  
0.119215  0.121903  0.992917  
0.114701  0.0572501  0.993453  
0.109497  0.0225255  0.994003  
0.106241  0.119908  0.994413  
0.102593  0.0601303  0.994859  
0.0995772  0.0389229  0.995126  
0.0963056  0.0503732  0.995417  
0.0928741  0.0500556  0.995704  
0.090153  0.262492  0.995984  
0.0878986  0.246246  0.996196  
0.0850427  0.0424954  0.996433  
0.0824547  0.0514127  0.996606  
0.0638  0.654063  0.786249  
0.0469307  0.719003  0.717559  
0.00940674  0.842513  0.549226  
0.0156336  0.953157  0.316948  
0.000137133  1.04  0.00242594  
1.87983  0.000125886  3.75986e-005  
0.982594  0.0241797  0.186432  
0.773077  0.0285446  0.774536  
0.584817  0.0446535  0.877746  
0.393923  0.0447641  0.919678  
0.344475  0.0503317  0.939216  
0.305359  0.0354588  0.952949  
0.271514  0.0303557  0.962709  
0.242682  0.0330407  0.970645  
0.213548  0.0568028  0.976256  
0.195745  0.0415456  0.980522  
0.178388  0.0159303  0.983951  
0.164017  0.0432078  0.986516  
0.151669  0.0491531  0.988492  
0.140547  0.0436082  0.990195  
0.132004  0.0258586  0.991285  
0.12327  0.0480347  0.992435  
0.116339  0.0354067  0.993245  
0.109738  0.0112984  0.993981  
0.104461  0.0497928  0.994662  
0.0994089  0.0677549  0.995101  
0.0942087  0.057288  0.995584  
0.0893218  0.0494069  0.99603  
0.0863544  0.0152252  0.996334  
0.0829693  0.0369893  0.996626  
0.0792228  0.0346618  0.996912  
0.0767326  0.110582  0.997105  
0.0735836  0.0387199  0.997311  
0.07029  0.0275911  0.997594  
0.0686866  0.033964  0.997644  
0.0665452  0.0235305  0.997798  
0.0636142  0.0385264  0.998011  
0.0622971  0.153275  0.998079  
0.0604894  0.0660508  0.998185  
0.0582407  0.0313628  0.998325  
0.0570109  0.0303927  0.9984  
0.0552656  0.0134753  0.998502  
0.0540495  0.121712  0.998592  
0.0523581  0.0548639  0.998732  
0.0511619  0.103825  0.998752  
0.0328573  0.728013  0.70622  
0.0163745  0.908504  0.444581  
0.000137133  1.04  0.00242594  
1.87983  0.000125886  3.75986e-005  
0.768196  0.0147881  0.775953  
0.46271  0.0135952  0.927348  
0.310618  0.0146319  0.967224  
0.24517  0.0077527  0.979775  
0.195824  0.0249459  0.98067  
0.157068  0.0228174  0.987686  
0.135631  0.022446  0.991035  
0.113446  0.0237646  0.993823  
0.108528  0.0228375  0.994171  
0.0950143  0.0237025  0.995552  
0.0896002  0.0109876  0.996004  
0.0808616  0.0283633  0.996766  
0.076681  0.0149714  0.997104  
0.07105  0.0114061  0.997513  
0.0663783  0.0277705  0.997906  
0.0602451  0.0290975  0.998232  
0.0582555  0.0182695  0.99834  
0.0555283  0.0196118  0.998558  
0.0515573  0.028221  0.998786  
0.047334  0.0135629  0.998959  
0.047334  0.0135629  0.998959  
0.0455035  0.0166014  0.999  
0.0412393  0.020585  0.99916  
0.0412393  0.020585  0.99916  
0.039675  0.0477758  0.999268  
0.0384883  0.00878235  0.999286  
0.0359671  0.0107342  0.999379  
0.035281  0.0100568  0.999404  
0.0344835  0.0250241  0.999431  
0.0320661  0.0367009  0.999497  
0.0320661  0.0367009  0.999497  
0.0310074  0.0721383  0.999527  
0.0302233  0.0643561  0.999582  
0.0290117  0.00572354  0.999591  
0.0274131  0.0848861  0.999652  
0.0270614  0.00633695  0.999655  
0.0270614  0.00633695  0.999655  
0.0257976  0.14231  0.999696  
0.0257294  0.0293589  0.999709  
0.0228251  0.0150852  0.999767  
0.0228251  0.0150852  0.999767  
0.0123738  0.831537  0.621695  
9.63082e-005  1.02729  0.00259362  
0.0049572  2.23253e-005  1.00011  
0.0049572  2.23253e-005  1.00011  
0.0049572  2.23253e-005  1.00011  
0.0049572  2.23253e-005  1.00011  
0.0049572  2.23253e-005  1.00011  
0.0049572  2.23253e-005  1.00011  
0.0049572  2.23253e-005  1.00011  
0.00442846  3.06353e-005  1.00009  
0.00442846  3.06353e-005  1.00009  
0.00411369  0.00109904  1.00005  
0.00411369  0.00109904  1.00005  
0.00411369  0.00109904  1.00005  
0.00411369  0.00109904  1.00005  
0.00411369  0.00109904  1.00005  
0.00411369  0.00109904  1.00005  
0.00271157  0.00109904  1.00005  
0.00271157  0.00109904  1.00005  
0.00271157  0.00109904  1.00005  
0.00271157  0.00109904  1.00005  
0.00271157  0.00109904  1.00005  
0.00271157  0.00109904  1.00005  
0.00271157  0.00109904  1.00005  
0.00271157  0.00109904  1.00005  
0.00271157  0.00109904  1.00005  
0.00271157  0.00109904  1.00005  
0.00271157  0.00109904  1.00005  
0.00271157  0.00109904  1.00005  
0.00271157  0.00109904  1.00005  
0.00271157  0.00109904  1.00005  
0.00271157  0.00109904  1.00005  
0.00271157  0.00109904  1.00005  
0.00271157  0.00109904  1.00005  
0.00271157  0.00109904  1.00005  
0.00271157  0.00109904  1.00005  
0.00271157  0.00109904  1.00005  
0.00271157  0.00109904  1.00005  
0.00271157  0.00109904  1.00005  
0.00271157  0.00109904  1.00005  
0.00336564  0.00172063  1.00006  
0.00281622  0.0213059  1.00028  
0.00281622  0.0213059  1.00028  
0.00281622  0.0213059  1.00028  
0.00173979  0.0397737  1.00126  
0.00147882  0.0403469  1.00135  
9.63082e-005  1.02729  0.00259362  
