0.902869  0.371219  
0.902875  0.371233  
0.902873  0.371233  
0.902865  0.371221  
0.902864  0.37122  
0.902872  0.371228  
0.902878  0.371236  
0.902866  0.371227  
0.902875  0.371238  
0.902868  0.371218  
0.902869  0.371219  
0.902864  0.371225  
0.902879  0.371235  
0.902875  0.371229  
0.902868  0.371224  
0.902876  0.371231  
0.902865  0.371222  
0.902865  0.371222  
0.90286  0.371207  
0.902869  0.37122  
0.902867  0.371218  
0.902864  0.371225  
0.902784  0.371169  
0.902868  0.371218  
0.90286  0.371207  
0.902786  0.371166  
0.902861  0.371204  
0.902786  0.371166  
0.902867  0.371218  
0.902868  0.371215  
0.902871  0.371222  
0.902804  0.371179  
0.902826  0.371187  
0.902843  0.371199  
0.902826  0.371192  
0.902821  0.371188  
0.902826  0.371192  
0.902845  0.371201  
0.902861  0.371211  
0.90286  0.37121  
0.902826  0.371187  
0.902784  0.371169  
0.902854  0.371205  
0.902845  0.371201  
0.902854  0.371205  
0.902851  0.371222  
0.902837  0.371197  
0.902816  0.371181  
0.90286  0.37121  
0.902804  0.371179  
0.902855  0.371232  
0.902821  0.37119  
0.902846  0.371217  
0.902885  0.371248  
0.902859  0.371215  
0.902862  0.371213  
0.902821  0.37119  
0.902898  0.371263  
0.902874  0.371239  
0.902874  0.371239  
0.902894  0.371256  
0.902862  0.371213  
0.902851  0.371222  
0.902881  0.37123  
0.902863  0.371216  
0.831334  0.442839  
0.831345  0.442866  
0.83133  0.442832  
0.831378  0.442928  
0.831345  0.442866  
0.831372  0.442918  
0.831328  0.442818  
0.831334  0.442839  
0.83133  0.442832  
0.831328  0.442818  
0.749756  0.500808  
0.749756  0.500792  
0.749761  0.500808  
0.749754  0.500786  
0.749761  0.500808  
0.749733  0.50077  
0.749757  0.500805  
0.749748  0.500815  
0.749754  0.500786  
0.749758  0.50083  
0.749756  0.500792  
0.749756  0.500808  
0.749747  0.500796  
0.749733  0.50077  
0.749748  0.500815  
0.749747  0.500796  
0.717154  0.624858  
0.719221  0.627544  
0.717397  0.625155  
0.717154  0.624858  
0.615407  0.656675  
0.614276  0.654973  
0.613575  0.654207  
0.613242  0.653621  
0.613789  0.654375  
0.614366  0.65508  
0.613575  0.654207  
0.613241  0.653611  
0.613241  0.653611  
0.613575  0.654207  
0.510603  0.682161  
0.511045  0.682702  
0.510869  0.68251  
0.510779  0.682353  
0.510603  0.682161  
0.510869  0.68251  
0.510845  0.68243  
0.510914  0.682589  
0.510914  0.682589  
0.510669  0.682238  
0.510536  0.682064  
0.510457  0.681947  
0.510669  0.682238  
0.510457  0.681947  
0.439568  0.754144  
0.439568  0.754144  
0.439623  0.754206  
0.439623  0.754206  
0.439623  0.754206  
0.439623  0.754206  
0.439568  0.754144  
0.439626  0.754281  
0.439568  0.754144  
0.439607  0.754198  
0.439646  0.754271  
0.439646  0.754271  
0.375023  0.835065  
0.375021  0.835056  
0.375024  0.835064  
0.375025  0.835064  
0.37502  0.835056  
0.37502  0.835056  
0.375025  0.835064  
0.374992  0.835077  
0.271573  0.86326  
0.271579  0.863268  
0.271572  0.86326  
0.271582  0.863272  
0.271605  0.863307  
0.271573  0.86326  
0.271582  0.863274  
0.271572  0.86326  
0.271592  0.86329  
0.271592  0.86329  
0.271572  0.86326  
0.271632  0.863337  
0.271582  0.863272  
0.271617  0.863388  
0.271539  0.863361  
0.271539  0.863361  
0.20946  0.947515  
0.20946  0.947515  
0.209463  0.947519  
0.209463  0.947519  
0.209497  0.947519  
0.209457  0.947511  
0.209449  0.947578  
0.209457  0.947511  
0.209162  0.948177  
0.209162  0.948177  
0.121926  0.997229  
0.121928  0.997237  
0.121921  0.997225  
0.121931  0.997234  
0.121921  0.997223  
0.121926  0.997232  
0.121921  0.997227  
0.121921  0.997225  
0.121931  0.997234  
0.121926  0.997229  
0.121928  0.997237  
0.121929  0.997231  
0.121921  0.997223  
0.0279559  1.03827  
0.0279543  1.03827  
0.0279543  1.03827  
0.0279559  1.03827  
0.0279605  1.03828  
0.0279568  1.03828  
0.0279559  1.03828  
0.027959  1.03827  
0.0279557  1.03828  
0.0279612  1.03828  
0.0279557  1.03828  
0.0279569  1.03828  
0.0279589  1.03828  
0.027959  1.03827  
0.0279609  1.03828  
0.0279605  1.03828  
0.0279294  1.0383  
0.00272722  1.172  
0.00272722  1.172  
0.00272722  1.172  
0.00272722  1.172  
0.000123958  1.33341  
