0.904208  0.373072  
0.904183  0.373062  
0.904228  0.373076  
0.904175  0.373068  
0.904181  0.373067  
0.904181  0.373065  
0.904175  0.373068  
0.904184  0.373058  
0.904183  0.373062  
0.904211  0.373067  
0.904181  0.373065  
0.904174  0.373063  
0.904199  0.373061  
0.904186  0.373066  
0.904184  0.373058  
0.904175  0.373067  
0.904193  0.373063  
0.904193  0.373063  
0.90421  0.373061  
0.904199  0.373075  
0.904211  0.373067  
0.904187  0.373064  
0.904199  0.373061  
0.904185  0.373056  
0.904172  0.373065  
0.904186  0.373066  
0.904204  0.373045  
0.904191  0.37307  
0.904216  0.373067  
0.904174  0.373063  
0.904204  0.373045  
0.904196  0.373058  
0.90421  0.373061  
0.904183  0.37306  
0.904183  0.37306  
0.904198  0.373056  
0.904182  0.373033  
0.904206  0.373064  
0.904185  0.373056  
0.904194  0.373034  
0.904194  0.373034  
0.904208  0.373049  
0.904182  0.373033  
0.904201  0.373065  
0.904196  0.373058  
0.90419  0.37305  
0.90419  0.37305  
0.904191  0.37303  
0.904178  0.373071  
0.904182  0.373051  
0.904169  0.373055  
0.904191  0.37303  
0.904186  0.373046  
0.904186  0.373046  
0.904188  0.37305  
0.904196  0.373052  
0.904229  0.373081  
0.904185  0.373098  
0.904174  0.373097  
0.904169  0.373086  
0.904163  0.373056  
0.904169  0.373055  
0.904169  0.373086  
0.904188  0.373103  
0.904188  0.373103  
0.904174  0.373097  
0.904183  0.373123  
0.904181  0.373113  
0.904182  0.373118  
0.860179  0.483176  
0.860191  0.483211  
0.860182  0.483216  
0.860182  0.483216  
0.860179  0.483176  
0.860191  0.483211  
0.860212  0.483278  
0.781011  0.543138  
0.781011  0.543138  
0.780996  0.543106  
0.781011  0.543138  
0.780996  0.543106  
0.781011  0.543138  
0.660635  0.548197  
0.660634  0.548195  
0.660637  0.548198  
0.660635  0.548197  
0.660635  0.548197  
0.660637  0.548198  
0.660634  0.548196  
0.660635  0.548196  
0.660634  0.548196  
0.660633  0.548195  
0.660633  0.548195  
0.660636  0.548197  
0.660635  0.548196  
0.660635  0.548197  
0.660634  0.548195  
0.660635  0.548197  
0.61221  0.651498  
0.612184  0.651425  
0.612157  0.651349  
0.612157  0.651349  
0.612184  0.651425  
0.612208  0.651495  
0.612106  0.651148  
0.612106  0.651148  
0.52488  0.701239  
0.524805  0.701299  
0.52488  0.701239  
0.525252  0.702552  
0.52525  0.702388  
0.524805  0.701299  
0.525252  0.702552  
0.52545  0.702767  
0.524805  0.701299  
0.524805  0.701299  
0.524802  0.701275  
0.524802  0.701275  
0.449409  0.768034  
0.449373  0.7681  
0.449416  0.768084  
0.449416  0.768062  
0.449416  0.768084  
0.449409  0.768034  
0.449344  0.768103  
0.449242  0.768226  
0.449242  0.768226  
0.449238  0.768212  
0.449238  0.768212  
0.377607  0.839395  
0.377588  0.839387  
0.377588  0.839387  
0.377602  0.839397  
0.377579  0.839413  
0.377579  0.839413  
0.377607  0.839395  
0.377602  0.839397  
0.377346  0.839624  
0.271157  0.862936  
0.27525  0.868446  
0.275224  0.868475  
0.261082  0.849048  
0.267145  0.857381  
0.261082  0.849048  
0.267115  0.857407  
0.267098  0.857394  
0.267163  0.857382  
0.271157  0.862936  
0.267145  0.857381  
0.27525  0.868446  
0.267098  0.857394  
0.267141  0.857386  
0.267163  0.857382  
0.267116  0.857392  
0.202813  0.938497  
0.202813  0.938497  
0.202786  0.938483  
0.20282  0.938496  
0.202836  0.938497  
0.202836  0.938497  
0.202786  0.938483  
0.20282  0.938496  
0.202836  0.938497  
0.202843  0.938495  
0.202553  0.938986  
0.202553  0.938986  
0.138776  1.02041  
0.138704  1.02039  
0.138674  1.02054  
0.138618  1.02004  
0.138618  1.02004  
0.138704  1.02039  
0.138618  1.02004  
0.138618  1.02004  
0.138766  1.02009  
0.138414  1.02127  
0.0308308  1.04243  
0.0308537  1.0425  
0.0308308  1.04243  
0.0308308  1.04243  
0.0308216  1.04236  
0.0308262  1.0424  
0.0308192  1.04238  
0.0308509  1.04254  
0.0308262  1.0424  
0.0308521  1.04252  
0.0308337  1.04239  
0.0308542  1.04252  
0.0308192  1.04238  
0.0308316  1.04241  
0.0308509  1.04254  
0.0308216  1.04236  
0.0308302  1.04239  
0.0308302  1.04239  
6.08848e-005  1.16844  
6.14165e-005  1.16843  
6.35187e-005  1.16844  
6.35187e-005  1.16844  
6.26005e-005  1.16843  
6.14165e-005  1.16843  
