0.822864  1.3727  
0.822864  1.3727  
0.822864  1.3727  
0.822864  1.3727  
0.822864  1.3727  
0.822864  1.3727  
0.822864  1.3727  
0.822864  1.3727  
0.822864  1.3727  
0.822864  1.3727  
0.822864  1.3727  
0.822864  1.3727  
0.822864  1.3727  
0.822864  1.3727  
0.822864  1.3727  
0.822864  1.3727  
0.822864  1.3727  
0.822864  1.3727  
0.822864  1.3727  
0.822864  1.3727  
0.822864  1.3727  
0.822864  1.3727  
0.822864  1.3727  
0.822864  1.3727  
0.822864  1.3727  
0.822864  1.3727  
0.822864  1.3727  
0.822864  1.3727  
0.822864  1.3727  
0.822864  1.3727  
0.822864  1.3727  
0.822864  1.3727  
0.822864  1.3727  
0.822864  1.3727  
0.822864  1.3727  
0.822864  1.3727  
0.822864  1.3727  
0.822864  1.3727  
0.822864  1.3727  
0.822864  1.3727  
0.822864  1.3727  
0.822864  1.3727  
0.822864  1.3727  
0.822864  1.3727  
0.822864  1.3727  
0.822864  1.3727  
0.822864  1.3727  
0.822864  1.3727  
0.822864  1.3727  
0.822864  1.3727  
0.822864  1.3727  
0.822864  1.3727  
0.822864  1.3727  
0.822864  1.3727  
0.822864  1.3727  
0.822864  1.3727  
0.822864  1.3727  
0.822864  1.3727  
0.822864  1.3727  
0.822864  1.3727  
0.822864  1.3727  
0.822864  1.3727  
0.822864  1.3727  
0.822864  1.3727  
0.822864  1.3727  
0.822864  1.3727  
0.822864  1.3727  
0.822864  1.3727  
0.822864  1.3727  
0.822864  1.3727  
0.822864  1.3727  
0.822864  1.3727  
0.822864  1.3727  
0.822864  1.3727  
0.822864  1.3727  
0.822864  1.3727  
0.822864  1.3727  
0.822864  1.3727  
0.822864  1.3727  
0.822864  1.3727  
0.822864  1.3727  
0.822864  1.3727  
0.822864  1.3727  
0.822864  1.3727  
0.822864  1.3727  
0.822864  1.3727  
0.822864  1.3727  
0.822864  1.3727  
0.822864  1.3727  
0.822864  1.3727  
0.822864  1.3727  
0.822864  1.3727  
0.822864  1.3727  
0.822864  1.3727  
0.822864  1.3727  
0.822864  1.3727  
0.822864  1.3727  
0.822864  1.3727  
0.822864  1.3727  
0.822864  1.3727  
0.822864  1.3727  
0.822864  1.3727  
0.822864  1.3727  
0.822864  1.3727  
0.822864  1.3727  
0.822864  1.3727  
0.822864  1.3727  
0.822864  1.3727  
0.822864  1.3727  
0.822864  1.3727  
0.822864  1.3727  
0.822864  1.3727  
0.822864  1.3727  
0.822864  1.3727  
0.822864  1.3727  
0.822864  1.3727  
0.822864  1.3727  
0.822864  1.3727  
0.822864  1.3727  
0.822864  1.3727  
0.822864  1.3727  
0.822864  1.3727  
0.822864  1.3727  
0.8197  1.38281  
0.812427  1.40255  
0.806163  1.41938  
0.799377  1.43893  
0.793883  1.45917  
0.786663  1.47673  
0.779443  1.49437  
0.77328  1.51291  
0.765032  1.53411  
0.758818  1.55348  
0.751972  1.57419  
0.744694  1.59244  
0.737918  1.61323  
0.729995  1.63433  
0.722267  1.65416  
0.714306  1.67643  
0.707183  1.69626  
0.699643  1.71748  
0.692051  1.73914  
0.683454  1.76233  
0.682525  1.76554  
0.682521  1.76552  
0.682525  1.76554  
0.682521  1.76552  
0.682525  1.76554  
0.682525  1.76555  
0.682525  1.76554  
0.682525  1.76554  
0.682525  1.76554  
0.682523  1.76553  
0.682523  1.76553  
0.478391  2.33918  
0.478423  2.33901  
0.478398  2.33897  
0.478398  2.33897  
0.478414  2.33899  
0.4784  2.33899  
0.478414  2.33899  
0.478401  2.3392  
0.478423  2.33901  
0.478416  2.33924  
0.4784  2.33899  
0.472784  2.35608  
0.462501  2.38448  
0.451451  2.41527  
0.439686  2.44805  
0.430121  2.47573  
0.418216  2.50904  
0.406587  2.5426  
0.395146  2.57448  
0.382575  2.61037  
0.371108  2.64201  
0.359084  2.68013  
0.346075  2.71373  
0.334521  2.75274  
0.329293  2.76755  
0.329293  2.76755  
0.329293  2.76755  
0.134777  3.31513  
0.134777  3.31513  
0.134777  3.31513  
0.134777  3.31513  
0.134777  3.31513  
0.134777  3.31513  
0.134777  3.31513  
0.134777  3.31513  
0.134777  3.31513  
0.134777  3.31513  
0.134777  3.31513  
0.12025  3.35624  
0.101705  3.40673  
0.0847873  3.4571  
0.069639  3.50223  
0.052597  3.55192  
0.035769  3.60505  
0.0166613  3.64984  
0.000317239  3.69539  
