0.138012  0.871032  
0.135655  0.871168  
0.13414  0.871381  
0.132619  0.871704  
0.130839  0.871814  
0.130839  0.871814  
0.130139  0.872157  
0.129796  0.872461  
0.129796  0.872461  
0.129548  0.872951  
0.129353  0.873197  
0.128964  0.873325  
0.127886  0.873533  
0.127427  0.873841  
0.127427  0.873841  
0.127427  0.873841  
0.126843  0.874528  
0.126752  0.874618  
0.126472  0.874815  
0.126055  0.875054  
0.125831  0.875239  
0.125593  0.875496  
0.125235  0.87575  
0.124807  0.875962  
0.124561  0.876205  
0.124157  0.876389  
0.123975  0.876613  
0.123794  0.876762  
0.123424  0.877053  
0.123108  0.877332  
0.122961  0.877512  
0.122716  0.877703  
0.122496  0.877784  
0.122149  0.878139  
0.122668  0.877853  
0.121741  0.87858  
0.121674  0.878793  
0.121354  0.879004  
0.121193  0.879229  
0.120785  0.879395  
0.120619  0.879645  
0.120394  0.879764  
0.120138  0.880055  
0.12015  0.880208  
0.119716  0.880551  
0.119654  0.880689  
0.119291  0.880969  
0.11909  0.881126  
0.118928  0.881303  
0.11868  0.881591  
0.118405  0.881769  
0.118415  0.881921  
0.117915  0.882267  
0.117883  0.882377  
0.11755  0.88269  
0.117399  0.882893  
0.117105  0.883102  
0.116831  0.883371  
0.116631  0.883519  
0.116447  0.883738  
0.116191  0.883975  
0.116095  0.88416  
0.115738  0.884441  
0.115562  0.884655  
0.115357  0.884813  
0.115086  0.885101  
0.114918  0.885188  
0.114774  0.885414  
0.114487  0.885657  
0.114266  0.885929  
0.113993  0.886147  
0.113893  0.886396  
0.113681  0.886521  
0.113625  0.886632  
0.113436  0.886966  
0.113104  0.887223  
0.112751  0.887438  
0.112869  0.887456  
0.112397  0.887815  
0.112177  0.888109  
0.111976  0.888203  
0.111707  0.888534  
0.111424  0.888708  
0.111226  0.888916  
0.110984  0.889144  
0.110854  0.88935  
0.110639  0.889518  
0.110458  0.889785  
0.110101  0.89001  
0.109882  0.890213  
0.109628  0.890454  
0.109543  0.890642  
0.109317  0.890909  
0.109137  0.891053  
0.108793  0.891336  
0.108664  0.891411  
0.108418  0.891758  
0.108149  0.891971  
0.107924  0.892185  
0.107743  0.892369  
0.107474  0.892611  
0.107382  0.89271  
0.107067  0.893043  
0.106888  0.893227  
0.106641  0.893463  
0.106592  0.893719  
0.106251  0.893899  
0.106006  0.894142  
0.105741  0.894353  
0.105551  0.894553  
0.105381  0.894743  
0.105192  0.894947  
0.104973  0.89511  
0.104751  0.895382  
0.104491  0.895651  
0.104273  0.895793  
0.104049  0.896074  
0.103857  0.896225  
0.103688  0.896465  
0.103424  0.896713  
0.1032  0.896889  
0.103018  0.897142  
0.102836  0.897229  
0.102609  0.89755  
0.1024  0.897758  
0.102144  0.897964  
0.101914  0.898198  
0.101741  0.898312  
0.101515  0.898541  
0.101198  0.898864  
0.101006  0.899036  
0.100783  0.899265  
0.100663  0.899483  
0.100415  0.899684  
0.100222  0.899903  
0.0999258  0.900124  
0.0997818  0.900374  
0.0997534  0.900503  
0.0994869  0.900835  
0.0991665  0.901  
0.0991224  0.901053  
0.098644  0.901426  
0.0985644  0.901639  
0.0983384  0.901779  
0.0980773  0.902118  
0.0978778  0.902229  
0.0976213  0.902517  
0.0973812  0.90274  
0.0971652  0.902919  
0.0969589  0.903183  
0.0967185  0.903432  
0.0965749  0.903588  
0.0963583  0.903807  
0.0961166  0.904044  
0.0959816  0.904154  
0.0957263  0.90441  
0.0955091  0.904638  
0.0952538  0.904881  
0.0950964  0.904985  
0.0949254  0.905291  
0.09471  0.905453  
0.0943977  0.905737  
0.0942748  0.905879  
0.0940174  0.906172  
0.0937885  0.906421  
0.0934875  0.90663  
0.0932802  0.906813  
0.0931216  0.907036  
0.0928875  0.90718  
0.0926901  0.907446  
0.0924444  0.907642  
0.0922334  0.907877  
0.0920347  0.908107  
0.0919127  0.90835  
0.0915953  0.908563  
0.0913167  0.908749  
0.0911206  0.909006  
0.0909278  0.909182  
0.0906897  0.909384  
0.0905  0.909607  
0.0902913  0.90985  
0.0900635  0.910015  
0.0899188  0.910264  
0.0896286  0.910501  
0.0894511  0.910722  
0.0891928  0.910908  
0.088999  0.911128  
0.0887748  0.911353  
0.088487  0.91158  
0.0883266  0.911779  
0.0881627  0.91203  
0.0879759  0.912145  
0.0877261  0.912433  
0.0874949  0.912649  
0.087364  0.912879  
0.0869689  0.913102  
0.0868963  0.913282  
0.0866603  0.913488  
0.0864138  0.913755  
0.0862887  0.913878  
0.0860205  0.914097  
0.0857956  0.914342  
0.0855579  0.914615  
0.085349  0.914775  
0.0851034  0.915  
0.0849027  0.915258  
0.0847652  0.915407  
0.0844489  0.915699  
0.0842807  0.915785  
0.0839787  0.916066  
0.0837724  0.916329  
0.0836781  0.916476  
0.0833711  0.91668  
0.0832246  0.916979  
0.0829655  0.917185  
0.0827219  0.917405  
0.0825668  0.917596  
0.082306  0.917815  
0.0821026  0.917976  
0.0819394  0.918174  
0.0816727  0.918453  
0.0814694  0.918665  
0.08125  0.918852  
0.0810259  0.919122  
0.0808151  0.919271  
0.0805025  0.919536  
0.0802684  0.919788  
0.0801275  0.919989  
0.079954  0.920154  
0.0797377  0.920402  
0.0794621  0.920618  
0.0792765  0.920814  
0.0790653  0.921095  
0.0788048  0.921327  
0.0786894  0.921465  
0.0784489  0.921698  
0.0782525  0.921901  
0.077902  0.922189  
0.0777493  0.9224  
0.0776016  0.922572  
0.0773671  0.922704  
0.077153  0.922949  
0.0769247  0.923118  
0.0766876  0.92347  
0.0765012  0.923686  
0.0763287  0.923861  
0.0760259  0.924105  
0.0758209  0.924298  
0.0756411  0.924407  
0.0753696  0.924737  
0.0752762  0.924964  
0.0749985  0.925179  
0.0748286  0.925324  
0.0745998  0.925615  
0.0743001  0.925769  
0.0741091  0.925996  
0.0739337  0.926222  
0.0736985  0.926404  
0.073413  0.926679  
0.0732642  0.926836  
0.073055  0.927076  
0.0727834  0.927295  
0.0726421  0.927532  
0.0723699  0.927785  
0.0722069  0.92792  
0.0719653  0.928104  
0.0717367  0.928359  
0.0715469  0.928598  
0.0713014  0.928782  
0.0710785  0.928983  
0.070947  0.929192  
0.0707409  0.92938  
0.0704608  0.92964  
0.0701937  0.929886  
0.0700084  0.930092  
0.0698132  0.93033  
0.0696088  0.930489  
0.0694272  0.930755  
0.0691571  0.930975  
0.0689759  0.931106  
0.0687441  0.931393  
0.0685174  0.931608  
0.0683204  0.931768  
0.0681207  0.932028  
0.0678674  0.932245  
0.067615  0.932475  
0.0674721  0.932613  
0.0672501  0.932908  
0.0670699  0.933171  
0.066735  0.933386  
0.0665321  0.933564  
0.0663579  0.933748  
0.0661483  0.933958  
0.0659205  0.934237  
0.0657436  0.934424  
0.0654822  0.934594  
0.0653081  0.934746  
0.0651459  0.934973  
0.0648333  0.935301  
0.0646204  0.935466  
0.064429  0.935646  
0.0641701  0.935871  
0.0640352  0.936138  
0.0637896  0.936282  
0.0635872  0.936476  
0.0633609  0.936779  
0.0631304  0.936943  
0.0628163  0.937224  
0.0626016  0.937455  
0.0624888  0.937576  
0.0622568  0.937862  
0.0620328  0.938072  
0.0618453  0.93824  
0.0616326  0.938514  
0.0614323  0.938738  
0.0611819  0.938871  
0.0610014  0.939088  
0.0607669  0.93936  
0.0605439  0.939561  
0.0603147  0.939739  
0.0601311  0.939985  
0.0598804  0.940171  
0.0596743  0.940377  
0.0594406  0.940659  
0.0592241  0.940848  
0.0590012  0.941081  
0.0588185  0.941262  
0.0585953  0.941501  
0.058376  0.941759  
0.0582251  0.941913  
0.0579603  0.942131  
0.0576873  0.942376  
0.0575177  0.942582  
0.05731  0.942758  
0.0570814  0.943019  
0.0569107  0.943183  
0.0566727  0.943424  
0.0563434  0.943685  
0.0561828  0.943888  
0.0559888  0.944056  
0.0558176  0.94429  
0.0554963  0.944559  
0.055347  0.944688  
0.0551757  0.944979  
0.0549335  0.945162  
0.0546577  0.945394  
0.0544408  0.945646  
0.0542777  0.945792  
0.0540514  0.946014  
0.0538586  0.946209  
0.0536895  0.946497  
0.0534662  0.946743  
0.0532084  0.946828  
0.0529738  0.947097  
0.0527804  0.947356  
0.0525461  0.947512  
0.0523367  0.947719  
0.0521345  0.947983  
0.0519067  0.948203  
0.0517466  0.948375  
0.0514889  0.948638  
0.0512757  0.948825  
0.051053  0.949025  
0.0508452  0.949214  
0.0506294  0.949459  
0.0504001  0.949656  
0.050192  0.94989  
0.0499701  0.950087  
0.049783  0.950289  
0.0495649  0.9505  
0.0493095  0.950764  
0.0491328  0.950959  
0.0489235  0.951226  
0.0486893  0.951362  
0.0484886  0.951586  
0.0482134  0.9519  
0.048049  0.952094  
0.0478022  0.952267  
0.0475785  0.952528  
0.0473553  0.952778  
0.047157  0.952945  
0.0469358  0.95311  
0.0467684  0.953396  
0.0465098  0.953551  
0.0463165  0.953787  
0.0460596  0.953997  
0.0458729  0.954215  
0.0456498  0.954369  
0.0453925  0.954656  
0.0451912  0.954852  
0.0449827  0.955073  
0.0448282  0.955287  
0.0445926  0.955477  
0.0443395  0.955718  
0.0441712  0.955938  
0.0439468  0.956179  
0.0436877  0.956396  
0.0435129  0.956582  
0.0433289  0.956826  
0.0431109  0.957012  
0.0427927  0.957272  
0.0426435  0.957442  
0.0424126  0.957644  
0.0421841  0.957869  
0.0419671  0.958112  
0.041764  0.958288  
0.0415795  0.958505  
0.0413552  0.95872  
0.0411559  0.958927  
0.0408619  0.95919  
0.0406883  0.959365  
0.0405193  0.959576  
0.0403031  0.959815  
0.0400258  0.960008  
0.0398091  0.960234  
0.0396494  0.960446  
0.0394345  0.960792  
0.0391457  0.96089  
0.0389344  0.96114  
0.0387606  0.961343  
0.0384925  0.961558  
0.038327  0.961782  
0.0380974  0.961976  
0.0378963  0.962213  
0.0376466  0.96242  
0.0374245  0.962627  
0.0373102  0.962761  
0.0370265  0.963061  
0.0367756  0.963269  
0.0365763  0.963468  
0.0364063  0.96365  
0.0361507  0.963913  
0.0359661  0.964154  
0.0357291  0.964342  
0.0355205  0.964553  
0.0353434  0.964728  
0.035087  0.965002  
0.0348986  0.965155  
0.034676  0.965427  
0.0344274  0.965598  
0.0342696  0.965853  
0.0340255  0.966033  
0.0337397  0.966293  
0.0336286  0.966418  
0.0333584  0.966677  
0.0331648  0.966856  
0.0329577  0.967134  
0.0327563  0.967279  
0.0324894  0.967559  
0.0323034  0.967745  
0.0320794  0.967948  
0.0318778  0.968158  
0.0316778  0.968389  
0.0314519  0.968575  
0.0312274  0.968788  
0.0309847  0.969039  
0.030782  0.969251  
0.0305641  0.969467  
0.0303682  0.969712  
0.0301587  0.969895  
0.0299164  0.970123  
0.0297323  0.97029  
0.0294974  0.970528  
0.0292477  0.970771  
0.0290408  0.971009  
0.0288499  0.971213  
0.028661  0.971394  
0.0283843  0.971663  
0.0281963  0.971863  
0.0280109  0.972105  
0.0277731  0.972259  
0.0275856  0.972473  
0.0273603  0.972726  
0.0271653  0.972917  
0.0269028  0.973124  
0.0267068  0.973359  
0.0264966  0.973604  
0.0262869  0.973764  
0.026073  0.974013  
0.0257922  0.974263  
0.0255958  0.974435  
0.0254303  0.974605  
0.0251523  0.974899  
0.0250059  0.975064  
0.024757  0.975324  
0.0245401  0.975536  
0.0243176  0.975731  
0.024134  0.975923  
0.0238841  0.976154  
0.0236983  0.97639  
0.0234593  0.976629  
0.0232344  0.9768  
0.0230626  0.976996  
0.0228525  0.977193  
0.0226189  0.977461  
0.0224073  0.977651  
0.0221968  0.977914  
0.0219667  0.978096  
0.0217573  0.978338  
0.0215226  0.978586  
0.021316  0.978794  
0.0211314  0.978977  
0.0209041  0.979134  
0.0206928  0.979357  
0.0204676  0.979645  
0.0202138  0.979904  
0.0200043  0.980073  
0.0198171  0.98025  
0.0196185  0.9805  
0.0193907  0.980681  
0.0191453  0.980938  
0.018854  0.981194  
0.0187666  0.981344  
0.0184884  0.981593  
0.0183477  0.981872  
0.018109  0.982032  
0.0178045  0.982304  
0.0176597  0.982441  
0.01746  0.982653  
0.0172212  0.982844  
0.0170306  0.983096  
0.0167909  0.98331  
0.0165316  0.983526  
0.016382  0.983763  
0.0161447  0.983983  
0.0159439  0.984154  
0.0156646  0.984418  
0.0154943  0.984617  
0.0152997  0.984832  
0.0150812  0.984996  
0.0148053  0.985235  
0.014654  0.985561  
0.0143796  0.985701  
0.0142119  0.98587  
0.0139612  0.986125  
0.013802  0.986285  
0.0135124  0.986542  
0.0133563  0.986688  
0.0130988  0.987019  
0.0129274  0.98714  
0.0127098  0.987359  
0.0124489  0.987661  
0.012275  0.987768  
0.0120731  0.988049  
0.0118603  0.988187  
0.0115832  0.988474  
0.0113376  0.988743  
0.0111925  0.988883  
0.0109898  0.989098  
0.0106634  0.989403  
0.0105103  0.98955  
0.0103189  0.989729  
0.0101289  0.989963  
0.00991279  0.990275  
0.00969632  0.990388  
0.00948426  0.990592  
0.00926402  0.990842  
0.00906565  0.990998  
0.00880866  0.991254  
0.0085784  0.991512  
0.00837723  0.991676  
0.00820281  0.991828  
0.00793825  0.992098  
0.00777632  0.992273  
0.00750134  0.992609  
0.00732881  0.992803  
0.00711526  0.992927  
0.00688939  0.993298  
0.0066845  0.993384  
0.00639812  0.993664  
0.00621783  0.99389  
0.00599859  0.99411  
0.00578637  0.994282  
0.00552625  0.994624  
0.00540134  0.994736  
0.00515919  0.994896  
0.00497077  0.995081  
0.00469523  0.995345  
0.00452742  0.99554  
0.0042926  0.995778  
0.00409178  0.996007  
0.00382846  0.99628  
0.00366013  0.996427  
0.00338814  0.996665  
0.0031718  0.996919  
0.00300767  0.997063  
0.00279369  0.997278  
0.00254966  0.997529  
0.00230231  0.99783  
0.00210254  0.997961  
0.00189409  0.998168  
0.00169261  0.998363  
0.00142598  0.998637  
0.00126995  0.998767  
0.00109901  0.998977  
0.000851762  0.999285  
0.000619312  0.999464  
0.000419329  0.999659  
0.000187521  0.999919  
3.36873e-005  1.0001  
