0.770655  0.780082  2.70632e-005  
1.24333  0.00403104  6.5601e-005  
0.00175578  1.16813  0.000143801  
1.2331  0.000264188  6.98045e-005  
0.713807  0.713874  0.016332  
0.00175578  1.16813  0.000143801  
1.25058  0.000260636  0.000146834  
0.896256  0.448819  0.0045923  
0.0190639  0.99996  0.0215499  
0.00175578  1.16813  0.000143801  
1.25058  0.000260636  0.000146834  
0.951581  0.312566  0.011421  
0.713807  0.713874  0.016332  
0.00683191  0.99991  0.0206434  
0.00145856  1.19121  6.60467e-005  
1.25058  0.000260636  0.000146834  
0.972339  0.239442  0.0219368  
0.86682  0.498516  0.0418903  
0.556047  0.833561  0.0255381  
0.00465277  0.999779  0.0255422  
0.00145856  1.19121  6.60467e-005  
1.25058  0.000260636  0.000146834  
0.982988  0.185965  0.0131281  
0.895428  0.447665  0.0471093  
0.713807  0.713874  0.016332  
0.0205918  0.998947  0.052405  
0.00465277  0.999779  0.0255422  
0.00145856  1.19121  6.60467e-005  
1.2331  0.000264188  6.98045e-005  
0.987729  0.159219  0.020603  
0.929214  0.369343  0.0314053  
0.866535  0.502486  0.06614  
0.597832  0.802146  0.0267745  
0.0149207  0.998852  0.0529849  
0.00465277  0.999779  0.0255422  
0.00145856  1.19121  6.60467e-005  
1.23771  0.000262333  8.71213e-005  
0.990129  0.140336  0.0260312  
0.949821  0.315546  0.0284529  
0.866535  0.502486  0.06614  
0.706737  0.707689  0.0724676  
0.514532  0.858356  0.0263054  
0.0149207  0.998852  0.0529849  
0.00465277  0.999779  0.0255422  
0.00145856  1.19121  4.06716e-005  
1.2331  0.000264188  6.98045e-005  
0.993571  0.11225  0.0226823  
0.963056  0.275204  0.0449023  
0.895428  0.447665  0.0471093  
0.864108  0.500743  0.093081  
0.626472  0.786262  0.0417331  
0.0213688  0.996663  0.0843567  
0.00814415  0.998643  0.0562717  
0.0139537  0.999693  0.028389  
0.00128778  1.1276  0.000351047  
1.2331  0.000264188  6.98045e-005  
0.993977  0.108888  0.0230333  
0.97081  0.241016  0.0302432  
0.918246  0.393599  0.0577182  
0.864108  0.500743  0.093081  
0.706737  0.707689  0.0724676  
0.5548  0.832156  0.0468894  
0.018379  0.996543  0.0872458  
0.0207218  0.998605  0.0579571  
0.00375784  0.999655  0.0291962  
0.000917175  1.10444  0.000381941  
1.2331  0.000264188  6.98045e-005  
0.995647  0.0986835  0.0126121  
0.97766  0.211404  0.00731516  
0.93704  0.350846  0.0638878  
0.867882  0.495542  0.0620955  
0.706737  0.707689  0.0724676  
0.640009  0.768141  0.0754674  
0.500767  0.863589  0.0985014  
0.00668992  0.996275  0.0868637  
0.0207218  0.998605  0.0579571  
0.00375784  0.999655  0.0291962  
0.000917175  1.10444  0.000381941  
1.2331  0.000264188  6.98045e-005  
0.996448  0.0870055  0.0143967  
0.980732  0.195764  0.043712  
0.948985  0.316194  0.0533518  
0.895428  0.447665  0.0471093  
0.862669  0.499298  0.118192  
0.706737  0.707689  0.0724676  
0.580055  0.815176  0.0672047  
0.0105027  0.992591  0.124116  
0.0111437  0.995745  0.0934322  
0.0157201  0.998365  0.061057  
0.00375784  0.999655  0.0291962  
0.000917175  1.10444  0.000381941  
1.2331  0.000264188  6.98045e-005  
0.996747  0.0825043  0.0152838  
0.984005  0.172319  0.0591887  
0.956911  0.286436  0.0812527  
0.91185  0.401811  0.112283  
0.861074  0.496478  0.138328  
0.706737  0.707689  0.0724676  
0.648936  0.757086  0.123091  
0.52804  0.846042  0.128365  
0.0132132  0.992306  0.127673  
0.0228862  0.995694  0.0952488  
0.00501723  0.998223  0.0642931  
0.00375784  0.999655  0.0291962  
0.000917175  1.10444  0.000381941  
1.2331  0.000264188  6.98045e-005  
0.997326  0.0740627  0.0232271  
0.987162  0.159472  0.0385117  
0.963425  0.262528  0.0741393  
0.927765  0.366108  0.119311  
0.867778  0.482361  0.143524  
0.860721  0.487864  0.172138  
0.706737  0.707689  0.0724676  
0.595027  0.797942  0.13236  
0.500767  0.863589  0.0985014  
0.00415793  0.991701  0.13058  
0.0053084  0.995338  0.0975641  
0.0158982  0.998046  0.0656571  
0.00970985  0.999585  0.0333217  
0.000917175  1.10444  0.000381941  
1.2331  0.000264188  6.98045e-005  
0.99796  0.0657976  0.0316473  
0.987914  0.150955  0.0551128  
0.968047  0.235226  0.100211  
0.935456  0.33787  0.119359  
0.88939  0.441313  0.145316  
0.856682  0.492478  0.174983  
0.698414  0.701948  0.181196  
0.655142  0.742369  0.168579  
0.551134  0.826916  0.151139  
0.012263  0.985636  0.169786  
0.019364  0.991187  0.134254  
0.0116228  0.994912  0.10237  
0.0158982  0.998046  0.0656571  
0.00970985  0.999585  0.0333217  
0.000917175  1.10444  0.000381941  
1.2331  0.000264188  6.98045e-005  
0.99796  0.0657976  0.0316473  
0.989268  0.140303  0.0607704  
0.973392  0.21494  0.0973498  
0.945789  0.314833  0.125723  
0.908948  0.411852  0.157522  
0.856682  0.492478  0.174983  
0.852071  0.490112  0.20417  
0.696499  0.700796  0.199006  
0.608242  0.778069  0.194538  
0.504062  0.850855  0.169939  
0.00896146  0.985055  0.17277  
0.0103293  0.990241  0.140405  
0.0121727  0.994423  0.106311  
0.00493707  0.997637  0.0711157  
0.00970985  0.999585  0.0333217  
0.000813161  1.08834  0.000505111  
1.23771  0.000262333  8.71213e-005  
0.998071  0.058754  0.0343123  
0.990156  0.129834  0.0656426  
0.975201  0.206491  0.101606  
0.952112  0.284607  0.134957  
0.915813  0.380051  0.160871  
0.871589  0.463935  0.173702  
0.852071  0.490112  0.20417  
0.68641  0.697135  0.228383  
0.651977  0.735552  0.213771  
0.550052  0.81301  0.203484  
0.499282  0.854375  0.18598  
0.0292046  0.983809  0.181601  
0.00469425  0.989453  0.146525  
0.00924759  0.994181  0.108406  
0.00493707  0.997637  0.0711157  
0.00759749  0.999516  0.0357712  
0.000813161  1.08834  0.000505111  
1.23771  0.000262333  8.71213e-005  
0.998725  0.0579512  0.0204626  
0.991584  0.121469  0.0725986  
0.977848  0.188663  0.100366  
0.95506  0.272654  0.140358  
0.924146  0.345528  0.175883  
0.88258  0.436599  0.201115  
0.845957  0.490821  0.227191  
0.842513  0.488826  0.255128  
0.68641  0.697135  0.228383  
0.61633  0.769993  0.228395  
0.523953  0.831072  0.205458  
0.0346689  0.975278  0.224583  
0.0294676  0.982609  0.188146  
0.0032469  0.988943  0.151735  
0.0167573  0.993806  0.112719  
0.0100756  0.997301  0.0754154  
0.0109245  0.999344  0.0381301  
0.000813161  1.08834  0.000505111  
1.23771  0.000262333  8.71213e-005  
0.998737  0.0449673  0.0350703  
0.991252  0.11542  0.0764388  
0.97935  0.173844  0.110491  
0.957616  0.250977  0.151016  
0.931045  0.329023  0.185135  
0.892971  0.407547  0.204826  
0.845957  0.490821  0.227191  
0.841098  0.472246  0.268058  
0.684283  0.691262  0.272464  
0.65636  0.72069  0.253561  
0.574529  0.789896  0.251374  
0.491714  0.845398  0.231783  
0.0159296  0.973055  0.232617  
0.019809  0.981197  0.195663  
0.0231304  0.987803  0.1581  
0.00581665  0.993206  0.11695  
0.0227801  0.997121  0.0788541  
0.0109245  0.999344  0.0381301  
0.000813161  1.08834  0.000505111  
1.23771  0.000262333  8.71213e-005  
0.998585  0.0497569  0.0407242  
0.991988  0.100346  0.079278  
0.979387  0.171894  0.113704  
0.959801  0.236693  0.155772  
0.937423  0.308219  0.190423  
0.900458  0.383624  0.223549  
0.85668  0.457481  0.249652  
0.837529  0.484859  0.274153  
0.829296  0.474743  0.309597  
0.680386  0.6864  0.28073  
0.614417  0.751587  0.275835  
0.541505  0.812541  0.266483  
0.491714  0.845398  0.231783  
0.0217031  0.970781  0.241008  
0.019986  0.979824  0.201797  
0.0143042  0.986816  0.163783  
0.00365909  0.992582  0.123321  
0.0130132  0.996714  0.0830395  
0.0129306  0.999339  0.04034  
0.000588952  1.06746  0.000645365  
1.23771  0.000262333  8.71213e-005  
0.998585  0.0497569  0.0407242  
0.991988  0.100346  0.079278  
0.979849  0.159536  0.126932  
0.962597  0.220444  0.166015  
0.939038  0.285908  0.203676  
0.908408  0.360533  0.22945  
0.8642  0.433616  0.264088  
0.835222  0.476454  0.287354  
0.827132  0.473476  0.321903  
0.677579  0.678804  0.321247  
0.649592  0.710945  0.301145  
0.579385  0.773063  0.28521  
0.508689  0.827168  0.273078  
0.0276494  0.959097  0.28906  
0.0512191  0.969177  0.252781  
0.0201085  0.977634  0.211825  
0.013728  0.985669  0.169709  
0.00824532  0.991797  0.128455  
0.0189359  0.99677  0.0852042  
0.0129306  0.999339  0.04034  
0.000588952  1.06746  0.000645365  
1.24745  0.000248666  0.000269501  
0.998737  0.0449673  0.0350703  
0.992325  0.0963769  0.0805127  
0.980326  0.152841  0.13193  
0.964094  0.208708  0.169975  
0.941069  0.275819  0.204235  
0.9115  0.340163  0.240513  
0.876351  0.406969  0.276154  
0.834208  0.47394  0.300073  
0.821727  0.476154  0.328911  
0.66655  0.668994  0.355077  
0.664513  0.673086  0.331192  
0.60906  0.731805  0.323627  
0.542396  0.783491  0.321907  
0.48839  0.827926  0.303679  
0.0356601  0.954254  0.303077  
0.0263743  0.965926  0.260769  
0.0363183  0.976267  0.221111  
0.00636296  0.984241  0.177338  
0.0128146  0.991321  0.133385  
0.00778852  0.996187  0.0899773  
0.0129306  0.999339  0.04034  
0.000588952  1.06746  0.000645365  
1.25036  0.000233007  0.000277205  
0.998683  0.0408386  0.0459893  
0.992327  0.087967  0.094545  
0.980385  0.143747  0.139003  
0.964116  0.199711  0.182011  
0.943032  0.261605  0.218496  
0.916575  0.320558  0.255439  
0.881868  0.383784  0.282443  
0.840469  0.449183  0.320697  
0.815924  0.46873  0.343276  
0.809373  0.478113  0.381275  
0.650045  0.66836  0.380023  
0.639283  0.696281  0.361644  
0.577238  0.743928  0.354259  
0.510357  0.800876  0.339187  
0.481975  0.82083  0.326838  
0.0249699  0.949735  0.316138  
0.0227336  0.963259  0.274851  
0.0165138  0.973596  0.229034  
0.00996135  0.983111  0.187074  
0.0103293  0.990241  0.140405  
0.011586  0.995927  0.0935585  
0.00213543  0.999006  0.0455043  
0.000588952  1.06746  0.000645365  
1.25036  0.000233007  0.000277205  
0.998546  0.0339095  0.0493618  
0.992071  0.0875355  0.0979363  
0.981888  0.139077  0.138881  
0.965456  0.188274  0.191431  
0.944619  0.24822  0.234438  
0.916758  0.300688  0.273967  
0.885339  0.360659  0.300064  
0.851916  0.426156  0.339221  
0.811122  0.472585  0.366988  
0.80262  0.466017  0.385815  
0.648286  0.650417  0.413457  
0.652774  0.660537  0.384141  
0.594819  0.711494  0.394409  
0.544571  0.761258  0.374354  
0.48035  0.811578  0.360433  
0.0461233  0.930564  0.372446  
0.0362712  0.945745  0.329645  
0.0410875  0.959942  0.284089  
0.0217031  0.970781  0.241008  
0.019809  0.981197  0.195663  
0.00469425  0.989453  0.146525  
0.00583584  0.995259  0.0986645  
0.0124271  0.998933  0.0495708  
0.000588952  1.06746  0.000645365  
1.25227  0.000225215  0.000281268  
0.998543  0.031274  0.051883  
0.992214  0.0847517  0.0981238  
0.980358  0.131482  0.153128  
0.964122  0.180768  0.199549  
0.943373  0.232321  0.24851  
0.916477  0.289155  0.281003  
0.887343  0.337053  0.323875  
0.853417  0.39843  0.344546  
0.815301  0.442112  0.385964  
0.796393  0.462889  0.402365  
0.782038  0.445361  0.449036  
0.637467  0.645971  0.429949  
0.617291  0.673385  0.412934  
0.566845  0.7257  0.413393  
0.506037  0.770568  0.403533  
0.464546  0.797531  0.399666  
0.0635701  0.924209  0.389025  
0.0275997  0.941783  0.339001  
0.0293527  0.954955  0.298456  
0.0215219  0.968606  0.254261  
0.0182952  0.979173  0.204487  
0.0210888  0.988172  0.154794  
0.00509487  0.994743  0.104146  
0.00213543  0.999006  0.0455043  
0.000588952  1.06746  0.000645365  
1.25987  0.000201988  0.000294299  
0.998543  0.031274  0.051883  
0.991834  0.0779556  0.109966  
0.980506  0.122956  0.159994  
0.963833  0.174539  0.208122  
0.942357  0.224788  0.257851  
0.915239  0.271526  0.301007  
0.884693  0.320471  0.340384  
0.853861  0.367336  0.378668  
0.815481  0.42732  0.405524  
0.78706  0.453174  0.434558  
0.775482  0.438061  0.473913  
0.614946  0.626685  0.482237  
0.635095  0.637556  0.462942  
0.591187  0.675266  0.451402  
0.531547  0.728524  0.439627  
0.48267  0.783245  0.430957  
0.464546  0.797531  0.399666  
0.0442193  0.91683  0.402105  
0.0682575  0.934703  0.36372  
0.0249699  0.949735  0.316138  
0.0248328  0.964253  0.267371  
0.0270794  0.97732  0.217031  
0.0143042  0.986816  0.163783  
0.00924759  0.994181  0.108406  
0.00547234  0.998811  0.0554582  
0.000588952  1.06746  0.000645365  
1.25987  0.000201988  0.000294299  
0.998543  0.031274  0.051883  
0.991238  0.0750724  0.112379  
0.979169  0.118517  0.168874  
0.962938  0.155943  0.222658  
0.941935  0.208645  0.267229  
0.913646  0.259574  0.322031  
0.887969  0.300388  0.35712  
0.855187  0.357284  0.400647  
0.81372  0.407809  0.431598  
0.778193  0.450547  0.454886  
0.762083  0.445395  0.4898  
0.746619  0.41557  0.52714  
0.613385  0.616729  0.504713  
0.595824  0.645782  0.492271  
0.546916  0.696979  0.493666  
0.50439  0.744354  0.477786  
0.462345  0.780327  0.44665  
0.0736141  0.887381  0.466733  
0.0304243  0.907035  0.426872  
0.05447  0.927759  0.379097  
0.020962  0.943543  0.332471  
0.0382768  0.960696  0.282105  
0.0372208  0.974218  0.228814  
0.00896146  0.985055  0.17277  
0.00806554  0.993486  0.114901  
0.0107827  0.998647  0.0565528  
0.000588952  1.06746  0.000645365  
1.25987  0.000201988  0.000294299  
0.998003  0.0297308  0.0599111  
0.990734  0.0698677  0.122042  
0.979189  0.108542  0.180657  
0.960649  0.157817  0.240316  
0.937754  0.19962  0.288667  
0.913696  0.247864  0.335018  
0.883736  0.281264  0.381513  
0.84939  0.33347  0.421748  
0.813909  0.383843  0.451075  
0.774691  0.423473  0.482995  
0.753487  0.429694  0.514578  
0.734453  0.429284  0.542912  
0.588411  0.603018  0.54092  
0.604466  0.604122  0.530412  
0.556768  0.656592  0.526195  
0.521126  0.703645  0.490439  
0.46961  0.726262  0.510242  
0.45366  0.746483  0.498406  
0.0736537  0.875084  0.492037  
0.0274678  0.897841  0.447636  
0.0442193  0.91683  0.402105  
0.0268009  0.938576  0.349249  
0.0293527  0.954955  0.298456  
0.0151503  0.971478  0.242709  
0.0100534  0.98398  0.182476  
0.00365909  0.992582  0.123321  
0.0105962  0.998325  0.0617436  
0.000588952  1.06746  0.000645365  
1.26471  0.000190457  0.000301288  
0.997874  0.0256158  0.0649533  
0.99049  0.0643306  0.132042  
0.97756  0.0938232  0.195131  
0.959364  0.145161  0.253031  
0.934818  0.193987  0.307223  
0.908313  0.236851  0.353367  
0.87938  0.258166  0.404352  
0.84683  0.31992  0.435724  
0.808208  0.352188  0.483489  
0.770486  0.401082  0.510952  
0.739322  0.432628  0.540625  
0.723268  0.431483  0.573317  
0.699931  0.402126  0.59869  
0.592869  0.594216  0.592542  
0.565013  0.615288  0.565058  
0.521282  0.661641  0.571502  
0.498787  0.692337  0.559428  
0.45366  0.746483  0.498406  
0.0569336  0.835211  0.555815  
0.0298855  0.862169  0.507773  
0.0736141  0.887381  0.466733  
0.0327902  0.907631  0.422237  
0.0461233  0.931043  0.372446  
0.0249699  0.949735  0.316138  
0.0466071  0.967699  0.257334  
0.0241829  0.981261  0.195833  
0.0140568  0.99152  0.131915  
0.00216087  0.998003  0.0652619  
0.000588952  1.06746  0.000645365  
1.26471  0.000190457  0.000301288  
0.997652  0.0251045  0.0709249  
0.989731  0.0599804  0.133974  
0.975099  0.0886801  0.206614  
0.95282  0.147092  0.27357  
0.929337  0.179959  0.331255  
0.900584  0.222337  0.384315  
0.866299  0.252453  0.434451  
0.837288  0.30204  0.473289  
0.801965  0.340562  0.501338  
0.7659  0.380522  0.540124  
0.723957  0.412513  0.569688  
0.699931  0.402126  0.59869  
0.68097  0.383824  0.635864  
0.557909  0.557268  0.628941  
0.556744  0.567337  0.617187  
0.533293  0.610295  0.613841  
0.488724  0.653845  0.586468  
0.425661  0.696635  0.595629  
0.423453  0.712878  0.570873  
0.0900202  0.819959  0.579704  
0.0297885  0.84646  0.54359  
0.0420837  0.868869  0.497758  
0.0274678  0.897841  0.447636  
0.0305058  0.921079  0.394621  
0.0299078  0.943334  0.336036  
0.0103818  0.962514  0.275072  
0.0181553  0.978707  0.209755  
0.00524512  0.990439  0.140805  
0.0183534  0.997802  0.0707791  
0.000490329  1.04549  0.00146484  
1.27024  0.000178983  0.000308594  
0.997474  0.0299054  0.0737794  
0.988266  0.0583881  0.15044  
0.972314  0.0820471  0.223614  
0.950129  0.134743  0.290492  
0.923838  0.155802  0.354509  
0.892268  0.208849  0.407186  
0.861088  0.249637  0.446611  
0.828183  0.283594  0.502843  
0.794946  0.320252  0.536951  
0.751293  0.328668  0.579434  
0.705874  0.391558  0.597808  
0.685605  0.402172  0.632398  
0.664376  0.376501  0.662382  
0.645405  0.370167  0.691617  
0.526793  0.547727  0.663718  
0.536172  0.549374  0.650216  
0.47781  0.602975  0.658919  
0.452309  0.645073  0.643193  
0.433844  0.665904  0.618336  
0.409844  0.688129  0.613464  
0.0611666  0.793691  0.615474  
0.0443652  0.829343  0.563457  
0.0236266  0.855359  0.52466  
0.0828374  0.88451  0.474728  
0.038027  0.910549  0.417078  
0.0349126  0.936342  0.354401  
0.0147194  0.956728  0.292908  
0.0282101  0.975287  0.224251  
0.0172102  0.98948  0.149124  
0.0187283  0.99737  0.0747625  
0.000490329  1.04549  0.00146484  
1.27024  0.000178983  0.000308594  
0.997474  0.0299054  0.0737794  
0.986169  0.0541148  0.160191  
0.969816  0.0868153  0.2391  
0.943237  0.129128  0.3145  
0.916192  0.155339  0.377066  
0.884383  0.193235  0.436619  
0.848033  0.237487  0.492245  
0.811456  0.256928  0.53755  
0.775552  0.300189  0.573084  
0.737731  0.327622  0.596612  
0.694726  0.34792  0.641  
0.664376  0.376501  0.662382  
0.633682  0.383121  0.69771  
0.618174  0.377485  0.72125  
0.489571  0.520414  0.730336  
0.519918  0.523598  0.696539  
0.491024  0.543279  0.701129  
0.453604  0.580158  0.70512  
0.421341  0.624444  0.685235  
0.408105  0.644784  0.671975  
0.0852801  0.743107  0.686147  
0.0828819  0.782622  0.630763  
0.0649694  0.806094  0.605757  
0.0569336  0.835211  0.555815  
0.0232775  0.867788  0.50328  
0.0274678  0.897841  0.447636  
0.00530533  0.925694  0.38594  
0.0158453  0.950769  0.316619  
0.0151503  0.971478  0.242709  
0.0183616  0.987266  0.160803  
0.0197323  0.996924  0.0817886  
0.000490329  1.04549  0.00146484  
1.27357  0.00016711  0.000308208  
0.997474  0.0299054  0.0737794  
0.984483  0.0335132  0.176428  
0.96481  0.078356  0.259112  
0.936013  0.119439  0.336617  
0.904984  0.159359  0.408507  
0.870658  0.174728  0.473447  
0.830675  0.220526  0.523996  
0.797593  0.235452  0.576163  
0.755451  0.25043  0.617567  
0.713731  0.309321  0.651783  
0.678445  0.305175  0.677128  
0.63583  0.367501  0.703127  
0.611742  0.346721  0.729647  
0.588826  0.330999  0.748974  
0.565922  0.317952  0.770719  
0.485647  0.49254  0.743945  
0.4773  0.495053  0.747282  
0.442261  0.544533  0.724986  
0.426535  0.549498  0.728842  
0.360862  0.609101  0.721094  
0.360862  0.609101  0.721094  
0.12055  0.714829  0.714092  
0.150383  0.751428  0.679144  
0.0828819  0.782622  0.630763  
0.103963  0.817055  0.591359  
0.0286633  0.847581  0.540337  
0.0551867  0.882708  0.478379  
0.0385429  0.913065  0.410846  
0.00609589  0.941833  0.340824  
0.016083  0.965657  0.260469  
0.0120434  0.984513  0.177441  
0.0121445  0.996509  0.090447  
0.000490329  1.04549  0.00146484  
1.27357  0.00016711  0.000308208  
0.997474  0.0299054  0.0737794  
0.980994  0.0406607  0.191953  
0.95686  0.0873928  0.281549  
0.925739  0.0826806  0.37089  
0.888149  0.146388  0.444638  
0.853788  0.172158  0.510737  
0.808159  0.208826  0.5673  
0.763566  0.23776  0.61858  
0.729335  0.255946  0.650354  
0.687171  0.281585  0.679397  
0.639298  0.300155  0.714472  
0.610392  0.329107  0.73096  
0.578723  0.339301  0.755027  
0.557798  0.311085  0.783829  
0.533544  0.300829  0.804859  
0.439279  0.443657  0.796804  
0.459698  0.467418  0.795544  
0.417765  0.490113  0.777923  
0.389036  0.50563  0.780421  
0.382712  0.529689  0.765497  
0.358825  0.555258  0.76264  
0.347881  0.547361  0.772359  
0.109533  0.67746  0.745658  
0.12055  0.714829  0.714092  
0.138691  0.752854  0.67728  
0.0828819  0.782622  0.630763  
0.0676019  0.821214  0.577193  
0.0298855  0.862169  0.507773  
0.028708  0.898105  0.447604  
0.0266806  0.932105  0.367594  
0.0344778  0.959868  0.283029  
0.0241829  0.981261  0.195833  
0.0136682  0.995601  0.0951451  
0.000490329  1.04549  0.00146484  
1.26794  0.000157122  0.000644701  
0.997559  0.0284462  0.0736601  
0.97756  0.0340943  0.212637  
0.949496  0.0436388  0.317023  
0.911748  0.0921498  0.405646  
0.871229  0.143509  0.482566  
0.82421  0.16962  0.551463  
0.781878  0.189249  0.609386  
0.739759  0.190211  0.655699  
0.687746  0.23378  0.693612  
0.655391  0.259718  0.727387  
0.614522  0.257495  0.752649  
0.579039  0.285672  0.773799  
0.546101  0.320978  0.790445  
0.519892  0.296373  0.808962  
0.494147  0.290161  0.82456  
0.469956  0.278032  0.844604  
0.415963  0.41783  0.827615  
0.374085  0.436818  0.831218  
0.374678  0.466648  0.831131  
0.370562  0.46948  0.829073  
0.333804  0.512316  0.80027  
0.333804  0.512316  0.80027  
0.217798  0.617747  0.818529  
0.128099  0.64513  0.789561  
0.109533  0.67746  0.745658  
0.12055  0.714829  0.714092  
0.163638  0.759837  0.677247  
0.062926  0.793706  0.612573  
0.0569336  0.835211  0.555815  
0.0320423  0.876785  0.485011  
0.0394153  0.914237  0.408436  
0.0494317  0.951558  0.311321  
0.0223059  0.978116  0.211214  
0.0184512  0.995018  0.10673  
0.000490329  1.04549  0.00146484  
1.26794  0.000157122  0.000644701  
0.997559  0.0284462  0.0736601  
0.973204  0.0550385  0.228972  
0.936671  0.0814993  0.342454  
0.892895  0.0916163  0.445128  
0.847782  0.119756  0.527473  
0.79663  0.140979  0.594409  
0.74603  0.178914  0.652386  
0.702038  0.184763  0.694811  
0.653525  0.218385  0.737392  
0.608239  0.210641  0.769344  
0.575423  0.249864  0.790649  
0.538565  0.262211  0.807901  
0.504306  0.27797  0.828127  
0.480562  0.29024  0.839748  
0.458846  0.249097  0.862045  
0.436224  0.235959  0.87364  
0.355042  0.35634  0.883392  
0.368418  0.38116  0.860425  
0.346586  0.403787  0.86364  
0.343986  0.410974  0.854753  
0.306889  0.453273  0.851755  
0.306889  0.453273  0.851755  
0.290565  0.472295  0.851821  
0.108436  0.563043  0.843457  
0.048715  0.601352  0.825694  
0.235106  0.638909  0.80103  
0.0893456  0.664587  0.756463  
0.12055  0.714829  0.714092  
0.0876795  0.767367  0.669914  
0.048402  0.804669  0.602821  
0.0265611  0.850583  0.532294  
0.028708  0.898105  0.447604  
0.0146142  0.940135  0.352314  
0.0389681  0.97177  0.240949  
0.0203931  0.992893  0.121639  
0.000395639  1.05372  0.00187937  
1.26794  0.000157122  0.000644701  
0.998801  0.0267687  0.0551768  
0.965104  0.0519864  0.261913  
0.919623  0.0768069  0.38951  
0.868259  0.102828  0.491243  
0.813479  0.0878933  0.580684  
0.75702  0.141891  0.649844  
0.707249  0.162392  0.704454  
0.655496  0.176757  0.747076  
0.605998  0.171843  0.778822  
0.566771  0.199804  0.804987  
0.526254  0.221847  0.833739  
0.489593  0.23673  0.848731  
0.462455  0.22373  0.861197  
0.436224  0.235959  0.87364  
0.408716  0.23048  0.889646  
0.390651  0.210121  0.900098  
0.362634  0.210122  0.911714  
0.319684  0.330547  0.90034  
0.319684  0.330547  0.90034  
0.299028  0.363933  0.900663  
0.292327  0.386047  0.895007  
0.279109  0.409546  0.908304  
0.156085  0.453098  0.907896  
0.171147  0.480039  0.897074  
0.185719  0.501243  0.896396  
0.179991  0.545532  0.856097  
0.109717  0.576062  0.827248  
0.196267  0.618923  0.810745  
0.0893456  0.664587  0.756463  
0.12055  0.714829  0.714092  
0.121916  0.767517  0.66156  
0.0900202  0.819959  0.579704  
0.0382731  0.8755  0.488119  
0.0169088  0.922137  0.394677  
0.0103818  0.962514  0.275072  
0.0146001  0.991026  0.139789  
0.000395639  1.05372  0.00187937  
1.29559  0.000122914  0.00039794  
0.998801  0.0267687  0.0551768  
0.949496  0.0436388  0.317023  
0.900449  0.0536028  0.437455  
0.834691  0.0684885  0.554196  
0.770129  0.101772  0.635266  
0.706661  0.106615  0.707554  
0.643301  0.134798  0.756201  
0.598904  0.157981  0.801561  
0.550758  0.162075  0.825397  
0.511202  0.143823  0.850376  
0.475058  0.183066  0.863571  
0.438078  0.198784  0.883784  
0.409927  0.214258  0.894336  
0.384278  0.196098  0.90569  
0.362634  0.210122  0.911714  
0.3458  0.178689  0.921707  
0.329082  0.157556  0.932718  
0.270166  0.274758  0.936158  
0.277636  0.286725  0.93148  
0.277636  0.286725  0.93148  
0.264296  0.301447  0.934299  
0.246803  0.346124  0.91858  
0.230079  0.349647  0.917686  
0.230079  0.349647  0.917686  
0.127083  0.418726  0.9196  
0.156085  0.453098  0.907896  
0.171147  0.480039  0.897074  
0.137466  0.528066  0.883421  
0.108436  0.563043  0.843457  
0.048715  0.601352  0.825694  
0.142888  0.651172  0.771301  
0.12055  0.714829  0.714092  
0.0757023  0.778347  0.652303  
0.00172657  0.836761  0.558366  
0.0236716  0.899957  0.44854  
0.0494317  0.951558  0.311321  
0.0168462  0.987487  0.160547  
0.000395639  1.05372  0.00187937  
1.29559  0.000122914  0.00039794  
0.998831  0.0266953  0.0554572  
0.936087  0.0493599  0.355017  
0.857424  0.0594467  0.517198  
0.777917  0.0649965  0.630381  
0.705859  0.089871  0.709483  
0.640114  0.097259  0.771062  
0.583497  0.0714264  0.810894  
0.528055  0.0986503  0.846883  
0.486004  0.111771  0.868009  
0.444457  0.140287  0.889771  
0.409378  0.158963  0.902661  
0.380892  0.138989  0.917187  
0.346836  0.166958  0.924583  
0.329082  0.157556  0.932718  
0.312511  0.189319  0.938259  
0.295274  0.157121  0.946402  
0.277936  0.173663  0.95176  
0.258325  0.145233  0.956594  
0.202263  0.235838  0.955987  
0.213947  0.249804  0.951503  
0.22521  0.255223  0.949131  
0.214795  0.275217  0.942866  
0.203714  0.24939  0.952434  
0.189845  0.266101  0.955156  
0.189845  0.266101  0.955156  
0.152019  0.362562  0.948146  
0.103099  0.382209  0.933242  
0.151655  0.415809  0.922464  
0.156085  0.453098  0.907896  
0.147362  0.477445  0.898429  
0.137466  0.528066  0.883421  
0.109717  0.576062  0.827248  
0.0140144  0.664097  0.780247  
0.0307573  0.716907  0.715539  
0.0420073  0.793988  0.636777  
0.0572536  0.864623  0.514349  
0.0266806  0.932105  0.367594  
0.0135101  0.981356  0.195972  
0.000343032  1.07999  0.00238571  
1.29559  0.000122914  0.00039794  
0.998831  0.0266953  0.0554572  
0.923572  0.042707  0.385287  
0.799147  0.0644901  0.604263  
0.710624  0.0776314  0.702408  
0.622072  0.0882025  0.784563  
0.554675  0.0655997  0.832889  
0.488481  0.0951415  0.870317  
0.441991  0.102861  0.895461  
0.404726  0.100592  0.913428  
0.367313  0.118759  0.924147  
0.337271  0.120038  0.936999  
0.314607  0.129951  0.941456  
0.279121  0.12427  0.954159  
0.273101  0.137494  0.954236  
0.255249  0.144183  0.957565  
0.239302  0.131338  0.964055  
0.22793  0.123942  0.967433  
0.213725  0.125682  0.971302  
0.20433  0.124547  0.974112  
0.176809  0.189122  0.971994  
0.17388  0.201843  0.968005  
0.17388  0.201843  0.968005  
0.169245  0.218521  0.971564  
0.160016  0.221155  0.97787  
0.157323  0.159485  0.982351  
0.138375  0.275674  0.971453  
0.140185  0.279394  0.970538  
0.119169  0.314624  0.959385  
0.131685  0.34289  0.949825  
0.0952859  0.366844  0.9538  
0.103099  0.382209  0.933242  
0.103099  0.382209  0.933242  
0.103099  0.382209  0.933242  
0.102651  0.563087  0.843261  
0.0140144  0.664097  0.780247  
0.0307573  0.716907  0.715539  
0.0530275  0.814499  0.587396  
0.0236716  0.899957  0.44854  
0.0125442  0.971921  0.237786  
0.000343032  1.07999  0.00238571  
1.29559  0.000122914  0.00039794  
0.998831  0.0266953  0.0554572  
0.923572  0.042707  0.385287  
0.684839  0.0571887  0.730046  
0.585604  0.0578913  0.812808  
0.507512  0.0656048  0.863796  
0.444814  0.0738816  0.89798  
0.394612  0.072814  0.92137  
0.343718  0.0732619  0.940053  
0.315256  0.0863037  0.947804  
0.282298  0.0769805  0.959603  
0.257233  0.0896624  0.962512  
0.241266  0.0963832  0.968134  
0.223363  0.0848631  0.97172  
0.203839  0.105143  0.976634  
0.191721  0.110777  0.977948  
0.183836  0.101974  0.979928  
0.173288  0.0988687  0.981726  
0.163776  0.0829072  0.983578  
0.153191  0.0928205  0.985523  
0.147772  0.0733275  0.987398  
0.141048  0.142306  0.987714  
0.133552  0.0768388  0.989735  
0.129238  0.0707286  0.99028  
0.122631  0.138565  0.99131  
0.119069  0.136066  0.992334  
0.113899  0.133074  0.992755  
0.110285  0.0679219  0.993431  
0.106433  0.0445857  0.99396  
0.102616  0.0510309  0.994465  
0.0988313  0.0442476  0.99465  
0.0960203  0.0325102  0.995137  
0.0930443  0.104177  0.995312  
0.0905263  0.238549  0.995663  
0.0874595  0.0344215  0.995993  
0.0850308  0.14866  0.996091  
0.0814681  0.119039  0.996403  
0.0140144  0.664097  0.780247  
0.0307573  0.716907  0.715539  
0.00172657  0.836761  0.558366  
0.0234788  0.955489  0.314394  
8.12216e-005  1.07768  0.00296022  
1.29559  0.000122914  0.00039794  
1.05217  0.0242095  0.522519  
0.77109  0.0305795  0.785485  
0.581952  0.0263854  0.87842  
0.402749  0.0476226  0.915513  
0.307591  0.0508748  0.952722  
0.307591  0.0508748  0.952722  
0.259677  0.05242  0.967142  
0.243244  0.0527636  0.970869  
0.216168  0.0448481  0.977125  
0.195549  0.0601723  0.980845  
0.178176  0.0612748  0.984096  
0.163397  0.0470057  0.987095  
0.147694  0.0510361  0.988744  
0.141447  0.0621282  0.989223  
0.131144  0.0569775  0.990461  
0.121557  0.0723943  0.991167  
0.115985  0.0716401  0.991829  
0.109981  0.0551297  0.99319  
0.103079  0.0481808  0.993755  
0.0994547  0.0405282  0.994532  
0.0939814  0.0481109  0.995205  
0.0897002  0.0349087  0.995656  
0.0865721  0.043174  0.995703  
0.0829872  0.0323512  0.996531  
0.0789412  0.052711  0.996683  
0.0754995  0.0226015  0.996994  
0.0720331  0.0250169  0.997238  
0.0707441  0.0896037  0.997293  
0.0687522  0.0974521  0.997567  
0.0661146  0.018183  0.997734  
0.0638245  0.0640796  0.997844  
0.061692  0.0289638  0.99803  
0.0597165  0.109204  0.998111  
0.057851  0.0703631  0.998229  
0.0566062  0.0282565  0.998403  
0.0552299  0.107607  0.998493  
0.0527816  0.0630249  0.998595  
0.0495879  0.160962  0.998776  
0.0140144  0.664097  0.780247  
0.0307573  0.716907  0.715539  
0.00842635  0.894568  0.4501  
8.12216e-005  1.07768  0.00296022  
1.29559  0.000122914  0.00039794  
0.793887  0.0183858  0.789572  
0.437504  0.0117682  0.933263  
0.316962  0.0222009  0.967433  
0.244148  0.020967  0.982718  
0.195256  0.00317133  0.988223  
0.162957  0.0224885  0.991793  
0.141452  0.0206143  0.993361  
0.124053  0.0145784  0.994835  
0.0945189  0.0249183  0.995791  
0.0945189  0.0249183  0.995791  
0.0715303  0.0288432  0.997836  
0.0809827  0.0313368  0.997175  
0.0715303  0.0288432  0.997836  
0.0686771  0.0240913  0.997545  
0.0651069  0.0299007  0.997844  
0.0618982  0.0310448  0.997993  
0.0539774  0.0329129  0.998609  
0.0539774  0.0329129  0.998609  
0.0525604  0.0287128  0.998591  
0.0477288  0.0143923  0.998914  
0.0453926  0.0143838  0.998976  
0.0453926  0.0143838  0.998976  
0.0433359  0.0451335  0.999085  
0.0407628  0.0160875  0.999205  
0.0379009  0.037541  0.999327  
0.0379009  0.037541  0.999327  
0.035191  0.0371686  0.999452  
0.035191  0.0371686  0.999452  
0.0343388  0.0183415  0.999477  
0.0332948  0.0153056  0.999519  
0.0322026  0.0819822  0.999594  
0.0311949  0.0317537  0.999611  
0.0292582  0.0107894  0.999755  
0.0292582  0.0107894  0.999755  
0.0267636  0.0193458  0.999774  
0.0267636  0.0193458  0.999774  
0.0268525  0.0691427  0.999861  
0.0228535  0.0579466  0.999886  
0.0244745  0.0481792  0.9999  
0.0250676  0.263256  0.999831  
0.0230907  0.0154802  0.999912  
0.0063831  0.748469  0.710317  
0.000146863  1.05057  0.00384275  
0.038485  8.83551e-005  1.00462  
0.0214875  0.000333851  1.00135  
0.0156749  0.000634625  1.0016  
0.0156749  0.000634625  1.0016  
0.00936283  0.00140495  1.00056  
0.00936283  0.00140495  1.00056  
0.00936283  0.00140495  1.00056  
0.00807789  0.00149989  1.00043  
0.00756504  0.00158506  1.00038  
0.00713892  0.0016953  1.00033  
0.00654785  0.0019908  1.00027  
0.00643099  0.000708469  1.00023  
0.00643099  0.000708469  1.00023  
0.00643099  0.000708469  1.00023  
0.00643099  0.000708469  1.00023  
0.00643099  0.000708469  1.00023  
0.00643099  0.000708469  1.00023  
0.00643099  0.000708469  1.00023  
0.00643099  0.000708469  1.00023  
0.00643099  0.000708469  1.00023  
0.00643099  0.000708469  1.00023  
0.00643099  0.000708469  1.00023  
0.00643099  0.000708469  1.00023  
0.00643099  0.000708469  1.00023  
0.00643099  0.000708469  1.00023  
0.00643099  0.000708469  1.00023  
0.00643099  0.000708469  1.00023  
0.00643099  0.000708469  1.00023  
0.00643099  0.000708469  1.00023  
0.00643099  0.000708469  1.00023  
0.00643099  0.000708469  1.00023  
0.00643099  0.000708469  1.00023  
0.00643099  0.000708469  1.00023  
0.00643099  0.000708469  1.00023  
0.00643099  0.000708469  1.00023  
0.00643099  0.000708469  1.00023  
0.00643099  0.000708469  1.00023  
0.00643099  0.000708469  1.00023  
0.00643099  0.000708469  1.00023  
0.00643099  0.000708469  1.00023  
0.00556891  0.0586187  1.0028  
0.00462517  0.0649255  1.0031  
0.00416052  0.073435  1.00337  
0.000692719  0.0997733  1.00825  
0.000146863  1.05057  0.00384275  
