0.97255  0.296994  
0.97255  0.296994  
0.97255  0.296994  
0.972551  0.296994  
0.972551  0.296994  
0.97255  0.296994  
0.972551  0.296994  
0.97255  0.296994  
0.972549  0.296994  
0.972551  0.296994  
0.972549  0.296994  
0.97255  0.296994  
0.97255  0.296994  
0.97255  0.296994  
0.972549  0.296994  
0.97255  0.296994  
0.97255  0.296994  
0.972549  0.296994  
0.972551  0.296994  
0.97255  0.296994  
0.972551  0.296994  
0.972549  0.296994  
0.972551  0.296994  
0.97255  0.296994  
0.972549  0.296994  
0.972548  0.296994  
0.972548  0.296995  
0.97255  0.296994  
0.97255  0.296994  
0.972551  0.296994  
0.972549  0.296994  
0.97255  0.296994  
0.972548  0.296995  
0.972548  0.296995  
0.972548  0.296995  
0.972548  0.296995  
0.972549  0.296995  
0.972549  0.296994  
0.972548  0.296995  
0.972551  0.296994  
0.972544  0.296995  
0.972548  0.296995  
0.972551  0.296995  
0.972551  0.296995  
0.972551  0.296995  
0.972549  0.296995  
0.972519  0.297041  
0.972526  0.297032  
0.972523  0.297032  
0.972527  0.297031  
0.972519  0.297041  
0.972523  0.297032  
0.972524  0.297032  
0.89401  0.359112  
0.894025  0.359088  
0.894025  0.359088  
0.894016  0.359102  
0.893999  0.359131  
0.893999  0.359131  
0.894009  0.359112  
0.894009  0.359112  
0.893998  0.359131  
0.893998  0.359131  
0.814241  0.419454  
0.815262  0.42053  
0.814241  0.419454  
0.815207  0.420919  
0.814202  0.419673  
0.814202  0.419673  
0.814222  0.419468  
0.814222  0.419468  
0.814195  0.419663  
0.814195  0.419663  
0.732528  0.477351  
0.732505  0.477315  
0.732505  0.477315  
0.73251  0.477324  
0.732548  0.477388  
0.732529  0.477353  
0.732501  0.477307  
0.732529  0.477353  
0.732501  0.477307  
0.73251  0.477324  
0.732515  0.477333  
0.652591  0.537529  
0.652582  0.537549  
0.652557  0.537581  
0.652591  0.537529  
0.652582  0.537549  
0.652422  0.537365  
0.652311  0.537118  
0.652422  0.537365  
0.652311  0.537118  
0.652601  0.537581  
0.652579  0.537545  
0.574723  0.599334  
0.574723  0.599334  
0.574723  0.599334  
0.574723  0.599334  
0.574723  0.599334  
0.574723  0.599334  
0.574552  0.599442  
0.574521  0.599561  
0.574521  0.599561  
0.574521  0.599561  
0.574521  0.599561  
0.491731  0.655536  
0.491732  0.655536  
0.491706  0.655517  
0.491718  0.655527  
0.491718  0.655527  
0.491782  0.655575  
0.491732  0.655536  
0.491706  0.655517  
0.491442  0.655754  
0.491442  0.655754  
0.49148  0.65572  
0.49148  0.65572  
0.415144  0.721182  
0.416782  0.721296  
0.415494  0.721134  
0.416845  0.721305  
0.415314  0.721081  
0.416782  0.721296  
0.415144  0.721182  
0.415314  0.721081  
0.416146  0.7214  
0.415362  0.722221  
0.416241  0.723679  
0.415362  0.722221  
0.340942  0.787363  
0.342836  0.787397  
0.340942  0.787363  
0.340915  0.787359  
0.342889  0.787405  
0.342889  0.787405  
0.340915  0.787359  
0.339231  0.787312  
0.339231  0.787312  
0.338148  0.788555  
0.338148  0.788555  
0.33815  0.788554  
0.252602  0.837119  
0.252835  0.837711  
0.252602  0.837119  
0.253317  0.839093  
0.253435  0.838254  
0.252662  0.8372  
0.252726  0.837428  
0.252662  0.8372  
0.253094  0.837378  
0.252726  0.837428  
0.252879  0.837767  
0.253241  0.839021  
0.252835  0.837711  
0.252879  0.837767  
0.178926  0.902419  
0.178926  0.902419  
0.178861  0.902397  
0.178862  0.902398  
0.178772  0.902296  
0.178772  0.902296  
0.178862  0.902398  
0.178811  0.902343  
0.178863  0.902412  
0.178861  0.902397  
0.178114  0.903819  
0.1762  0.906474  
0.0954292  0.958607  
0.0954223  0.958607  
0.0954347  0.958607  
0.095423  0.958607  
0.0954164  0.958607  
0.0954091  0.958607  
0.0954223  0.958607  
0.0954292  0.958607  
0.0954358  0.958607  
0.0954358  0.958607  
0.0954365  0.958607  
0.0954365  0.958607  
0.0954164  0.958607  
0.0942552  0.958954  
0.00205083  1.00276  
0.00205083  1.00276  
0.00205082  1.00276  
0.00205083  1.00276  
0.00205083  1.00276  
0.00205083  1.00276  
0.00205083  1.00276  
0.00205083  1.00276  
0.00205082  1.00276  
0.00205083  1.00276  
0.00205082  1.00276  
0.00205083  1.00276  
0.00205083  1.00276  
0.00205082  1.00276  
0.00205082  1.00276  
0.00205082  1.00276  
0.00205082  1.00276  
3.13967e-006  1.11456  
