36.0695  0.0586594  76.1219  
36.0689  0.0586478  76.1206  
36.0695  0.0586594  76.1219  
36.0689  0.0586478  76.1206  
36.0706  0.058658  76.1235  
36.0713  0.0586827  76.1257  
36.0689  0.0586478  76.1206  
36.0706  0.058658  76.1235  
36.0695  0.0586594  76.1219  
36.0689  0.0586478  76.1206  
36.0706  0.0586565  76.1228  
36.0697  0.05865  76.1215  
36.0701  0.0586553  76.1225  
36.0697  0.05865  76.1215  
36.0702  0.0586564  76.1222  
36.0713  0.0586827  76.1257  
36.0695  0.0586594  76.1219  
36.0701  0.0586553  76.1225  
36.0702  0.0586564  76.1222  
36.0707  0.0586454  76.1231  
36.0682  0.0586581  76.1187  
36.07  0.0586557  76.1225  
36.0713  0.0586827  76.1257  
36.07  0.0586557  76.1225  
36.0694  0.0586462  76.1223  
36.0701  0.0586553  76.1225  
36.0697  0.05865  76.1215  
36.0682  0.0586581  76.1187  
36.0697  0.05865  76.1215  
36.0695  0.0586594  76.1219  
36.0702  0.0586719  76.1231  
36.0705  0.0586637  76.1233  
36.0701  0.0586553  76.1225  
36.0683  0.058668  76.1189  
36.0695  0.0586492  76.1216  
36.0682  0.0586581  76.1187  
36.0695  0.0586594  76.1219  
36.0695  0.0586594  76.1219  
36.0695  0.0586492  76.1216  
36.0701  0.0586553  76.1225  
36.0692  0.0586484  76.121  
36.0682  0.0586581  76.1187  
36.0701  0.0586553  76.1225  
36.0683  0.058668  76.1189  
36.0701  0.0586553  76.1225  
36.0702  0.0586719  76.1231  
36.0689  0.0586478  76.1206  
36.0707  0.0586454  76.1231  
36.0695  0.0586492  76.1216  
36.0694  0.0586462  76.1223  
36.0694  0.0586462  76.1223  
36.0707  0.0586454  76.1231  
36.0702  0.0586719  76.1231  
36.0683  0.058668  76.1189  
36.0689  0.0586478  76.1206  
36.0697  0.05865  76.1215  
36.0707  0.0586454  76.1231  
36.07  0.0586557  76.1225  
36.0689  0.0586478  76.1206  
36.0694  0.0586462  76.1223  
36.0689  0.0586478  76.1206  
36.0683  0.058668  76.1189  
36.0697  0.05865  76.1215  
36.0689  0.0586478  76.1206  
36.0707  0.0586454  76.1231  
36.0721  0.0586598  76.1281  
36.0695  0.0586594  76.1219  
36.0705  0.0586637  76.1233  
36.07  0.0586557  76.1225  
36.0683  0.058668  76.1189  
36.0694  0.0586462  76.1223  
36.0697  0.05865  76.1215  
36.0695  0.0586492  76.1216  
36.0706  0.058665  76.1249  
36.0681  0.0586539  76.1181  
36.0706  0.058658  76.1235  
36.0695  0.0586594  76.1219  
36.0706  0.058658  76.1235  
36.0708  0.0586771  76.1247  
36.07  0.0586557  76.1225  
36.0694  0.0586462  76.1223  
36.0692  0.0586484  76.121  
36.0706  0.058658  76.1235  
36.0695  0.0586492  76.1216  
36.0695  0.0586492  76.1216  
36.07  0.0586557  76.1225  
36.0706  0.058658  76.1235  
36.0694  0.0586462  76.1223  
36.0677  0.0586636  76.1181  
36.0716  0.0586464  76.1252  
36.0683  0.058668  76.1189  
36.0695  0.0586492  76.1216  
36.0714  0.0586699  76.126  
36.0695  0.0586594  76.1219  
36.0695  0.0586492  76.1216  
36.0706  0.058658  76.1235  
36.0689  0.058652  76.1217  
36.0696  0.0586611  76.1223  
36.07  0.0586557  76.1225  
36.0695  0.0586594  76.1219  
36.0706  0.058658  76.1235  
36.0724  0.0586613  76.1287  
36.0697  0.05865  76.1215  
36.067  0.0586671  76.1168  
36.067  0.0586671  76.1168  
36.0696  0.0586602  76.1232  
36.0711  0.0586738  76.1255  
36.0714  0.0586699  76.126  
36.0739  0.05864  76.1314  
36.0716  0.0586464  76.1252  
36.0713  0.0586682  76.1258  
36.0689  0.0586478  76.1206  
36.0682  0.0586581  76.1187  
36.0698  0.058669  76.1227  
36.0694  0.0586462  76.1223  
36.0697  0.05865  76.1215  
36.0675  0.0586572  76.117  
36.0683  0.058668  76.1189  
36.067  0.0586477  76.1161  
36.0721  0.0586867  76.1276  
36.0706  0.0586675  76.1234  
36.0713  0.0586682  76.1258  
36.0679  0.0586452  76.1182  
36.0687  0.0586637  76.1199  
36.0714  0.0586699  76.126  
36.0698  0.058669  76.1227  
36.0696  0.0586611  76.1223  
36.0739  0.05864  76.1314  
36.067  0.0586477  76.1161  
36.0715  0.0586608  76.1264  
36.0689  0.0586524  76.12  
36.0683  0.058668  76.1189  
36.0698  0.058669  76.1227  
36.067  0.0586477  76.1161  
36.0739  0.05864  76.1314  
36.067  0.0586477  76.1161  
36.0669  0.0586567  76.1161  
36.0687  0.0586637  76.1199  
36.0713  0.0586682  76.1258  
36.0687  0.0586637  76.1199  
36.07  0.0586644  76.1232  
36.0669  0.0586567  76.1161  
36.0695  0.0586492  76.1216  
36.0698  0.058669  76.1227  
36.0681  0.0586539  76.1181  
36.0682  0.0586581  76.1187  
36.0677  0.0586636  76.1181  
36.0698  0.058669  76.1227  
36.0675  0.0586674  76.1174  
36.0698  0.058669  76.1227  
36.0675  0.0586572  76.117  
36.0675  0.0586572  76.117  
36.0677  0.0586636  76.1181  
36.068  0.0586644  76.118  
36.0687  0.0586637  76.1199  
36.0687  0.0586637  76.1199  
36.0669  0.0586567  76.1161  
36.0689  0.058652  76.1217  
36.0714  0.0586699  76.126  
36.0721  0.0586598  76.1281  
36.0695  0.0586492  76.1216  
36.07  0.0586644  76.1232  
36.0689  0.0586524  76.12  
36.0675  0.0586674  76.1174  
36.067  0.0586477  76.1161  
36.0682  0.0586581  76.1187  
36.0681  0.0586539  76.1181  
36.0682  0.0586581  76.1187  
36.0682  0.0586581  76.1187  
36.0681  0.0586539  76.1181  
36.0693  0.0586662  76.121  
36.0679  0.0586452  76.1182  
36.0685  0.0586706  76.1205  
36.0713  0.0586682  76.1258  
36.0687  0.0586637  76.1199  
36.0678  0.058657  76.1184  
36.07  0.0586626  76.123  
36.07  0.0586626  76.123  
36.0669  0.0586567  76.1161  
36.0696  0.0586611  76.1223  
36.0696  0.0586611  76.1223  
36.0677  0.0586636  76.1181  
36.0696  0.0586611  76.1223  
36.0689  0.0586524  76.12  
36.0689  0.0586524  76.12  
36.0677  0.0586636  76.1181  
36.0681  0.0586539  76.1181  
36.0689  0.0586524  76.12  
36.0692  0.0586674  76.1206  
36.0713  0.0586827  76.1257  
36.0702  0.0586537  76.1234  
36.0713  0.0586827  76.1257  
36.0687  0.0586637  76.1199  
36.07  0.0586626  76.123  
36.0708  0.0586647  76.1238  
36.07  0.0586644  76.1232  
36.07  0.0586626  76.123  
36.0714  0.0586535  76.1262  
36.0702  0.0586583  76.1229  
36.0674  0.0586513  76.1174  
36.0681  0.0586539  76.1181  
36.0677  0.0586636  76.1181  
36.0688  0.0586564  76.1202  
36.0671  0.0586438  76.1171  
36.0739  0.05864  76.1314  
36.0679  0.0586452  76.1182  
36.0677  0.0586636  76.1181  
36.0673  0.0586627  76.1173  
36.0677  0.0586636  76.1181  
36.0673  0.0586627  76.1173  
36.069  0.0586619  76.1211  
36.0702  0.0586537  76.1234  
36.0702  0.0586537  76.1234  
36.0713  0.0586682  76.1258  
36.069  0.0586619  76.1211  
36.0678  0.058657  76.1184  
36.0716  0.0586659  76.1262  
36.07  0.0586626  76.123  
36.0669  0.0586567  76.1161  
36.0714  0.0586535  76.1262  
36.0678  0.058657  76.1184  
36.067  0.0586477  76.1161  
36.067  0.0586477  76.1161  
36.0673  0.0586627  76.1173  
36.0677  0.0586636  76.1181  
36.0688  0.0586529  76.1196  
36.067  0.0586477  76.1161  
36.0689  0.0586524  76.12  
36.0675  0.0586674  76.1174  
36.0683  0.058675  76.1192  
36.0693  0.058673  76.1215  
36.0713  0.0586682  76.1258  
36.0701  0.0586674  76.1237  
36.0678  0.058657  76.1184  
36.0714  0.0586535  76.1262  
36.0692  0.0586484  76.121  
36.0678  0.058657  76.1184  
36.0714  0.0586535  76.1262  
36.07  0.0586644  76.1232  
36.0669  0.0586567  76.1161  
36.0714  0.0586535  76.1262  
36.0678  0.058657  76.1184  
36.0714  0.0586535  76.1262  
36.0671  0.0586438  76.1171  
36.0702  0.0586583  76.1229  
36.0675  0.0586572  76.117  
36.0689  0.0586524  76.12  
36.0674  0.0586513  76.1174  
36.067  0.0586477  76.1161  
36.0671  0.0586438  76.1171  
36.0695  0.0586578  76.121  
36.067  0.0586477  76.1161  
36.0675  0.0586572  76.117  
36.0713  0.0586475  76.1256  
36.0717  0.0586469  76.1266  
36.0692  0.0586559  76.1219  
36.0712  0.0586378  76.1249  
36.072  0.0586642  76.1279  
36.0687  0.0586637  76.1199  
36.0701  0.0586592  76.1231  
36.0669  0.0586567  76.1161  
36.0688  0.0586545  76.1198  
36.0693  0.0586618  76.1212  
36.0711  0.0586645  76.1251  
36.0688  0.0586545  76.1198  
36.0688  0.0586564  76.1202  
36.0671  0.0586438  76.1171  
36.071  0.0586678  76.1254  
36.0724  0.0586613  76.1287  
36.0695  0.0586578  76.121  
36.0693  0.058673  76.1215  
36.0666  0.0586514  76.1151  
36.0691  0.0586599  76.1217  
36.0693  0.058673  76.1215  
36.0671  0.0586438  76.1171  
36.0675  0.0586572  76.117  
36.0712  0.0586445  76.1258  
36.0712  0.0586378  76.1249  
36.0689  0.0586618  76.1213  
36.0714  0.0586535  76.1262  
36.0701  0.0586592  76.1231  
36.0702  0.0586537  76.1234  
36.0688  0.0586545  76.1198  
36.0697  0.058658  76.1227  
36.07  0.0586644  76.1232  
36.0714  0.0586535  76.1262  
36.0697  0.05865  76.1215  
36.067  0.0586556  76.1172  
36.0716  0.0586659  76.1262  
36.0674  0.0586513  76.1174  
36.0683  0.0586517  76.1195  
36.0683  0.0586517  76.1195  
36.0683  0.0586517  76.1195  
36.0688  0.0586564  76.1202  
36.0671  0.0586438  76.1171  
36.0693  0.058673  76.1215  
36.0723  0.058649  76.1266  
36.0716  0.0586464  76.1252  
36.0675  0.0586572  76.117  
36.0712  0.0586512  76.1243  
36.0691  0.0586646  76.1216  
36.0713  0.0586475  76.1256  
36.0669  0.0586567  76.1161  
36.0726  0.058669  76.128  
36.0717  0.0586469  76.1266  
36.07  0.0586626  76.123  
36.0709  0.0586417  76.1238  
36.0722  0.0586592  76.127  
36.0712  0.0586378  76.1249  
36.0669  0.0586567  76.1161  
36.0674  0.0586513  76.1174  
36.0674  0.0586513  76.1174  
36.067  0.0586556  76.1172  
36.0716  0.0586659  76.1262  
36.0683  0.0586517  76.1195  
36.0683  0.0586517  76.1195  
36.0674  0.0586513  76.1174  
36.0675  0.0586572  76.117  
36.0671  0.0586438  76.1171  
36.0712  0.0586512  76.1243  
36.0675  0.0586572  76.117  
36.0666  0.0586514  76.1151  
36.0695  0.0586578  76.121  
36.0723  0.058649  76.1266  
36.0673  0.0586627  76.1173  
36.0695  0.0586709  76.122  
36.0692  0.0586559  76.1219  
36.0686  0.0586599  76.1204  
36.0713  0.0586475  76.1256  
36.0702  0.0586537  76.1234  
36.0722  0.0586592  76.127  
36.0704  0.0586667  76.1238  
36.0697  0.058658  76.1227  
36.0693  0.0586618  76.1212  
36.0712  0.0586378  76.1249  
36.0695  0.0586431  76.1208  
36.0674  0.0586513  76.1174  
36.0697  0.058658  76.1227  
36.0683  0.0586517  76.1195  
36.0688  0.0586564  76.1202  
36.0689  0.0586524  76.12  
36.0671  0.0586438  76.1171  
36.0706  0.0586752  76.1239  
36.0689  0.0586524  76.12  
36.0745  0.0586606  76.1334  
36.0723  0.058649  76.1266  
36.0675  0.0586572  76.117  
36.0712  0.0586512  76.1243  
36.0723  0.058649  76.1266  
36.0708  0.0586538  76.1251  
36.0708  0.0586538  76.1251  
36.0712  0.0586445  76.1258  
36.0702  0.0586537  76.1234  
36.0687  0.058648  76.1202  
36.0712  0.0586378  76.1249  
36.0722  0.0586592  76.127  
36.0717  0.0586469  76.1266  
36.0687  0.058648  76.1202  
36.0709  0.0586417  76.1238  
36.0702  0.0586583  76.1229  
36.07  0.0586626  76.123  
36.0695  0.0586431  76.1208  
36.0688  0.0586545  76.1198  
36.0688  0.0586545  76.1198  
36.0674  0.0586513  76.1174  
36.0688  0.0586564  76.1202  
36.067  0.0586556  76.1172  
36.0683  0.0586517  76.1195  
36.0714  0.0586514  76.1261  
36.0691  0.0586599  76.1217  
36.0745  0.0586606  76.1334  
36.0674  0.0586513  76.1174  
36.0714  0.0586514  76.1261  
36.0688  0.0586564  76.1202  
36.0739  0.05864  76.1314  
36.0695  0.0586578  76.121  
36.0708  0.0586538  76.1251  
36.0712  0.0586512  76.1243  
36.0712  0.0586445  76.1258  
36.0713  0.0586475  76.1256  
36.0712  0.0586445  76.1258  
36.0713  0.0586475  76.1256  
36.0702  0.0586537  76.1234  
36.0713  0.0586475  76.1256  
36.0702  0.0586537  76.1234  
36.0713  0.0586475  76.1256  
36.0712  0.0586378  76.1249  
36.0697  0.058658  76.1227  
36.0722  0.0586592  76.127  
36.0718  0.0586463  76.1264  
36.0674  0.0586513  76.1174  
36.0702  0.0586583  76.1229  
36.0688  0.0586545  76.1198  
36.0692  0.0586484  76.121  
36.0689  0.0586524  76.12  
36.0671  0.0586438  76.1171  
36.0723  0.058649  76.1266  
36.0745  0.0586606  76.1334  
36.0714  0.058642  76.1272  
36.0683  0.0586517  76.1195  
36.0673  0.0586627  76.1173  
36.0723  0.058649  76.1266  
36.0712  0.0586512  76.1243  
36.0691  0.0586599  76.1217  
36.0712  0.0586767  76.1254  
36.0708  0.0586538  76.1251  
36.0701  0.0586674  76.1237  
36.0712  0.0586378  76.1249  
36.0695  0.0586709  76.122  
36.0712  0.0586445  76.1258  
36.0695  0.0586431  76.1208  
36.0709  0.0586417  76.1238  
36.0687  0.058648  76.1202  
36.0716  0.058647  76.1263  
36.0691  0.0586591  76.1208  
36.0688  0.0586545  76.1198  
36.072  0.0586642  76.1279  
36.0709  0.0586417  76.1238  
36.0697  0.058658  76.1227  
36.0714  0.0586535  76.1262  
36.0718  0.0586463  76.1264  
36.0718  0.0586629  76.1268  
36.0692  0.0586501  76.1217  
36.0693  0.0586618  76.1212  
36.0688  0.0586564  76.1202  
36.0714  0.0586514  76.1261  
36.0688  0.0586564  76.1202  
36.0745  0.0586606  76.1334  
36.0745  0.0586606  76.1334  
36.0705  0.0586595  76.1246  
36.0708  0.0586538  76.1251  
36.0708  0.0586538  76.1251  
36.0692  0.0586576  76.1221  
36.0688  0.0586529  76.1196  
36.0721  0.0586778  76.1269  
36.0687  0.058648  76.1202  
36.0681  0.0586523  76.1195  
36.0687  0.058657  76.1204  
36.0712  0.0586445  76.1258  
36.0687  0.058648  76.1202  
36.0712  0.0586378  76.1249  
36.0712  0.0586445  76.1258  
36.0712  0.0586445  76.1258  
36.0722  0.0586592  76.127  
36.0722  0.0586592  76.127  
36.0697  0.058658  76.1227  
36.0709  0.0586417  76.1238  
36.0718  0.0586463  76.1264  
36.0702  0.0586583  76.1229  
36.0697  0.058658  76.1227  
36.0709  0.0586427  76.1247  
36.0739  0.05864  76.1314  
36.0714  0.0586514  76.1261  
36.0705  0.0586595  76.1246  
36.0683  0.0586517  76.1195  
36.0669  0.0586474  76.1158  
36.0714  0.0586514  76.1261  
36.0721  0.0586598  76.1281  
36.0745  0.0586606  76.1334  
36.0692  0.0586484  76.121  
36.0691  0.0586599  76.1217  
36.0691  0.0586599  76.1217  
36.0688  0.0586529  76.1196  
36.0712  0.0586512  76.1243  
36.0706  0.058665  76.1249  
36.0717  0.0586469  76.1266  
36.0713  0.0586475  76.1256  
36.0713  0.0586475  76.1256  
36.0713  0.0586475  76.1256  
36.0715  0.0586608  76.1264  
36.0712  0.0586378  76.1249  
36.0712  0.0586445  76.1258  
36.0714  0.0586444  76.1252  
36.0713  0.0586475  76.1256  
36.0712  0.0586481  76.1254  
36.0722  0.0586592  76.127  
36.0713  0.0586475  76.1256  
36.0718  0.0586463  76.1264  
36.0722  0.0586592  76.127  
36.067  0.0586556  76.1172  
36.0709  0.0586427  76.1247  
36.0716  0.058647  76.1263  
36.0718  0.0586629  76.1268  
36.0714  0.058642  76.1272  
36.0691  0.0586477  76.1201  
36.0692  0.0586501  76.1217  
36.0691  0.0586477  76.1201  
36.0714  0.058642  76.1272  
36.0713  0.0586827  76.1257  
36.0695  0.0586578  76.121  
36.0708  0.0586538  76.1251  
36.0723  0.058649  76.1266  
36.0705  0.0586595  76.1246  
36.0707  0.0586477  76.1252  
36.0716  0.0586464  76.1252  
36.0692  0.0586576  76.1221  
36.0695  0.0586548  76.1227  
36.0687  0.058657  76.1204  
36.0717  0.0586469  76.1266  
36.0681  0.0586523  76.1195  
36.0681  0.0586523  76.1195  
36.0709  0.0586417  76.1238  
36.0706  0.0586531  76.1233  
36.0702  0.0586537  76.1234  
36.0703  0.058659  76.1234  
36.0718  0.0586463  76.1264  
36.0716  0.058647  76.1263  
36.0701  0.0586592  76.1231  
36.0691  0.0586477  76.1201  
36.0722  0.0586592  76.127  
36.0714  0.0586444  76.1252  
36.0716  0.058647  76.1263  
36.0721  0.0586624  76.1279  
36.0714  0.058642  76.1272  
36.0718  0.0586463  76.1264  
36.0709  0.0586427  76.1247  
36.0669  0.0586474  76.1158  
36.0696  0.058661  76.1211  
36.0692  0.0586501  76.1217  
36.07  0.0586629  76.1233  
36.0723  0.058649  76.1266  
36.0694  0.0586398  76.1228  
36.0714  0.0586514  76.1261  
36.0692  0.0586576  76.1221  
36.0692  0.0586576  76.1221  
36.0695  0.0586578  76.121  
36.0695  0.0586578  76.121  
36.0721  0.0586598  76.1281  
36.0712  0.0586445  76.1258  
36.0702  0.0586537  76.1234  
36.0701  0.0586451  76.1222  
36.0709  0.0586398  76.1238  
36.0712  0.0586445  76.1258  
36.0701  0.0586451  76.1222  
36.0722  0.0586592  76.127  
36.0691  0.0586423  76.1214  
36.0712  0.0586378  76.1249  
36.071  0.0586378  76.1249  
36.0716  0.058647  76.1263  
36.0719  0.0586592  76.1263  
36.0718  0.0586463  76.1264  
36.0706  0.0586454  76.1229  
36.0721  0.0586598  76.1281  
36.0714  0.058642  76.1272  
36.0691  0.0586477  76.1201  
36.0692  0.0586501  76.1217  
36.0714  0.0586514  76.1261  
36.0692  0.0586484  76.121  
36.0691  0.0586477  76.1201  
36.0691  0.0586477  76.1201  
36.0705  0.0586595  76.1246  
36.0702  0.0586618  76.1231  
36.0712  0.0586767  76.1254  
36.0721  0.0586778  76.1269  
36.0705  0.0586595  76.1246  
36.0745  0.0586606  76.1334  
36.0708  0.0586538  76.1251  
36.07  0.0586629  76.1233  
36.0715  0.0586608  76.1264  
36.0721  0.0586778  76.1269  
36.0707  0.0586658  76.1235  
36.0692  0.0586559  76.1219  
36.0712  0.0586445  76.1258  
36.0687  0.058648  76.1202  
36.0698  0.0586315  76.1218  
36.0712  0.0586445  76.1258  
36.0713  0.0586475  76.1256  
36.0712  0.0586445  76.1258  
36.0691  0.0586423  76.1214  
36.0716  0.058647  76.1263  
36.0705  0.0586388  76.123  
36.071  0.0586378  76.1249  
36.071  0.0586378  76.1249  
36.0709  0.0586417  76.1238  
36.0713  0.0586475  76.1256  
36.0709  0.0586417  76.1238  
36.0719  0.0586574  76.1273  
36.0697  0.058658  76.1227  
36.0737  0.0586631  76.1315  
36.0691  0.0586477  76.1201  
36.0709  0.0586427  76.1247  
36.0721  0.0586624  76.1279  
36.0679  0.0586452  76.1182  
36.0669  0.0586474  76.1158  
36.0714  0.058642  76.1272  
36.0712  0.0586512  76.1243  
36.07  0.0586629  76.1233  
36.0714  0.0586514  76.1261  
36.0692  0.0586576  76.1221  
36.0696  0.0586371  76.1227  
36.0694  0.0586398  76.1228  
36.0688  0.0586625  76.1212  
36.0707  0.0586658  76.1235  
36.0692  0.0586559  76.1216  
36.0692  0.0586576  76.1221  
36.0698  0.0586315  76.1218  
36.0701  0.0586451  76.1222  
36.0681  0.0586459  76.1186  
36.0712  0.0586481  76.1254  
36.0712  0.0586445  76.1258  
36.0717  0.0586469  76.1266  
36.0701  0.0586451  76.1222  
36.0709  0.0586398  76.1238  
36.0713  0.0586475  76.1256  
36.0723  0.0586579  76.1275  
36.0706  0.0586531  76.1233  
36.0714  0.0586444  76.1252  
36.0737  0.0586631  76.1315  
36.0716  0.058647  76.1263  
36.0719  0.0586592  76.1263  
36.0691  0.0586477  76.1201  
36.0724  0.0586511  76.1284  
36.0719  0.0586592  76.1263  
36.0691  0.0586477  76.1201  
36.0709  0.0586427  76.1247  
36.0679  0.0586452  76.1182  
36.0669  0.0586474  76.1158  
36.0714  0.0586514  76.1261  
36.0705  0.0586595  76.1246  
36.0687  0.0586711  76.1202  
36.0705  0.0586595  76.1246  
36.0708  0.0586538  76.1251  
36.0745  0.0586606  76.1334  
36.0694  0.0586398  76.1228  
36.0715  0.0586608  76.1264  
36.0712  0.0586774  76.1256  
36.0696  0.0586371  76.1227  
36.0695  0.0586278  76.1222  
36.0679  0.0586452  76.1182  
36.0707  0.0586658  76.1235  
36.0698  0.0586315  76.1218  
36.0701  0.0586451  76.1222  
36.0701  0.0586364  76.1225  
36.0684  0.0586513  76.1193  
36.0687  0.058648  76.1202  
36.0685  0.0586547  76.1199  
36.0712  0.0586445  76.1258  
36.0712  0.0586481  76.1254  
36.0686  0.0586599  76.1204  
36.0716  0.058647  76.1263  
36.0712  0.0586481  76.1254  
36.0719  0.0586592  76.1263  
36.071  0.0586378  76.1249  
36.0718  0.0586629  76.1268  
36.0719  0.0586592  76.1263  
36.0718  0.0586629  76.1268  
36.0716  0.058647  76.1263  
36.0719  0.0586711  76.1269  
36.0724  0.0586511  76.1284  
36.0709  0.0586427  76.1247  
36.0667  0.0586505  76.1154  
36.0667  0.0586505  76.1154  
36.0667  0.0586505  76.1154  
36.0667  0.0586505  76.1154  
36.0702  0.0586618  76.1231  
36.0714  0.0586514  76.1261  
36.0667  0.0586505  76.1154  
36.0706  0.0586519  76.1245  
36.0699  0.0586558  76.1236  
36.0694  0.0586398  76.1228  
36.0721  0.0586778  76.1269  
36.0692  0.0586576  76.1221  
36.0701  0.0586583  76.1222  
36.0699  0.0586555  76.1219  
36.0688  0.0586625  76.1212  
36.0696  0.0586371  76.1227  
36.0681  0.0586459  76.1186  
36.0709  0.0586398  76.1238  
36.0691  0.0586444  76.1215  
36.0709  0.0586398  76.1238  
36.0698  0.0586315  76.1218  
36.0691  0.0586423  76.1214  
36.0709  0.0586398  76.1238  
36.0712  0.0586445  76.1258  
36.0698  0.0586315  76.1218  
36.071  0.0586378  76.1249  
36.0714  0.0586444  76.1252  
36.0731  0.0586642  76.1292  
36.0709  0.0586417  76.1238  
36.0714  0.0586444  76.1252  
36.0709  0.0586427  76.1247  
36.0716  0.058647  76.1263  
36.0719  0.0586574  76.1273  
36.0692  0.0586501  76.1217  
36.0718  0.0586463  76.1264  
36.073  0.058667  76.1292  
36.0718  0.0586629  76.1268  
36.0709  0.0586427  76.1247  
36.0706  0.0586519  76.1245  
36.0706  0.0586519  76.1245  
36.0669  0.0586474  76.1158  
36.0716  0.0586464  76.1252  
36.0667  0.0586505  76.1154  
36.0657  0.0586362  76.1126  
36.0705  0.0586595  76.1246  
36.0657  0.0586362  76.1126  
36.0707  0.0586477  76.1252  
36.0695  0.0586278  76.1222  
36.0694  0.0586398  76.1228  
36.0693  0.0586662  76.121  
36.0707  0.0586477  76.1252  
36.0698  0.0586444  76.1222  
36.0695  0.0586278  76.1222  
36.0687  0.058657  76.1204  
36.0709  0.0586398  76.1238  
36.0685  0.0586547  76.1199  
36.0684  0.0586513  76.1193  
36.0693  0.0586467  76.1219  
36.0712  0.0586445  76.1258  
36.0693  0.0586467  76.1219  
36.0712  0.0586445  76.1258  
36.0698  0.0586315  76.1218  
36.0715  0.0586627  76.1262  
36.071  0.0586378  76.1249  
36.0703  0.058659  76.1234  
36.0711  0.0586486  76.1255  
36.0691  0.0586423  76.1214  
36.0723  0.0586579  76.1275  
36.0718  0.0586454  76.1271  
36.071  0.0586378  76.1249  
36.0723  0.0586579  76.1275  
36.0714  0.0586444  76.1252  
36.0709  0.0586427  76.1247  
36.0737  0.0586631  76.1315  
36.0691  0.0586477  76.1201  
36.0721  0.0586624  76.1279  
36.0709  0.0586427  76.1247  
36.0739  0.05864  76.1314  
36.0694  0.0586398  76.1228  
36.0694  0.0586398  76.1228  
36.0721  0.0586598  76.1281  
36.0707  0.0586477  76.1252  
36.0649  0.0586491  76.1129  
36.0649  0.0586491  76.1129  
36.0706  0.0586519  76.1245  
36.0695  0.0586278  76.1222  
36.0712  0.0586774  76.1256  
36.0699  0.0586558  76.1236  
36.0707  0.0586477  76.1252  
36.0707  0.0586477  76.1252  
36.0707  0.0586658  76.1235  
36.0681  0.0586459  76.1186  
36.0693  0.0586467  76.1219  
36.0697  0.0586642  76.1222  
36.0681  0.0586459  76.1186  
36.0709  0.0586398  76.1238  
36.0691  0.0586444  76.1215  
36.0701  0.0586364  76.1225  
36.0715  0.0586627  76.1262  
36.0691  0.0586423  76.1214  
36.0712  0.0586481  76.1254  
36.0691  0.0586444  76.1215  
36.0719  0.0586574  76.1273  
36.073  0.0586658  76.13  
36.0723  0.0586579  76.1275  
36.0711  0.0586486  76.1255  
36.0723  0.0586579  76.1275  
36.071  0.0586378  76.1249  
36.0718  0.0586627  76.1261  
36.0719  0.0586574  76.1273  
36.0714  0.0586444  76.1252  
36.073  0.0586675  76.1285  
36.0723  0.0586686  76.1281  
36.0737  0.0586631  76.1315  
36.0649  0.0586491  76.1129  
36.0692  0.0586501  76.1217  
36.0657  0.0586362  76.1126  
36.0649  0.0586491  76.1129  
36.0702  0.0586618  76.1231  
36.0707  0.0586477  76.1252  
36.0706  0.0586519  76.1245  
36.0707  0.0586477  76.1252  
36.0707  0.0586477  76.1252  
36.0696  0.0586371  76.1227  
36.0699  0.0586558  76.1236  
36.0692  0.0586496  76.1204  
36.0697  0.05865  76.1215  
36.0696  0.0586371  76.1227  
36.0696  0.0586371  76.1227  
36.0698  0.0586444  76.1222  
36.0695  0.0586548  76.1227  
36.0697  0.0586642  76.1222  
36.0677  0.058655  76.1182  
36.0709  0.0586398  76.1238  
36.0698  0.0586315  76.1218  
36.0698  0.0586315  76.1218  
36.0701  0.0586364  76.1225  
36.0715  0.0586608  76.1264  
36.0709  0.0586398  76.1238  
36.0698  0.0586315  76.1218  
36.0705  0.0586388  76.123  
36.0693  0.0586467  76.1219  
36.0691  0.0586423  76.1214  
36.0724  0.0586511  76.1284  
36.0691  0.0586423  76.1214  
36.0718  0.0586454  76.1271  
36.0723  0.0586579  76.1275  
36.0723  0.0586579  76.1275  
36.0718  0.0586463  76.1264  
36.0716  0.058651  76.1254  
36.0721  0.0586624  76.1279  
36.0724  0.0586511  76.1284  
36.073  0.0586783  76.1292  
36.0718  0.0586627  76.1261  
36.0716  0.058651  76.1254  
36.0745  0.0586738  76.1325  
36.073  0.058667  76.1292  
36.0657  0.0586362  76.1126  
36.07  0.0586629  76.1233  
36.0721  0.0586598  76.1281  
36.0692  0.0586559  76.1216  
36.0697  0.05865  76.1215  
36.0706  0.0586519  76.1245  
36.0707  0.0586477  76.1252  
36.0694  0.0586398  76.1228  
36.0695  0.0586278  76.1222  
36.0739  0.05864  76.1314  
36.0696  0.0586371  76.1227  
36.0698  0.0586444  76.1222  
36.0692  0.0586559  76.1216  
36.0716  0.0586464  76.1252  
36.0677  0.058655  76.1182  
36.0701  0.0586364  76.1225  
36.0691  0.0586444  76.1215  
36.0681  0.0586523  76.1195  
36.0681  0.0586523  76.1195  
36.0684  0.0586513  76.1193  
36.0705  0.0586388  76.123  
36.0701  0.0586364  76.1225  
36.0681  0.0586523  76.1195  
36.0733  0.0586589  76.129  
36.0711  0.0586486  76.1255  
36.0712  0.0586481  76.1254  
36.0715  0.0586627  76.1262  
36.0691  0.0586423  76.1214  
36.0718  0.058651  76.1277  
36.0718  0.0586454  76.1271  
36.0729  0.0586698  76.1292  
36.0723  0.0586579  76.1275  
36.0718  0.0586454  76.1271  
36.0729  0.0586698  76.1292  
36.0667  0.0586505  76.1154  
36.0724  0.0586511  76.1284  
36.073  0.058667  76.1292  
36.073  0.058667  76.1292  
36.0706  0.0586519  76.1245  
36.0702  0.0586618  76.1231  
36.0716  0.0586464  76.1252  
36.0707  0.0586477  76.1252  
36.0657  0.0586362  76.1126  
36.0657  0.0586362  76.1126  
36.0696  0.0586371  76.1227  
36.0707  0.0586477  76.1252  
36.0696  0.0586371  76.1227  
36.0698  0.0586444  76.1222  
36.0699  0.0586555  76.1219  
36.0707  0.0586658  76.1235  
36.0692  0.0586559  76.1216  
36.0707  0.0586477  76.1252  
36.0695  0.0586278  76.1222  
36.0715  0.0586608  76.1264  
36.0685  0.0586547  76.1199  
36.0685  0.0586547  76.1199  
36.0681  0.0586523  76.1195  
36.0695  0.0586548  76.1227  
36.0685  0.0586547  76.1199  
36.0681  0.0586459  76.1186  
36.0674  0.0586544  76.1168  
36.0698  0.0586315  76.1218  
36.0701  0.0586451  76.1222  
36.0684  0.0586513  76.1193  
36.0711  0.0586486  76.1255  
36.0705  0.0586388  76.123  
36.0705  0.0586388  76.123  
36.0711  0.0586486  76.1255  
36.0723  0.0586579  76.1275  
36.071  0.0586378  76.1249  
36.0691  0.0586423  76.1214  
36.0718  0.0586454  76.1271  
36.073  0.0586675  76.1285  
36.073  0.058667  76.1292  
36.0719  0.0586592  76.1263  
36.0716  0.058651  76.1254  
36.0724  0.0586511  76.1284  
36.0718  0.0586454  76.1271  
36.073  0.058667  76.1292  
36.0706  0.0586519  76.1245  
36.0745  0.0586738  76.1325  
36.0667  0.0586505  76.1154  
36.0706  0.0586519  76.1245  
36.0649  0.0586491  76.1129  
36.0649  0.0586491  76.1129  
36.0679  0.0586452  76.1182  
36.0712  0.0586774  76.1256  
36.0692  0.0586496  76.1204  
36.0707  0.0586477  76.1252  
36.0692  0.0586496  76.1204  
36.0695  0.0586278  76.1222  
36.0698  0.0586444  76.1222  
36.0697  0.05865  76.1215  
36.0713  0.0586827  76.1257  
36.0698  0.0586444  76.1222  
36.0713  0.0586827  76.1257  
36.0684  0.0586513  76.1193  
36.0685  0.0586547  76.1199  
36.0677  0.058655  76.1182  
36.0693  0.0586467  76.1219  
36.0695  0.0586548  76.1227  
36.0681  0.0586523  76.1195  
36.0701  0.0586451  76.1222  
36.0701  0.0586451  76.1222  
36.0681  0.0586459  76.1186  
36.0709  0.0586398  76.1238  
36.0684  0.0586513  76.1193  
36.0715  0.0586627  76.1262  
36.0691  0.0586444  76.1215  
36.0691  0.0586423  76.1214  
36.0711  0.0586486  76.1255  
36.0719  0.0586592  76.1263  
36.0718  0.0586454  76.1271  
36.071  0.0586378  76.1249  
36.0718  0.0586454  76.1271  
36.0723  0.0586579  76.1275  
36.0719  0.0586592  76.1263  
36.0716  0.058651  76.1254  
36.0716  0.0586464  76.1252  
36.0739  0.05864  76.1314  
36.0724  0.0586511  76.1284  
36.073  0.058667  76.1292  
36.0723  0.0586579  76.1275  
36.0692  0.0586484  76.121  
36.0694  0.0586751  76.1216  
36.0657  0.0586362  76.1126  
36.0707  0.0586477  76.1252  
36.0698  0.0586444  76.1222  
36.0698  0.0586444  76.1222  
36.0694  0.0586712  76.1221  
36.0692  0.0586496  76.1204  
36.0707  0.0586477  76.1252  
36.0697  0.05865  76.1215  
36.0693  0.0586662  76.121  
36.0707  0.0586658  76.1235  
36.0701  0.0586583  76.1222  
36.0695  0.0586278  76.1222  
36.0696  0.0586371  76.1227  
36.0693  0.0586662  76.121  
36.0685  0.0586547  76.1199  
36.0681  0.0586459  76.1186  
36.0692  0.0586484  76.121  
36.0693  0.0586467  76.1219  
36.0684  0.0586513  76.1193  
36.0681  0.0586459  76.1186  
36.0685  0.0586547  76.1199  
36.0695  0.0586548  76.1227  
36.0701  0.0586528  76.1239  
36.0701  0.0586528  76.1239  
36.0701  0.0586364  76.1225  
36.0691  0.0586444  76.1215  
36.0693  0.0586467  76.1219  
36.0711  0.0586486  76.1255  
36.0731  0.0586642  76.1292  
36.0719  0.0586592  76.1263  
36.0701  0.0586528  76.1239  
36.0718  0.0586454  76.1271  
36.0718  0.058651  76.1277  
36.0724  0.0586511  76.1284  
36.073  0.0586675  76.1285  
36.0718  0.058651  76.1277  
36.0716  0.058651  76.1254  
36.0718  0.0586627  76.1261  
36.0723  0.0586579  76.1275  
36.0715  0.0586608  76.1264  
36.0718  0.0586627  76.1261  
36.0702  0.0586618  76.1231  
36.0667  0.0586505  76.1154  
36.0716  0.0586705  76.1255  
36.0681  0.0586774  76.1187  
36.0694  0.0586398  76.1228  
36.0694  0.0586712  76.1221  
36.0706  0.0586519  76.1245  
36.0692  0.0586496  76.1204  
36.0679  0.0586452  76.1182  
36.0695  0.0586278  76.1222  
36.0707  0.0586658  76.1235  
36.0692  0.0586559  76.1216  
36.0692  0.0586559  76.1216  
36.0692  0.0586496  76.1204  
36.0692  0.0586559  76.1216  
36.0698  0.0586444  76.1222  
36.0721  0.0586598  76.1281  
36.0677  0.0586472  76.1171  
36.0661  0.0586484  76.1155  
36.0661  0.0586484  76.1155  
36.0677  0.0586472  76.1171  
36.0677  0.0586472  76.1171  
36.0661  0.0586484  76.1155  
36.0681  0.0586459  76.1186  
36.0661  0.0586484  76.1155  
36.0691  0.0586444  76.1215  
36.0701  0.0586364  76.1225  
36.0715  0.0586627  76.1262  
36.0693  0.0586467  76.1219  
36.0691  0.0586444  76.1215  
36.0693  0.0586467  76.1219  
36.0701  0.0586528  76.1239  
36.0723  0.0586579  76.1275  
36.0724  0.0586511  76.1284  
36.0701  0.0586528  76.1239  
36.0718  0.058651  76.1277  
36.0723  0.058674  76.1276  
36.0723  0.0586579  76.1275  
36.073  0.058667  76.1292  
36.073  0.0586675  76.1285  
36.0724  0.0586511  76.1284  
36.0723  0.0586686  76.1281  
36.0723  0.0586579  76.1275  
36.0716  0.058651  76.1254  
36.0713  0.0586827  76.1257  
36.0724  0.0586613  76.1287  
36.0667  0.0586505  76.1154  
36.0649  0.0586491  76.1129  
36.0707  0.0586477  76.1252  
36.0724  0.0586613  76.1287  
36.0657  0.0586362  76.1126  
36.0695  0.0586278  76.1222  
36.0707  0.0586477  76.1252  
36.0688  0.0586625  76.1212  
36.0692  0.0586559  76.1216  
36.0713  0.0586827  76.1257  
36.0701  0.0586583  76.1222  
36.0723  0.058674  76.1276  
36.0692  0.0586496  76.1204  
36.0739  0.05864  76.1314  
36.0692  0.0586559  76.1216  
36.0691  0.05866  76.12  
