4.48361  0.229146  
4.48361  0.229146  
4.48361  0.229146  
3.40299  0.229196  
2.8558  0.22922  
1.24022  0.229331  
1.24022  0.229331  
1.24022  0.229331  
1.24022  0.229331  
1.24022  0.229331  
0.875101  0.229354  
0.841305  0.229354  
0.841305  0.229354  
0.841305  0.229354  
0.826727  0.229354  
0.722162  0.22937  
0.722162  0.22937  
0.694173  0.22937  
0.593459  0.229448  
0.593459  0.229448  
0.573974  0.22951  
0.573974  0.22951  
0.558466  0.230411  
0.548918  0.23093  
0.543689  0.231099  
0.539913  0.231993  
0.539913  0.231993  
0.536284  0.233859  
0.534038  0.234667  
0.531959  0.235372  
0.531959  0.235372  
0.531959  0.235372  
0.531959  0.235372  
0.531959  0.235372  
0.52323  0.239872  
0.52323  0.239872  
0.522701  0.241336  
0.520048  0.242225  
0.518388  0.242825  
0.515621  0.243751  
0.515288  0.244531  
0.514592  0.245181  
0.512394  0.246689  
0.507227  0.247386  
0.507227  0.247386  
0.505266  0.249015  
0.505266  0.249015  
0.505266  0.249015  
0.502363  0.251247  
0.502363  0.251247  
0.499064  0.252655  
0.499064  0.252655  
0.498233  0.254771  
0.498233  0.254771  
0.49577  0.256169  
0.49577  0.256169  
0.492895  0.25821  
0.491718  0.259027  
0.491718  0.259027  
0.491674  0.260481  
0.491674  0.260481  
0.491164  0.262485  
0.490351  0.263548  
0.490351  0.263548  
0.490351  0.263548  
0.487092  0.265995  
0.487092  0.265995  
0.487092  0.265995  
0.487092  0.265995  
0.487182  0.268063  
0.48471  0.270793  
0.48471  0.270793  
0.48471  0.270793  
0.48471  0.270793  
0.48471  0.270793  
0.484459  0.27407  
0.484377  0.276491  
0.48471  0.270793  
0.484045  0.278606  
0.484377  0.276491  
0.484645  0.279303  
0.484045  0.278606  
0.484045  0.278606  
0.48445  0.280617  
0.484045  0.278606  
0.484216  0.284525  
0.484216  0.284525  
0.484216  0.284525  
0.483548  0.288707  
0.483787  0.270032  
0.483583  0.276208  
0.483834  0.275535  
0.483834  0.275535  
0.483583  0.276208  
0.483996  0.290214  
0.483787  0.270032  
0.483787  0.270032  
0.483697  0.275482  
0.484045  0.278606  
0.483484  0.270475  
0.483714  0.275635  
0.483706  0.274673  
0.483583  0.276208  
0.483488  0.304629  
0.483754  0.292308  
0.483484  0.270475  
0.483488  0.304629  
0.483488  0.304629  
0.483488  0.304629  
0.483488  0.304629  
0.483642  0.284597  
0.483669  0.269767  
0.483771  0.302711  
0.483488  0.304629  
0.483754  0.292308  
0.483669  0.269767  
0.483548  0.288707  
0.483697  0.275482  
0.483642  0.284597  
0.48345  0.273485  
0.483754  0.292308  
0.48345  0.273485  
0.483669  0.281677  
0.483702  0.271582  
0.483642  0.284597  
0.483756  0.319606  
0.483669  0.269767  
0.483702  0.271582  
0.483484  0.270475  
0.483669  0.269767  
0.483669  0.269767  
0.483571  0.328075  
0.483534  0.281699  
0.48345  0.273485  
0.483583  0.276208  
0.483534  0.281699  
0.483642  0.284597  
0.483571  0.328075  
0.483669  0.269767  
0.483484  0.270475  
0.483534  0.281699  
0.483534  0.281699  
0.483415  0.299925  
0.483484  0.270475  
0.48345  0.273485  
0.48345  0.273485  
0.483534  0.281699  
0.483177  0.316082  
0.483652  0.330897  
0.483669  0.281677  
0.483702  0.271582  
0.483571  0.328075  
0.483702  0.271582  
0.483571  0.328075  
0.483177  0.316082  
0.483702  0.271582  
0.483669  0.281677  
0.483571  0.328075  
0.48345  0.273485  
0.483545  0.296194  
0.483534  0.281699  
0.483177  0.316082  
0.483478  0.315049  
0.483669  0.269767  
0.483702  0.271582  
0.483336  0.366283  
0.483571  0.328075  
0.483336  0.366283  
0.483392  0.387707  
0.483171  0.364544  
0.483177  0.316082  
0.483241  0.364584  
0.483089  0.383428  
0.483392  0.387707  
0.483171  0.364544  
0.483478  0.315049  
0.483392  0.387707  
0.483241  0.364584  
0.483392  0.387707  
0.483177  0.316082  
0.483392  0.387707  
0.483708  0.314048  
0.483392  0.387707  
0.483177  0.316082  
0.483089  0.383428  
0.483241  0.364584  
0.483392  0.387707  
0.483089  0.383428  
0.483392  0.387707  
0.483089  0.383428  
0.483171  0.364544  
0.483171  0.364544  
0.483089  0.383428  
0.483171  0.364544  
0.483241  0.364584  
0.483336  0.366283  
0.483171  0.364544  
0.483066  0.405804  
0.483066  0.405804  
0.483241  0.364584  
0.483066  0.405804  
0.483241  0.364584  
0.483357  0.430339  
0.483179  0.321097  
0.483179  0.321097  
0.483107  0.377701  
0.483089  0.383428  
0.483022  0.415326  
0.483022  0.415326  
0.483179  0.321097  
0.483066  0.405804  
0.483118  0.4585  
0.483105  0.395313  
0.483118  0.4585  
0.483076  0.460881  
0.483022  0.415326  
0.483118  0.4585  
0.483118  0.4585  
0.483105  0.395313  
0.483118  0.4585  
0.483066  0.405804  
0.483076  0.460881  
0.483118  0.4585  
0.483076  0.460881  
0.483105  0.395313  
0.482917  0.475549  
0.483066  0.405804  
0.482917  0.475549  
0.482853  0.491547  
0.482853  0.491547  
0.482853  0.491547  
0.482853  0.491547  
0.483155  0.341919  
0.482853  0.491547  
0.482853  0.491547  
0.482917  0.475549  
0.483076  0.460881  
0.483179  0.321097  
0.483076  0.460881  
0.483143  0.284525  
0.482917  0.475549  
0.483135  0.479839  
0.483147  0.379176  
0.483107  0.377701  
0.483022  0.415326  
0.483022  0.415326  
0.483107  0.377701  
0.483107  0.377701  
0.483107  0.377701  
0.483143  0.284525  
0.483143  0.284525  
0.483147  0.379176  
0.483105  0.395313  
0.483147  0.379176  
0.483155  0.341919  
0.48309  0.343304  
0.483135  0.479839  
0.483147  0.379176  
0.483107  0.377701  
0.483109  0.392549  
0.483147  0.379176  
0.482993  0.562671  
0.482993  0.562671  
0.482993  0.562671  
0.482993  0.562671  
0.482993  0.562671  
0.483109  0.392549  
0.483109  0.392549  
0.483109  0.392549  
0.483107  0.377701  
0.483107  0.377701  
0.483169  0.505844  
0.483158  0.477601  
0.483107  0.377701  
0.483109  0.392549  
0.483147  0.379176  
0.483165  0.311853  
0.4832  0.438561  
0.483147  0.379176  
0.48309  0.343304  
0.48309  0.343304  
0.483147  0.379176  
0.483109  0.392549  
0.483169  0.547165  
0.48309  0.343304  
0.48309  0.343304  
0.483147  0.379176  
0.483235  0.444169  
0.483135  0.479839  
0.48315  0.412417  
0.483147  0.379176  
0.48309  0.343304  
0.483147  0.379176  
0.48315  0.412417  
0.483135  0.479839  
0.483169  0.505844  
0.483169  0.505844  
0.4832  0.438561  
0.483169  0.505844  
0.483217  0.416927  
0.483235  0.444169  
0.483268  0.670827  
0.483165  0.311853  
0.483268  0.670827  
0.48315  0.412417  
0.483169  0.505844  
0.483169  0.505844  
0.483234  0.429477  
0.483234  0.429477  
0.483241  0.364584  
0.483268  0.670827  
0.483178  0.70488  
0.483178  0.70488  
0.483234  0.429477  
0.483158  0.477601  
0.483158  0.477601  
0.483256  0.703624  
0.483158  0.477601  
0.483256  0.703624  
0.483256  0.703624  
0.483234  0.429477  
0.483256  0.703624  
0.483256  0.703624  
0.483256  0.703624  
0.48319  0.354267  
0.174345  0.750999  
0.174345  0.750999  
0.22564  0.752325  
0.194253  0.752176  
0.424129  0.749672  
0.424129  0.749672  
0.213958  0.751498  
0.424129  0.749672  
0.174345  0.750999  
0.271633  0.750605  
0.424129  0.749672  
0.22564  0.752325  
0.271633  0.750605  
0.424129  0.749672  
0.24988  0.749146  
0.424129  0.749672  
0.343105  0.750553  
0.194253  0.752176  
0.194253  0.752176  
0.280375  0.749103  
0.280375  0.749103  
0.174345  0.750999  
0.194253  0.752176  
0.174345  0.750999  
0.271633  0.750605  
0.24988  0.749146  
0.343105  0.750553  
0.271633  0.750605  
0.343105  0.750553  
0.183692  0.751334  
0.262522  0.750414  
0.255992  0.750559  
0.271633  0.750605  
0.24988  0.749146  
0.262522  0.750414  
0.213958  0.751498  
0.343105  0.750553  
0.195825  0.751492  
0.271633  0.750605  
0.195825  0.751492  
0.343105  0.750553  
0.305871  0.747752  
0.255992  0.750559  
0.280375  0.749103  
0.23461  0.749372  
0.255899  0.74869  
0.262522  0.750414  
0.197789  0.751024  
0.24988  0.749146  
0.23461  0.749372  
0.305871  0.747752  
0.305871  0.747752  
0.306804  0.747867  
0.306804  0.747867  
0.306804  0.747867  
0.306804  0.747867  
0.24988  0.749146  
0.280375  0.749103  
0.305871  0.747752  
0.305871  0.747752  
0.255899  0.74869  
0.305871  0.747752  
0.189221  0.749798  
0.189221  0.749798  
0.228846  0.748966  
0.306804  0.747867  
0.255899  0.74869  
0.306804  0.747867  
0.255899  0.74869  
0.24988  0.749146  
0.203335  0.74913  
0.203335  0.74913  
0.2386  0.749531  
0.280375  0.749103  
0.280375  0.749103  
0.255899  0.74869  
0.200824  0.748975  
0.2386  0.749531  
0.23461  0.749372  
0.257143  0.749398  
0.228846  0.748966  
0.242953  0.749179  
0.257143  0.749398  
0.242953  0.749179  
0.23461  0.749372  
0.200824  0.748975  
0.228846  0.748966  
0.257143  0.749398  
0.205198  0.749627  
0.257143  0.749398  
0.200824  0.748975  
0.200824  0.748975  
0.257143  0.749398  
0.257143  0.749398  
0.2386  0.749531  
0.203335  0.74913  
0.228846  0.748966  
0.23962  0.74961  
0.23962  0.74961  
0.242953  0.749179  
0.200824  0.748975  
0.228846  0.748966  
0.193606  0.749576  
0.193606  0.749576  
0.193606  0.749576  
0.218458  0.749822  
0.228846  0.748966  
0.203335  0.74913  
0.203335  0.74913  
0.193606  0.749576  
0.165757  0.749517  
0.193606  0.749576  
0.165757  0.749517  
0.203335  0.74913  
0.165757  0.749517  
0.200824  0.748975  
0.19914  0.749865  
0.174764  0.749576  
0.174764  0.749576  
0.174764  0.749576  
0.193606  0.749576  
0.193606  0.749576  
0.205198  0.749627  
0.148362  0.750095  
0.193606  0.749576  
0.174764  0.749576  
0.165757  0.749517  
0.193606  0.749576  
0.195716  0.749711  
0.191589  0.75066  
0.193606  0.749576  
0.174764  0.749576  
0.174764  0.749576  
0.147696  0.750147  
0.147696  0.750147  
0.147696  0.750147  
0.161169  0.749621  
0.160375  0.750054  
0.165757  0.749517  
0.161169  0.749621  
0.165757  0.749517  
0.160305  0.750105  
0.162788  0.749813  
0.162788  0.749813  
0.161169  0.749621  
0.162788  0.749813  
0.162788  0.749813  
0.148362  0.750095  
0.161169  0.749621  
0.162788  0.749813  
0.160305  0.750105  
0.160375  0.750054  
0.160305  0.750105  
0.160375  0.750054  
0.148362  0.750095  
0.148362  0.750095  
0.155674  0.750694  
0.154956  0.750212  
0.148362  0.750095  
0.149885  0.751401  
0.148362  0.750095  
0.149885  0.751401  
0.147071  0.752229  
0.147071  0.752229  
0.139089  0.753066  
0.141027  0.752972  
0.141027  0.752972  
0.139089  0.753066  
0.139089  0.753066  
0.139089  0.753066  
0.138172  0.753538  
0.13352  0.755599  
0.13352  0.755599  
0.13352  0.755599  
0.13352  0.755599  
0.131968  0.756599  
0.131968  0.756599  
0.130217  0.760856  
0.129398  0.76095  
0.128119  0.763921  
0.125482  0.765522  
0.125482  0.765522  
0.125482  0.765522  
0.124911  0.770091  
0.123605  0.771727  
0.121823  0.773747  
0.12164  0.774417  
0.121237  0.7776  
0.119083  0.779027  
0.117987  0.779777  
0.117209  0.781836  
0.115719  0.784423  
0.115719  0.784423  
0.114624  0.785095  
0.113524  0.786906  
0.112769  0.791997  
0.110977  0.793225  
0.110324  0.793562  
0.109616  0.796394  
0.10823  0.798109  
0.107521  0.79797  
0.106834  0.800849  
0.105825  0.804516  
0.104339  0.80492  
0.103301  0.805268  
0.101108  0.808849  
0.101108  0.808849  
0.0993837  0.813498  
0.0993837  0.813498  
0.0979634  0.816598  
0.0962756  0.819535  
0.0962756  0.819535  
0.0944569  0.822989  
0.093939  0.824785  
0.0926504  0.82633  
0.0922035  0.827298  
0.0912246  0.833432  
0.0875028  0.834453  
0.0875492  0.834106  
0.0875492  0.834106  
0.0863863  0.836579  
0.0858449  0.838186  
0.0829159  0.845555  
0.083314  0.842627  
0.0811925  0.846432  
0.0811925  0.846432  
0.0803283  0.84852  
0.0791509  0.850469  
0.0778279  0.857197  
0.0772174  0.853753  
0.0739431  0.860791  
0.0739431  0.860791  
0.0727965  0.861673  
0.0721402  0.862276  
0.0691798  0.868351  
0.0691798  0.868351  
0.0691798  0.868351  
0.0677377  0.869914  
0.0662073  0.873388  
0.0648358  0.875172  
0.0648358  0.875172  
0.0623069  0.88316  
0.0623069  0.88316  
0.0613384  0.88315  
0.0603522  0.8844  
0.0574491  0.893061  
0.0574491  0.893061  
0.0566052  0.894848  
0.0549857  0.895734  
0.0544226  0.89626  
0.053503  0.898031  
0.0500326  0.908872  
0.0500326  0.908872  
0.0483108  0.909501  
0.0483108  0.909501  
0.047605  0.909183  
0.0458279  0.915244  
0.0450271  0.917932  
0.0430202  0.918635  
0.0424551  0.918713  
0.0413998  0.923964  
0.0390943  0.925746  
0.0390943  0.925746  
0.035741  0.932448  
0.035741  0.932448  
0.0322381  0.939003  
0.0322381  0.939003  
0.0322381  0.939003  
0.0316032  0.938636  
0.0298186  0.942372  
0.0288169  0.945177  
0.0283556  0.945779  
0.0262661  0.975105  
0.0250792  1.00783  
0.024577  1.03312  
