1  0.542019  
1  0.542019  
1  0.542019  
1  0.542019  
1  0.542019  
1  0.542019  
1  0.542019  
1  0.542019  
1  0.542019  
1  0.542019  
1  0.542019  
1  0.542019  
1  0.542019  
1  0.542019  
1  0.542019  
1  0.542019  
1  0.542019  
1  0.542019  
1  0.542019  
1  0.542019  
1  0.542019  
1  0.542019  
1  0.542019  
1  0.542019  
1  0.542019  
1  0.542019  
1  0.542019  
1  0.542019  
1  0.542019  
1  0.542019  
0.985794  0.544651  
0.965505  0.54758  
0.947614  0.55048  
0.92944  0.553653  
0.911775  0.55661  
0.891431  0.559731  
0.87692  0.562685  
0.860733  0.565772  
0.842846  0.568233  
0.826558  0.571111  
0.812607  0.573379  
0.796095  0.575655  
0.781948  0.578072  
0.767488  0.580875  
0.754048  0.582938  
0.738443  0.585759  
0.727  0.587531  
0.713901  0.589945  
0.701654  0.591931  
0.688377  0.594727  
0.677949  0.596327  
0.665894  0.598491  
0.656673  0.601542  
0.648695  0.604068  
0.639464  0.607171  
0.631408  0.609858  
0.622245  0.612786  
0.613789  0.615748  
0.606144  0.618413  
0.597607  0.621141  
0.590188  0.62379  
0.581876  0.626507  
0.574553  0.628788  
0.567086  0.631714  
0.559667  0.634456  
0.551723  0.636669  
0.544436  0.639427  
0.536624  0.641828  
0.530035  0.644328  
0.522803  0.646681  
0.516401  0.648887  
0.508709  0.651601  
0.502007  0.653969  
0.495904  0.65611  
0.488623  0.658753  
0.482841  0.661042  
0.475543  0.663467  
0.469464  0.665626  
0.463473  0.667857  
0.457173  0.670028  
0.451111  0.672246  
0.444881  0.674501  
0.438952  0.67672  
0.432912  0.678953  
0.42681  0.681234  
0.421259  0.683169  
0.415471  0.685314  
0.409948  0.687418  
0.404338  0.689476  
0.398855  0.691571  
0.393352  0.693871  
0.387309  0.695956  
0.382316  0.697834  
0.376872  0.699972  
0.371728  0.70196  
0.366299  0.704055  
0.361441  0.705978  
0.3562  0.707899  
0.35064  0.709757  
0.345963  0.71178  
0.341075  0.713663  
0.33578  0.715554  
0.331617  0.717762  
0.327613  0.720644  
0.323736  0.723442  
0.319803  0.726294  
0.315914  0.729122  
0.312011  0.731976  
0.308117  0.73483  
0.30432  0.737626  
0.300504  0.740445  
0.296693  0.743284  
0.292845  0.746138  
0.289061  0.748967  
0.28532  0.751774  
0.281547  0.754615  
0.277884  0.757386  
0.274067  0.760282  
0.270443  0.763042  
0.266705  0.7659  
0.263091  0.768672  
0.259414  0.771518  
0.255698  0.774376  
0.252116  0.777155  
0.248524  0.779956  
0.244908  0.782778  
0.241301  0.785606  
0.237741  0.788421  
0.234131  0.791258  
0.230598  0.79406  
0.227018  0.796908  
0.223542  0.799681  
0.219973  0.802544  
0.21651  0.805324  
0.213003  0.808154  
0.209461  0.811029  
0.206021  0.813824  
0.202558  0.816643  
0.199059  0.819505  
0.195638  0.82232  
0.192215  0.825138  
0.188758  0.827993  
0.185357  0.830813  
0.181945  0.833651  
0.178509  0.836519  
0.175133  0.839352  
0.171727  0.842211  
0.168363  0.845053  
0.164999  0.847903  
0.161635  0.850762  
0.158216  0.853668  
0.154921  0.856492  
0.151572  0.859362  
0.148239  0.862227  
0.144918  0.865096  
0.141608  0.867963  
0.138278  0.870858  
0.134972  0.873741  
0.131693  0.876615  
0.128415  0.879491  
0.125103  0.882407  
0.12183  0.8853  
0.118558  0.888201  
0.115301  0.891102  
0.112009  0.89404  
0.108781  0.89693  
0.105508  0.89987  
0.102266  0.902791  
0.0990097  0.905736  
0.0957824  0.908662  
0.0925351  0.911619  
0.0893181  0.914556  
0.0860866  0.917515  
0.0828717  0.920471  
0.0796502  0.923439  
0.0764212  0.926426  
0.0732225  0.929394  
0.070011  0.932384  
0.0668123  0.935371  
0.0636008  0.93838  
0.0604008  0.941389  
0.0571905  0.944414  
0.0540118  0.947421  
0.0508279  0.950443  
0.0476288  0.953488  
0.044453  0.956521  
0.0412666  0.959573  
0.0380845  0.962632  
0.0349065  0.965697  
0.0317229  0.968776  
0.0285512  0.971857  
0.0253691  0.974951  
0.0221986  0.978046  
0.0190231  0.981157  
0.0158527  0.984274  
0.0126771  0.987405  
0.00949351  0.990554  
0.00633636  0.993685  
0.00315021  0.996857  
6.02018e-005  0.99994  
