0.984441  0.287245  
0.984442  0.287245  
0.984441  0.287245  
0.984442  0.287245  
0.984443  0.287245  
0.984441  0.287245  
0.984442  0.287245  
0.984441  0.287245  
0.984442  0.287245  
0.984443  0.287245  
0.984442  0.287245  
0.984441  0.287245  
0.984442  0.287245  
0.984442  0.287245  
0.984442  0.287245  
0.984441  0.287245  
0.984441  0.287245  
0.984442  0.287245  
0.984441  0.287245  
0.984441  0.287245  
0.984441  0.287245  
0.984442  0.287245  
0.984442  0.287245  
0.984442  0.287245  
0.984441  0.287245  
0.984441  0.287245  
0.984442  0.287245  
0.984441  0.287245  
0.984441  0.287245  
0.984441  0.287245  
0.984442  0.287245  
0.984441  0.287245  
0.984441  0.287245  
0.984443  0.287245  
0.984444  0.287245  
0.984441  0.287245  
0.984442  0.287245  
0.984441  0.287245  
0.984444  0.287245  
0.984444  0.287245  
0.984443  0.287245  
0.984443  0.287245  
0.984442  0.287245  
0.984444  0.287245  
0.984441  0.287245  
0.978528  0.290236  
0.970031  0.295959  
0.96403  0.29993  
0.959405  0.308553  
0.959208  0.310028  
0.959208  0.310028  
0.959223  0.311402  
0.959223  0.311402  
0.90531  0.346258  
0.90531  0.346258  
0.898728  0.347516  
0.890644  0.353001  
0.883915  0.358164  
0.878731  0.364416  
0.878731  0.364416  
0.878731  0.364416  
0.878731  0.364416  
0.878731  0.364416  
0.821471  0.405136  
0.821471  0.405136  
0.821471  0.405136  
0.814799  0.408758  
0.807526  0.413752  
0.800657  0.419402  
0.79728  0.426805  
0.79728  0.426805  
0.79728  0.426805  
0.79728  0.426805  
0.74076  0.463842  
0.74076  0.463842  
0.74076  0.463842  
0.74076  0.463842  
0.734269  0.467258  
0.725588  0.472935  
0.719736  0.47784  
0.716566  0.483023  
0.716535  0.483467  
0.716535  0.483467  
0.716566  0.483023  
0.658985  0.522794  
0.658985  0.522794  
0.658985  0.522794  
0.658985  0.522794  
0.655739  0.524621  
0.648606  0.529223  
0.642252  0.534165  
0.637028  0.54049  
0.635577  0.543101  
0.635577  0.543101  
0.635577  0.543101  
0.580067  0.581242  
0.580067  0.581242  
0.580067  0.581242  
0.580067  0.581242  
0.580067  0.581242  
0.575004  0.584848  
0.567075  0.589654  
0.56005  0.593831  
0.555496  0.599055  
0.554796  0.60234  
0.554796  0.60234  
0.554796  0.60234  
0.500349  0.640284  
0.500349  0.640284  
0.500349  0.640284  
0.500349  0.640284  
0.500349  0.640284  
0.493993  0.642134  
0.488707  0.645835  
0.48124  0.650465  
0.474843  0.656969  
0.473667  0.661409  
0.473667  0.661409  
0.473907  0.661337  
0.421428  0.699244  
0.421428  0.699244  
0.421397  0.699236  
0.421397  0.699236  
0.42146  0.699252  
0.420494  0.699319  
0.412032  0.700804  
0.406447  0.706325  
0.397633  0.712347  
0.394454  0.715038  
0.392856  0.72227  
0.392856  0.72227  
0.335281  0.757786  
0.335282  0.757785  
0.335283  0.757785  
0.335283  0.757785  
0.33528  0.757786  
0.335282  0.757785  
0.33528  0.757786  
0.333411  0.759112  
0.327779  0.762761  
0.320927  0.767408  
0.315813  0.772943  
0.312062  0.77679  
0.312062  0.77679  
0.257548  0.81634  
0.257548  0.81634  
0.257548  0.81634  
0.257548  0.81634  
0.257548  0.81634  
0.257548  0.81634  
0.257548  0.81634  
0.257548  0.81634  
0.250386  0.818347  
0.246  0.823559  
0.240208  0.827256  
0.234111  0.831101  
0.230963  0.838273  
0.230963  0.838273  
0.175054  0.875044  
0.175054  0.875044  
0.175054  0.875044  
0.175054  0.875044  
0.175054  0.875044  
0.175054  0.875044  
0.175054  0.875044  
0.175054  0.875044  
0.172424  0.876373  
0.167662  0.879112  
0.16132  0.883375  
0.156861  0.88632  
0.152492  0.894899  
0.0972654  0.934179  
0.0972654  0.934179  
0.0972654  0.934179  
0.0972654  0.934179  
0.0972654  0.934179  
0.0972654  0.934179  
0.0972654  0.934179  
0.0972654  0.934179  
0.0972654  0.934179  
0.0972654  0.934179  
0.0919931  0.934434  
0.0852618  0.940135  
0.080764  0.941709  
0.0732212  0.947411  
0.0706817  0.953875  
0.0134456  0.992592  
0.0134456  0.992592  
0.0135945  0.992592  
0.0134456  0.992592  
0.0134456  0.992592  
0.0137434  0.992596  
0.0134456  0.992592  
0.0135945  0.992592  
0.0134456  0.992592  
0.0134456  0.992592  
0.0134456  0.992592  
0.00653651  0.995545  
0.00499063  0.996871  
4.15065e-027  1  
