1.28082  1.06785  4.85347e-005  
2.30657  0.00487363  0.000240535  
0.00243505  2.11391  1.04037e-005  
2.30657  0.00487363  0.000240535  
0.892278  0.904726  0.019604  
0.00243505  2.11391  1.04037e-005  
2.29683  0.00158908  0.000251865  
1.03425  0.268115  0.0248531  
0.132204  1.00817  0.0179129  
0.00243505  2.11391  1.04037e-005  
2.24119  0.00113867  0.000253919  
1.03425  0.268115  0.0248531  
0.789248  0.785966  0.0426909  
0.132204  1.00817  0.0179129  
0.00243504  2.11391  1.03972e-005  
2.02666  0.00113867  0.000253919  
1.03484  0.263406  0.020048  
0.892114  0.542271  0.0413525  
0.522798  0.878413  0.0300331  
0.132204  1.00817  0.0179129  
0.00167807  2.23544  6.46277e-006  
2.02666  0.00113867  0.000253919  
1.21794  0.0419432  0.0219031  
1.01024  0.152474  0.0361007  
0.724767  0.725668  0.0466913  
0.0602777  1.00099  0.0374803  
0.101665  1.00507  0.0264088  
0.00167807  2.23544  6.46277e-006  
2.02666  0.00113867  0.000253919  
1.21794  0.0419432  0.0219031  
1.00592  0.12506  0.0537937  
0.884696  0.5316  0.052417  
0.519401  0.876446  0.0646935  
0.0480163  0.999797  0.0529647  
0.101665  1.00507  0.0264088  
0.0013598  2.32005  1.18939e-005  
2.02666  0.00113867  0.000253919  
1.21794  0.0419432  0.0219031  
1.00423  0.111474  0.0554996  
0.884696  0.5316  0.052417  
0.719494  0.718705  0.0590131  
0.519401  0.876446  0.0646935  
0.0480163  0.999797  0.0529647  
0.101665  1.00507  0.0264088  
0.00125615  2.36345  1.62578e-005  
1.97283  0.000541076  0.000258672  
1.21786  0.0421345  0.0340294  
1.00422  0.111518  0.0566053  
1.00191  0.0978029  0.0791231  
0.881605  0.531441  0.0870898  
0.515592  0.872758  0.0751857  
0.0679535  0.998825  0.0824905  
0.0480163  0.999797  0.0529647  
0.101665  1.00507  0.0264088  
0.00103606  2.46084  5.15049e-006  
1.97283  0.000541076  0.000258672  
1.21784  0.0315977  0.0351747  
1.00422  0.111518  0.0566053  
1.00191  0.0978029  0.0791231  
0.881605  0.531441  0.0870898  
0.717647  0.718396  0.102098  
0.515592  0.872758  0.0751857  
0.0732788  0.998635  0.0877558  
0.0512301  0.999712  0.0580101  
0.0762655  1.00228  0.0293292  
0.00103606  2.46084  5.15049e-006  
1.97283  0.000541076  0.000258672  
1.21784  0.0315977  0.0351747  
1.00361  0.107602  0.0604829  
1.00085  0.101401  0.0885793  
0.876411  0.524263  0.109953  
0.717647  0.718396  0.123683  
0.717647  0.718396  0.123683  
0.515592  0.872758  0.0960026  
0.0732788  0.998635  0.0877558  
0.0512301  0.999712  0.0580101  
0.0762655  1.00228  0.0293292  
0.00103606  2.46084  5.15049e-006  
1.97283  0.000541076  0.000258672  
1.21784  0.0315977  0.0351747  
1.00361  0.107602  0.0604829  
1.00085  0.101401  0.0885793  
0.997709  0.100244  0.119941  
0.876411  0.524263  0.109953  
0.717647  0.718396  0.123683  
0.506509  0.865699  0.118764  
0.0892124  0.996431  0.124205  
0.074709  0.998533  0.0912397  
0.0564053  0.999605  0.0624625  
0.0762655  1.00228  0.0293292  
0.000931091  2.53459  6.87352e-005  
1.97283  0.000541076  0.000258672  
1.21768  0.0526424  0.0391518  
1.00361  0.107602  0.0604829  
1.00085  0.101401  0.0885793  
0.997709  0.100244  0.119941  
0.876411  0.524263  0.109953  
0.706973  0.707461  0.154899  
0.706973  0.707461  0.154899  
0.506509  0.865699  0.118764  
0.0899801  0.996303  0.124906  
0.074709  0.998533  0.0912397  
0.0564053  0.999605  0.0624625  
0.0569947  1.00112  0.0289611  
0.000880293  2.54388  0.00012812  
1.8717  0.00029987  0.000219017  
1.21706  0.0378832  0.0395807  
1.00361  0.107602  0.0604829  
0.999619  0.0954419  0.0978579  
0.996051  0.10108  0.132663  
0.860545  0.502061  0.153048  
0.860545  0.502061  0.153048  
0.706973  0.707461  0.154899  
0.50361  0.861578  0.147525  
0.50361  0.861578  0.147525  
0.0956344  0.99585  0.1303  
0.0778924  0.997859  0.0995571  
0.0564053  0.999605  0.0624625  
0.0569947  1.00112  0.0289611  
0.000836657  2.5532  0.000208057  
1.8717  0.00029987  0.000219017  
1.21706  0.0378832  0.0395807  
1.00361  0.107602  0.0604829  
0.999619  0.0954419  0.0978579  
0.996051  0.10108  0.132663  
0.993674  0.127217  0.167609  
0.863398  0.509482  0.162208  
0.703323  0.703536  0.179964  
0.703323  0.703536  0.179964  
0.50361  0.861578  0.147525  
0.117239  0.993352  0.165536  
0.102009  0.995672  0.13528  
0.0792198  0.99767  0.102543  
0.0564053  0.999605  0.0624625  
0.0569947  1.00112  0.0289611  
0.000790778  2.5626  0.000287055  
1.8717  0.00029987  0.000219017  
1.21666  0.0411545  0.0420461  
1.00361  0.107602  0.0604829  
0.999619  0.0954419  0.0978579  
0.996051  0.10108  0.132663  
0.993673  0.132789  0.173183  
0.860545  0.502061  0.153048  
0.862009  0.514264  0.201659  
0.703323  0.703536  0.179964  
0.508833  0.858489  0.208373  
0.50361  0.861578  0.147525  
0.124974  0.992897  0.1724  
0.0995987  0.995022  0.140526  
0.0792198  0.99767  0.102543  
0.0564053  0.999605  0.0624625  
0.0569947  1.00112  0.0289611  
0.000126614  2.58028  0.000296069  
1.8717  0.00029987  0.000219017  
1.21666  0.0411545  0.0420461  
1.00314  0.110865  0.071912  
0.998174  0.0899301  0.11042  
0.996051  0.10108  0.132663  
0.990402  0.115013  0.180563  
0.860545  0.502061  0.153048  
0.860545  0.502061  0.153048  
0.70236  0.701815  0.212466  
0.70236  0.701815  0.212466  
0.508833  0.858489  0.208373  
0.50361  0.861578  0.147525  
0.131091  0.992046  0.181944  
0.105056  0.994252  0.147369  
0.0822758  0.997259  0.109147  
0.0584942  0.999323  0.0705864  
0.0569947  1.00112  0.0289611  
0.000346909  2.56474  0.000220869  
1.8717  0.00029987  0.000219017  
1.21666  0.0411545  0.0420461  
1.00091  0.0885453  0.0769399  
0.998174  0.0899301  0.11042  
0.994441  0.101113  0.148708  
0.990402  0.115013  0.180563  
0.983623  0.128339  0.218563  
0.860545  0.502061  0.153048  
0.860545  0.502061  0.153048  
0.70236  0.701815  0.212466  
0.51523  0.853823  0.260663  
0.508869  0.856189  0.223896  
0.160335  0.986383  0.226512  
0.135125  0.990598  0.189179  
0.105056  0.994252  0.147369  
0.0822758  0.997259  0.109147  
0.0584942  0.999323  0.0705864  
0.0569947  1.00112  0.0289611  
0.000346909  2.56474  0.000220869  
1.8717  0.00029987  0.000219017  
1.21611  0.0343583  0.0485195  
1.00091  0.0885453  0.0769399  
0.998025  0.0970129  0.118106  
0.993742  0.11085  0.155941  
0.987819  0.12124  0.195199  
0.983084  0.143963  0.234087  
0.860545  0.502061  0.153048  
0.858367  0.52506  0.270652  
0.70236  0.701815  0.212466  
0.70236  0.701815  0.212466  
0.515791  0.852635  0.270764  
0.50361  0.861578  0.147525  
0.166048  0.985228  0.236425  
0.141677  0.989857  0.197054  
0.113381  0.993501  0.158284  
0.0858637  0.996803  0.116599  
0.0584942  0.999323  0.0705864  
0.0569947  1.00112  0.0289611  
0.000346909  2.56474  0.000220869  
1.8717  0.00029987  0.000219017  
1.21611  0.0343583  0.0485195  
1.00091  0.0885453  0.0769399  
0.997173  0.0936492  0.122983  
0.993742  0.11085  0.155941  
0.98696  0.128002  0.203958  
0.981721  0.150443  0.245294  
0.864611  0.508374  0.152558  
0.858367  0.52506  0.270652  
0.846005  0.510921  0.29557  
0.70236  0.701815  0.212466  
0.521593  0.849753  0.310922  
0.516086  0.852237  0.280302  
0.502713  0.861536  0.142059  
0.169039  0.984753  0.243832  
0.141677  0.989857  0.197054  
0.117239  0.993352  0.165536  
0.0886142  0.996552  0.124013  
0.0679535  0.998825  0.0824905  
0.0569947  1.00112  0.0289611  
0.000346909  2.56474  0.000220869  
1.8717  0.00029987  0.000219017  
1.21611  0.0343583  0.0485195  
1.00091  0.0885453  0.0769399  
0.997173  0.0936492  0.122983  
0.99208  0.11148  0.170598  
0.98167  0.098522  0.213407  
0.977135  0.125561  0.248195  
0.965027  0.111322  0.283895  
0.849404  0.512041  0.287211  
0.840162  0.511973  0.328322  
0.703394  0.701061  0.334664  
0.701786  0.703254  0.329309  
0.525913  0.84786  0.327717  
0.517804  0.85095  0.293245  
0.215445  0.978422  0.294084  
0.178222  0.983447  0.253482  
0.161857  0.989556  0.214935  
0.121298  0.992891  0.168479  
0.0935053  0.996483  0.126226  
0.0680419  0.998518  0.0858598  
0.0464259  0.999889  0.047383  
0.000346909  2.56474  0.000220869  
1.8717  0.00029987  0.000219017  
1.21587  0.0346013  0.0531335  
1.00091  0.0885453  0.0769399  
0.997037  0.104383  0.13157  
0.99208  0.11148  0.170598  
0.98167  0.098522  0.213407  
0.971004  0.0999131  0.259267  
0.962777  0.12615  0.300299  
0.864611  0.508374  0.152558  
0.837386  0.511787  0.339744  
0.830956  0.513912  0.376277  
0.70236  0.701815  0.212466  
0.701014  0.704018  0.357161  
0.524931  0.844084  0.344426  
0.502713  0.861536  0.142059  
0.218332  0.973978  0.309416  
0.182939  0.982424  0.261661  
0.156355  0.986724  0.22309  
0.125469  0.99184  0.176389  
0.0946215  0.995759  0.131677  
0.0724744  0.998462  0.0903484  
0.0464259  0.999889  0.047383  
0.000199542  2.56097  0.000145169  
1.8717  0.00029987  0.000219017  
1.21553  0.0307758  0.0575572  
1.00091  0.0885453  0.0769399  
0.996474  0.0898061  0.122254  
0.988291  0.106418  0.183879  
0.98167  0.098522  0.213407  
0.966778  0.0993737  0.274878  
0.958388  0.131661  0.312468  
0.940656  0.119649  0.359276  
0.833966  0.507998  0.35248  
0.830895  0.514855  0.388478  
0.704242  0.700754  0.385432  
0.701014  0.704018  0.357161  
0.539641  0.841941  0.398897  
0.524931  0.844084  0.344426  
0.502713  0.861536  0.142059  
0.218332  0.973978  0.312728  
0.202239  0.980035  0.278099  
0.165828  0.985623  0.232349  
0.125469  0.99184  0.176389  
0.0995987  0.995022  0.140526  
0.0716897  0.998452  0.0914411  
0.0349064  0.999502  0.0462131  
0.000199542  2.56097  0.000145169  
1.8717  0.00029987  0.000219017  
1.21508  0.023841  0.0589179  
0.999027  0.0899629  0.099725  
0.996474  0.0898061  0.122254  
0.987819  0.12124  0.195199  
0.978427  0.122183  0.242009  
0.964882  0.0942919  0.280013  
0.953495  0.134581  0.331512  
0.939091  0.140498  0.372362  
0.840871  0.507285  0.325202  
0.830895  0.514855  0.388478  
0.822445  0.520377  0.43386  
0.702313  0.701781  0.397498  
0.699813  0.703823  0.412359  
0.542193  0.837556  0.418  
0.512927  0.854915  0.245723  
0.274911  0.962419  0.382343  
0.239152  0.969372  0.337764  
0.208752  0.976915  0.29312  
0.171771  0.984745  0.244898  
0.141677  0.989857  0.197054  
0.105056  0.994252  0.147369  
0.0751674  0.998085  0.0965669  
0.0349064  0.999502  0.0462131  
4.99917e-005  2.54652  0.00047265  
1.8717  0.00029987  0.000219017  
1.21508  0.023841  0.0589179  
1.00091  0.0885453  0.0769399  
0.993742  0.11085  0.155941  
0.986059  0.115028  0.202938  
0.975305  0.13466  0.256959  
0.962777  0.12615  0.300299  
0.944765  0.117086  0.347179  
0.931682  0.146713  0.391672  
0.860545  0.502061  0.153048  
0.822445  0.520377  0.43386  
0.822445  0.520377  0.43386  
0.704242  0.700754  0.385432  
0.699813  0.703823  0.412359  
0.544698  0.833587  0.436124  
0.544698  0.833587  0.436124  
0.502713  0.861536  0.142059  
0.277514  0.958438  0.394765  
0.253347  0.966649  0.356354  
0.215283  0.97625  0.300382  
0.178222  0.983447  0.253482  
0.143227  0.989141  0.206678  
0.109385  0.994209  0.155669  
0.0795174  0.997629  0.10347  
0.0349064  0.999502  0.0462131  
4.99917e-005  2.54652  0.00047265  
1.8717  0.00029987  0.000219017  
1.21508  0.023841  0.0589179  
1.00103  0.0886151  0.0756575  
0.993077  0.117612  0.163591  
0.98167  0.098522  0.213407  
0.971004  0.0999131  0.259267  
0.958388  0.131661  0.312468  
0.940656  0.119649  0.359276  
0.928677  0.160754  0.406618  
0.909997  0.144763  0.440772  
0.830895  0.514855  0.388478  
0.822445  0.520377  0.43386  
0.704242  0.700754  0.385432  
0.702313  0.701781  0.397498  
0.699813  0.703823  0.412359  
0.548771  0.82585  0.489793  
0.524931  0.844084  0.344426  
0.331618  0.94112  0.47017  
0.295465  0.952575  0.418903  
0.262455  0.96348  0.371205  
0.223244  0.973756  0.314536  
0.201478  0.982  0.271463  
0.153693  0.98791  0.216777  
0.11405  0.9935  0.160639  
0.0822758  0.997259  0.109147  
0.0349064  0.999502  0.0462131  
4.99917e-005  2.54652  0.00047265  
1.8717  0.00029987  0.000219017  
1.21508  0.023841  0.0589179  
1.00103  0.0886151  0.0756575  
0.99208  0.11148  0.170598  
0.98167  0.098522  0.213407  
0.964882  0.0942919  0.280013  
0.953495  0.134581  0.331512  
0.935949  0.138989  0.380119  
0.912357  0.11651  0.426747  
0.89837  0.153301  0.467167  
0.860545  0.502061  0.153048  
0.818863  0.558301  0.526458  
0.818834  0.566805  0.550535  
0.704242  0.700754  0.385432  
0.699813  0.703823  0.412359  
0.56702  0.816204  0.556391  
0.558751  0.822135  0.53023  
0.502713  0.861536  0.142059  
0.350851  0.935764  0.495323  
0.311177  0.947899  0.445042  
0.277514  0.958438  0.394765  
0.239152  0.969372  0.337764  
0.202341  0.978754  0.285343  
0.160335  0.986383  0.226512  
0.120652  0.99284  0.172717  
0.0795174  0.997629  0.10347  
0.0349064  0.999502  0.0462131  
4.99917e-005  2.54652  0.00047265  
1.8717  0.00029987  0.000219017  
1.21463  0.00928667  0.0754185  
1.00103  0.0886151  0.0756575  
0.988291  0.106418  0.183879  
0.978427  0.122183  0.242009  
0.962782  0.125613  0.297406  
0.944765  0.117086  0.347179  
0.921091  0.113743  0.40486  
0.906865  0.154399  0.449713  
0.884782  0.164754  0.495897  
0.861763  0.172588  0.538137  
0.822445  0.520377  0.43386  
0.787605  0.547146  0.581982  
0.761421  0.520112  0.614563  
0.702313  0.701781  0.397498  
0.593346  0.807178  0.627827  
0.584592  0.809058  0.590509  
0.541662  0.834097  0.440555  
0.502713  0.861536  0.142059  
0.368895  0.928947  0.518948  
0.331618  0.94112  0.47017  
0.294988  0.954145  0.417073  
0.253347  0.966649  0.356354  
0.208752  0.976915  0.29312  
0.162261  0.986164  0.236329  
0.113456  0.993502  0.158532  
0.0751674  0.998085  0.0965669  
0.0349064  0.999502  0.0462131  
4.99917e-005  2.54652  0.00047265  
1.8717  0.00029987  0.000219017  
1.21463  0.00928667  0.0754185  
1.00123  0.0887444  0.0737666  
0.988291  0.106418  0.183879  
0.978427  0.122183  0.242009  
0.95781  0.133638  0.31687  
0.940891  0.157928  0.374335  
0.912357  0.11651  0.426747  
0.895005  0.168153  0.477037  
0.869909  0.169059  0.521281  
0.848919  0.152885  0.551565  
0.818467  0.166513  0.599728  
0.767495  0.53013  0.604761  
0.761421  0.520112  0.614563  
0.721687  0.484932  0.66285  
0.683798  0.458205  0.691284  
0.603789  0.797552  0.66521  
0.56702  0.816204  0.556391  
0.519808  0.850373  0.313495  
0.418522  0.907868  0.604233  
0.388716  0.920549  0.546503  
0.349407  0.93471  0.498142  
0.302107  0.950465  0.429231  
0.249646  0.966288  0.365245  
0.202341  0.978754  0.285343  
0.153693  0.98791  0.216777  
0.113456  0.993502  0.158532  
0.0737685  0.997188  0.10606  
0.0349064  0.999502  0.0462131  
4.99917e-005  2.54652  0.00047265  
1.8717  0.00029987  0.000219017  
1.21267  0.0183438  0.0853611  
1.20122  0.031039  0.164322  
0.988291  0.106418  0.183879  
0.970206  0.123964  0.27308  
0.94935  0.125982  0.338832  
0.931226  0.146713  0.391672  
0.899252  0.105676  0.450192  
0.878455  0.162461  0.504782  
0.857502  0.166941  0.53988  
0.819791  0.157048  0.593671  
0.799109  0.179315  0.62872  
0.721687  0.484932  0.66285  
0.721687  0.484932  0.66285  
0.683798  0.458205  0.691284  
0.596286  0.598686  0.701434  
0.596286  0.598686  0.701434  
0.581137  0.584087  0.708947  
0.544698  0.833587  0.436124  
0.502713  0.861536  0.142059  
0.445674  0.895223  0.636795  
0.391529  0.914796  0.560645  
0.33772  0.939795  0.47574  
0.288947  0.954219  0.408302  
0.239152  0.969372  0.337764  
0.190949  0.979423  0.280646  
0.151536  0.987951  0.218279  
0.107121  0.99453  0.148308  
0.0711278  0.998853  0.0881494  
0.0341357  0.999502  0.0462131  
4.99917e-005  2.54652  0.00047265  
1.8717  0.00029987  0.000219017  
1.21267  0.0183438  0.0853611  
1.19865  0.0205848  0.181288  
0.98167  0.098522  0.213407  
0.963328  0.125708  0.29644  
0.944765  0.117086  0.347179  
0.919682  0.114916  0.409307  
0.8924  0.161393  0.480167  
0.863862  0.153827  0.527023  
0.832852  0.150806  0.57444  
0.804278  0.178211  0.620021  
0.764839  0.115928  0.654708  
0.748526  0.166179  0.683416  
0.683798  0.458205  0.691284  
0.670017  0.46009  0.71732  
0.570797  0.565773  0.716435  
0.581137  0.584087  0.708947  
0.531423  0.529392  0.722735  
0.524067  0.521885  0.726262  
0.49843  0.499149  0.754753  
0.479964  0.8791  0.686444  
0.424501  0.901369  0.610215  
0.375116  0.924125  0.525592  
0.317946  0.943144  0.452155  
0.27797  0.957839  0.405775  
0.230605  0.971157  0.326373  
0.186196  0.982221  0.263977  
0.144893  0.988849  0.209693  
0.106222  0.99453  0.148308  
0.0643703  0.999403  0.0741872  
0.0341357  0.999502  0.0462131  
4.99917e-005  2.54652  0.00047265  
1.8717  0.00029987  0.000219017  
1.21201  0.015689  0.100391  
1.19666  0.0413735  0.189821  
0.996474  0.0898061  0.122254  
0.95781  0.133638  0.31687  
0.932806  0.129113  0.382604  
0.899252  0.105676  0.450192  
0.871471  0.137619  0.510076  
0.848919  0.152885  0.551565  
0.808054  0.136729  0.603965  
0.779926  0.17668  0.649004  
0.748526  0.166179  0.683416  
0.713512  0.140205  0.713583  
0.670017  0.46009  0.71732  
0.623204  0.405624  0.740435  
0.524067  0.521885  0.726262  
0.531423  0.529392  0.722735  
0.524067  0.521885  0.726262  
0.49843  0.499149  0.754753  
0.440601  0.621912  0.789097  
0.429155  0.760362  0.78037  
0.429155  0.760362  0.78037  
0.411199  0.910013  0.573725  
0.361809  0.930396  0.524639  
0.310164  0.946977  0.451893  
0.261673  0.960962  0.384232  
0.223244  0.973756  0.314536  
0.177259  0.983492  0.251974  
0.140455  0.98933  0.199815  
0.102726  0.995281  0.139331  
0.0643703  0.999403  0.0741872  
0.0341357  0.999502  0.0462131  
4.99917e-005  2.54652  0.00047265  
2.08792  0.000299869  0.000317651  
1.21201  0.015689  0.100391  
1.19167  0.0558483  0.211363  
0.996474  0.0898061  0.122254  
0.94935  0.125982  0.338832  
0.919682  0.114916  0.409307  
0.8924  0.161393  0.480167  
0.851708  0.13  0.540356  
0.819791  0.157048  0.593671  
0.784651  0.174608  0.642856  
0.748526  0.166179  0.683416  
0.713512  0.140205  0.713583  
0.611527  0.386459  0.741199  
0.623204  0.405624  0.740435  
0.611527  0.386459  0.741199  
0.572591  0.368847  0.786404  
0.500362  0.499055  0.756894  
0.49843  0.499149  0.754753  
0.390655  0.575454  0.796781  
0.440601  0.621912  0.789097  
0.390655  0.575454  0.796781  
0.345248  0.69705  0.793416  
0.345248  0.69705  0.793416  
0.373453  0.841106  0.793054  
0.349407  0.93471  0.498142  
0.302107  0.950465  0.429231  
0.258396  0.962521  0.380089  
0.215283  0.97625  0.300382  
0.162261  0.986164  0.236329  
0.136081  0.990166  0.19285  
0.0995126  0.9956  0.133979  
0.0643703  0.999403  0.0741872  
0.0341357  0.999502  0.0462131  
0.000199542  2.56097  0.000145169  
2.08792  0.000299869  0.000317651  
1.20858  0.0183084  0.120274  
1.18599  0.0315102  0.236967  
0.996474  0.0898061  0.122254  
0.944821  0.116688  0.349217  
0.899252  0.105676  0.450192  
0.874964  0.158505  0.507987  
0.836448  0.19521  0.582457  
0.790007  0.128017  0.627169  
0.752629  0.140912  0.672929  
0.713512  0.140205  0.713583  
0.677132  0.146952  0.749797  
0.645405  0.12818  0.773806  
0.572591  0.368847  0.786404  
0.572065  0.385275  0.799265  
0.533292  0.361907  0.832213  
0.421227  0.420923  0.83582  
0.476667  0.473446  0.79685  
0.421227  0.420923  0.83582  
0.358111  0.543179  0.817593  
0.390655  0.575454  0.796781  
0.38216  0.56915  0.807055  
0.170841  0.622374  0.802129  
0.345248  0.69705  0.793416  
0.170841  0.622374  0.802129  
0.202159  0.874073  0.797257  
0.293432  0.952936  0.424286  
0.249646  0.966288  0.365245  
0.202341  0.978754  0.285343  
0.162261  0.986164  0.236329  
0.120652  0.99284  0.172717  
0.0815909  0.996464  0.117757  
0.0349064  0.999502  0.0462131  
0.0341357  0.999502  0.0462131  
0.000199542  2.56097  0.000145169  
2.08792  0.000299869  0.000317651  
1.20858  0.0183084  0.120274  
1.17647  0.0360304  0.260555  
0.996474  0.0898061  0.122254  
0.919682  0.114916  0.409307  
0.899252  0.105676  0.450192  
0.848919  0.152885  0.551565  
0.799978  0.131293  0.613876  
0.753479  0.108637  0.665789  
0.713512  0.140205  0.713583  
0.677132  0.146952  0.749797  
0.633018  0.137227  0.786207  
0.601508  0.113674  0.806613  
0.578941  0.163682  0.831576  
0.514447  0.342604  0.84101  
0.509003  0.340798  0.842549  
0.476799  0.306278  0.855445  
0.421227  0.420923  0.83582  
0.421227  0.420923  0.83582  
0.341442  0.487383  0.865986  
0.355019  0.511318  0.85729  
0.342357  0.514421  0.842926  
0.342357  0.514421  0.842926  
0.112101  0.601738  0.807141  
0.170841  0.622374  0.802129  
0.170841  0.622374  0.802129  
0.256598  0.65204  0.800811  
0.202159  0.874073  0.797257  
0.237961  0.970318  0.33915  
0.201516  0.978996  0.284171  
0.162261  0.986164  0.236329  
0.120652  0.99284  0.172717  
0.0815909  0.996464  0.117757  
0.0349064  0.999502  0.0462131  
0.0341357  0.999502  0.0462131  
0.000213793  2.53615  0.00114342  
2.08792  0.000299869  0.000317651  
1.20466  0.0292584  0.15025  
1.16772  0.0462778  0.291967  
0.996474  0.0898061  0.122254  
0.919682  0.114916  0.409307  
0.851708  0.13  0.540356  
0.799978  0.131293  0.613876  
0.753479  0.108637  0.665789  
0.713512  0.140205  0.713583  
0.671486  0.150312  0.756114  
0.62107  0.10317  0.790387  
0.584856  0.125941  0.820982  
0.542868  0.098471  0.845373  
0.521264  0.10229  0.859899  
0.483726  0.308064  0.851381  
0.463013  0.305295  0.868574  
0.420481  0.276081  0.892496  
0.420481  0.276081  0.892496  
0.395217  0.274499  0.916499  
0.381884  0.382446  0.920588  
0.361553  0.445595  0.927197  
0.310639  0.472051  0.862963  
0.310639  0.472051  0.862963  
0.287314  0.542756  0.884585  
0.198011  0.550789  0.857589  
0.181554  0.593339  0.824167  
0.170841  0.622374  0.802129  
0.170841  0.622374  0.802129  
0.170841  0.622374  0.802129  
0.202159  0.874073  0.797257  
0.193192  0.980455  0.278645  
0.144893  0.988849  0.209693  
0.120652  0.99284  0.172717  
0.0815909  0.996464  0.117757  
0.0349064  0.999502  0.0462131  
0.0341357  0.999502  0.0462131  
0.000213793  2.53615  0.00114342  
2.26196  0.000153542  0.000545432  
1.20265  0.0216449  0.154094  
1.15246  0.0299294  0.327076  
0.996474  0.0898061  0.122254  
0.924759  0.107889  0.394571  
0.851708  0.13  0.540356  
0.764839  0.115928  0.654708  
0.713512  0.140205  0.713583  
0.670737  0.149614  0.75661  
0.62107  0.10317  0.790387  
0.574588  0.110209  0.826049  
0.542868  0.098471  0.845373  
0.509067  0.0902238  0.865187  
0.475663  0.0783839  0.883035  
0.415633  0.26613  0.893839  
0.415633  0.26613  0.893839  
0.395217  0.274499  0.916499  
0.371662  0.258154  0.924564  
0.364478  0.117821  0.938449  
0.346099  0.0853095  0.941944  
0.323762  0.236856  0.948544  
0.303168  0.305001  0.953091  
0.303168  0.305001  0.953091  
0.27889  0.469346  0.928694  
0.23069  0.503667  0.895224  
0.23069  0.503667  0.895224  
0.198011  0.550789  0.857589  
0.189039  0.581312  0.835209  
0.170841  0.622374  0.802129  
0.170841  0.622374  0.802129  
0.170841  0.622374  0.802129  
0.170841  0.622374  0.802129  
0.144893  0.988849  0.209693  
0.120652  0.99284  0.172717  
0.0815909  0.996464  0.117757  
0.0349064  0.999502  0.0462131  
0.0227957  1.20657  0.141265  
0.000213793  2.53615  0.00114342  
2.26196  0.000153542  0.000545432  
1.19704  0.0255342  0.191919  
1.12825  0.0339959  0.377032  
1.04652  0.0214468  0.514399  
0.924759  0.107889  0.394571  
0.753479  0.108637  0.665789  
0.691799  0.114952  0.731903  
0.655942  0.142809  0.768892  
0.601508  0.113674  0.806613  
0.542868  0.098471  0.845373  
0.509067  0.0902238  0.865187  
0.475663  0.0783839  0.883035  
0.445188  0.0899263  0.899604  
0.419043  0.106868  0.914399  
0.391656  0.130065  0.928861  
0.371161  0.113135  0.93551  
0.352826  0.0818763  0.93937  
0.323762  0.236856  0.948544  
0.317036  0.0991086  0.953664  
0.28593  0.0408683  0.9591  
0.28593  0.0408683  0.9591  
0.275314  0.194471  0.962611  
0.263255  0.313427  0.966931  
0.252201  0.34876  0.968495  
0.242641  0.173004  0.970777  
0.232858  0.325592  0.973194  
0.225382  0.386322  0.97649  
0.174429  0.515458  0.940839  
0.176917  0.540899  0.906958  
0.0792172  0.582  0.882896  
0.112101  0.601738  0.807141  
0.154089  0.614193  0.803765  
0.148943  0.610717  0.806352  
0.112101  0.601738  0.807141  
0.102726  0.995281  0.139331  
0.0815909  0.996464  0.117757  
0.0349064  0.999502  0.0462131  
0.0227957  1.20657  0.141265  
0.000213793  2.53615  0.00114342  
2.26196  0.000153542  0.000545432  
1.19237  0.0219421  0.206184  
1.09808  0.00397514  0.431893  
0.984052  0.0619279  0.591243  
0.877322  0.0632455  0.695928  
0.775527  0.0296288  0.772754  
0.62107  0.102889  0.790387  
0.584856  0.125941  0.820982  
0.531673  0.11754  0.854856  
0.486612  0.0784575  0.876933  
0.445188  0.0899263  0.899604  
0.417721  0.113174  0.915187  
0.376497  0.11118  0.932699  
0.358068  0.084199  0.937312  
0.335073  0.0960302  0.94731  
0.317036  0.0991086  0.953664  
0.299661  0.0993502  0.95936  
0.275314  0.194471  0.962611  
0.260016  0.187163  0.967256  
0.242641  0.173004  0.970777  
0.242641  0.173004  0.970777  
0.226419  0.169378  0.97606  
0.219078  0.269611  0.977881  
0.211952  0.15691  0.979177  
0.197992  0.242995  0.980558  
0.195831  0.306135  0.98127  
0.188957  0.227732  0.982601  
0.181936  0.223637  0.984116  
0.17521  0.250047  0.985131  
0.169244  0.381216  0.986135  
0.158274  0.525307  0.933704  
0.0160055  0.569605  0.88451  
0.112101  0.601738  0.807141  
0.112101  0.601738  0.807141  
0.112101  0.601738  0.807141  
0.109192  0.994197  0.71833  
0.0815909  0.996464  0.117757  
0.0349064  0.999502  0.0462131  
0.0245568  1.19212  0.21711  
0.000213793  2.53615  0.00114342  
2.26196  0.000153542  0.000545432  
1.17496  0.0267508  0.28521  
1.04652  0.0214468  0.514399  
0.910266  0.040633  0.668843  
0.775527  0.0296288  0.772754  
0.668557  0.0763495  0.838664  
0.580641  0.0397499  0.880049  
0.475663  0.0783839  0.883035  
0.445188  0.0899263  0.899604  
0.401339  0.0794884  0.919237  
0.373957  0.118844  0.935468  
0.340897  0.0805746  0.943555  
0.307919  0.0874296  0.955268  
0.2947  0.0921412  0.959994  
0.258101  0.0575007  0.967815  
0.258101  0.0575007  0.967815  
0.241005  0.0892625  0.974362  
0.224972  0.164148  0.976386  
0.213762  0.0457693  0.977941  
0.199405  0.0369844  0.980628  
0.196474  0.0805369  0.984021  
0.183112  0.186266  0.984599  
0.174604  0.177559  0.985373  
0.169059  0.0377163  0.986349  
0.163729  0.117111  0.987132  
0.157949  0.242691  0.987893  
0.152068  0.236773  0.988785  
0.144063  0.250294  0.990042  
0.141528  0.262891  0.990391  
0.136381  0.0978209  0.991073  
0.129662  0.244173  0.991766  
0.126952  0.345303  0.992183  
0.123663  0.210401  0.992679  
0.0974269  0.543607  0.942304  
0.0792172  0.582928  0.882896  
0.0120335  0.673932  0.880957  
0.0149581  0.824749  0.854602  
0.077577  0.996507  0.711945  
0.0349064  0.999502  0.0462131  
0.0136025  1.18168  0.282231  
0.000213793  2.53615  0.00114342  
2.26196  0.000153542  0.000545432  
1.14867  0.0225068  0.360198  
0.952636  0.0284709  0.629176  
0.775527  0.0296288  0.772754  
0.630013  0.0329708  0.85663  
0.54106  0.0688188  0.898687  
0.459862  0.017708  0.926493  
0.401339  0.0794884  0.919237  
0.346099  0.0853095  0.941944  
0.305956  0.0891265  0.956157  
0.287313  0.0932694  0.962206  
0.258101  0.0575007  0.967815  
0.241005  0.0892625  0.974362  
0.219702  0.0859055  0.979632  
0.206743  0.0614139  0.980184  
0.196474  0.0805369  0.984021  
0.182083  0.0543157  0.984721  
0.169059  0.0377163  0.986349  
0.157409  0.0454455  0.988623  
0.151672  0.037058  0.98909  
0.148379  0.106926  0.989854  
0.140479  0.041244  0.990898  
0.132475  0.0274776  0.991569  
0.126277  0.12654  0.992346  
0.122338  0.123355  0.992723  
0.118488  0.165479  0.993414  
0.114295  0.178583  0.99365  
0.110004  0.196791  0.994281  
0.10646  0.107459  0.994673  
0.102577  0.142569  0.994899  
0.0988743  0.254683  0.995391  
0.0931098  0.112985  0.995776  
0.0931098  0.112985  0.995776  
0.0898082  0.216772  0.99607  
0.0861652  0.214913  0.996362  
0.0832651  0.302886  0.996818  
0.0364486  0.555929  0.937194  
0.018964  0.574111  0.884152  
0.0149581  0.824749  0.854602  
0.0349064  0.999502  0.0462131  
0.012231  1.18199  0.279071  
0.000213793  2.53615  0.00114342  
2.26196  0.000153542  0.000545432  
1.04652  0.0214468  0.514399  
0.775527  0.0296288  0.772754  
0.580641  0.0397499  0.880049  
0.459862  0.017708  0.926493  
0.358164  0.0204858  0.956664  
0.312945  0.0331215  0.967151  
0.248534  0.0526518  0.969947  
0.228235  0.0315364  0.982845  
0.213274  0.0309536  0.985023  
0.174587  0.0608607  0.986654  
0.175156  0.063548  0.986493  
0.163656  0.0553415  0.988041  
0.151672  0.037058  0.98909  
0.140479  0.041244  0.990898  
0.129435  0.0447051  0.99259  
0.122274  0.0438304  0.993529  
0.113924  0.0408363  0.994307  
0.104591  0.0359214  0.995158  
0.104591  0.0359214  0.995158  
0.0930896  0.0713835  0.996335  
0.0930896  0.0713835  0.996335  
0.0856407  0.0871219  0.996459  
0.0856407  0.0871219  0.996459  
0.0813816  0.0828574  0.996737  
0.0792089  0.0983652  0.996893  
0.0760193  0.0750745  0.997202  
0.0733739  0.073968  0.997508  
0.0690003  0.119635  0.997698  
0.0676378  0.10508  0.997876  
0.0650695  0.149926  0.998041  
0.0633627  0.15715  0.998156  
0.0621059  0.120839  0.998177  
0.0603591  0.123718  0.998343  
0.0575734  0.0801247  0.998435  
0.0557268  0.101508  0.998604  
0.0539127  0.101013  0.998625  
0.0539127  0.101013  0.998625  
0.0517467  0.0509218  0.998736  
0.018964  0.574111  0.884152  
0.0149581  0.824749  0.854602  
0.0246499  1.04466  0.524233  
0.000213793  2.53615  0.00114342  
2.26196  0.000153542  0.000545432  
0.770656  0.0186404  0.780181  
0.459862  0.017708  0.926493  
0.307352  0.0141201  0.975889  
0.209759  0.0163918  0.985492  
0.156734  0.0221302  0.993943  
0.156734  0.0221302  0.993943  
0.12313  0.0230372  0.996388  
0.12313  0.0230372  0.996388  
0.104545  0.0233404  0.997374  
0.0891316  0.0108171  0.997404  
0.0891316  0.0108171  0.997404  
0.0797814  0.0260601  0.998114  
0.0693199  0.00604635  0.998395  
0.0693199  0.00604635  0.998395  
0.0611349  0.0107487  0.998793  
0.0611349  0.0107487  0.998793  
0.052966  0.0190435  0.999188  
0.052966  0.0190435  0.999188  
0.0490614  0.0393369  0.999208  
0.0490614  0.0393369  0.999208  
0.0421728  0.0321478  0.999247  
0.0421728  0.0321478  0.999247  
0.0421728  0.0321478  0.999247  
0.0392516  0.0472158  0.999362  
0.0393465  0.0532417  0.999329  
0.0373885  0.0370018  0.999362  
0.0347666  0.0608584  0.999499  
0.0351174  0.0634839  0.999438  
0.0333113  0.0667136  0.999644  
0.0333113  0.0667136  0.999644  
0.032119  0.0786358  0.999517  
0.030647  0.0826279  0.999618  
0.0298136  0.0517119  0.999676  
0.0290639  0.0676372  0.999706  
0.0278835  0.111279  0.999649  
0.0247466  0.0484413  0.999723  
0.0247466  0.0484413  0.999723  
0.0247466  0.0484413  0.999723  
0.0247466  0.0484413  0.999723  
0.0247466  0.0484413  0.999723  
0.0240745  0.0606203  0.999729  
0.0149581  0.824749  0.854602  
0.000213793  2.53615  0.00114342  
2.00138  0.000156318  0.333349  
0.0133553  0.00104796  0.999991  
0.0133553  0.00104796  0.999991  
0.0133553  0.00104796  0.999991  
0.0133553  0.00104796  0.999991  
0.0133553  0.00104796  0.999991  
0.0130787  0.000963332  0.999987  
0.0130787  0.000963332  0.999987  
0.0130787  0.000963332  0.999987  
0.0130787  0.000963332  0.999987  
0.0130787  0.000963332  0.999987  
0.0130787  0.000963332  0.999987  
0.0130787  0.000963332  0.999987  
0.0130787  0.000963332  0.999987  
0.0114587  0.00413149  0.999997  
0.0114587  0.00413149  0.999997  
0.0114587  0.00413149  0.999997  
0.0114587  0.00413149  0.999997  
0.0114587  0.00413149  0.999997  
0.0114587  0.00413149  0.999997  
0.0114587  0.00413149  0.999997  
0.0114587  0.00413149  0.999997  
0.00820931  0.0113272  0.999998  
0.00820931  0.0113272  0.999998  
0.00820931  0.0113272  0.999998  
0.00820931  0.0113272  0.999998  
0.00820931  0.0113272  0.999998  
0.00820931  0.0113272  0.999998  
0.00820931  0.0113272  0.999998  
0.00820931  0.0113272  0.999998  
0.0080419  0.0171025  0.999998  
0.00804379  0.0182108  1  
0.00804379  0.0182108  1  
0.00804379  0.0182108  1  
0.00804379  0.0182108  1  
0.00804379  0.0182108  1  
0.00804379  0.0182108  1  
0.00804379  0.0182108  1  
0.00804379  0.0182108  1  
0.00804379  0.0182108  1  
0.00804379  0.0182108  1  
0.00804379  0.0182108  1  
0.00804379  0.0182108  1  
0.00804379  0.0182108  1  
0.000253371  2.45641  0.0135165  
