0.996976  0.28864  
0.962362  0.311598  
0.928153  0.337585  
0.928037  0.337722  
0.898838  0.372452  
0.898554  0.372822  
0.855557  0.393181  
0.855384  0.393327  
0.817853  0.423844  
0.817506  0.424144  
0.817508  0.423934  
0.776934  0.455909  
0.735684  0.489772  
0.735005  0.491018  
0.690227  0.525335  
0.690284  0.525229  
0.68894  0.52618  
0.638161  0.559401  
0.638131  0.55945  
0.637132  0.560204  
0.637217  0.560139  
0.63748  0.559855  
0.581318  0.596358  
0.580667  0.596989  
0.523049  0.642899  
0.522885  0.643027  
0.523229  0.642782  
0.522009  0.643782  
0.522009  0.643782  
0.448521  0.685169  
0.448234  0.685385  
0.367443  0.744399  
0.366955  0.744731  
0.262562  0.82256  
0.262539  0.822598  
0.262618  0.822518  
0.26195  0.823595  
0.254708  0.936841  
0.248511  0.942297  
0.241494  0.94833  
0.236303  0.952121  
0.231243  0.955249  
0.225958  0.960696  
0.217727  0.962567  
0.212557  0.965604  
0.204084  0.968968  
0.198255  0.969825  
0.191599  0.971866  
0.185745  0.973793  
0.17825  0.975338  
0.170824  0.976903  
0.164696  0.978097  
0.157379  0.979617  
0.151721  0.980464  
0.145735  0.981444  
0.139707  0.98247  
0.134291  0.983522  
0.128148  0.984202  
0.122005  0.985051  
0.115199  0.986148  
0.10978  0.987615  
0.103725  0.98821  
0.0973116  0.988941  
0.0908985  0.989962  
0.0819029  0.990507  
0.0805  0.990515  
0.0706786  0.991708  
0.0678727  0.992074  
0.0615125  0.992801  
0.057958  0.993245  
0.0466434  0.994849  
0.0380414  0.995694  
0.0273673  0.99879  
0  1  
