0.996359  0.287657  
0.996356  0.287663  
0.996343  0.287837  
0.960546  0.30906  
0.930961  0.34205  
0.93096  0.342072  
0.889646  0.360854  
0.889645  0.360876  
0.855466  0.393136  
0.817532  0.424094  
0.817414  0.42425  
0.775089  0.452434  
0.775082  0.452437  
0.774778  0.452838  
0.774808  0.452798  
0.733435  0.487257  
0.732923  0.487863  
0.686137  0.520338  
0.685646  0.521056  
0.632517  0.552448  
0.632416  0.552738  
0.580051  0.594726  
0.524238  0.643923  
0.523542  0.64619  
0.446949  0.683473  
0.446945  0.683474  
0.446948  0.683473  
0.446918  0.683494  
0.446925  0.683493  
0.366992  0.744362  
0.367002  0.744351  
0.261107  0.821336  
0.2572  0.934887  
0.25071  0.940229  
0.245043  0.946312  
0.235886  0.952202  
0.231308  0.955212  
0.22309  0.960548  
0.218731  0.962085  
0.210733  0.965795  
0.203142  0.968019  
0.198881  0.970314  
0.190849  0.9723  
0.185054  0.973353  
0.178669  0.975803  
0.172743  0.976923  
0.164945  0.978112  
0.158901  0.979091  
0.152626  0.980752  
0.146146  0.981486  
0.141139  0.982139  
0.131125  0.983744  
0.128132  0.9845  
0.120594  0.985404  
0.114051  0.986184  
0.109427  0.987211  
0.102964  0.987738  
0.0969857  0.988648  
0.0884997  0.989869  
0.0827817  0.990189  
0.0804697  0.991214  
0.071689  0.992028  
0.068835  0.992565  
0.0597725  0.992941  
0.0568284  0.993346  
0.0510002  0.994573  
0.0436516  0.994994  
0.0407374  0.996346  
0.0361107  0.99726  
0.0204143  0.997942  
0.017191  0.998174  
0.0147594  0.998706  
0.00566471  0.999906  
7.8085e-010  1  
