0.905491  0.0815731  
0.899007  0.0839038  
0.895004  0.0844057  
0.894807  0.0868765  
0.894554  0.0875126  
0.894245  0.0901729  
0.894063  0.0927902  
0.852923  0.102528  
0.845146  0.102991  
0.844006  0.104107  
0.84258  0.105722  
0.840397  0.107711  
0.8353  0.111358  
0.834168  0.113832  
0.825077  0.116126  
0.797421  0.116527  
0.791362  0.117666  
0.790487  0.120245  
0.788169  0.121934  
0.781452  0.122871  
0.781139  0.124311  
0.770419  0.125614  
0.768717  0.127363  
0.767319  0.131159  
0.765742  0.137301  
0.76463  0.138989  
0.763972  0.142137  
0.763135  0.143085  
0.762857  0.157255  
0.762002  0.158221  
0.761357  0.162519  
0.760946  0.189438  
0.756224  0.202291  
0.674662  0.222347  
0.680707  0.222343  
0.666447  0.222349  
0.618608  0.22235  
0.614656  0.222357  
0.607144  0.222359  
0.605122  0.222363  
0.596253  0.222373  
0.592941  0.222376  
0.588105  0.222391  
0.582759  0.222391  
0.580555  0.222688  
0.577148  0.222801  
0.570246  0.22315  
0.564889  0.223152  
0.561519  0.224188  
0.557146  0.224315  
0.551618  0.225165  
0.550366  0.225655  
0.550316  0.227083  
0.546871  0.227488  
0.544086  0.229826  
0.540316  0.230648  
0.539421  0.231251  
0.538261  0.232657  
0.536595  0.234008  
0.533576  0.234463  
0.530779  0.235879  
0.528744  0.236154  
0.524826  0.238741  
0.523954  0.23924  
0.521553  0.240425  
0.520078  0.24135  
0.517212  0.242388  
0.512576  0.24481  
0.511789  0.245119  
0.511475  0.246184  
0.508259  0.24754  
0.506409  0.248269  
0.504646  0.249089  
0.502494  0.249761  
0.501108  0.250835  
0.499472  0.252352  
0.49816  0.253516  
0.497338  0.254572  
0.495354  0.255785  
0.494269  0.257145  
0.493707  0.258016  
0.491991  0.259042  
0.491102  0.26042  
0.489819  0.261727  
0.488122  0.262909  
0.487185  0.263467  
0.486173  0.265439  
0.484563  0.26681  
0.483091  0.267985  
0.481965  0.268999  
0.481112  0.270215  
0.47928  0.271682  
0.478494  0.272989  
0.477123  0.27414  
0.475963  0.275459  
0.475008  0.276388  
0.473483  0.2778  
0.472294  0.279486  
0.471007  0.280272  
0.469704  0.281822  
0.468266  0.283003  
0.467071  0.284248  
0.466061  0.285767  
0.465051  0.286626  
0.463641  0.28787  
0.462633  0.289247  
0.461428  0.290378  
0.460153  0.291772  
0.45909  0.292804  
0.457955  0.294655  
0.456441  0.295754  
0.455368  0.296976  
0.454402  0.297853  
0.453078  0.299325  
0.451907  0.300868  
0.450766  0.301823  
0.449466  0.303326  
0.448636  0.304527  
0.447452  0.306086  
0.446145  0.307214  
0.44528  0.308406  
0.443878  0.309427  
0.442632  0.31107  
0.441679  0.311991  
0.440142  0.313792  
0.438888  0.315165  
0.438056  0.316308  
0.4367  0.317722  
0.435705  0.318877  
0.434601  0.320279  
0.43344  0.321317  
0.432188  0.32294  
0.430948  0.324189  
0.43005  0.325694  
0.428668  0.326769  
0.427426  0.328104  
0.426481  0.32915  
0.425286  0.330946  
0.42425  0.33167  
0.423074  0.333222  
0.421941  0.334803  
0.420695  0.336044  
0.419555  0.337509  
0.418599  0.338396  
0.417246  0.339995  
0.416083  0.34129  
0.415232  0.342894  
0.41386  0.344179  
0.412823  0.345358  
0.411511  0.346918  
0.410572  0.348054  
0.409219  0.34956  
0.408031  0.351009  
0.407072  0.352101  
0.40579  0.353629  
0.404749  0.354828  
0.403466  0.356203  
0.402639  0.357694  
0.401631  0.358773  
0.400128  0.360045  
0.399014  0.361441  
0.397956  0.362754  
0.396682  0.364237  
0.395394  0.365738  
0.394571  0.366893  
0.393373  0.368358  
0.392021  0.369834  
0.39117  0.371057  
0.389806  0.372503  
0.388747  0.373865  
0.387807  0.375096  
0.386578  0.376539  
0.385339  0.378153  
0.384264  0.379347  
0.383176  0.380718  
0.382002  0.382219  
0.380871  0.383603  
0.379671  0.384976  
0.378587  0.386415  
0.377678  0.387702  
0.376385  0.389261  
0.375283  0.390478  
0.37416  0.392061  
0.373014  0.393464  
0.372047  0.394899  
0.370954  0.395907  
0.369624  0.397693  
0.368654  0.399102  
0.367355  0.400582  
0.366306  0.40197  
0.365058  0.403334  
0.363935  0.404924  
0.362889  0.406089  
0.361593  0.407783  
0.360488  0.409218  
0.359429  0.410511  
0.358325  0.411896  
0.357248  0.413341  
0.356141  0.414756  
0.355112  0.41628  
0.353973  0.417797  
0.352787  0.419186  
0.351561  0.420738  
0.350545  0.421966  
0.349565  0.423444  
0.348162  0.42508  
0.347127  0.4265  
0.346094  0.427882  
0.344886  0.429375  
0.343999  0.431096  
0.342882  0.432641  
0.341817  0.433835  
0.340416  0.435175  
0.339293  0.436641  
0.338198  0.438158  
0.337174  0.439537  
0.336226  0.441166  
0.33477  0.44262  
0.333701  0.44418  
0.332551  0.445761  
0.331469  0.447301  
0.330513  0.448794  
0.329312  0.450126  
0.328144  0.451623  
0.32698  0.453171  
0.3259  0.454683  
0.32468  0.456551  
0.323602  0.45767  
0.322741  0.459207  
0.32134  0.460839  
0.320186  0.462247  
0.319347  0.463657  
0.318083  0.465216  
0.317049  0.467028  
0.315916  0.46854  
0.31471  0.46975  
0.313433  0.471492  
0.312383  0.47315  
0.311279  0.474568  
0.309913  0.476464  
0.309003  0.477735  
0.307816  0.479198  
0.306901  0.480818  
0.305867  0.482715  
0.304562  0.484256  
0.30351  0.485283  
0.302264  0.487028  
0.301134  0.488856  
0.300094  0.49018  
0.29884  0.491855  
0.297802  0.493679  
0.296655  0.495448  
0.295611  0.496838  
0.29436  0.498391  
0.293452  0.500361  
0.291898  0.50167  
0.291028  0.503155  
0.289791  0.504673  
0.288506  0.506463  
0.287731  0.507957  
0.286111  0.509995  
0.285614  0.510804  
0.284334  0.51288  
0.283099  0.514994  
0.281882  0.516548  
0.280873  0.517744  
0.279819  0.519368  
0.278584  0.521123  
0.277202  0.522673  
0.276255  0.524279  
0.275082  0.525945  
0.273681  0.527964  
0.272846  0.52931  
0.271652  0.530965  
0.27049  0.53276  
0.269299  0.534449  
0.268253  0.536037  
0.267024  0.537739  
0.265625  0.539635  
0.264923  0.54128  
0.263573  0.542831  
0.262473  0.544425  
0.26118  0.546003  
0.260271  0.547802  
0.258998  0.549402  
0.257898  0.551375  
0.256515  0.553158  
0.255486  0.554623  
0.254205  0.556375  
0.253024  0.558535  
0.252077  0.559599  
0.250856  0.561748  
0.249587  0.563272  
0.248425  0.565206  
0.247473  0.566931  
0.245934  0.56876  
0.245091  0.570367  
0.243834  0.57196  
0.242533  0.573956  
0.241509  0.575821  
0.240444  0.577552  
0.239165  0.579079  
0.237932  0.581025  
0.236726  0.582779  
0.2357  0.584551  
0.23465  0.586281  
0.233235  0.588301  
0.232196  0.590194  
0.231109  0.591636  
0.229586  0.593905  
0.228508  0.595688  
0.227202  0.597612  
0.226269  0.59915  
0.225155  0.600856  
0.223866  0.602969  
0.22271  0.60463  
0.22158  0.606478  
0.220287  0.608387  
0.219104  0.610119  
0.218109  0.612024  
0.216763  0.613601  
0.215548  0.615692  
0.214331  0.617645  
0.212958  0.619656  
0.211878  0.621546  
0.210618  0.623409  
0.209501  0.625443  
0.208436  0.627175  
0.207233  0.629107  
0.205947  0.63082  
0.204546  0.632982  
0.203501  0.63478  
0.202383  0.6367  
0.201254  0.638478  
0.199964  0.640468  
0.198595  0.642369  
0.197407  0.644527  
0.196347  0.64619  
0.195046  0.648234  
0.193854  0.650002  
0.192608  0.652159  
0.191357  0.654412  
0.190323  0.656174  
0.188862  0.65856  
0.187702  0.660344  
0.186113  0.662628  
0.185206  0.664211  
0.183932  0.666206  
0.182645  0.668673  
0.181581  0.670219  
0.180247  0.672311  
0.179027  0.674577  
0.177805  0.676483  
0.176504  0.678378  
0.175285  0.680544  
0.174054  0.682546  
0.172648  0.685144  
0.171577  0.686659  
0.170356  0.688777  
0.169183  0.691084  
0.167937  0.69298  
0.166422  0.694994  
0.16529  0.697323  
0.164007  0.699328  
0.162535  0.701565  
0.161484  0.703373  
0.160234  0.705629  
0.15881  0.707718  
0.157637  0.710117  
0.156166  0.712352  
0.155169  0.714373  
0.153859  0.716598  
0.152612  0.718775  
0.151274  0.721043  
0.150076  0.723011  
0.148677  0.725244  
0.147454  0.727255  
0.146137  0.729345  
0.14487  0.732017  
0.14359  0.734201  
0.142317  0.736177  
0.140893  0.738483  
0.139624  0.740678  
0.138435  0.743077  
0.136978  0.745242  
0.135531  0.7475  
0.134413  0.749933  
0.132999  0.751908  
0.131795  0.754462  
0.130552  0.75658  
0.129038  0.75893  
0.127755  0.761056  
0.126416  0.763504  
0.125133  0.765612  
0.123723  0.768239  
0.122442  0.770619  
0.121247  0.773013  
0.119854  0.775227  
0.118335  0.777657  
0.11714  0.779891  
0.115653  0.782494  
0.114503  0.78441  
0.113101  0.787035  
0.111761  0.789309  
0.110319  0.79197  
0.108855  0.794387  
0.107673  0.79667  
0.106319  0.7995  
0.104846  0.802047  
0.103515  0.804138  
0.102152  0.806591  
0.100764  0.809362  
0.099297  0.811649  
0.0977411  0.814467  
0.0966707  0.81659  
0.0952038  0.818827  
0.0936516  0.821807  
0.0923993  0.824083  
0.0910265  0.826916  
0.0895231  0.82938  
0.0882731  0.831719  
0.0868646  0.83432  
0.0854719  0.837108  
0.0839606  0.839527  
0.0825985  0.842582  
0.0811935  0.844899  
0.0794908  0.847547  
0.0782326  0.850167  
0.0767096  0.852938  
0.0753361  0.855882  
0.0740298  0.857563  
0.0725446  0.860853  
0.0708277  0.863743  
0.0696735  0.866016  
0.0681768  0.868451  
0.066759  0.871034  
0.0650689  0.874694  
0.0638828  0.876964  
0.062362  0.879774  
0.0608224  0.882629  
0.0593513  0.885397  
0.0577268  0.888288  
0.0564527  0.890813  
0.0548397  0.893533  
0.0533998  0.896485  
0.0519701  0.899304  
0.050463  0.90211  
0.0489591  0.905186  
0.0473739  0.907989  
0.0459306  0.910791  
0.0442435  0.91373  
0.0429044  0.916785  
0.0410769  0.920123  
0.0396139  0.922667  
0.0380731  0.925526  
0.0367597  0.92831  
0.0352456  0.931139  
0.0337057  0.934603  
0.0321081  0.937597  
0.0305646  0.940627  
0.0289  0.943485  
0.0272796  0.946359  
0.0258292  0.949541  
0.0243173  0.952932  
0.0227327  0.955491  
0.0210344  0.958991  
0.019424  0.96215  
0.0178888  0.965344  
0.0162655  0.968495  
0.0147721  0.971531  
0.013076  0.974576  
0.0114744  0.977589  
0.00977785  0.981574  
0.00829235  0.984319  
0.00621661  0.988166  
0.00491668  0.991458  
0.00306783  0.99439  
0.00163345  0.997212  
0.000114693  1.00582  
