1  0.542019  
0.989908  0.543743  
0.970041  0.547137  
0.948761  0.550305  
0.93095  0.553174  
0.913288  0.556309  
0.895328  0.559103  
0.87747  0.562074  
0.862447  0.564833  
0.846761  0.568037  
0.82901  0.570482  
0.814411  0.573034  
0.798365  0.575493  
0.783756  0.577902  
0.769287  0.58033  
0.755897  0.582669  
0.742506  0.585052  
0.72761  0.587402  
0.714583  0.589785  
0.701498  0.591941  
0.690665  0.593913  
0.680066  0.596322  
0.668232  0.598149  
0.656839  0.601424  
0.650515  0.603608  
0.640066  0.606967  
0.632355  0.609477  
0.623274  0.612457  
0.615089  0.615201  
0.607214  0.617861  
0.59957  0.620652  
0.591302  0.623169  
0.583161  0.625999  
0.575553  0.628659  
0.568419  0.631065  
0.560119  0.633826  
0.552052  0.63656  
0.545756  0.638901  
0.538112  0.641334  
0.531245  0.643798  
0.524213  0.646287  
0.5174  0.648774  
0.510451  0.651302  
0.503366  0.653672  
0.496806  0.655924  
0.490246  0.658194  
0.482672  0.660856  
0.477009  0.662909  
0.470713  0.66523  
0.46423  0.667535  
0.458202  0.669704  
0.452094  0.671962  
0.445986  0.674237  
0.439915  0.676515  
0.4336  0.6786  
0.427868  0.680834  
0.421721  0.683058  
0.416351  0.685044  
0.410614  0.687122  
0.405064  0.689197  
0.399404  0.691282  
0.393825  0.6934  
0.388608  0.695386  
0.383037  0.697552  
0.377432  0.699702  
0.372585  0.701465  
0.366601  0.7039  
0.361759  0.705594  
0.356923  0.707524  
0.351571  0.709471  
0.346219  0.711606  
0.341463  0.713442  
0.336433  0.715345  
0.332075  0.717433  
0.328196  0.720235  
0.324212  0.723102  
0.320271  0.725952  
0.316416  0.728771  
0.312505  0.731622  
0.308643  0.734448  
0.304781  0.737285  
0.300995  0.740083  
0.297133  0.742945  
0.293347  0.745763  
0.289584  0.748586  
0.285836  0.751386  
0.282017  0.754261  
0.278286  0.75709  
0.274561  0.759906  
0.270859  0.762725  
0.267133  0.765571  
0.263481  0.768373  
0.25982  0.771191  
0.256198  0.773991  
0.25252  0.776841  
0.248925  0.77964  
0.245253  0.782511  
0.241708  0.785294  
0.23811  0.788119  
0.23456  0.790927  
0.230967  0.793766  
0.227401  0.796604  
0.223877  0.799423  
0.220349  0.802269  
0.216866  0.805046  
0.213349  0.807886  
0.209865  0.810694  
0.206349  0.813564  
0.202842  0.816416  
0.199372  0.819253  
0.195956  0.822062  
0.192509  0.824897  
0.189057  0.82776  
0.185655  0.830561  
0.182208  0.833449  
0.178807  0.836309  
0.175405  0.839162  
0.171988  0.841993  
0.168648  0.844806  
0.165246  0.847686  
0.161875  0.850555  
0.158465  0.853453  
0.155155  0.856287  
0.151804  0.859157  
0.148472  0.862024  
0.145154  0.864889  
0.141854  0.867748  
0.138517  0.870649  
0.135204  0.873538  
0.131879  0.876448  
0.128598  0.879329  
0.125275  0.882257  
0.122017  0.885133  
0.118742  0.888039  
0.115478  0.890942  
0.112193  0.893873  
0.108931  0.896793  
0.105685  0.89971  
0.102428  0.902645  
0.0991758  0.905586  
0.0959254  0.908535  
0.0926836  0.911484  
0.0894523  0.914434  
0.0862158  0.917398  
0.0830049  0.920349  
0.079772  0.923331  
0.0765327  0.926327  
0.0733267  0.9293  
0.0701169  0.932287  
0.0669057  0.935284  
0.063705  0.938283  
0.0605075  0.941288  
0.0572978  0.944313  
0.054098  0.94734  
0.0509083  0.950366  
0.0477098  0.953411  
0.0445215  0.956455  
0.0413362  0.959507  
0.0381455  0.962573  
0.0349568  0.965647  
0.031777  0.968723  
0.0285926  0.971813  
0.0254156  0.974905  
0.0222334  0.978012  
0.0190583  0.981122  
0.0158771  0.984249  
0.0127001  0.987381  
0.00952139  0.990525  
0.00634992  0.993671  
0.00316572  0.99684  
3.16843e-005  0.999969  
