0.822864  1.3727  
0.822864  1.3727  
0.822864  1.3727  
0.822864  1.3727  
0.822864  1.3727  
0.822864  1.3727  
0.822864  1.3727  
0.822864  1.3727  
0.822864  1.3727  
0.822864  1.3727  
0.822864  1.3727  
0.822864  1.3727  
0.817453  1.38809  
0.811537  1.40561  
0.804707  1.42368  
0.798375  1.44215  
0.791564  1.46029  
0.784529  1.48027  
0.77749  1.49927  
0.771176  1.5175  
0.764351  1.53754  
0.757139  1.55634  
0.750085  1.57665  
0.742855  1.59608  
0.735819  1.6161  
0.728219  1.63713  
0.721174  1.65802  
0.713827  1.67769  
0.705995  1.70025  
0.698437  1.72094  
0.690484  1.74346  
0.682772  1.76555  
0.682493  1.76653  
0.682493  1.76654  
0.682492  1.76654  
0.682493  1.76654  
0.479018  2.33826  
0.479018  2.33826  
0.479016  2.33828  
0.479016  2.33829  
0.479018  2.33826  
0.479018  2.33825  
0.479017  2.33827  
0.472511  2.35956  
0.461583  2.38832  
0.450944  2.4172  
0.439428  2.44977  
0.428461  2.48062  
0.416998  2.51336  
0.405921  2.54512  
0.394423  2.57658  
0.382501  2.611  
0.370417  2.64431  
0.357908  2.6807  
0.346204  2.71763  
0.333467  2.75049  
0.32635  2.76864  
0.32635  2.76864  
0.134467  3.31357  
0.134467  3.31357  
0.134467  3.31357  
0.134467  3.31357  
0.134467  3.31357  
0.134467  3.31357  
0.134466  3.31358  
0.120062  3.35784  
0.100725  3.40893  
0.0873712  3.45525  
0.0704909  3.50253  
0.0534653  3.54576  
0.033568  3.6048  
0.0177605  3.64699  
0.000285113  3.69996  
