0.972549  0.296994  
0.972549  0.296994  
0.972548  0.296994  
0.972544  0.296995  
0.972519  0.297041  
0.972526  0.297032  
0.972523  0.297032  
0.972527  0.297031  
0.89401  0.359112  
0.894025  0.359088  
0.894016  0.359102  
0.893999  0.359131  
0.894009  0.359112  
0.893998  0.359131  
0.814241  0.419454  
0.814222  0.419468  
0.814195  0.419663  
0.732501  0.477307  
0.652311  0.537118  
0.574723  0.599334  
0.574552  0.599442  
0.574521  0.599561  
0.574521  0.599561  
0.491706  0.655517  
0.491442  0.655754  
0.49148  0.65572  
0.415144  0.721182  
0.415314  0.721081  
0.339231  0.787312  
0.338148  0.788555  
0.33815  0.788554  
0.252602  0.837119  
0.178772  0.902296  
0.178114  0.903819  
0.1762  0.906474  
0.0954223  0.958607  
0.0954164  0.958607  
0.0954091  0.958607  
0.0942552  0.958954  
0.00205083  1.00276  
0.00205083  1.00276  
0.00205082  1.00276  
0.00205083  1.00276  
0.00205083  1.00276  
0.00205083  1.00276  
0.00205082  1.00276  
0.00205083  1.00276  
0.00205082  1.00276  
0.00205082  1.00276  
0.00205082  1.00276  
0.00205082  1.00276  
3.13967e-006  1.11456  
