1  0.881259  
0.997156  0.890642  
0.992778  0.901254  
0.987665  0.915609  
0.982571  0.930128  
0.977534  0.943924  
0.972587  0.958798  
0.967346  0.973207  
0.963478  0.985482  
0.956355  1.00229  
0.95185  1.01497  
0.945872  1.03145  
0.941364  1.04584  
0.935699  1.06057  
0.929816  1.07584  
0.925526  1.0905  
0.91884  1.10616  
0.913631  1.12135  
0.907647  1.13718  
0.902581  1.15248  
0.896373  1.16856  
0.890965  1.18481  
0.884404  1.20244  
0.878586  1.21794  
0.872575  1.23551  
0.867381  1.25035  
0.860236  1.26876  
0.854203  1.28654  
0.847721  1.30379  
0.841806  1.32067  
0.835394  1.33797  
0.829014  1.35716  
0.82226  1.37503  
0.815219  1.39413  
0.809135  1.41269  
0.802048  1.43152  
0.795303  1.45056  
0.789164  1.47098  
0.781897  1.48772  
0.775057  1.50816  
0.767488  1.52777  
0.760648  1.54837  
0.75344  1.56737  
0.745634  1.58851  
0.738952  1.60954  
0.730505  1.63084  
0.723176  1.65109  
0.715132  1.67389  
0.707568  1.69511  
0.700501  1.71824  
0.691932  1.73961  
0.684516  1.76216  
0.675991  1.78491  
0.667495  1.8083  
0.658694  1.8322  
0.649922  1.85674  
0.642104  1.87879  
0.633983  1.90306  
0.624529  1.92851  
0.616133  1.95174  
0.607108  1.98075  
0.598038  2.00602  
0.589108  2.03112  
0.579747  2.05434  
0.569711  2.08165  
0.560356  2.1079  
0.549535  2.1389  
0.540504  2.16841  
0.529938  2.19499  
0.520222  2.22144  
0.510191  2.24937  
0.499527  2.28013  
0.488768  2.31125  
0.47897  2.34044  
0.46842  2.37014  
0.456985  2.40106  
0.444696  2.43781  
0.43471  2.4674  
0.42306  2.49904  
0.411321  2.52994  
0.399284  2.56265  
0.387417  2.59665  
0.375529  2.62936  
0.363975  2.66286  
0.35025  2.70181  
0.337108  2.74028  
0.324362  2.77412  
0.311758  2.8098  
0.299118  2.84835  
0.284217  2.88821  
0.270662  2.92945  
0.256652  2.96755  
0.241505  3.01104  
0.228759  3.04533  
0.213777  3.09335  
0.199874  3.13482  
0.184205  3.17372  
0.165487  3.22707  
0.152341  3.26547  
0.135846  3.31235  
0.118634  3.36079  
0.100668  3.41136  
0.0847267  3.45879  
0.0671406  3.5059  
0.0515794  3.55161  
0.0307407  3.61337  
0.01787  3.65426  
5.37563e-007  3.70585  
