0.999848  7.74255e-005  
0.990276  0.00487372  
0.98727  0.00638558  
0.98727  0.00638558  
0.98727  0.00638558  
0.98727  0.00638558  
0.98727  0.00638558  
0.98727  0.00638558  
0.98727  0.00638558  
0.849923  0.0780876  
0.847957  0.0791543  
0.84002  0.0834749  
0.832107  0.0878027  
0.824294  0.0920937  
0.816653  0.0963114  
0.809001  0.100555  
0.801752  0.104597  
0.798665  0.106319  
0.665867  0.183993  
0.665867  0.183993  
0.665867  0.183993  
0.66028  0.187424  
0.654212  0.191169  
0.648192  0.194898  
0.64227  0.198582  
0.636407  0.202252  
0.630519  0.205959  
0.624681  0.209632  
0.618944  0.21327  
0.613207  0.216925  
0.612213  0.21756  
0.612213  0.21756  
0.612213  0.21756  
0.612213  0.21756  
0.483957  0.30433  
0.483957  0.30433  
0.483957  0.30433  
0.48313  0.304924  
0.478366  0.308361  
0.47362  0.311804  
0.468937  0.315215  
0.464222  0.318662  
0.459582  0.322096  
0.454928  0.325517  
0.450328  0.328938  
0.445824  0.332353  
0.441207  0.335778  
0.436737  0.339142  
0.432194  0.342587  
0.428504  0.345398  
0.305595  0.447194  
0.305595  0.447194  
0.305595  0.447194  
0.305595  0.447194  
0.305595  0.447194  
0.305595  0.447194  
0.305595  0.447194  
0.305595  0.447194  
0.305595  0.447194  
0.302511  0.44999  
0.298531  0.453621  
0.294672  0.457166  
0.290813  0.460735  
0.286921  0.464354  
0.283058  0.467982  
0.279194  0.471627  
0.275346  0.475266  
0.271515  0.47894  
0.267698  0.482613  
0.263872  0.486316  
0.260037  0.490063  
0.256275  0.493764  
0.252524  0.497487  
0.249163  0.500838  
0.249163  0.500838  
0.249163  0.500838  
0.134302  0.633527  
0.134302  0.633527  
0.134302  0.633527  
0.131342  0.637589  
0.127709  0.642636  
0.124107  0.647712  
0.12046  0.652926  
0.116837  0.658185  
0.113195  0.663556  
0.109547  0.669022  
0.105889  0.674594  
0.102187  0.680333  
0.0985534  0.686068  
0.094875  0.691982  
0.0912071  0.697995  
0.0875183  0.704176  
0.0838284  0.710469  
0.0801202  0.71695  
0.0794529  0.718287  
3.00233e-005  1.04484  
3.00233e-005  1.04484  
3.00233e-005  1.04484  
3.00233e-005  1.04484  
3.00233e-005  1.04484  
