1  1.22125e-015  
0.950329  0.0503191  
0.950329  0.0503355  
0.950328  0.0503367  
0.950329  0.0503344  
0.900334  0.100348  
0.900334  0.100351  
0.850272  0.150262  
0.850266  0.150281  
0.850266  0.15028  
0.850266  0.150282  
0.800281  0.200266  
0.800279  0.20028  
0.800278  0.200294  
0.800278  0.200282  
0.750274  0.25026  
0.750259  0.250263  
0.700167  0.300167  
0.700162  0.300168  
0.700164  0.300168  
0.650331  0.350316  
0.65033  0.350318  
0.600101  0.400095  
0.600096  0.400096  
0.550318  0.450306  
0.500238  0.500238  
0.500227  0.500241  
0.450247  0.550241  
0.450243  0.550248  
0.400242  0.600249  
0.350209  0.650201  
0.3502  0.650213  
0.300488  0.700464  
0.300478  0.700494  
0.250371  0.750369  
0.20025  0.800247  
0.200246  0.800258  
0.150742  0.850705  
0.150724  0.85077  
0.100404  0.900405  
0.0507981  0.950831  
0.0507969  0.950834  
4.65677e-018  1  
