1  1.23134e-015  
0.950052  0.0500491  
0.950052  0.050055  
0.950052  0.050055  
0.950052  0.0500552  
0.950052  0.050055  
0.950052  0.050055  
0.950052  0.0500512  
0.90019  0.100193  
0.900188  0.100199  
0.900188  0.100199  
0.900188  0.100196  
0.900188  0.100199  
0.900188  0.100198  
0.850136  0.150127  
0.850131  0.150134  
0.800184  0.200175  
0.800178  0.200183  
0.800182  0.200183  
0.750679  0.25064  
0.750679  0.250662  
0.700209  0.300198  
0.700199  0.300209  
0.650138  0.35013  
0.650131  0.350137  
0.600578  0.400553  
0.600576  0.400553  
0.600562  0.400554  
0.600576  0.400553  
0.550204  0.450192  
0.550204  0.450207  
0.50041  0.500406  
0.500399  0.500425  
0.450332  0.550354  
0.400238  0.60024  
0.400243  0.600239  
0.400234  0.600242  
0.3502  0.650188  
0.350186  0.650198  
0.300102  0.700099  
0.300099  0.7001  
0.300097  0.700101  
0.250146  0.750137  
0.250136  0.750143  
0.250136  0.750143  
0.200116  0.800109  
0.200116  0.800113  
0.150351  0.85034  
0.150356  0.85034  
0.150345  0.850341  
0.150338  0.850354  
0.100661  0.90063  
0.100663  0.90063  
0.100659  0.90063  
0.0504344  0.95041  
0.050434  0.95041  
0.050435  0.95041  
0.0504347  0.95041  
0.0504234  0.950428  
8.18049e-019  1  
