0.956992  0.978707  0.000131545  
0.000101045  1.11729  0.000165947  
0.702798  0.723364  0.00643939  
0.897738  0.449582  0.00488865  
0.00690749  0.999748  0.024182  
0.952571  0.314617  0.0199882  
0.706826  0.713044  0.0249727  
0.972658  0.242665  0.00426982  
0.869698  0.506343  0.0120409  
0.555832  0.833902  0.0374867  
0.981726  0.195395  0.0153065  
0.897915  0.446481  0.0231634  
0.704639  0.712192  0.05286  
0.00955253  0.998794  0.0505493  
0.00811736  0.99972  0.0262709  
1.23164  0.00105311  0.000245956  
0.987445  0.164444  0.013906  
0.929614  0.368577  0.0488781  
0.866935  0.502809  0.0545094  
0.603265  0.803766  0.0327465  
0.00910028  0.998719  0.0515746  
0.0100592  0.999699  0.0264113  
1.57774  0.000172737  6.863e-005  
0.990811  0.137196  0.025179  
0.950757  0.309367  0.0426878  
0.708709  0.709035  0.0608121  
0.513859  0.857347  0.0635137  
0.00958229  0.998612  0.0552902  
0.992553  0.124198  0.0136402  
0.964168  0.272901  0.0521509  
0.895791  0.447621  0.0714973  
0.866264  0.504316  0.0891496  
0.62617  0.782886  0.0555135  
0.0129436  0.9965  0.084607  
0.00959638  0.998562  0.0555758  
0.994021  0.109938  0.0248064  
0.970755  0.235864  0.0563591  
0.920007  0.3942  0.0489225  
0.704979  0.705817  0.0996673  
0.554753  0.831936  0.0454001  
0.0138411  0.996379  0.0873935  
0.0109853  0.99965  0.0292583  
0.995569  0.0991916  0.00505418  
0.977234  0.214861  0.040759  
0.936633  0.344615  0.0777745  
0.866946  0.494893  0.102594  
0.702605  0.704469  0.122558  
0.639529  0.767305  0.101461  
0.503269  0.864356  0.065397  
0.0136297  0.996094  0.089821  
0.0127972  0.998286  0.0603582  
0.00263016  0.999623  0.0297053  
0.996769  0.0882926  0.02888  
0.949512  0.314581  0.0671593  
0.893542  0.443897  0.0947519  
0.860611  0.499075  0.132998  
0.579453  0.811587  0.120427  
0.00977348  0.992792  0.121943  
0.0149525  0.995964  0.092301  
0.0107478  0.998245  0.0609025  
0.00953388  0.99959  0.0305607  
0.996924  0.0802691  0.0104047  
0.983339  0.177299  0.0542444  
0.956647  0.285497  0.088355  
0.911004  0.403743  0.114855  
0.700386  0.702877  0.155207  
0.648884  0.752247  0.136462  
0.530586  0.848459  0.0172706  
0.0163528  0.992129  0.127145  
0.021965  0.995585  0.0963614  
0.0112748  0.998111  0.063828  
0.0083608  0.999586  0.0318587  
0.997551  0.0712606  0.0204014  
0.985349  0.163829  0.0620545  
0.964419  0.260649  0.0703706  
0.926593  0.369113  0.0994286  
0.869836  0.484061  0.128932  
0.85773  0.495242  0.166154  
0.596662  0.795071  0.145671  
0.501021  0.861594  0.126904  
0.0151165  0.991364  0.132028  
0.0193896  0.9953  0.0987078  
0.0111564  0.99955  0.0324328  
0.988141  0.147162  0.0586495  
0.967365  0.241104  0.0838871  
0.936386  0.340499  0.117081  
0.886434  0.444509  0.150683  
0.696768  0.701124  0.181391  
0.649625  0.74416  0.179635  
0.549178  0.830349  0.139273  
0.0185118  0.986294  0.166614  
0.0267885  0.991057  0.136342  
0.0126032  0.994793  0.102922  
0.0111971  0.997746  0.0683677  
0.0111878  0.999549  0.0336816  
0.997992  0.0663777  0.0298691  
0.989953  0.134541  0.0606134  
0.973117  0.214321  0.0908271  
0.944114  0.308734  0.130212  
0.902755  0.407516  0.156722  
0.857611  0.499157  0.179683  
0.851324  0.49463  0.201041  
0.698047  0.697718  0.19924  
0.606091  0.784376  0.179661  
0.508099  0.850654  0.156896  
0.0177055  0.985188  0.175565  
0.0252426  0.99048  0.140614  
0.00866036  0.994526  0.106282  
0.010582  0.997669  0.0712661  
0.0111476  0.999447  0.0354443  
0.998383  0.0614384  0.0323776  
0.990043  0.12813  0.0648461  
0.975979  0.206184  0.104444  
0.949006  0.290408  0.137613  
0.917091  0.377918  0.138993  
0.866465  0.472697  0.186207  
0.849688  0.48635  0.220532  
0.695068  0.695915  0.219699  
0.653127  0.740011  0.189589  
0.56276  0.808562  0.209197  
0.01684  0.984218  0.179265  
0.0268583  0.989804  0.145832  
0.0194938  0.994135  0.11038  
0.0119157  0.997397  0.0736794  
0.00864849  0.99943  0.0358368  
0.998422  0.0575137  0.0172142  
0.991175  0.116964  0.0682989  
0.977265  0.195516  0.101204  
0.954387  0.268846  0.143416  
0.921193  0.352932  0.17524  
0.880922  0.436754  0.199378  
0.842384  0.485928  0.256207  
0.693494  0.693466  0.240249  
0.616461  0.760658  0.227897  
0.52555  0.83557  0.216512  
0.0191564  0.975081  0.223303  
0.0228028  0.982822  0.186869  
0.0160474  0.98897  0.149298  
0.0185391  0.993812  0.113107  
0.0110337  0.997325  0.0765357  
0.998524  0.0532821  0.0265881  
0.991412  0.11523  0.0751294  
0.977737  0.183029  0.110943  
0.958714  0.25347  0.139639  
0.932311  0.323826  0.180651  
0.89167  0.410125  0.207922  
0.848526  0.482432  0.235705  
0.839017  0.482717  0.263903  
0.684263  0.68906  0.269154  
0.654112  0.73087  0.220316  
0.575615  0.788799  0.253224  
0.496845  0.848086  0.22189  
0.015397  0.972962  0.233304  
0.019679  0.980983  0.195345  
0.00727875  0.987981  0.157118  
0.015635  0.993265  0.118469  
0.00212399  0.997098  0.0796031  
0.0115609  0.999297  0.0394243  
0.998515  0.0490857  0.0408691  
0.991726  0.108657  0.0730003  
0.979844  0.171151  0.118619  
0.960465  0.23844  0.159709  
0.934201  0.311287  0.183978  
0.90111  0.384825  0.222253  
0.861411  0.457097  0.249151  
0.838677  0.481664  0.275884  
0.827997  0.482754  0.30611  
0.614315  0.742558  0.282223  
0.533284  0.808832  0.254852  
0.490116  0.838772  0.263682  
0.0191326  0.97106  0.241273  
0.019299  0.979793  0.201395  
0.0139678  0.987102  0.164029  
0.00262705  0.996747  0.0829806  
0.0109147  0.999238  0.0409374  
0.991429  0.103154  0.0850994  
0.980897  0.161754  0.125356  
0.962001  0.222088  0.162364  
0.93896  0.2821  0.201813  
0.906125  0.36071  0.234497  
0.86775  0.435975  0.256123  
0.836588  0.485659  0.28784  
0.82444  0.475877  0.3147  
0.67361  0.674235  0.322351  
0.64967  0.711128  0.288214  
0.574109  0.764726  0.300596  
0.503329  0.826982  0.280217  
0.0203427  0.958789  0.291384  
0.0373948  0.968453  0.252556  
0.0186029  0.977843  0.212246  
0.0127239  0.986153  0.170867  
0.00966122  0.991876  0.127563  
0.0175251  0.996445  0.0866065  
0.0071854  0.99911  0.0427716  
0.998535  0.0444311  0.0375646  
0.992101  0.0963762  0.0850387  
0.980626  0.149277  0.132583  
0.962585  0.21321  0.171695  
0.940459  0.274106  0.212364  
0.916251  0.337015  0.246725  
0.874928  0.404244  0.277344  
0.830727  0.475268  0.301199  
0.823561  0.475486  0.326225  
0.666828  0.667149  0.342162  
0.610858  0.727551  0.332017  
0.546453  0.780743  0.322198  
0.486733  0.830936  0.29154  
0.0423523  0.955511  0.299377  
0.0127606  0.966075  0.26064  
0.0272873  0.984425  0.178469  
0.0240832  0.991353  0.134712  
0.0183792  0.996198  0.0888841  
0.99178  0.0908624  0.0934844  
0.982273  0.145609  0.129832  
0.964866  0.200829  0.17718  
0.943225  0.259466  0.215356  
0.913012  0.322798  0.251124  
0.884245  0.380182  0.279976  
0.840403  0.448138  0.320461  
0.814992  0.467844  0.346902  
0.808595  0.460773  0.372107  
0.658939  0.659628  0.375878  
0.633348  0.690224  0.357592  
0.569575  0.748297  0.349  
0.507177  0.798942  0.34087  
0.481273  0.822825  0.326345  
0.0176112  0.951072  0.310283  
0.01719  0.962046  0.273838  
0.0221092  0.973665  0.231821  
0.0167398  0.99045  0.141449  
0.00734401  0.995763  0.0931874  
0.00233337  0.998971  0.0457107  
0.998685  0.0391217  0.0469523  
0.992056  0.0881184  0.0927811  
0.98072  0.134289  0.144459  
0.965938  0.183156  0.188298  
0.943926  0.245397  0.233092  
0.915449  0.304231  0.275116  
0.886776  0.361635  0.297221  
0.8491  0.420245  0.329178  
0.812017  0.468358  0.358726  
0.801121  0.466912  0.394371  
0.655421  0.656052  0.411463  
0.656753  0.659043  0.386932  
0.603572  0.708431  0.388616  
0.538792  0.769304  0.364837  
0.480902  0.807935  0.363799  
0.0424084  0.94609  0.326988  
0.0323489  0.959427  0.283868  
0.0216548  0.98965  0.147293  
0.0113781  0.998922  0.0487027  
0.998286  0.0339754  0.0514033  
0.992145  0.0813343  0.0993229  
0.980234  0.127582  0.15485  
0.964175  0.183102  0.20044  
0.943624  0.235759  0.246688  
0.917327  0.286207  0.285991  
0.888706  0.332531  0.324657  
0.852523  0.39999  0.351603  
0.814237  0.452389  0.385668  
0.793111  0.453724  0.41472  
0.781659  0.455225  0.448376  
0.643445  0.645882  0.438654  
0.624511  0.673902  0.429707  
0.56174  0.721698  0.417406  
0.511855  0.77078  0.389833  
0.468596  0.80475  0.37299  
0.011988  0.940138  0.342772  
0.00738955  0.968397  0.254807  
0.0290397  0.979391  0.204188  
0.0232071  0.988205  0.155383  
0.0127278  0.994763  0.104128  
0.0101448  0.998791  0.050873  
0.998125  0.0321747  0.0553838  
0.991933  0.0758221  0.107582  
0.980207  0.11665  0.162511  
0.96321  0.175091  0.211268  
0.943886  0.219741  0.255795  
0.917501  0.267714  0.296646  
0.890107  0.314304  0.345933  
0.850499  0.375944  0.379027  
0.817653  0.422386  0.395083  
0.784727  0.453621  0.433083  
0.769964  0.447662  0.468003  
0.624829  0.633036  0.476391  
0.618097  0.639407  0.463606  
0.590337  0.690414  0.453543  
0.54184  0.738762  0.427161  
0.477031  0.777807  0.431404  
0.461942  0.790826  0.410126  
0.0309278  0.916587  0.407756  
0.0210352  0.932666  0.363401  
0.0333396  0.964409  0.267377  
0.00629905  0.977039  0.214652  
0.00592709  0.994182  0.108375  
0.0115529  0.998587  0.0551657  
0.998102  0.0341511  0.05854  
0.991389  0.0757663  0.112771  
0.979172  0.122129  0.168964  
0.962155  0.165921  0.225673  
0.944027  0.211258  0.271155  
0.913198  0.261909  0.322136  
0.885713  0.296773  0.363901  
0.848551  0.350823  0.398927  
0.815871  0.407625  0.43108  
0.777792  0.445849  0.457069  
0.763046  0.428477  0.49214  
0.745193  0.431051  0.521386  
0.626272  0.62689  0.506354  
0.599841  0.648182  0.49411  
0.544631  0.694793  0.486977  
0.488683  0.738527  0.478879  
0.452196  0.771436  0.463453  
0.0508248  0.887916  0.465184  
0.0303451  0.906366  0.423801  
0.0122841  0.925897  0.379769  
0.0148814  0.945142  0.333428  
0.0256268  0.960236  0.280913  
0.0238021  0.974979  0.22587  
0.0175103  0.985276  0.172876  
0.0172519  0.993538  0.116608  
0.998038  0.0290707  0.060915  
0.991125  0.0676986  0.11835  
0.978298  0.112432  0.182162  
0.959528  0.154113  0.239676  
0.939378  0.20266  0.290123  
0.909602  0.24518  0.340836  
0.88145  0.290057  0.37868  
0.851758  0.330087  0.423899  
0.814341  0.380774  0.449341  
0.768289  0.429419  0.481325  
0.748971  0.429678  0.514199  
0.730775  0.421902  0.55067  
0.58532  0.598136  0.564109  
0.593292  0.612797  0.539507  
0.572336  0.641945  0.530185  
0.523211  0.70017  0.510524  
0.479087  0.740909  0.497422  
0.449395  0.758658  0.489329  
0.0254546  0.874708  0.488015  
0.0344633  0.896818  0.447495  
0.0156664  0.91788  0.4  
0.0223748  0.938227  0.349348  
0.014997  0.955659  0.295583  
0.0140457  0.984091  0.183025  
0.0278578  0.992629  0.124136  
0.0122554  0.998395  0.060399  
1.59943  0.000153379  0.000192024  
0.997819  0.0317389  0.0641953  
0.990501  0.0606537  0.128618  
0.957572  0.144071  0.255778  
0.937148  0.172524  0.312501  
0.906212  0.235138  0.361939  
0.87565  0.271066  0.405611  
0.843657  0.315516  0.443522  
0.804576  0.358915  0.473749  
0.765958  0.392664  0.512287  
0.739805  0.419726  0.534992  
0.716373  0.416204  0.575151  
0.700374  0.403817  0.605917  
0.573966  0.579327  0.584523  
0.571657  0.606699  0.572076  
0.528235  0.657178  0.560296  
0.480607  0.694428  0.554178  
0.444884  0.734775  0.540931  
0.0488703  0.835461  0.558489  
0.0233788  0.861748  0.512026  
0.0651731  0.884387  0.47185  
0.0182073  0.906882  0.42318  
0.0165582  0.967658  0.257089  
0.0145922  0.981961  0.196254  
0.0192663  0.991673  0.131269  
0.0100952  0.997979  0.0660915  
0.997653  0.0322827  0.0704902  
0.989449  0.0611062  0.139277  
0.975226  0.106271  0.201758  
0.954337  0.124598  0.272634  
0.933187  0.180289  0.330476  
0.900712  0.217064  0.382655  
0.868488  0.255718  0.434151  
0.833604  0.298566  0.478928  
0.801581  0.324566  0.510346  
0.762284  0.366338  0.543003  
0.723678  0.42026  0.563682  
0.702152  0.415129  0.597305  
0.678425  0.392985  0.629806  
0.548743  0.552432  0.638584  
0.524967  0.6019  0.610505  
0.480337  0.646048  0.604336  
0.454359  0.68406  0.594282  
0.431265  0.722074  0.566395  
0.0463579  0.818588  0.580308  
0.0441954  0.847473  0.533873  
0.0726111  0.872488  0.497936  
0.0141683  0.921126  0.391576  
0.0413074  0.943695  0.336434  
0.0155342  0.978517  0.208538  
0.0146105  0.997701  0.0693984  
0.987015  0.0676098  0.151088  
0.97076  0.101665  0.221043  
0.949247  0.139253  0.290579  
0.924495  0.173079  0.350399  
0.89458  0.211503  0.402611  
0.861046  0.243456  0.457007  
0.826349  0.269594  0.508863  
0.789406  0.320422  0.545025  
0.742506  0.351244  0.577422  
0.711017  0.390724  0.597062  
0.659136  0.391765  0.661614  
0.637374  0.375713  0.68654  
0.540896  0.543962  0.646771  
0.532167  0.564472  0.641889  
0.454807  0.603421  0.657095  
0.463351  0.634001  0.62441  
0.406808  0.679905  0.622239  
0.0797725  0.799658  0.61391  
0.0495221  0.826028  0.568485  
0.0506814  0.855952  0.523185  
0.0311681  0.88288  0.472578  
0.0426756  0.910477  0.416339  
0.0258904  0.93427  0.358795  
0.0466241  0.956726  0.294458  
0.0210295  0.975368  0.221629  
0.0156995  0.997315  0.075015  
0.997  0.0203176  0.0802433  
0.987374  0.0554314  0.156425  
0.969176  0.0962699  0.239318  
0.943532  0.129631  0.312874  
0.916794  0.16002  0.381849  
0.884371  0.19123  0.44258  
0.84496  0.235597  0.487533  
0.803553  0.266204  0.537413  
0.771771  0.281631  0.578506  
0.732154  0.329289  0.606354  
0.6986  0.35276  0.63377  
0.616404  0.362186  0.709982  
0.4966  0.503494  0.720842  
0.49765  0.519167  0.701315  
0.475759  0.547044  0.699988  
0.457385  0.586053  0.675455  
0.425867  0.626231  0.674353  
0.403037  0.66282  0.663783  
0.384197  0.642423  0.674635  
0.0700294  0.776089  0.644118  
0.0492491  0.803171  0.604627  
0.0576685  0.835744  0.5561  
0.0382434  0.866633  0.503372  
0.0281172  0.923984  0.383992  
0.034096  0.987471  0.162211  
0.996533  0.0208233  0.0855699  
0.984181  0.0572572  0.173731  
0.964123  0.0727806  0.262488  
0.936923  0.0973874  0.339846  
0.902608  0.153785  0.411252  
0.864199  0.183544  0.47449  
0.829644  0.214708  0.526113  
0.787181  0.241312  0.571395  
0.750684  0.276953  0.613507  
0.714845  0.296327  0.642496  
0.680274  0.327189  0.671791  
0.639374  0.338229  0.696457  
0.611008  0.360075  0.723546  
0.588172  0.304284  0.751821  
0.568828  0.335589  0.781661  
0.485753  0.484202  0.7471  
0.472949  0.504529  0.734231  
0.4489  0.532336  0.729569  
0.409799  0.566348  0.732369  
0.396657  0.601055  0.721165  
0.375449  0.629456  0.690167  
0.137936  0.715388  0.714012  
0.120462  0.747573  0.676679  
0.0597786  0.777068  0.632112  
0.0609451  0.813816  0.586805  
0.0328368  0.848485  0.534188  
0.0414426  0.880007  0.480289  
0.0567919  0.914643  0.41154  
0.0397391  0.942147  0.339383  
0.0226684  0.966034  0.262868  
0.00988174  0.985117  0.176174  
0.981265  0.0554743  0.189381  
0.957764  0.050977  0.286649  
0.925288  0.106958  0.368198  
0.890994  0.145403  0.445092  
0.851734  0.171643  0.505335  
0.8108  0.201737  0.556204  
0.769367  0.205233  0.61504  
0.723707  0.244614  0.650642  
0.680699  0.27837  0.690292  
0.648737  0.288704  0.714543  
0.603185  0.322409  0.733965  
0.57827  0.336188  0.754784  
0.55878  0.32751  0.783627  
0.525615  0.30032  0.806787  
0.443744  0.441375  0.817167  
0.440455  0.467714  0.809574  
0.413885  0.490736  0.780476  
0.406197  0.51636  0.770121  
0.348107  0.557765  0.776461  
0.0953597  0.686097  0.751133  
0.0734395  0.748378  0.668862  
0.0467405  0.784292  0.627441  
0.0382579  0.861004  0.515317  
0.0271498  0.93096  0.368904  
0.023736  0.959694  0.288065  
0.0358519  0.982194  0.191474  
0.0104026  0.995622  0.0993871  
0.994928  0.0244784  0.102861  
0.977245  0.0533417  0.215786  
0.949209  0.0761784  0.311085  
0.913754  0.111401  0.398636  
0.870567  0.140073  0.478804  
0.826395  0.160949  0.550033  
0.783467  0.169894  0.607611  
0.730986  0.215266  0.65466  
0.699465  0.240224  0.681258  
0.648725  0.252451  0.723266  
0.614033  0.282733  0.748748  
0.582706  0.294651  0.768365  
0.544355  0.321855  0.798998  
0.521606  0.271869  0.812574  
0.495742  0.276897  0.833482  
0.465033  0.249499  0.854934  
0.454012  0.247359  0.868132  
0.423566  0.461925  0.82102  
0.371697  0.529679  0.833359  
0.365192  0.538523  0.820988  
0.310147  0.627993  0.834107  
0.241171  0.660305  0.80234  
0.182313  0.683573  0.759233  
0.0491682  0.75066  0.667184  
0.078998  0.792467  0.616721  
0.0623431  0.876098  0.486842  
0.0345348  0.917078  0.405343  
0.992599  0.0248634  0.121727  
0.970184  0.0512573  0.242643  
0.938205  0.06729  0.345705  
0.89316  0.0669095  0.446674  
0.844426  0.106821  0.527982  
0.790824  0.150576  0.597728  
0.746797  0.162592  0.655083  
0.698337  0.185791  0.701249  
0.647861  0.200745  0.7362  
0.611956  0.226251  0.769626  
0.57811  0.254891  0.794014  
0.507943  0.254205  0.831129  
0.485153  0.249092  0.842838  
0.462328  0.294437  0.867529  
0.441209  0.290189  0.882424  
0.416037  0.208379  0.889443  
0.398071  0.205842  0.904915  
0.38542  0.222842  0.915756  
0.370229  0.0968587  0.926513  
0.355641  0.0857705  0.933781  
0.340877  0.113692  0.939409  
0.327781  0.152841  0.944548  
0.270362  0.638747  0.824826  
0.242459  0.658219  0.817208  
0.197277  0.677493  0.765909  
0.0892407  0.75569  0.664061  
0.0540788  0.804016  0.603079  
0.0779125  0.852385  0.531374  
0.0554786  0.938901  0.348214  
0.0176649  0.971873  0.239476  
0.991308  0.0253487  0.132037  
0.961694  0.0505571  0.275002  
0.920342  0.0742855  0.392001  
0.868407  0.0639445  0.494929  
0.809281  0.125278  0.578735  
0.758543  0.0687336  0.650117  
0.705542  0.0963836  0.705595  
0.657325  0.0918589  0.751978  
0.60688  0.186758  0.779666  
0.562366  0.204294  0.807165  
0.53041  0.211235  0.833694  
0.484568  0.237014  0.851652  
0.429568  0.239886  0.883337  
0.393526  0.218879  0.902736  
0.376416  0.192014  0.916327  
0.361583  0.230395  0.931201  
0.343084  0.0678374  0.937219  
0.329708  0.217071  0.943277  
0.315678  0.168049  0.948319  
0.301932  0.125691  0.952665  
0.290855  0.0798782  0.956404  
0.27926  0.0507978  0.959833  
0.269614  0.0542029  0.962567  
0.259815  0.0849297  0.96563  
0.239937  0.647305  0.831679  
0.175739  0.660672  0.831989  
0.1099  0.677709  0.769855  
0.0884366  0.764023  0.650987  
0.0306197  0.81684  0.585648  
0.0505398  0.870607  0.497967  
0.0624837  0.923747  0.391059  
0.0266978  0.990696  0.140479  
0.949989  0.0481911  0.315126  
0.830769  0.0965951  0.554386  
0.767278  0.112481  0.639201  
0.650012  0.12141  0.752409  
0.59755  0.0955479  0.797074  
0.54834  0.163737  0.829486  
0.509285  0.152822  0.853448  
0.475982  0.18897  0.873167  
0.4298  0.169286  0.892177  
0.414525  0.183976  0.899387  
0.389071  0.194261  0.914797  
0.350294  0.127003  0.933363  
0.331544  0.101376  0.942801  
0.300497  0.0632068  0.953615  
0.287195  0.130172  0.957547  
0.274375  0.0608775  0.961424  
0.262388  0.180786  0.964709  
0.252174  0.0780828  0.96754  
0.242439  0.24777  0.970067  
0.233287  0.0905851  0.972387  
0.224866  0.364348  0.974347  
0.216788  0.151454  0.976255  
0.209403  0.0249181  0.977872  
0.202268  0.0512721  0.979358  
0.126659  0.669921  0.789883  
0.100893  0.716407  0.713191  
0.043079  0.7683  0.644479  
0.02881  0.840189  0.557018  
0.0243858  0.902257  0.447801  
0.0153131  0.988524  0.155705  
0.92734  0.049531  0.374339  
0.861307  0.0308157  0.508186  
0.783076  0.0772826  0.622228  
0.63797  0.106372  0.765981  
0.579091  0.117408  0.811249  
0.528606  0.101799  0.84544  
0.484724  0.113514  0.872433  
0.445657  0.0968634  0.892947  
0.41221  0.12117  0.909831  
0.38367  0.119149  0.918357  
0.355537  0.103657  0.932723  
0.335175  0.170767  0.941093  
0.314321  0.143001  0.948528  
0.297354  0.115714  0.95421  
0.281254  0.0932682  0.9588  
0.26741  0.0526998  0.963487  
0.252609  0.042094  0.967113  
0.231538  0.0361012  0.972862  
0.219503  0.0356071  0.975283  
0.212153  0.0413407  0.977221  
0.202994  0.129612  0.979082  
0.196052  0.0556379  0.980581  
0.188592  0.0348271  0.981906  
0.181068  0.0768843  0.98329  
0.17553  0.0268274  0.984338  
0.169769  0.0217066  0.985435  
0.163118  0.0551431  0.986348  
0.0163861  0.86876  0.519793  
0.0191501  0.983333  0.194811  
0.903701  0.0436908  0.428577  
0.800805  0.0620985  0.600268  
0.705541  0.0779426  0.706241  
0.625116  0.0749075  0.782181  
0.554419  0.0860816  0.83379  
0.496209  0.0571281  0.867841  
0.401836  0.112688  0.912163  
0.370923  0.101583  0.925223  
0.316193  0.0795932  0.948391  
0.293105  0.0798239  0.955632  
0.272834  0.0558588  0.961602  
0.25725  0.0327778  0.966056  
0.242578  0.130367  0.970263  
0.228884  0.0631842  0.973439  
0.216345  0.0405533  0.976306  
0.205132  0.0319039  0.978661  
0.186916  0.0447177  0.982414  
0.178322  0.0345523  0.983846  
0.1704  0.0376755  0.985338  
0.157854  0.0372522  0.987506  
0.151462  0.0421454  0.988543  
0.146104  0.0821887  0.989223  
0.141179  0.0856633  0.990004  
0.135623  0.011977  0.99077  
0.132096  0.0574534  0.991243  
0.127978  0.0781625  0.991842  
0.123518  0.128099  0.992345  
0.119579  0.0404799  0.992913  
0.116517  0.1356  0.993183  
0.089875  0.700914  0.752191  
0.0574156  0.72413  0.695119  
0.992747  0.021182  0.121727  
0.708108  0.0537043  0.70659  
0.597974  0.0563199  0.802319  
0.514294  0.062873  0.857926  
0.447569  0.0709474  0.892818  
0.39356  0.0402236  0.919548  
0.351101  0.0509482  0.935873  
0.287068  0.0547106  0.957911  
0.262864  0.0422941  0.965114  
0.242354  0.0314311  0.970409  
0.224541  0.0889353  0.97468  
0.208997  0.0346313  0.978239  
0.195833  0.0419834  0.980909  
0.183894  0.0692052  0.982927  
0.173604  0.0604411  0.984718  
0.155932  0.0532802  0.987818  
0.14814  0.0265988  0.988966  
0.141336  0.0616895  0.989832  
0.135013  0.0210245  0.990878  
0.129304  0.0592835  0.991649  
0.123585  0.0757893  0.992291  
0.118849  0.0633235  0.992898  
0.114607  0.0263952  0.99348  
0.110396  0.116627  0.99392  
0.106033  0.12469  0.994404  
0.102832  0.141428  0.994714  
0.0988744  0.148236  0.995127  
0.0962554  0.108464  0.995413  
0.0928847  0.0118041  0.995712  
0.0878111  0.0618781  0.996168  
0.0848494  0.0580997  0.996423  
0.0823538  0.0490378  0.996649  
0.0716056  0.707751  0.765865  
0.00766923  0.96664  0.279782  
0.774174  0.0250444  0.773302  
0.529699  0.0337254  0.848748  
0.437304  0.0259198  0.899725  
0.371126  0.048459  0.92927  
0.313787  0.0247777  0.949304  
0.274438  0.028064  0.961659  
0.216258  0.0356245  0.976574  
0.194685  0.0357254  0.980985  
0.178889  0.0325711  0.983819  
0.164236  0.0394319  0.986579  
0.151592  0.0631416  0.988443  
0.131383  0.020095  0.991502  
0.116254  0.0296804  0.993365  
0.110412  0.0331865  0.993915  
0.104631  0.0550209  0.994554  
0.0993605  0.0430818  0.995034  
0.0942165  0.013295  0.995563  
0.085511  0.0262925  0.996347  
0.0822207  0.0903964  0.996658  
0.0789201  0.0493707  0.996949  
0.0762166  0.0196078  0.997132  
0.0736348  0.0135117  0.997299  
0.0680224  0.0668238  0.997705  
0.0661451  0.00868627  0.997839  
0.0637922  0.0203081  0.997972  
0.0619985  0.0714942  0.998084  
0.0602794  0.0189231  0.998187  
0.058297  0.118634  0.998302  
0.0565614  0.153444  0.998439  
0.054994  0.0188237  0.9985  
0.052771  0.0523035  0.998639  
0.052328  0.0568348  0.998652  
0.0511115  0.0719348  0.998724  
0.0262045  0.805971  0.602268  
0.783088  0.0155341  0.780889  
0.453576  0.0176248  0.927829  
0.316544  0.0154294  0.965528  
0.243758  0.0217296  0.982285  
0.18552  0.0229804  0.982835  
0.143916  0.0146031  0.989597  
0.134249  0.0268717  0.991003  
0.12316  0.0165856  0.99248  
0.10885  0.0278218  0.994341  
0.0901082  0.00989519  0.995967  
0.0794418  0.0219651  0.997086  
0.0762417  0.0106862  0.997152  
0.0702934  0.0192682  0.997556  
0.0534565  0.0253755  0.998582  
0.0524268  0.0249554  0.998793  
0.0499357  0.0274724  0.998837  
0.0474841  0.0249704  0.998887  
0.0451278  0.0147448  0.999048  
0.0432584  0.0264059  0.999167  
0.0391941  0.0414081  0.999254  
0.0368918  0.0158999  0.999332  
0.035543  0.0404698  0.999397  
0.0339947  0.0374636  0.999462  
0.0332808  0.0457379  0.999472  
0.0322405  0.0560905  0.999518  
0.0309611  0.0172094  0.999535  
0.0300353  0.0606676  0.999579  
0.0291413  0.0587172  0.999607  
0.0285478  0.0311008  0.99963  
0.0268063  0.0125538  0.999663  
0.0260159  0.0287244  0.999705  
0.0254495  0.0637206  0.999714  
0.0247678  0.0579904  0.999735  
0.0221503  0.15091  0.999768  
0.00621809  0.84533  0.591934  
0.0107115  9.37335e-005  1.00046  
0.00416405  0.000168543  1.00002  
0.00382478  0.000274142  1.00003  
0.00380921  0.000848319  1.00006  
0.00379756  0.00161855  1.00004  
0.00212598  0.0115046  1.00009  
4.62178e-005  1.09592  0.0787826  
