1.01354  0.127456  
1.00817  0.127957  
1.00257  0.129416  
0.995404  0.132339  
0.992084  0.135834  
0.990335  0.136494  
0.987276  0.138449  
0.983051  0.143014  
0.982236  0.14475  
0.97925  0.147101  
0.979039  0.148027  
0.974078  0.152047  
0.973269  0.153765  
0.971697  0.154947  
0.970012  0.157419  
0.967641  0.158826  
0.966661  0.160509  
0.962257  0.164106  
0.960234  0.165861  
0.957917  0.168389  
0.954077  0.172428  
0.95292  0.173687  
0.951363  0.174573  
0.9492  0.177063  
0.947398  0.178861  
0.945467  0.180781  
0.942353  0.18405  
0.940482  0.185702  
0.938299  0.187278  
0.936534  0.188867  
0.93318  0.192421  
0.933316  0.192064  
0.931386  0.194346  
0.928882  0.197419  
0.92677  0.198975  
0.92326  0.202081  
0.922148  0.204082  
0.918942  0.206969  
0.915036  0.210579  
0.915913  0.210287  
0.912018  0.213772  
0.909789  0.215413  
0.90829  0.217171  
0.904817  0.22075  
0.902046  0.223536  
0.901721  0.225735  
0.898732  0.227738  
0.897201  0.228742  
0.894832  0.230888  
0.893908  0.232371  
0.892066  0.233758  
0.891976  0.234398  
0.888905  0.236989  
0.886899  0.239305  
0.886224  0.240203  
0.884983  0.241032  
0.88342  0.243204  
0.880838  0.245479  
0.879605  0.247045  
0.87721  0.249179  
0.877095  0.24995  
0.873973  0.252812  
0.872124  0.254092  
0.871366  0.255801  
0.86905  0.256638  
0.868005  0.258783  
0.86734  0.260916  
0.864099  0.262483  
0.862409  0.264528  
0.860405  0.267174  
0.85723  0.269329  
0.856508  0.271206  
0.853257  0.272475  
0.852056  0.274016  
0.850945  0.275639  
0.849631  0.276926  
0.847668  0.278071  
0.847508  0.281085  
0.84572  0.282755  
0.841247  0.284198  
0.839384  0.287056  
0.838112  0.287598  
0.835944  0.290538  
0.834381  0.291494  
0.832913  0.294115  
0.830418  0.296359  
0.829417  0.297586  
0.827273  0.299509  
0.824512  0.300976  
0.823357  0.30236  
0.822633  0.303188  
0.820673  0.305854  
0.819481  0.306818  
0.81528  0.310829  
0.813607  0.312603  
0.812633  0.313223  
0.810393  0.315755  
0.807817  0.31762  
0.807218  0.319124  
0.805669  0.320363  
0.802734  0.322789  
0.801741  0.324042  
0.800235  0.325841  
0.799318  0.327344  
0.79729  0.32871  
0.795817  0.330566  
0.795072  0.331126  
0.793433  0.333928  
0.79012  0.335587  
0.788417  0.337373  
0.786603  0.340081  
0.784304  0.342125  
0.782084  0.343888  
0.780469  0.345582  
0.779341  0.346899  
0.776597  0.349326  
0.776089  0.349917  
0.772295  0.353167  
0.769722  0.355855  
0.767921  0.357556  
0.765874  0.359747  
0.764628  0.360898  
0.763319  0.362281  
0.761544  0.363934  
0.759892  0.365677  
0.759093  0.366678  
0.757086  0.368193  
0.755371  0.370416  
0.753606  0.372108  
0.751276  0.374097  
0.749032  0.376741  
0.74623  0.379404  
0.745038  0.380618  
0.743236  0.382025  
0.741883  0.38413  
0.739746  0.386181  
0.738872  0.387826  
0.736576  0.389405  
0.735582  0.390229  
0.733619  0.393055  
0.731267  0.394494  
0.731041  0.394927  
0.728627  0.39701  
0.727432  0.398416  
0.725024  0.400676  
0.723228  0.402325  
0.723144  0.402739  
0.719768  0.406047  
0.718824  0.407074  
0.71713  0.409229  
0.71484  0.411174  
0.714108  0.41217  
0.712358  0.414071  
0.710653  0.41568  
0.709993  0.418168  
0.707683  0.41966  
0.70636  0.421431  
0.703991  0.423131  
0.703212  0.42934  
0.702358  0.430465  
0.680467  0.437098  
0.67061  0.437103  
0.66231  0.437112  
0.657615  0.43712  
0.654147  0.437134  
0.638719  0.437176  
0.636998  0.437189  
0.630593  0.437355  
0.627399  0.438386  
0.625755  0.43925  
0.621736  0.440922  
0.61724  0.443584  
0.616409  0.445373  
0.615337  0.446156  
0.608668  0.449341  
0.603523  0.450667  
0.603194  0.45162  
0.599069  0.454381  
0.596155  0.454656  
0.592267  0.457735  
0.59219  0.457871  
0.577711  0.466046  
0.576785  0.466672  
0.569201  0.468776  
0.568136  0.469903  
0.557219  0.47441  
0.556188  0.474531  
0.553927  0.475053  
0.543291  0.479508  
0.542522  0.479695  
0.542356  0.481109  
0.538923  0.483224  
0.537197  0.484323  
0.535738  0.484767  
0.5309  0.490431  
0.522224  0.491965  
0.519229  0.497854  
0.50909  0.498352  
0.504281  0.500141  
0.504063  0.500239  
0.500239  0.503129  
0.498777  0.504917  
0.496452  0.507137  
0.493411  0.508447  
0.492847  0.508499  
0.491633  0.509516  
0.48951  0.511631  
0.488877  0.512064  
0.487623  0.514687  
0.486078  0.515554  
0.485214  0.51815  
0.483159  0.518533  
0.482031  0.519883  
0.480798  0.521848  
0.478293  0.522572  
0.476965  0.524789  
0.475793  0.526482  
0.474429  0.528294  
0.47323  0.529124  
0.470028  0.530892  
0.46954  0.531527  
0.467936  0.532994  
0.465708  0.535772  
0.46482  0.537002  
0.462299  0.539699  
0.461024  0.541234  
0.460657  0.542185  
0.458355  0.543308  
0.456407  0.544986  
0.454757  0.546582  
0.452529  0.54927  
0.450229  0.551349  
0.447438  0.553675  
0.447132  0.554557  
0.444785  0.556529  
0.443569  0.558485  
0.442316  0.560463  
0.439994  0.561404  
0.438601  0.562527  
0.437799  0.564098  
0.436159  0.566357  
0.435209  0.567659  
0.432784  0.569731  
0.430003  0.570963  
0.42932  0.573395  
0.4282  0.574948  
0.425571  0.575906  
0.425499  0.575944  
0.424105  0.578767  
0.421969  0.5801  
0.420798  0.581823  
0.419182  0.583894  
0.416913  0.584369  
0.41576  0.586521  
0.414608  0.586863  
0.412861  0.588979  
0.412078  0.591273  
0.411228  0.592685  
0.408977  0.593276  
0.406583  0.59594  
0.405549  0.596706  
0.404729  0.598422  
0.403306  0.598776  
0.400267  0.601501  
0.400087  0.605112  
0.399156  0.605401  
0.396782  0.607741  
0.395912  0.60857  
0.394773  0.609935  
0.389957  0.612023  
0.387491  0.614314  
0.386152  0.616268  
0.385264  0.619516  
0.382732  0.620426  
0.382131  0.620735  
0.375467  0.626381  
0.374246  0.628144  
0.373547  0.629738  
0.372295  0.632385  
0.368217  0.634251  
0.365872  0.636617  
0.363275  0.639054  
0.36222  0.639411  
0.359609  0.641246  
0.359511  0.64166  
0.356857  0.644752  
0.354132  0.646714  
0.351516  0.651187  
0.350833  0.653314  
0.348995  0.654011  
0.34787  0.654495  
0.345379  0.656577  
0.343891  0.657409  
0.342867  0.658151  
0.341806  0.660017  
0.339888  0.661798  
0.339067  0.662756  
0.337856  0.664041  
0.334925  0.666485  
0.331942  0.67018  
0.331249  0.671001  
0.330533  0.672407  
0.327565  0.674344  
0.327082  0.675379  
0.324173  0.677095  
0.323125  0.68046  
0.32133  0.681263  
0.318711  0.682917  
0.317394  0.684066  
0.316063  0.684907  
0.315035  0.686491  
0.313811  0.687709  
0.312109  0.689425  
0.310434  0.691084  
0.308075  0.692668  
0.306164  0.695703  
0.304721  0.697099  
0.303546  0.697873  
0.301137  0.700064  
0.300732  0.700763  
0.298966  0.702318  
0.298185  0.704211  
0.29584  0.706445  
0.293988  0.707553  
0.29322  0.709219  
0.291835  0.710291  
0.290179  0.711051  
0.288581  0.713141  
0.28736  0.713991  
0.285196  0.715852  
0.28397  0.71777  
0.283324  0.717825  
0.281405  0.720294  
0.280682  0.721714  
0.278048  0.724158  
0.276055  0.724756  
0.274039  0.727661  
0.272197  0.7287  
0.271678  0.730464  
0.269614  0.73334  
0.268049  0.734388  
0.26668  0.7346  
0.265498  0.736302  
0.263806  0.737732  
0.262488  0.739228  
0.261294  0.74102  
0.259977  0.742244  
0.258328  0.743742  
0.257052  0.745228  
0.254607  0.747423  
0.253407  0.749292  
0.252807  0.750892  
0.250988  0.751052  
0.248663  0.753072  
0.246927  0.754319  
0.246575  0.754561  
0.243322  0.758058  
0.24233  0.759332  
0.240936  0.760634  
0.238844  0.762521  
0.237363  0.763689  
0.236253  0.765571  
0.233692  0.768362  
0.230851  0.770965  
0.230415  0.771897  
0.22857  0.772728  
0.228049  0.774462  
0.225337  0.778098  
0.222034  0.779504  
0.221685  0.780127  
0.219792  0.782305  
0.216678  0.784773  
0.215211  0.788011  
0.213157  0.789686  
0.212317  0.790196  
0.210857  0.790409  
0.209609  0.791379  
0.209252  0.793177  
0.207372  0.796545  
0.205047  0.796733  
0.202965  0.798682  
0.200524  0.800882  
0.198988  0.803418  
0.198401  0.803552  
0.197094  0.805681  
0.194573  0.807348  
0.193668  0.808862  
0.192645  0.811334  
0.190615  0.811825  
0.189063  0.812415  
0.188616  0.813696  
0.186578  0.817224  
0.184681  0.819014  
0.182654  0.81912  
0.181038  0.82135  
0.179376  0.823435  
0.177869  0.823773  
0.176277  0.826149  
0.17426  0.826929  
0.173601  0.828028  
0.171446  0.83016  
0.170962  0.832758  
0.168056  0.833862  
0.165782  0.836253  
0.164941  0.838183  
0.162833  0.838556  
0.161599  0.84007  
0.160092  0.841961  
0.159182  0.844288  
0.155953  0.845265  
0.153541  0.847962  
0.151401  0.850565  
0.150465  0.850819  
0.148056  0.852984  
0.146943  0.854311  
0.145808  0.857135  
0.144012  0.857858  
0.141948  0.859769  
0.139971  0.861978  
0.139027  0.863571  
0.136643  0.866316  
0.135915  0.867306  
0.133359  0.869508  
0.130915  0.872562  
0.129371  0.873538  
0.128299  0.875081  
0.127465  0.878279  
0.126429  0.879212  
0.122479  0.882128  
0.121152  0.883285  
0.119836  0.883883  
0.117594  0.885124  
0.115953  0.886529  
0.115272  0.886748  
0.111251  0.891441  
0.10876  0.893919  
0.108216  0.89571  
0.10451  0.898409  
0.103051  0.900873  
0.100187  0.907106  
0.0997066  0.907542  
0.0981664  0.90876  
0.093851  0.91259  
0.0889508  0.915591  
0.0865771  0.916886  
0.0840714  0.91965  
0.0833477  0.921973  
0.0824929  0.925217  
0.0794388  0.92744  
0.0771974  0.9308  
0.0757424  0.930972  
0.0729972  0.931174  
0.0709892  0.931731  
0.0702758  0.933854  
0.067662  0.935066  
0.0650142  0.938014  
0.0643107  0.939299  
0.0621821  0.940417  
0.0611291  0.94119  
0.0596039  0.94289  
0.0576604  0.944762  
0.0561822  0.94664  
0.0542371  0.949342  
0.0532617  0.950029  
0.0525592  0.950935  
0.0495022  0.953201  
0.0469172  0.954755  
0.0463436  0.954986  
0.0453692  0.957332  
0.0430004  0.957493  
0.0419394  0.959677  
0.0399268  0.962331  
0.0367621  0.963982  
0.0358171  0.964627  
0.0339981  0.967296  
0.0330402  0.96867  
0.0315276  0.968808  
0.0304273  0.97097  
0.0287777  0.972542  
0.0274663  0.973042  
0.0263488  0.97557  
0.0240405  0.977155  
0.0229396  0.978939  
0.0214363  0.980549  
0.0203033  0.983996  
0.0185052  0.985133  
0.0174266  0.985566  
0.0159625  0.986063  
0.0146771  0.986576  
0.0111786  0.993048  
0.00950636  0.994057  
0.00850424  0.995737  
0.00618586  0.998414  
0.00460472  1.00524  
0.00397819  1.00555  
0.00210506  1.01042  
0.0014426  1.02879  
8.76704e-005  1.13577  
