4.5899  0.164856  
4.2752  0.164856  
2.57579  0.164856  
1.74172  0.164856  
1.5388  0.164856  
1.46534  0.164856  
1.33614  0.164856  
1.26723  0.164856  
1.21282  0.164856  
1.1117  0.164856  
1.07055  0.164856  
1.00876  0.164856  
0.992199  0.164856  
0.913113  0.164857  
0.884585  0.164857  
0.866542  0.164857  
0.843242  0.164857  
0.825471  0.164857  
0.790524  0.164857  
0.772129  0.164857  
0.745731  0.164858  
0.71893  0.164858  
0.699346  0.164859  
0.696562  0.164859  
0.680922  0.164864  
0.67394  0.165248  
0.669887  0.166092  
0.667158  0.16786  
0.66431  0.169019  
0.663109  0.169663  
0.661608  0.170701  
0.661558  0.172317  
0.659296  0.173461  
0.655377  0.174625  
0.6548  0.174697  
0.651926  0.176381  
0.64923  0.176408  
0.647935  0.177616  
0.646681  0.178428  
0.644395  0.179868  
0.642323  0.18142  
0.642307  0.182027  
0.639005  0.182605  
0.636018  0.183487  
0.633684  0.184874  
0.633328  0.18602  
0.631115  0.187131  
0.629429  0.18852  
0.626804  0.18986  
0.622778  0.190943  
0.617044  0.192572  
0.615461  0.194323  
0.615013  0.195444  
0.613851  0.196624  
0.607278  0.197993  
0.604838  0.199096  
0.604077  0.200244  
0.603604  0.200517  
0.603542  0.202382  
0.603343  0.203744  
0.602711  0.204041  
0.602135  0.205673  
0.601632  0.20722  
0.601555  0.2084  
0.601227  0.209411  
0.601195  0.214064  
0.60114  0.219634  
0.601015  0.225524  
0.600808  0.22952  
0.600469  0.238391  
0.600412  0.241871  
0.60007  0.243347  
0.600001  0.299509  
0.600026  0.263434  
0.59985  0.306963  
0.599937  0.301469  
0.599848  0.425291  
0.599847  0.46017  
0.599825  0.49461  
0.599826  0.48397  
0.599652  0.562278  
0.599677  0.535469  
0.599605  0.589188  
0.2383  0.668708  
0.210127  0.668751  
0.20963  0.668867  
0.206088  0.668961  
0.201375  0.669163  
0.19578  0.669347  
0.192028  0.669719  
0.187203  0.672712  
0.184565  0.674262  
0.181118  0.67631  
0.178269  0.67769  
0.176961  0.6796  
0.175871  0.681865  
0.175514  0.682279  
0.173954  0.685731  
0.172791  0.686714  
0.171167  0.689318  
0.169521  0.691842  
0.167463  0.694354  
0.166508  0.696929  
0.16515  0.697822  
0.164825  0.701177  
0.163792  0.702987  
0.162377  0.702993  
0.160731  0.704894  
0.16053  0.706619  
0.158164  0.709521  
0.15725  0.711879  
0.156078  0.71338  
0.155011  0.715667  
0.15305  0.718468  
0.151828  0.720858  
0.150567  0.723532  
0.149821  0.723822  
0.148499  0.727581  
0.146852  0.729534  
0.146521  0.729872  
0.145319  0.733016  
0.144364  0.733533  
0.142588  0.736751  
0.142351  0.737067  
0.141342  0.739835  
0.140346  0.741957  
0.138658  0.745023  
0.137745  0.745348  
0.136936  0.748329  
0.135368  0.750355  
0.134352  0.752512  
0.132961  0.755389  
0.131739  0.755955  
0.129607  0.761172  
0.128172  0.762355  
0.127633  0.763736  
0.124787  0.768061  
0.123592  0.769381  
0.122853  0.772228  
0.122207  0.772913  
0.121007  0.773438  
0.119067  0.777556  
0.116997  0.780457  
0.116234  0.782973  
0.115315  0.783546  
0.113711  0.785622  
0.112839  0.787939  
0.110851  0.793834  
0.10985  0.794868  
0.108142  0.797897  
0.10705  0.798816  
0.105691  0.802135  
0.104814  0.803253  
0.10373  0.809023  
0.10103  0.811033  
0.0994845  0.813565  
0.0987619  0.813971  
0.0974293  0.816194  
0.0956375  0.818397  
0.0952955  0.819372  
0.0934085  0.825847  
0.0920272  0.827913  
0.0916354  0.828139  
0.0906411  0.831561  
0.0893647  0.835271  
0.0868669  0.836587  
0.0810554  0.846048  
0.0802805  0.84808  
0.0782119  0.850488  
0.0751472  0.857463  
0.0744395  0.857905  
0.0724931  0.86325  
0.071151  0.867438  
0.070574  0.869064  
0.0691175  0.870265  
0.0673392  0.874936  
0.0660266  0.878267  
0.0655836  0.891018  
