1.45845  0.125074  
1.932  0.125073  
1.89561  0.125073  
1.24687  0.125074  
1.16252  0.125075  
1.09703  0.125075  
1.05164  0.125075  
1.02327  0.125079  
0.958227  0.125083  
0.935413  0.125088  
0.849593  0.125094  
0.802648  0.125123  
0.7687  0.125287  
0.755941  0.125313  
0.75436  0.131217  
0.744799  0.132719  
0.739043  0.133014  
0.734732  0.133858  
0.72916  0.137  
0.725514  0.140914  
0.724466  0.142408  
0.723779  0.143923  
0.723232  0.145784  
0.717577  0.146935  
0.712135  0.146985  
0.707363  0.149779  
0.698869  0.153031  
0.69791  0.15341  
0.694708  0.154439  
0.692361  0.155325  
0.689888  0.155646  
0.689083  0.161225  
0.687059  0.161838  
0.686764  0.162668  
0.682424  0.164481  
0.681997  0.165756  
0.675198  0.166495  
0.672293  0.167381  
0.660783  0.171625  
0.660546  0.171689  
0.656887  0.173855  
0.655047  0.17611  
0.652826  0.177025  
0.648538  0.178527  
0.646175  0.179543  
0.640633  0.181332  
0.638195  0.182895  
0.633427  0.184873  
0.62929  0.187307  
0.62767  0.188412  
0.627279  0.188778  
0.625042  0.1907  
0.620966  0.191501  
0.620236  0.192313  
0.61734  0.193956  
0.613409  0.195717  
0.611191  0.196473  
0.608116  0.198477  
0.604135  0.200285  
0.600895  0.202116  
0.599329  0.202346  
0.595073  0.203648  
0.593827  0.20446  
0.590259  0.20591  
0.589109  0.207022  
0.585227  0.209379  
0.582224  0.210487  
0.579898  0.212109  
0.576602  0.212392  
0.573944  0.215181  
0.568695  0.216672  
0.565937  0.217827  
0.563632  0.219213  
0.562685  0.219712  
0.561038  0.220497  
0.558888  0.221885  
0.556514  0.222133  
0.555832  0.224152  
0.55245  0.224802  
0.551791  0.225958  
0.548583  0.226987  
0.546674  0.227924  
0.545035  0.228237  
0.542181  0.230768  
0.540652  0.231788  
0.53615  0.232509  
0.535015  0.233562  
0.534101  0.234337  
0.533088  0.235047  
0.530148  0.236285  
0.528584  0.237034  
0.526067  0.238372  
0.522571  0.240128  
0.521106  0.240783  
0.519585  0.242608  
0.517383  0.242661  
0.514792  0.243726  
0.513018  0.244965  
0.510375  0.245459  
0.50823  0.246822  
0.507922  0.247444  
0.505084  0.248095  
0.502984  0.249431  
0.500759  0.250783  
0.499222  0.252223  
0.498187  0.252792  
0.496086  0.254625  
0.495431  0.255571  
0.493893  0.2567  
0.493428  0.25707  
0.491592  0.258946  
0.490269  0.26022  
0.489209  0.261156  
0.488324  0.262329  
0.486621  0.263687  
0.486164  0.264285  
0.484561  0.265797  
0.483258  0.267186  
0.482359  0.268107  
0.481166  0.269407  
0.480371  0.270627  
0.478989  0.27177  
0.478276  0.272879  
0.476845  0.273933  
0.475825  0.275258  
0.474758  0.276454  
0.473565  0.277597  
0.472554  0.27856  
0.471148  0.279823  
0.47008  0.280942  
0.469106  0.282243  
0.467927  0.283475  
0.466832  0.284686  
0.465659  0.285689  
0.464408  0.287024  
0.463356  0.288224  
0.462479  0.289061  
0.46123  0.290496  
0.460373  0.291732  
0.45917  0.292756  
0.458268  0.293903  
0.457102  0.295364  
0.455789  0.296346  
0.454988  0.297703  
0.453702  0.298538  
0.452748  0.299892  
0.451667  0.300799  
0.450406  0.302233  
0.449248  0.303653  
0.448452  0.304722  
0.447163  0.305834  
0.44599  0.307137  
0.444846  0.308442  
0.44395  0.309443  
0.442809  0.310863  
0.441781  0.312035  
0.440323  0.313355  
0.439713  0.314349  
0.438816  0.315662  
0.43737  0.316788  
0.436543  0.318011  
0.435691  0.318769  
0.434174  0.320592  
0.433136  0.321673  
0.432035  0.322907  
0.431105  0.324128  
0.429964  0.325256  
0.428728  0.32658  
0.427592  0.327862  
0.426945  0.329056  
0.425966  0.330094  
0.424908  0.331513  
0.42396  0.332137  
0.422571  0.333823  
0.421584  0.335158  
0.42048  0.336124  
0.419524  0.337309  
0.418445  0.338661  
0.41739  0.339962  
0.416459  0.340959  
0.414936  0.342472  
0.414293  0.343737  
0.41302  0.344875  
0.411913  0.345962  
0.410705  0.347515  
0.40992  0.348551  
0.40894  0.349927  
0.407647  0.351242  
0.406909  0.352367  
0.40575  0.353684  
0.404716  0.354471  
0.403848  0.356307  
0.402678  0.35752  
0.401749  0.358826  
0.400814  0.35931  
0.399535  0.361104  
0.398284  0.362314  
0.397128  0.363634  
0.39628  0.364815  
0.395285  0.366187  
0.394376  0.367392  
0.393278  0.368402  
0.392132  0.369938  
0.391328  0.371071  
0.390176  0.372652  
0.389172  0.37399  
0.38819  0.374846  
0.386855  0.376398  
0.386038  0.3772  
0.384738  0.378726  
0.383824  0.380157  
0.382685  0.38138  
0.381772  0.382831  
0.38057  0.384074  
0.379634  0.385368  
0.378692  0.386577  
0.377438  0.388018  
0.376649  0.389144  
0.375335  0.39043  
0.374405  0.391512  
0.373214  0.393107  
0.372256  0.394409  
0.371304  0.395595  
0.370194  0.397209  
0.369179  0.398472  
0.36825  0.399728  
0.367173  0.401062  
0.36615  0.401956  
0.365086  0.403519  
0.364065  0.405048  
0.363336  0.405745  
0.361913  0.407535  
0.360739  0.408987  
0.359829  0.410085  
0.359171  0.411877  
0.35762  0.41297  
0.356823  0.41394  
0.355619  0.415469  
0.354619  0.417022  
0.353315  0.41838  
0.35277  0.419627  
0.351606  0.420863  
0.350665  0.422285  
0.349313  0.423814  
0.348235  0.425076  
0.347517  0.426289  
0.346463  0.427665  
0.345417  0.429003  
0.344373  0.430474  
0.343539  0.431284  
0.342132  0.433061  
0.341411  0.434429  
0.340254  0.435831  
0.339176  0.436913  
0.338102  0.438384  
0.337164  0.439656  
0.335733  0.441607  
0.335084  0.442554  
0.334081  0.444097  
0.333151  0.445593  
0.332035  0.447018  
0.330755  0.448096  
0.329875  0.449754  
0.328611  0.450955  
0.327798  0.452207  
0.326795  0.453554  
0.325547  0.455008  
0.324439  0.456641  
0.323499  0.457835  
0.322537  0.459361  
0.321817  0.460774  
0.320473  0.461945  
0.319621  0.463732  
0.318497  0.464731  
0.317334  0.466472  
0.316231  0.467989  
0.315196  0.46935  
0.314205  0.470718  
0.31314  0.472215  
0.312003  0.473577  
0.31121  0.474871  
0.30997  0.47639  
0.309137  0.477808  
0.30795  0.479132  
0.306944  0.480588  
0.306022  0.482312  
0.304496  0.483838  
0.303706  0.485103  
0.302666  0.486794  
0.301694  0.487979  
0.300703  0.489437  
0.299606  0.491135  
0.298665  0.492451  
0.297567  0.493741  
0.296545  0.495252  
0.29541  0.496796  
0.294445  0.498177  
0.293308  0.499747  
0.292507  0.501308  
0.291121  0.502736  
0.290206  0.504171  
0.289232  0.505827  
0.287955  0.507175  
0.286991  0.50866  
0.286019  0.510249  
0.284853  0.511692  
0.283905  0.513329  
0.282838  0.515074  
0.281739  0.516432  
0.280745  0.517671  
0.279624  0.519193  
0.27854  0.520758  
0.277535  0.52239  
0.276528  0.523706  
0.275402  0.525196  
0.274538  0.527008  
0.273236  0.528357  
0.272262  0.529884  
0.271207  0.531611  
0.270082  0.532848  
0.269151  0.534635  
0.268094  0.536253  
0.26698  0.537702  
0.265929  0.538922  
0.264836  0.541165  
0.263796  0.542424  
0.262744  0.544031  
0.261752  0.54578  
0.260496  0.547069  
0.259694  0.549138  
0.258371  0.550358  
0.257499  0.551814  
0.256285  0.55374  
0.255253  0.555241  
0.254014  0.556588  
0.253089  0.558268  
0.251978  0.559793  
0.250999  0.561511  
0.249893  0.563218  
0.248975  0.56466  
0.247708  0.566626  
0.246533  0.567935  
0.245449  0.56978  
0.24443  0.571779  
0.243343  0.573041  
0.242379  0.574729  
0.241241  0.57623  
0.24003  0.577801  
0.23903  0.579469  
0.237937  0.581315  
0.236932  0.582778  
0.235826  0.584496  
0.234698  0.586252  
0.233665  0.587742  
0.232484  0.589473  
0.231461  0.591087  
0.230375  0.593003  
0.229113  0.594642  
0.228107  0.596207  
0.227034  0.59795  
0.225916  0.59961  
0.22489  0.601441  
0.223771  0.603157  
0.222633  0.60458  
0.221571  0.606329  
0.220253  0.608327  
0.219346  0.610088  
0.218326  0.611534  
0.217083  0.613342  
0.215908  0.615276  
0.214853  0.616822  
0.213898  0.618864  
0.212523  0.62047  
0.21147  0.622254  
0.210609  0.623384  
0.20889  0.625937  
0.208121  0.627268  
0.206976  0.629035  
0.206034  0.631084  
0.20484  0.632404  
0.203696  0.634478  
0.202692  0.636339  
0.201449  0.637909  
0.200394  0.639841  
0.198835  0.642062  
0.197876  0.643651  
0.196963  0.645668  
0.195834  0.64699  
0.194529  0.649102  
0.193458  0.651241  
0.192586  0.653122  
0.191245  0.654228  
0.190031  0.65655  
0.188839  0.658562  
0.187799  0.660118  
0.186654  0.662009  
0.185651  0.663841  
0.184293  0.665777  
0.183286  0.667478  
0.181968  0.669457  
0.181058  0.671458  
0.179883  0.673034  
0.178685  0.674858  
0.177517  0.677123  
0.176405  0.678695  
0.175127  0.680863  
0.173931  0.682844  
0.172777  0.684639  
0.171534  0.686563  
0.170477  0.688286  
0.169305  0.690625  
0.16781  0.692978  
0.166899  0.694426  
0.165688  0.696575  
0.164541  0.698245  
0.163444  0.700212  
0.162108  0.702587  
0.161101  0.704421  
0.160055  0.706177  
0.158827  0.708256  
0.1574  0.710426  
0.156378  0.712037  
0.155092  0.714071  
0.153867  0.716323  
0.152808  0.718116  
0.151533  0.720387  
0.150313  0.722238  
0.149203  0.72422  
0.148139  0.725982  
0.14678  0.728129  
0.14548  0.730677  
0.144391  0.732639  
0.143196  0.734375  
0.141979  0.73652  
0.140609  0.739001  
0.13938  0.740857  
0.138217  0.743293  
0.137205  0.744779  
0.13585  0.747084  
0.134468  0.749501  
0.13331  0.751318  
0.132182  0.753297  
0.13081  0.755745  
0.129646  0.757847  
0.128495  0.760027  
0.127288  0.762541  
0.125869  0.764277  
0.124667  0.766442  
0.123486  0.768669  
0.122116  0.77089  
0.120767  0.773105  
0.119526  0.775439  
0.118592  0.777229  
0.117284  0.779524  
0.115809  0.782011  
0.114623  0.78441  
0.113417  0.786606  
0.112158  0.788764  
0.110891  0.791035  
0.109605  0.793063  
0.108106  0.795661  
0.107044  0.797624  
0.105696  0.800065  
0.104516  0.802131  
0.103111  0.804775  
0.101945  0.806859  
0.100615  0.809289  
0.0992303  0.811859  
0.0980777  0.813832  
0.0967669  0.816546  
0.0952887  0.818733  
0.0941318  0.821271  
0.0927667  0.823594  
0.0915725  0.825837  
0.09019  0.82816  
0.0888411  0.830612  
0.0875858  0.832947  
0.086016  0.835592  
0.0848122  0.837814  
0.0834509  0.840385  
0.0820473  0.842747  
0.0808779  0.844966  
0.0793913  0.847679  
0.078161  0.850398  
0.0766923  0.852703  
0.0754869  0.855335  
0.0740337  0.85771  
0.0727702  0.860018  
0.0713595  0.86258  
0.0699289  0.865368  
0.0685632  0.867935  
0.0672652  0.8704  
0.0659589  0.873046  
0.0643774  0.875679  
0.063194  0.877888  
0.061713  0.880692  
0.0603981  0.882975  
0.0588796  0.885937  
0.0575441  0.888561  
0.0560727  0.891102  
0.0547906  0.893622  
0.0531126  0.896651  
0.0519726  0.898902  
0.0506159  0.901492  
0.049065  0.904357  
0.0477878  0.907316  
0.0462928  0.909902  
0.0449157  0.912529  
0.0434622  0.915158  
0.0420594  0.917943  
0.0405534  0.920764  
0.0390387  0.923748  
0.0376551  0.926287  
0.036194  0.929251  
0.0347957  0.931919  
0.0333414  0.934721  
0.0317649  0.937781  
0.030223  0.940661  
0.0288814  0.943392  
0.0274083  0.946142  
0.0258297  0.949215  
0.0242951  0.952316  
0.0228446  0.954938  
0.0214271  0.957796  
0.0198894  0.960819  
0.0184699  0.963873  
0.0167727  0.967024  
0.0154383  0.969754  
0.0137106  0.972954  
0.0122905  0.975821  
0.0107105  0.978848  
0.0092327  0.981749  
0.00767333  0.985053  
0.0061333  0.988016  
0.00460367  0.991324  
0.0030656  0.994047  
0.0015767  0.99704  
8.29116e-005  1.00003  
