5.82445  0.224747  
8.66027  0.224747  
7.54084  0.224747  
3.27536  0.224747  
3.16149  0.224747  
2.80652  0.224747  
2.57099  0.224747  
1.80071  0.224747  
1.73463  0.224747  
1.64473  0.224747  
1.4138  0.224747  
1.48171  0.224747  
1.34799  0.224747  
1.24838  0.224747  
1.20599  0.224747  
1.12295  0.224747  
1.10282  0.224747  
1.00628  0.224747  
0.981191  0.224747  
0.869838  0.224747  
0.822349  0.224747  
0.77095  0.224747  
0.688001  0.224747  
0.660652  0.224747  
0.624206  0.224747  
0.615644  0.224747  
0.61049  0.224747  
0.603783  0.224747  
0.583316  0.224747  
0.573804  0.224747  
0.566571  0.224747  
0.560826  0.224747  
0.555041  0.224747  
0.551367  0.224748  
0.550335  0.225657  
0.548024  0.227242  
0.54599  0.228121  
0.54454  0.229022  
0.542114  0.229971  
0.53978  0.231094  
0.538504  0.231948  
0.537498  0.232575  
0.535302  0.233955  
0.532776  0.23458  
0.53006  0.235731  
0.528932  0.23658  
0.527669  0.236721  
0.524889  0.238085  
0.523739  0.239368  
0.522347  0.23978  
0.520639  0.240933  
0.517555  0.242155  
0.515986  0.243055  
0.514726  0.24345  
0.512989  0.24467  
0.51053  0.245339  
0.50891  0.246633  
0.506742  0.247171  
0.505141  0.248291  
0.503138  0.249074  
0.501659  0.250021  
0.499958  0.250488  
0.498764  0.251995  
0.497352  0.252984  
0.496325  0.25395  
0.49536  0.255117  
0.494143  0.25608  
0.493061  0.257233  
0.491965  0.258244  
0.490909  0.259316  
0.48983  0.260424  
0.488601  0.261638  
0.487633  0.262735  
0.486574  0.263768  
0.485414  0.264933  
0.484407  0.266031  
0.483373  0.267182  
0.482227  0.268162  
0.481324  0.269366  
0.480058  0.270454  
0.479087  0.271538  
0.477945  0.2726  
0.476913  0.273694  
0.475919  0.274886  
0.474864  0.275934  
0.473788  0.277065  
0.472649  0.27823  
0.471684  0.279236  
0.470608  0.280408  
0.469576  0.281411  
0.468493  0.282636  
0.467461  0.283643  
0.466428  0.284833  
0.465393  0.28597  
0.464351  0.287059  
0.463343  0.288213  
0.46229  0.289267  
0.4612  0.29039  
0.460201  0.291507  
0.459159  0.292649  
0.458109  0.293712  
0.45707  0.294899  
0.456049  0.296024  
0.455088  0.297123  
0.454084  0.298257  
0.453124  0.299256  
0.451996  0.300482  
0.450964  0.301602  
0.449961  0.302756  
0.448893  0.303871  
0.447906  0.30499  
0.446876  0.306178  
0.445879  0.307214  
0.444877  0.308469  
0.443917  0.309353  
0.44273  0.310655  
0.441807  0.311816  
0.440771  0.312853  
0.439836  0.314034  
0.438741  0.315161  
0.437682  0.316305  
0.436722  0.317363  
0.435728  0.318564  
0.434684  0.319747  
0.433663  0.320912  
0.432684  0.321973  
0.43161  0.323216  
0.430583  0.324359  
0.429579  0.325496  
0.428644  0.32664  
0.427699  0.327748  
0.426686  0.32885  
0.425641  0.330058  
0.424609  0.33123  
0.423615  0.332412  
0.422629  0.333565  
0.421608  0.334722  
0.42065  0.335889  
0.419565  0.337043  
0.418559  0.338202  
0.41759  0.339279  
0.416575  0.340486  
0.415598  0.341674  
0.414579  0.34284  
0.413585  0.343993  
0.412571  0.345178  
0.411651  0.346348  
0.410595  0.347486  
0.409572  0.348657  
0.40857  0.349838  
0.407545  0.351037  
0.406668  0.352193  
0.405671  0.353394  
0.404686  0.354458  
0.40367  0.355748  
0.40269  0.356902  
0.401689  0.35808  
0.400688  0.359262  
0.399721  0.360376  
0.398716  0.361581  
0.397742  0.362765  
0.39677  0.363988  
0.395864  0.365226  
0.394782  0.366393  
0.393788  0.367582  
0.392816  0.368827  
0.391797  0.370031  
0.390908  0.371204  
0.389881  0.372319  
0.388869  0.373579  
0.387908  0.374764  
0.386894  0.375964  
0.385941  0.377222  
0.384942  0.378433  
0.383995  0.379572  
0.383022  0.380851  
0.382032  0.382101  
0.381025  0.38325  
0.380054  0.384445  
0.379124  0.38561  
0.378144  0.38697  
0.377186  0.388015  
0.376121  0.389358  
0.375138  0.39063  
0.374229  0.391765  
0.37326  0.393022  
0.372229  0.394208  
0.371251  0.39551  
0.370328  0.396694  
0.369344  0.397918  
0.368409  0.399176  
0.367406  0.400425  
0.366391  0.401641  
0.365401  0.402936  
0.364475  0.404223  
0.363485  0.405413  
0.36256  0.406634  
0.361532  0.407878  
0.360628  0.409278  
0.359557  0.410399  
0.358614  0.411561  
0.357582  0.412911  
0.356636  0.414173  
0.355644  0.415351  
0.354696  0.416707  
0.353669  0.417955  
0.35271  0.419209  
0.351742  0.420378  
0.350746  0.421652  
0.349767  0.422933  
0.348804  0.424236  
0.347803  0.425512  
0.346836  0.42676  
0.345886  0.427992  
0.344914  0.429355  
0.343915  0.430531  
0.34292  0.431897  
0.341945  0.433193  
0.340943  0.43448  
0.339988  0.435779  
0.339034  0.437036  
0.338053  0.438262  
0.337084  0.439657  
0.33607  0.440852  
0.335064  0.4422  
0.334119  0.443518  
0.333141  0.444825  
0.332182  0.446111  
0.331198  0.447391  
0.330207  0.448738  
0.329247  0.450041  
0.328276  0.451335  
0.327306  0.45262  
0.326276  0.454023  
0.325296  0.455242  
0.324331  0.456628  
0.323344  0.457937  
0.322357  0.459242  
0.321385  0.460599  
0.320424  0.461909  
0.31942  0.463262  
0.318445  0.464592  
0.31747  0.465955  
0.316512  0.467279  
0.315522  0.46856  
0.314532  0.469952  
0.313565  0.471314  
0.312574  0.472642  
0.311597  0.474001  
0.310603  0.475364  
0.309645  0.476733  
0.308649  0.47804  
0.307641  0.479437  
0.306679  0.480771  
0.305727  0.482214  
0.304735  0.483529  
0.30374  0.484914  
0.302742  0.486309  
0.301747  0.487696  
0.300771  0.489043  
0.299792  0.490412  
0.298783  0.491757  
0.297782  0.493161  
0.296808  0.49453  
0.295869  0.495966  
0.294878  0.497346  
0.293885  0.49876  
0.292859  0.500138  
0.291874  0.501535  
0.290915  0.50293  
0.289831  0.504374  
0.288927  0.505708  
0.287911  0.507112  
0.286923  0.508564  
0.285918  0.510018  
0.284861  0.511468  
0.283981  0.512817  
0.282989  0.51428  
0.281905  0.515713  
0.280972  0.517143  
0.279971  0.518594  
0.278964  0.519987  
0.278001  0.521422  
0.276988  0.522919  
0.275983  0.524357  
0.275002  0.525831  
0.273989  0.527212  
0.273007  0.528709  
0.272006  0.530151  
0.270969  0.531536  
0.269982  0.53304  
0.268964  0.53447  
0.26799  0.535977  
0.266984  0.537463  
0.265899  0.538987  
0.264955  0.540396  
0.263897  0.541892  
0.262937  0.543351  
0.261899  0.544829  
0.260936  0.5463  
0.259899  0.547788  
0.25892  0.54929  
0.257879  0.550797  
0.25688  0.552326  
0.25585  0.553794  
0.254856  0.555313  
0.253828  0.556826  
0.252861  0.558373  
0.251833  0.559837  
0.25081  0.561353  
0.249791  0.562893  
0.248774  0.56449  
0.247769  0.565946  
0.246736  0.56745  
0.245717  0.568987  
0.244667  0.57059  
0.243695  0.572086  
0.242623  0.573711  
0.241612  0.575246  
0.240598  0.576765  
0.239584  0.57837  
0.238583  0.579829  
0.237518  0.581463  
0.236487  0.583055  
0.235441  0.584614  
0.234458  0.586254  
0.233395  0.587785  
0.232368  0.589389  
0.231343  0.590946  
0.2303  0.592568  
0.229264  0.594139  
0.228227  0.595792  
0.227158  0.59739  
0.226158  0.598946  
0.225087  0.600574  
0.22409  0.602155  
0.223037  0.603757  
0.222016  0.605426  
0.22088  0.607114  
0.219895  0.608644  
0.218858  0.610261  
0.217842  0.611913  
0.216811  0.613655  
0.215705  0.615217  
0.21463  0.616871  
0.2136  0.618497  
0.21249  0.620231  
0.211462  0.621861  
0.210445  0.623474  
0.209415  0.625057  
0.208318  0.626796  
0.207267  0.628479  
0.206222  0.630169  
0.205165  0.631841  
0.204111  0.633592  
0.203024  0.635251  
0.201955  0.636968  
0.20088  0.63869  
0.199817  0.640405  
0.198785  0.642097  
0.197648  0.643804  
0.196635  0.645566  
0.195503  0.647283  
0.194459  0.648994  
0.19337  0.650718  
0.192316  0.652461  
0.191257  0.654196  
0.190164  0.655984  
0.18905  0.657768  
0.187991  0.659493  
0.186936  0.661267  
0.185799  0.663013  
0.184762  0.664775  
0.183685  0.666523  
0.18256  0.668305  
0.181481  0.67007  
0.180375  0.671888  
0.179308  0.673707  
0.178206  0.675529  
0.177022  0.677352  
0.176011  0.679075  
0.174881  0.680902  
0.173805  0.682784  
0.172645  0.684539  
0.171583  0.686393  
0.170487  0.688187  
0.16935  0.690075  
0.168225  0.691965  
0.167126  0.693747  
0.166036  0.695644  
0.164919  0.697408  
0.163756  0.699385  
0.162672  0.701182  
0.161566  0.703109  
0.160446  0.70499  
0.159314  0.706855  
0.15815  0.708842  
0.157085  0.710683  
0.155939  0.712539  
0.154757  0.714561  
0.153659  0.716477  
0.152546  0.718375  
0.151405  0.720242  
0.150265  0.722195  
0.149137  0.724177  
0.147928  0.726109  
0.146835  0.728002  
0.14568  0.729988  
0.144539  0.731939  
0.143361  0.734022  
0.142219  0.735937  
0.141093  0.737906  
0.139929  0.739922  
0.13874  0.7419  
0.137609  0.743957  
0.136404  0.745963  
0.135255  0.748017  
0.134069  0.749941  
0.132945  0.751975  
0.131782  0.754012  
0.130583  0.756046  
0.129421  0.758102  
0.128233  0.760154  
0.127031  0.762128  
0.125791  0.764325  
0.124669  0.766402  
0.123509  0.768372  
0.122295  0.77051  
0.121107  0.772641  
0.119894  0.774737  
0.118751  0.776875  
0.117561  0.778887  
0.11634  0.781104  
0.115076  0.78323  
0.113837  0.785404  
0.112651  0.787497  
0.111493  0.789645  
0.11032  0.791813  
0.108991  0.794011  
0.107776  0.796186  
0.106653  0.798362  
0.105424  0.800535  
0.104183  0.802741  
0.102933  0.804946  
0.101654  0.807165  
0.100519  0.809414  
0.0992392  0.811608  
0.0979476  0.813886  
0.0967056  0.816116  
0.0955038  0.818349  
0.0942271  0.820639  
0.0930054  0.82279  
0.0917686  0.825045  
0.0905546  0.827355  
0.0892608  0.829724  
0.0879152  0.832078  
0.0867232  0.834271  
0.0855076  0.836638  
0.084248  0.83896  
0.0829635  0.841242  
0.0816768  0.843587  
0.0802848  0.846063  
0.0790765  0.848301  
0.07778  0.850599  
0.0765701  0.853225  
0.0751935  0.855463  
0.0739552  0.857695  
0.072635  0.860236  
0.0713293  0.862736  
0.0699792  0.865084  
0.0687158  0.867541  
0.0673908  0.869928  
0.0661074  0.872225  
0.0648047  0.874723  
0.0634444  0.877246  
0.0621516  0.879698  
0.0607636  0.882259  
0.0594577  0.884745  
0.0581164  0.887229  
0.0568212  0.889759  
0.0554943  0.89221  
0.0540871  0.894928  
0.0527492  0.897368  
0.0513807  0.899975  
0.0500798  0.902524  
0.0487116  0.905206  
0.0472749  0.907799  
0.0459807  0.910272  
0.0445696  0.91302  
0.0432356  0.915506  
0.0418693  0.918163  
0.040437  0.920892  
0.0390594  0.923621  
0.0376231  0.926264  
0.036307  0.928881  
0.03484  0.931601  
0.0335543  0.934323  
0.0321412  0.937062  
0.0307382  0.939787  
0.0292435  0.942557  
0.0279011  0.945179  
0.0264021  0.94821  
0.0250059  0.950924  
0.0236083  0.953638  
0.0221527  0.956441  
0.0207337  0.959337  
0.0193108  0.962252  
0.0177764  0.965111  
0.0164046  0.967897  
0.0149471  0.970882  
0.0134706  0.973774  
0.0119711  0.976624  
0.0105168  0.979824  
0.00905211  0.982824  
0.00752287  0.985558  
0.00610347  0.988702  
0.00455988  0.991762  
0.0031031  0.994679  
0.00158084  0.997706  
0.000192147  1.00108  
