8.14903  0.226341  
6.88493  0.226341  
5.81142  0.226341  
3.86827  0.226341  
3.15418  0.226341  
2.47019  0.226341  
2.37422  0.226341  
2.22074  0.226341  
2.09933  0.226341  
1.48398  0.226341  
1.38398  0.226341  
1.34845  0.226341  
0.765718  0.226341  
0.616509  0.226341  
0.613066  0.226341  
0.562615  0.226341  
0.562247  0.226341  
0.553212  0.226342  
0.551789  0.226342  
0.549663  0.227464  
0.54708  0.227762  
0.544469  0.22891  
0.543984  0.230137  
0.541178  0.231327  
0.540169  0.231648  
0.536795  0.232756  
0.535477  0.233659  
0.532864  0.234853  
0.530348  0.235495  
0.529939  0.236341  
0.527352  0.237233  
0.525162  0.238177  
0.52414  0.239173  
0.52247  0.240128  
0.520628  0.240787  
0.517323  0.241856  
0.516856  0.242509  
0.515801  0.242842  
0.513366  0.243732  
0.511058  0.245135  
0.509612  0.246033  
0.506856  0.247295  
0.505756  0.247833  
0.504959  0.248658  
0.502001  0.249544  
0.500306  0.250521  
0.499603  0.251263  
0.498737  0.252161  
0.49746  0.253176  
0.496902  0.254277  
0.495449  0.255352  
0.494458  0.256181  
0.493425  0.257224  
0.492647  0.258235  
0.491523  0.258879  
0.490487  0.260031  
0.489423  0.261107  
0.488509  0.261892  
0.487608  0.263108  
0.486834  0.26389  
0.485648  0.264904  
0.484729  0.266045  
0.483898  0.266853  
0.482595  0.267893  
0.48201  0.268585  
0.480652  0.269978  
0.479822  0.270944  
0.478892  0.271798  
0.47817  0.272782  
0.476825  0.273804  
0.476062  0.274851  
0.475199  0.275731  
0.474045  0.27684  
0.473216  0.277627  
0.472151  0.278789  
0.471313  0.279655  
0.470358  0.280695  
0.469485  0.281547  
0.468617  0.282647  
0.467601  0.283552  
0.466798  0.284817  
0.465699  0.285783  
0.464726  0.286788  
0.463746  0.287693  
0.462731  0.288764  
0.461995  0.289557  
0.461019  0.290589  
0.460116  0.291691  
0.459177  0.292685  
0.458456  0.293796  
0.45747  0.294538  
0.456433  0.295689  
0.455411  0.296725  
0.454581  0.297692  
0.453693  0.298662  
0.452874  0.299739  
0.451828  0.300597  
0.450854  0.301764  
0.450082  0.302724  
0.449065  0.303634  
0.448176  0.304633  
0.447341  0.305728  
0.446401  0.306735  
0.445343  0.307731  
0.444581  0.308655  
0.443686  0.309776  
0.442725  0.31074  
0.441821  0.311819  
0.440874  0.312786  
0.440008  0.313858  
0.439199  0.314791  
0.438219  0.315823  
0.437313  0.316741  
0.436498  0.317926  
0.435736  0.318845  
0.434645  0.319877  
0.433697  0.320939  
0.432836  0.321944  
0.432027  0.322993  
0.431013  0.323867  
0.430117  0.32491  
0.429295  0.326043  
0.42826  0.327027  
0.427415  0.328012  
0.426701  0.328973  
0.425717  0.329938  
0.42481  0.331146  
0.42396  0.332071  
0.422977  0.333166  
0.42213  0.33418  
0.421254  0.335221  
0.420475  0.336094  
0.419516  0.337289  
0.418605  0.338286  
0.417738  0.339418  
0.416852  0.340329  
0.415897  0.341313  
0.415123  0.342376  
0.414145  0.343513  
0.413429  0.344586  
0.412543  0.345493  
0.411445  0.346638  
0.41063  0.347653  
0.409811  0.348654  
0.408941  0.349765  
0.407942  0.350668  
0.407171  0.351776  
0.406268  0.352922  
0.405474  0.353879  
0.404568  0.354783  
0.403702  0.356049  
0.402761  0.35711  
0.401765  0.358107  
0.401056  0.359176  
0.399998  0.360161  
0.399126  0.361228  
0.398268  0.362321  
0.397539  0.363417  
0.396542  0.364422  
0.395674  0.365373  
0.394754  0.366547  
0.393889  0.367517  
0.393045  0.368526  
0.392091  0.36962  
0.391283  0.370839  
0.390362  0.371853  
0.389535  0.372854  
0.388731  0.373963  
0.387742  0.374928  
0.38699  0.376123  
0.385983  0.377177  
0.385128  0.378244  
0.384334  0.379145  
0.383335  0.380364  
0.382531  0.381457  
0.381649  0.382572  
0.380863  0.383607  
0.379866  0.38464  
0.379  0.385691  
0.378209  0.386857  
0.377266  0.387929  
0.376425  0.38899  
0.375611  0.390079  
0.374678  0.391198  
0.373821  0.392293  
0.373007  0.393368  
0.372183  0.394445  
0.371218  0.395498  
0.370425  0.396665  
0.369443  0.39771  
0.368583  0.398798  
0.36779  0.399802  
0.366933  0.401018  
0.366048  0.402089  
0.365119  0.403226  
0.364375  0.404309  
0.363494  0.405272  
0.362561  0.406453  
0.361717  0.407593  
0.360843  0.408649  
0.3601  0.409833  
0.359158  0.41085  
0.358299  0.412138  
0.357369  0.413156  
0.35652  0.414209  
0.355801  0.41555  
0.354757  0.416466  
0.353962  0.417666  
0.353009  0.418744  
0.352215  0.419868  
0.351288  0.420939  
0.350413  0.422068  
0.349589  0.423343  
0.348755  0.424414  
0.347821  0.425489  
0.346977  0.426692  
0.346158  0.427797  
0.345342  0.428779  
0.344415  0.429945  
0.3435  0.431078  
0.342589  0.432276  
0.341688  0.433538  
0.340886  0.434562  
0.340034  0.435759  
0.339133  0.436927  
0.338358  0.438041  
0.337504  0.43917  
0.336539  0.440378  
0.335802  0.441463  
0.334839  0.442648  
0.334031  0.443657  
0.333074  0.444978  
0.332195  0.446062  
0.331355  0.447277  
0.330481  0.448399  
0.329588  0.449516  
0.328744  0.450697  
0.327815  0.451856  
0.327064  0.453097  
0.326174  0.454301  
0.32531  0.455314  
0.324351  0.456569  
0.323501  0.45772  
0.322826  0.459085  
0.321756  0.460181  
0.320899  0.461345  
0.320076  0.462381  
0.319177  0.463706  
0.318294  0.464936  
0.317477  0.466019  
0.31663  0.467314  
0.315713  0.468455  
0.314826  0.469581  
0.313983  0.470758  
0.313174  0.472039  
0.312252  0.473185  
0.311375  0.474369  
0.310557  0.475616  
0.309566  0.476863  
0.308777  0.478018  
0.307919  0.479283  
0.307055  0.480513  
0.306133  0.481662  
0.305328  0.482976  
0.304335  0.484138  
0.30345  0.48533  
0.302603  0.486554  
0.301685  0.487802  
0.300904  0.489041  
0.29999  0.490254  
0.299165  0.491424  
0.298278  0.492739  
0.297354  0.493926  
0.29651  0.495091  
0.295602  0.496395  
0.294711  0.497557  
0.293874  0.498798  
0.292883  0.500109  
0.292057  0.501242  
0.291238  0.502478  
0.290384  0.503853  
0.289438  0.504982  
0.288556  0.50635  
0.287559  0.507671  
0.286808  0.508738  
0.285856  0.510139  
0.285046  0.511338  
0.284083  0.512622  
0.283222  0.51382  
0.28238  0.51507  
0.281488  0.51646  
0.280573  0.517778  
0.279731  0.518931  
0.278824  0.520308  
0.277918  0.521577  
0.277037  0.522876  
0.276136  0.524088  
0.275245  0.525452  
0.274312  0.526812  
0.273486  0.52803  
0.272634  0.529332  
0.271716  0.530633  
0.270832  0.531836  
0.269918  0.533297  
0.269018  0.53451  
0.268096  0.535887  
0.267245  0.537096  
0.26631  0.53851  
0.265464  0.53972  
0.264541  0.541183  
0.263648  0.542383  
0.262779  0.54365  
0.261857  0.545052  
0.261  0.546336  
0.260063  0.5477  
0.259119  0.549109  
0.258262  0.550328  
0.257337  0.551759  
0.256409  0.553113  
0.255574  0.554444  
0.254545  0.555853  
0.253793  0.557176  
0.252809  0.558408  
0.251851  0.559869  
0.251013  0.561238  
0.250162  0.562575  
0.249171  0.563816  
0.2483  0.565238  
0.247366  0.566605  
0.246402  0.568116  
0.245581  0.569422  
0.244677  0.570757  
0.243784  0.572164  
0.242859  0.573504  
0.241862  0.574858  
0.240984  0.576428  
0.240099  0.57767  
0.239141  0.579064  
0.238303  0.580515  
0.237327  0.581791  
0.23644  0.583191  
0.235518  0.584653  
0.23451  0.586119  
0.233661  0.587514  
0.232779  0.588969  
0.231791  0.590336  
0.230929  0.591782  
0.229891  0.593323  
0.228953  0.594632  
0.228041  0.596092  
0.227218  0.597415  
0.22619  0.598887  
0.225356  0.600216  
0.224356  0.601702  
0.223557  0.603307  
0.222506  0.604602  
0.221594  0.606104  
0.220693  0.607653  
0.219753  0.609052  
0.218838  0.610541  
0.217914  0.612047  
0.217015  0.613558  
0.215991  0.614905  
0.215017  0.616283  
0.214188  0.617813  
0.21315  0.619317  
0.212263  0.620934  
0.211361  0.622506  
0.210329  0.623844  
0.209315  0.625329  
0.208521  0.626958  
0.207406  0.628358  
0.206638  0.629993  
0.205505  0.631351  
0.204659  0.63277  
0.203751  0.634476  
0.202758  0.635858  
0.201727  0.637463  
0.200765  0.63895  
0.19983  0.640444  
0.198933  0.642051  
0.197987  0.643707  
0.196906  0.645199  
0.196006  0.64654  
0.195067  0.648262  
0.194119  0.649773  
0.193158  0.65138  
0.192089  0.65282  
0.191239  0.654379  
0.190229  0.655924  
0.189208  0.657591  
0.188198  0.65927  
0.187234  0.660868  
0.186286  0.662443  
0.185444  0.663851  
0.184236  0.665609  
0.183447  0.667241  
0.182389  0.66864  
0.181396  0.670221  
0.180374  0.67195  
0.179396  0.673494  
0.178418  0.675147  
0.1775  0.676901  
0.176506  0.67841  
0.175464  0.680013  
0.174535  0.68174  
0.17351  0.683372  
0.172469  0.684955  
0.171473  0.686689  
0.170548  0.688218  
0.169571  0.690027  
0.168473  0.691613  
0.16758  0.693208  
0.16655  0.694924  
0.165458  0.696577  
0.164501  0.698263  
0.163446  0.700054  
0.162529  0.701644  
0.161463  0.703343  
0.160409  0.7051  
0.159445  0.706646  
0.158478  0.708473  
0.157454  0.710164  
0.156321  0.711966  
0.155407  0.713638  
0.154357  0.715271  
0.153298  0.717011  
0.152309  0.718739  
0.151325  0.72063  
0.150256  0.722355  
0.149221  0.724124  
0.148225  0.725808  
0.1472  0.727663  
0.146068  0.729394  
0.144998  0.731222  
0.144104  0.733179  
0.143026  0.734644  
0.141892  0.73672  
0.140898  0.738236  
0.139822  0.740006  
0.13881  0.741758  
0.137791  0.743716  
0.136721  0.745608  
0.135621  0.747316  
0.134551  0.749274  
0.133568  0.75097  
0.132418  0.752837  
0.131457  0.754671  
0.130374  0.756679  
0.129269  0.758565  
0.128283  0.76031  
0.127045  0.762286  
0.12607  0.764012  
0.125079  0.766152  
0.123997  0.767716  
0.122916  0.769591  
0.121758  0.77149  
0.12067  0.773581  
0.119623  0.775253  
0.118554  0.777173  
0.117426  0.779116  
0.116315  0.781137  
0.115296  0.782969  
0.114143  0.785197  
0.112997  0.787109  
0.111952  0.788931  
0.1109  0.791103  
0.109703  0.792956  
0.108683  0.794842  
0.107514  0.796765  
0.106362  0.798849  
0.105347  0.800695  
0.104217  0.802692  
0.102978  0.80503  
0.10206  0.806639  
0.100834  0.808777  
0.0997261  0.810892  
0.0985837  0.812936  
0.0974187  0.815003  
0.096409  0.817115  
0.0951494  0.818916  
0.0941126  0.820838  
0.0929392  0.822914  
0.0917284  0.825421  
0.0906474  0.827131  
0.0894245  0.829514  
0.0884243  0.83142  
0.0872678  0.83363  
0.0860604  0.835729  
0.0847727  0.837743  
0.0837095  0.839983  
0.082516  0.842242  
0.0814101  0.844087  
0.0801819  0.84631  
0.0791072  0.848366  
0.0777604  0.850795  
0.0767163  0.852702  
0.0755306  0.854869  
0.0742774  0.857086  
0.0731937  0.85936  
0.0718498  0.861548  
0.0707809  0.863725  
0.069533  0.865877  
0.0683449  0.868314  
0.0672382  0.870369  
0.0659888  0.872874  
0.064704  0.874998  
0.0636274  0.876998  
0.0623307  0.87936  
0.0611381  0.881966  
0.0599053  0.883988  
0.0587627  0.886111  
0.0574719  0.888613  
0.0562302  0.890869  
0.0550752  0.893215  
0.0538261  0.8956  
0.0525845  0.897856  
0.0512938  0.900256  
0.0500064  0.902609  
0.0487692  0.905112  
0.0476258  0.90744  
0.0463425  0.909644  
0.0450763  0.912091  
0.0436855  0.914989  
0.0425247  0.916991  
0.0413213  0.919584  
0.0399706  0.92195  
0.038789  0.924274  
0.0374392  0.927081  
0.0362231  0.929307  
0.0349292  0.931769  
0.0334344  0.934487  
0.0323274  0.936701  
0.0309526  0.939172  
0.0296539  0.941797  
0.0284004  0.944583  
0.0270746  0.946865  
0.0258188  0.949358  
0.0244511  0.951942  
0.023207  0.954347  
0.0216181  0.957352  
0.0204789  0.9598  
0.019217  0.962237  
0.0177723  0.9649  
0.0163587  0.968062  
0.0151826  0.970186  
0.0137215  0.973189  
0.012244  0.975915  
0.0109835  0.978492  
0.00961167  0.981082  
0.00834694  0.983597  
0.00700359  0.986417  
0.00565933  0.989204  
0.00423282  0.991927  
0.00277833  0.995073  
0.0014361  0.997558  
0.000181564  1.00027  
