1.08074  0.186716  
0.961525  0.187975  
0.961517  0.189225  
0.961516  0.189926  
0.961516  0.192758  
0.961516  0.194433  
0.961516  0.204766  
0.951904  0.207494  
0.951904  0.208904  
0.951904  0.210053  
0.951904  0.212018  
0.951904  0.216403  
0.951904  0.224587  
0.951904  0.225803  
0.951904  0.230748  
0.951904  0.234464  
0.951904  0.238417  
0.951904  0.240094  
0.951898  0.244462  
0.951897  0.246291  
0.951897  0.247778  
0.951897  0.248462  
0.951897  0.253477  
0.951897  0.255083  
0.951897  0.257435  
0.951897  0.259811  
0.951897  0.267001  
0.951897  0.270262  
0.951897  0.274649  
0.951897  0.280672  
0.95188  0.285662  
0.95188  0.290082  
0.951879  0.296238  
0.951879  0.302662  
0.951879  0.306328  
0.951879  0.309219  
0.951879  0.319788  
0.951879  0.323071  
0.951878  0.325754  
0.951878  0.329286  
0.951878  0.329797  
0.951878  0.356034  
0.951878  0.351409  
0.951878  0.393536  
0.951878  0.40289  
0.951878  0.332883  
0.895197  0.996827  
0.658987  0.996996  
0.708334  0.996866  
0.660104  0.996994  
0.659376  0.996995  
0.658218  0.997498  
0.655434  0.998197  
0.65453  0.998499  
0.12998  1.01231  
0.129993  1.01231  
0.129998  1.01231  
0.129989  1.01231  
0.129982  1.01231  
0.129955  1.01237  
0.129872  1.01681  
0.116253  1.05984  
0.115253  1.05985  
0.111889  1.05987  
0.105913  1.0603  
0.10551  1.06031  
0.102684  1.06034  
0.101489  1.06034  
0.100996  1.06307  
0.10052  1.09375  
0.100295  1.11933  
0.100279  1.15187  
0.100265  1.25255  
0.100263  1.42616  
0.100262  1.43912  
0.100253  1.87569  
0.100251  2.0417  
0.10025  2.39297  
0.10025  2.86668  
0.10025  3.35217  
0.10025  3.35229  
