1.351  0.246059  
0.909709  0.246788  
0.719231  0.24741  
0.591115  0.24834  
0.588803  0.248712  
0.530243  0.249141  
0.511056  0.249239  
0.509476  0.249547  
0.500363  0.250404  
0.499263  0.251391  
0.49845  0.252193  
0.497572  0.252976  
0.49646  0.2539  
0.49559  0.254792  
0.494484  0.255648  
0.493807  0.256405  
0.493103  0.257373  
0.492032  0.258244  
0.491223  0.259104  
0.490392  0.259952  
0.489499  0.260749  
0.488592  0.261696  
0.487802  0.262537  
0.487082  0.263322  
0.486145  0.264256  
0.48526  0.265085  
0.484402  0.265961  
0.483578  0.266811  
0.482829  0.267599  
0.481928  0.268464  
0.481138  0.269321  
0.480232  0.27023  
0.479477  0.271014  
0.478579  0.27197  
0.477825  0.272774  
0.477011  0.273643  
0.476115  0.27455  
0.47537  0.275364  
0.474564  0.276226  
0.473742  0.277047  
0.472941  0.277959  
0.472154  0.278808  
0.471502  0.279538  
0.470546  0.280556  
0.469664  0.281388  
0.468915  0.28219  
0.468103  0.282974  
0.467251  0.283911  
0.466469  0.284756  
0.465645  0.28559  
0.464807  0.286559  
0.46405  0.287355  
0.463235  0.288339  
0.462428  0.289107  
0.461588  0.289965  
0.4608  0.290877  
0.460008  0.291729  
0.459218  0.292498  
0.458395  0.293494  
0.45772  0.294359  
0.456837  0.295218  
0.455998  0.296044  
0.455196  0.29686  
0.454486  0.297774  
0.453603  0.298662  
0.452811  0.299573  
0.452011  0.30034  
0.451243  0.301268  
0.450509  0.302118  
0.449643  0.302949  
0.448863  0.303842  
0.448067  0.304729  
0.447273  0.305642  
0.446488  0.306519  
0.445728  0.307433  
0.444959  0.308261  
0.444163  0.309099  
0.443319  0.31002  
0.442665  0.310895  
0.441748  0.311734  
0.44091  0.312633  
0.440159  0.313512  
0.439384  0.314412  
0.438652  0.315257  
0.43792  0.316051  
0.437085  0.317013  
0.436433  0.317904  
0.435626  0.318792  
0.434796  0.319686  
0.434035  0.320557  
0.433217  0.321457  
0.432514  0.322315  
0.431776  0.323172  
0.430948  0.324011  
0.430106  0.324957  
0.429472  0.32575  
0.428605  0.326641  
0.427772  0.327607  
0.427048  0.328419  
0.426441  0.329351  
0.425567  0.330251  
0.424843  0.331041  
0.424  0.331957  
0.423195  0.332792  
0.422491  0.333791  
0.421653  0.334646  
0.42087  0.335566  
0.420154  0.336415  
0.41933  0.337315  
0.418638  0.338103  
0.417923  0.33916  
0.4171  0.339996  
0.416343  0.340937  
0.415545  0.341765  
0.414728  0.34267  
0.413985  0.343562  
0.413218  0.344453  
0.412467  0.3453  
0.411733  0.346312  
0.411122  0.34723  
0.410195  0.347936  
0.409403  0.348939  
0.408666  0.349785  
0.407922  0.350671  
0.407132  0.351584  
0.406373  0.352481  
0.405555  0.353479  
0.404923  0.354355  
0.404105  0.355285  
0.403347  0.356157  
0.402625  0.357094  
0.401891  0.357872  
0.401038  0.358893  
0.400335  0.359785  
0.399516  0.360662  
0.398765  0.361537  
0.398069  0.362523  
0.397304  0.363363  
0.396543  0.364332  
0.395772  0.365232  
0.395076  0.366094  
0.394248  0.367036  
0.393467  0.368003  
0.39287  0.368901  
0.392012  0.369725  
0.391267  0.370725  
0.390453  0.371606  
0.389747  0.37253  
0.388983  0.373395  
0.388231  0.374373  
0.387544  0.375274  
0.386756  0.376242  
0.38595  0.377174  
0.385191  0.378061  
0.38445  0.379037  
0.383692  0.37988  
0.382937  0.380819  
0.382198  0.381776  
0.381461  0.382733  
0.380651  0.383652  
0.379943  0.384578  
0.379212  0.385513  
0.378487  0.386419  
0.377638  0.387397  
0.376928  0.388307  
0.376226  0.389254  
0.375428  0.390162  
0.374678  0.391102  
0.373967  0.392013  
0.373174  0.392994  
0.372442  0.3939  
0.371665  0.394852  
0.370953  0.395803  
0.370206  0.396721  
0.369442  0.397671  
0.368715  0.39863  
0.367943  0.399533  
0.367163  0.400524  
0.366492  0.401461  
0.365718  0.402427  
0.364946  0.40334  
0.36424  0.404305  
0.363476  0.405248  
0.36274  0.406212  
0.362015  0.407202  
0.361229  0.408064  
0.360483  0.409087  
0.359802  0.41002  
0.358985  0.41095  
0.358236  0.411933  
0.357531  0.412875  
0.356812  0.413854  
0.356033  0.414779  
0.355284  0.415799  
0.354524  0.416776  
0.353786  0.417721  
0.352985  0.418699  
0.352264  0.419668  
0.351551  0.420572  
0.350809  0.421575  
0.350049  0.422535  
0.349299  0.423526  
0.348543  0.424484  
0.347831  0.425469  
0.347045  0.426397  
0.34632  0.427418  
0.345538  0.428388  
0.344841  0.429341  
0.344123  0.430382  
0.34333  0.431326  
0.342579  0.432302  
0.341835  0.433312  
0.341059  0.434291  
0.340331  0.435219  
0.339611  0.436257  
0.338879  0.437186  
0.338115  0.438249  
0.337362  0.439226  
0.336668  0.440235  
0.335861  0.441122  
0.335172  0.442121  
0.334394  0.443172  
0.333633  0.444149  
0.33287  0.445178  
0.332144  0.446138  
0.331404  0.447165  
0.330624  0.448157  
0.329918  0.449174  
0.329162  0.450094  
0.328426  0.451086  
0.327616  0.452212  
0.32693  0.453178  
0.326149  0.454224  
0.325386  0.455241  
0.324681  0.456275  
0.323946  0.457181  
0.323174  0.458216  
0.322402  0.459306  
0.321655  0.460282  
0.320899  0.461311  
0.320121  0.462352  
0.319428  0.463384  
0.318612  0.464385  
0.317929  0.465366  
0.31721  0.466376  
0.316426  0.46741  
0.315662  0.46851  
0.314881  0.469521  
0.314197  0.470574  
0.313351  0.471558  
0.312642  0.472635  
0.311876  0.473633  
0.311146  0.474677  
0.310372  0.475737  
0.309619  0.476824  
0.308862  0.47777  
0.308072  0.478827  
0.307389  0.479929  
0.306629  0.480875  
0.305833  0.481992  
0.305141  0.483064  
0.304314  0.484041  
0.303624  0.485178  
0.302846  0.48614  
0.30205  0.487241  
0.301349  0.488363  
0.300571  0.489335  
0.299785  0.490411  
0.299018  0.491485  
0.298258  0.492538  
0.297501  0.493602  
0.296723  0.494671  
0.295953  0.495752  
0.295199  0.496808  
0.294419  0.497881  
0.293703  0.498966  
0.292938  0.500018  
0.292149  0.501106  
0.291381  0.502188  
0.290658  0.503243  
0.289855  0.504339  
0.289129  0.505442  
0.288344  0.50649  
0.287599  0.507546  
0.28681  0.508726  
0.286095  0.509771  
0.285323  0.510889  
0.284558  0.511888  
0.283852  0.513033  
0.283082  0.514129  
0.28226  0.515292  
0.281474  0.516371  
0.280721  0.51743  
0.279995  0.518539  
0.279176  0.519639  
0.278415  0.520767  
0.277652  0.5219  
0.276904  0.522925  
0.276107  0.524113  
0.275316  0.525209  
0.274555  0.526353  
0.27382  0.527444  
0.273038  0.528537  
0.272288  0.529736  
0.271494  0.530796  
0.270721  0.531916  
0.269915  0.53307  
0.269134  0.53423  
0.268384  0.535356  
0.267586  0.536515  
0.266833  0.53762  
0.266085  0.538735  
0.265276  0.539938  
0.264495  0.541013  
0.263723  0.542192  
0.262934  0.543381  
0.26215  0.544469  
0.261392  0.545618  
0.260573  0.546826  
0.259817  0.547934  
0.259042  0.549074  
0.258251  0.550261  
0.257496  0.551416  
0.256715  0.552522  
0.255896  0.553765  
0.255136  0.554926  
0.254344  0.556105  
0.253534  0.557272  
0.252773  0.558438  
0.251974  0.55964  
0.251207  0.56078  
0.250428  0.561959  
0.249638  0.563139  
0.248822  0.564331  
0.248043  0.565502  
0.247253  0.566706  
0.246451  0.567919  
0.24565  0.569067  
0.24486  0.570261  
0.244072  0.571494  
0.24329  0.572671  
0.242495  0.573897  
0.241698  0.575083  
0.240895  0.576314  
0.240113  0.577562  
0.239326  0.578733  
0.238536  0.579969  
0.237743  0.581148  
0.236942  0.582405  
0.236108  0.583618  
0.235342  0.584781  
0.234519  0.586064  
0.233744  0.587201  
0.232902  0.58852  
0.232106  0.589765  
0.231318  0.591009  
0.230525  0.592159  
0.229677  0.5935  
0.228922  0.594636  
0.228062  0.595946  
0.227307  0.597238  
0.226425  0.598453  
0.225663  0.59971  
0.224833  0.60092  
0.224006  0.602222  
0.223209  0.603443  
0.222405  0.604723  
0.221603  0.605999  
0.220783  0.607267  
0.219937  0.608546  
0.219124  0.60981  
0.218318  0.611107  
0.217489  0.61239  
0.21667  0.613667  
0.215857  0.614969  
0.215049  0.616302  
0.214179  0.617592  
0.213389  0.618787  
0.212585  0.620098  
0.211743  0.621383  
0.21093  0.622704  
0.210074  0.624044  
0.209295  0.625364  
0.208426  0.626654  
0.20763  0.62802  
0.206795  0.629301  
0.205971  0.630619  
0.205163  0.631972  
0.204291  0.633284  
0.203485  0.63462  
0.202624  0.635859  
0.201771  0.637242  
0.200981  0.638541  
0.200144  0.639958  
0.199291  0.641303  
0.198441  0.642604  
0.197612  0.64399  
0.196771  0.64531  
0.195916  0.646771  
0.195117  0.64809  
0.194255  0.649415  
0.193413  0.650756  
0.192483  0.65214  
0.191683  0.653524  
0.190827  0.654889  
0.189984  0.656288  
0.189149  0.657629  
0.188306  0.659048  
0.187455  0.660444  
0.186598  0.661759  
0.18576  0.663181  
0.184868  0.664606  
0.184028  0.666064  
0.183135  0.667412  
0.182301  0.668766  
0.181449  0.670215  
0.180567  0.671633  
0.179687  0.673049  
0.178824  0.67445  
0.177942  0.675879  
0.177062  0.677338  
0.176228  0.678687  
0.175365  0.68014  
0.174499  0.681562  
0.173625  0.683016  
0.17272  0.684466  
0.171854  0.686008  
0.170993  0.687467  
0.170102  0.688854  
0.169191  0.690357  
0.168323  0.691812  
0.167493  0.693308  
0.166622  0.694685  
0.16572  0.696131  
0.164801  0.697666  
0.163907  0.699159  
0.163012  0.700629  
0.162133  0.702112  
0.161289  0.703667  
0.160343  0.705137  
0.159465  0.706577  
0.158611  0.708149  
0.157698  0.709771  
0.15672  0.711211  
0.155889  0.712627  
0.154938  0.714201  
0.154004  0.715745  
0.153159  0.717233  
0.152259  0.718759  
0.151364  0.7203  
0.150483  0.721841  
0.149546  0.72346  
0.148654  0.725013  
0.147735  0.726447  
0.146821  0.727986  
0.145907  0.729631  
0.144976  0.731203  
0.144091  0.73283  
0.143146  0.734464  
0.142227  0.735954  
0.141282  0.737616  
0.140369  0.739133  
0.13944  0.740734  
0.13851  0.742291  
0.13757  0.74391  
0.136661  0.745494  
0.135697  0.747162  
0.134788  0.748732  
0.133848  0.750358  
0.132926  0.751993  
0.131964  0.753643  
0.131013  0.75529  
0.130061  0.756947  
0.129169  0.758504  
0.128203  0.760292  
0.127257  0.761833  
0.126306  0.763491  
0.125357  0.765264  
0.124274  0.766951  
0.123436  0.768517  
0.122442  0.770234  
0.121521  0.771874  
0.120608  0.773631  
0.119556  0.775339  
0.118527  0.777078  
0.117618  0.7787  
0.116625  0.780391  
0.115728  0.782097  
0.114776  0.783854  
0.113779  0.785638  
0.11284  0.787342  
0.111844  0.789046  
0.110862  0.790772  
0.109784  0.792518  
0.108894  0.794273  
0.107884  0.795946  
0.106947  0.797773  
0.105927  0.799467  
0.104906  0.801465  
0.103861  0.803139  
0.102935  0.804856  
0.101916  0.806756  
0.100916  0.808617  
0.0999209  0.810233  
0.09895  0.812033  
0.0978728  0.813893  
0.0968657  0.815839  
0.0959084  0.817536  
0.0949068  0.819371  
0.0939034  0.821161  
0.0928779  0.823072  
0.0918593  0.824881  
0.0908492  0.826857  
0.089785  0.828738  
0.088758  0.830587  
0.087745  0.832555  
0.0867404  0.834204  
0.0856861  0.836141  
0.0846037  0.838077  
0.0836081  0.839983  
0.0825783  0.841844  
0.0815384  0.843824  
0.0804966  0.84576  
0.0793778  0.847789  
0.078338  0.849663  
0.0772589  0.851537  
0.0761703  0.853568  
0.0752327  0.855369  
0.0741143  0.857572  
0.0730337  0.859372  
0.0720476  0.861321  
0.070865  0.863454  
0.0698493  0.865315  
0.068819  0.867299  
0.0676264  0.869516  
0.0665567  0.871445  
0.0655166  0.873403  
0.0644467  0.875357  
0.0633511  0.877409  
0.0622897  0.879489  
0.0612393  0.881429  
0.0600551  0.883573  
0.0590438  0.885676  
0.0579501  0.887827  
0.0568473  0.889616  
0.0556754  0.892054  
0.0544962  0.894236  
0.0534905  0.896053  
0.0523765  0.898166  
0.0512221  0.900294  
0.0501562  0.902444  
0.0490318  0.904448  
0.0478935  0.90677  
0.0467388  0.908844  
0.0456387  0.911207  
0.0444639  0.913108  
0.0433629  0.915411  
0.0422109  0.917462  
0.0410651  0.919716  
0.0398673  0.92194  
0.03876  0.924169  
0.0375338  0.926567  
0.0364638  0.928624  
0.035284  0.930985  
0.0341017  0.933117  
0.032957  0.935412  
0.0317066  0.93769  
0.0306105  0.939884  
0.029404  0.942297  
0.0281618  0.944574  
0.0269537  0.946894  
0.025871  0.949077  
0.0246773  0.951353  
0.0234788  0.953773  
0.0222805  0.956076  
0.0210878  0.958741  
0.0197853  0.961084  
0.0186191  0.963177  
0.0174238  0.965679  
0.0162254  0.968177  
0.0150136  0.970369  
0.0137741  0.97281  
0.0125465  0.975218  
0.0113138  0.977839  
0.0100791  0.980319  
0.008757  0.982807  
0.00757889  0.985311  
0.00628365  0.987961  
0.00504227  0.99022  
0.00383017  0.992632  
0.00251953  0.99526  
0.00127243  0.997887  
3.83566e-005  1.00005  
