0.999805  9.73481e-005  
0.990107  0.00495903  
0.987056  0.00649307  
0.987056  0.00649307  
0.987056  0.00649307  
0.987056  0.00649307  
0.850013  0.0780384  
0.847888  0.0791917  
0.839919  0.0835293  
0.832147  0.0877792  
0.824269  0.0921075  
0.816826  0.0962793  
0.80903  0.100539  
0.801629  0.104663  
0.798645  0.106331  
0.798645  0.106331  
0.798645  0.106331  
0.665903  0.183971  
0.665903  0.183971  
0.665903  0.183971  
0.660205  0.187471  
0.654343  0.191085  
0.648205  0.194888  
0.64224  0.198601  
0.636346  0.202287  
0.630561  0.205922  
0.624683  0.209632  
0.618923  0.213283  
0.613276  0.216881  
0.612212  0.21756  
0.612212  0.21756  
0.612212  0.21756  
0.612212  0.21756  
0.612212  0.21756  
0.612212  0.21756  
0.612212  0.21756  
0.612212  0.21756  
0.612212  0.21756  
0.483956  0.30433  
0.483956  0.30433  
0.483956  0.30433  
0.483956  0.30433  
0.483144  0.304916  
0.478354  0.308369  
0.473632  0.311795  
0.468911  0.315233  
0.464219  0.318667  
0.459553  0.322097  
0.454942  0.325507  
0.450328  0.328935  
0.445739  0.332364  
0.441194  0.335776  
0.436673  0.339188  
0.432131  0.342633  
0.42847  0.345424  
0.42847  0.345424  
0.42847  0.345424  
0.42847  0.345424  
0.305574  0.447213  
0.305574  0.447213  
0.305574  0.447213  
0.305574  0.447213  
0.305574  0.447213  
0.305574  0.447213  
0.305574  0.447213  
0.305574  0.447213  
0.302476  0.450024  
0.298579  0.453582  
0.29469  0.457147  
0.290801  0.460744  
0.286911  0.46436  
0.283042  0.467983  
0.279205  0.471614  
0.275342  0.475272  
0.271502  0.478942  
0.267689  0.482614  
0.263896  0.486294  
0.260081  0.490019  
0.256289  0.493752  
0.252515  0.497492  
0.249089  0.500912  
0.24909  0.500911  
0.24909  0.500911  
0.249092  0.500909  
0.249093  0.500908  
0.134302  0.633528  
0.134301  0.633529  
0.134301  0.633529  
0.134301  0.633529  
0.134301  0.633529  
0.134301  0.633529  
0.134301  0.633529  
0.134301  0.633529  
0.134301  0.633529  
0.134301  0.633529  
0.134301  0.633529  
0.134301  0.633529  
0.134301  0.633529  
0.134301  0.633529  
0.131376  0.637546  
0.127721  0.64262  
0.124105  0.647717  
0.120469  0.652914  
0.116831  0.658197  
0.11319  0.663563  
0.109548  0.669019  
0.105895  0.674585  
0.102218  0.680287  
0.0985525  0.68607  
0.0948849  0.691967  
0.0912174  0.697979  
0.087542  0.70414  
0.0838056  0.710508  
0.0800927  0.717027  
0.0792622  0.718467  
0.0792622  0.718467  
4.25845e-007  1.04463  
4.25821e-007  1.04463  
4.25837e-007  1.04463  
4.25817e-007  1.04463  
4.25826e-007  1.04463  
