0.984469  0.287245  
0.984469  0.287245  
0.984469  0.287245  
0.984469  0.287245  
0.978716  0.290796  
0.969918  0.295812  
0.962485  0.30106  
0.959156  0.308169  
0.959155  0.308169  
0.959162  0.308169  
0.903829  0.346513  
0.898581  0.348544  
0.89213  0.352536  
0.885579  0.360271  
0.87858  0.364395  
0.87847  0.370131  
0.878466  0.370131  
0.878473  0.370131  
0.82196  0.405443  
0.821964  0.405443  
0.814542  0.409211  
0.807216  0.414752  
0.800936  0.418519  
0.797632  0.423733  
0.797412  0.426683  
0.743978  0.46416  
0.744011  0.46389  
0.741573  0.464457  
0.733822  0.467211  
0.726011  0.47288  
0.720507  0.478275  
0.71659  0.483945  
0.716623  0.483673  
0.71669  0.483128  
0.661238  0.522553  
0.655193  0.524551  
0.648302  0.529149  
0.642368  0.533602  
0.636054  0.540838  
0.635452  0.544377  
0.582318  0.581756  
0.574408  0.585102  
0.566499  0.588475  
0.559464  0.593751  
0.555517  0.598736  
0.554716  0.603926  
0.49837  0.640073  
0.493446  0.641786  
0.48815  0.645786  
0.481581  0.651048  
0.475996  0.655257  
0.474483  0.660231  
0.474362  0.665119  
0.420155  0.699053  
0.412981  0.701562  
0.405995  0.706658  
0.398854  0.710842  
0.394682  0.714476  
0.392906  0.719816  
0.339148  0.757906  
0.332369  0.759153  
0.326974  0.764682  
0.320069  0.768004  
0.315153  0.773307  
0.311934  0.778671  
0.254652  0.816435  
0.257354  0.816311  
0.251459  0.818208  
0.244536  0.823113  
0.240024  0.82675  
0.234459  0.830889  
0.231369  0.840166  
0.171304  0.876076  
0.171308  0.876076  
0.171306  0.876076  
0.171311  0.876075  
0.171276  0.876081  
0.171304  0.876076  
0.166302  0.879886  
0.161456  0.883753  
0.156645  0.887605  
0.15171  0.893042  
0.15161  0.899838  
0.0949677  0.933869  
0.0949673  0.933869  
0.0949704  0.933868  
0.0949691  0.933868  
0.0949672  0.933869  
0.0949661  0.93387  
0.0924177  0.935399  
0.0865578  0.938279  
0.081943  0.941484  
0.075618  0.945226  
0.0704698  0.952816  
0.0146176  0.992728  
0.0146172  0.99273  
0.014618  0.992727  
0.0146169  0.992731  
0.0146169  0.99273  
0.0146152  0.992736  
0.0146156  0.992733  
0.00772958  0.994552  
0.00376906  0.997806  
0  1  
