0.999301  0.810732  
0.242764  0.811397  
0.218299  0.812052  
0.212693  0.812383  
0.211506  0.812906  
0.20679  0.813081  
0.20473  0.813674  
0.200257  0.814609  
0.195751  0.815296  
0.195209  0.81576  
0.192231  0.816133  
0.187719  0.817102  
0.186226  0.818172  
0.185469  0.818942  
0.185222  0.819599  
0.181353  0.820184  
0.180551  0.820382  
0.180468  0.821342  
0.178975  0.82202  
0.178285  0.822912  
0.17764  0.823022  
0.177325  0.823262  
0.176756  0.823707  
0.176432  0.824024  
0.176264  0.824426  
0.175287  0.825043  
0.174881  0.825524  
0.174705  0.825992  
0.174112  0.826522  
0.173909  0.82688  
0.17332  0.827117  
0.173198  0.827596  
0.172391  0.828268  
0.172283  0.828397  
0.171844  0.828848  
0.171759  0.829165  
0.170971  0.829464  
0.170462  0.830342  
0.169784  0.831039  
0.169411  0.831327  
0.169193  0.831567  
0.169066  0.831895  
0.16799  0.832305  
0.167079  0.833297  
0.166823  0.833774  
0.166604  0.833939  
0.166525  0.83443  
0.165769  0.834774  
0.165473  0.835139  
0.164686  0.835793  
0.164203  0.836082  
0.163897  0.83663  
0.163573  0.836979  
0.162366  0.838116  
0.16116  0.839142  
0.161382  0.838891  
0.159711  0.840726  
0.159421  0.840959  
0.15839  0.841787  
0.158476  0.841647  
0.158054  0.842276  
0.15774  0.842703  
0.157676  0.842928  
0.156767  0.84341  
0.156631  0.843626  
0.156166  0.844522  
0.154507  0.845601  
0.154259  0.846091  
0.153412  0.84687  
0.153403  0.847225  
0.152654  0.847741  
0.152199  0.848083  
0.151996  0.848391  
0.151907  0.848833  
0.151438  0.848915  
0.151118  0.849349  
0.150843  0.849899  
0.149885  0.850466  
0.148799  0.851329  
0.148202  0.852219  
0.147483  0.853081  
0.146643  0.85359  
0.146463  0.854156  
0.145343  0.854903  
0.145087  0.855128  
0.144781  0.855499  
0.144195  0.856295  
0.143347  0.857064  
0.143262  0.857203  
0.142785  0.857613  
0.14271  0.857997  
0.142355  0.858134  
0.142172  0.858564  
0.141242  0.859269  
0.141101  0.859739  
0.140319  0.859812  
0.140153  0.86021  
0.13949  0.860767  
0.139232  0.861004  
0.139083  0.861296  
0.138372  0.862237  
0.137485  0.862838  
0.137107  0.863326  
0.136463  0.864276  
0.135557  0.864621  
0.135364  0.865261  
0.134635  0.865872  
0.134577  0.866016  
0.133565  0.866724  
0.133525  0.866794  
0.132854  0.867606  
0.132355  0.8678  
0.132293  0.86791  
0.131956  0.869361  
0.13036  0.869754  
0.130296  0.870323  
0.130245  0.870518  
0.129422  0.870997  
0.129261  0.871286  
0.12897  0.871461  
0.128612  0.871922  
0.128346  0.872228  
0.127718  0.872496  
0.127473  0.872779  
0.127313  0.872979  
0.126799  0.873749  
0.126471  0.87429  
0.125833  0.874913  
0.12524  0.875146  
0.124958  0.875262  
0.123609  0.876755  
0.12335  0.876977  
0.123339  0.877015  
0.123157  0.877033  
0.122446  0.87778  
0.122295  0.877919  
0.121814  0.878562  
0.121364  0.87886  
0.120862  0.879242  
0.120412  0.879909  
0.119675  0.880407  
0.119435  0.880875  
0.118496  0.881644  
0.118412  0.881792  
0.118094  0.882201  
0.117746  0.882549  
0.117082  0.883008  
0.116868  0.883472  
0.116515  0.883616  
0.115923  0.88428  
0.114987  0.885155  
0.114491  0.885633  
0.11329  0.886829  
0.113146  0.887259  
0.112407  0.887772  
0.111973  0.888246  
0.111818  0.888469  
0.111401  0.888964  
0.111055  0.889013  
0.110742  0.889601  
0.110626  0.88961  
0.110483  0.890165  
0.109718  0.890677  
0.109066  0.891326  
0.108864  0.891746  
0.10813  0.892349  
0.107536  0.892855  
0.107332  0.892992  
0.106692  0.893402  
0.10657  0.893677  
0.105622  0.894552  
0.105216  0.894888  
0.104704  0.895397  
0.104336  0.896125  
0.103622  0.896687  
0.103489  0.896757  
0.103468  0.897404  
0.102856  0.897545  
0.102596  0.898004  
0.101929  0.89845  
0.101841  0.898855  
0.101279  0.899342  
0.100132  0.9001  
0.0997567  0.900735  
0.0992345  0.901119  
0.0988757  0.901326  
0.0987316  0.902049  
0.0979818  0.902233  
0.0978737  0.902449  
0.0975818  0.903545  
0.0966417  0.903917  
0.0962023  0.90401  
0.0954169  0.905125  
0.0947376  0.905708  
0.0943538  0.906019  
0.0941471  0.906392  
0.0934865  0.9067  
0.093186  0.907164  
0.0930142  0.907295  
0.0927842  0.907657  
0.0924005  0.907793  
0.0922255  0.9081  
0.0917915  0.908646  
0.091424  0.908921  
0.0909403  0.909364  
0.0906199  0.909516  
0.0902301  0.910111  
0.0899492  0.910431  
0.089527  0.911011  
0.0887919  0.91144  
0.0887188  0.911853  
0.0880989  0.912259  
0.0876845  0.912676  
0.0869763  0.913209  
0.0868031  0.913709  
0.0858432  0.914353  
0.0854812  0.915241  
0.0849479  0.915313  
0.08442  0.915898  
0.0839729  0.916254  
0.0836793  0.916485  
0.0836249  0.916587  
0.0830253  0.917225  
0.0824274  0.917814  
0.0821743  0.918137  
0.0818297  0.918473  
0.0813697  0.919053  
0.0807996  0.919442  
0.0803596  0.919797  
0.0800578  0.920159  
0.079547  0.920905  
0.079207  0.920976  
0.0790657  0.921268  
0.0788441  0.921587  
0.078367  0.92187  
0.0782149  0.922145  
0.0776942  0.922527  
0.0771965  0.923129  
0.0767804  0.923325  
0.0766616  0.924046  
0.0761521  0.924086  
0.0758909  0.924469  
0.0757384  0.92463  
0.0751405  0.92525  
0.0747404  0.925509  
0.0739329  0.926304  
0.0738702  0.926463  
0.0733571  0.926714  
0.0732732  0.926942  
0.0730955  0.927334  
0.0723715  0.927767  
0.0711588  0.929135  
0.0709305  0.929385  
0.0707924  0.929616  
0.0704021  0.930021  
0.0702212  0.930304  
0.0697886  0.930609  
0.0694171  0.930792  
0.0687464  0.931475  
0.0679121  0.932354  
0.0676431  0.932855  
0.0670601  0.933156  
0.0669498  0.933369  
0.066754  0.933497  
0.0664697  0.933888  
0.0661757  0.934071  
0.0658127  0.934535  
0.0654991  0.934993  
0.0653114  0.935064  
0.0645959  0.935619  
0.0643665  0.935952  
0.0639626  0.936285  
0.0637153  0.936469  
0.0634133  0.937052  
0.0631941  0.937141  
0.0629694  0.937338  
0.0626565  0.937676  
0.0624164  0.93775  
0.0617792  0.938392  
0.0615472  0.938742  
0.0612295  0.939  
0.0611444  0.939085  
0.0605943  0.939702  
0.0603628  0.939944  
0.0597587  0.940468  
0.0593972  0.94102  
0.0591317  0.941423  
0.0584315  0.941719  
0.0582046  0.94239  
0.0577051  0.942549  
0.0576514  0.942709  
0.0568792  0.943478  
0.0564687  0.943731  
0.0559591  0.94427  
0.0554045  0.9447  
0.0550027  0.945281  
0.0544634  0.945639  
0.0540413  0.946152  
0.0536763  0.946517  
0.0533761  0.946941  
0.053067  0.947103  
0.0528158  0.947351  
0.0524809  0.947792  
0.0520293  0.948144  
0.0516986  0.94858  
0.0514085  0.948981  
0.0509583  0.949181  
0.0506126  0.949689  
0.0504804  0.949939  
0.049961  0.950224  
0.0493778  0.950721  
0.0491342  0.950964  
0.0489163  0.951349  
0.048574  0.951776  
0.0482432  0.952316  
0.0480216  0.952344  
0.0478109  0.952715  
0.0472401  0.953003  
0.0469459  0.953252  
0.0466375  0.953638  
0.0465454  0.953653  
0.0461419  0.954137  
0.0454892  0.954674  
0.0451872  0.954997  
0.044866  0.95532  
0.0446472  0.955597  
0.0442035  0.955987  
0.0440949  0.956255  
0.0437619  0.956688  
0.043275  0.956821  
0.0429783  0.957266  
0.0426819  0.957462  
0.0424176  0.957913  
0.042146  0.95827  
0.0417262  0.958537  
0.0413078  0.958951  
0.0409017  0.959241  
0.0407131  0.959458  
0.040179  0.960012  
0.0398171  0.960496  
0.0395476  0.960656  
0.0388873  0.961346  
0.0387189  0.961511  
0.0384183  0.961914  
0.0381149  0.961997  
0.0379053  0.962293  
0.0377271  0.962696  
0.0369865  0.963144  
0.0369424  0.963229  
0.036653  0.963539  
0.0363139  0.963948  
0.0360115  0.96423  
0.0356381  0.964538  
0.0352363  0.964936  
0.0349821  0.965164  
0.0347809  0.965425  
0.0343392  0.96583  
0.0338625  0.966338  
0.0336673  0.966476  
0.0335017  0.966873  
0.0332338  0.967135  
0.0326726  0.967474  
0.0324756  0.967735  
0.032211  0.967887  
0.0317715  0.968584  
0.0313435  0.968782  
0.0312236  0.968907  
0.030838  0.969335  
0.0307231  0.969628  
0.0303257  0.969758  
0.0299467  0.970279  
0.0296021  0.970586  
0.0293044  0.970868  
0.0290037  0.971148  
0.028781  0.971578  
0.028342  0.971906  
0.027912  0.972326  
0.0277384  0.972441  
0.0274982  0.972816  
0.0271556  0.973091  
0.0266887  0.973609  
0.0265192  0.97374  
0.0262436  0.974085  
0.0257521  0.974604  
0.0256121  0.974881  
0.0252505  0.975039  
0.0246415  0.975499  
0.0241989  0.975901  
0.0238959  0.976534  
0.0235385  0.97671  
0.0232532  0.976957  
0.0228626  0.977274  
0.0226758  0.977423  
0.0223872  0.977744  
0.0221775  0.978069  
0.0217945  0.978342  
0.0213696  0.978749  
0.0211108  0.979029  
0.0206504  0.979518  
0.0205142  0.979547  
0.0200982  0.980075  
0.0198754  0.980417  
0.0194838  0.980576  
0.0191785  0.981026  
0.0189821  0.98107  
0.0184476  0.981756  
0.018191  0.981887  
0.0179233  0.982259  
0.0175903  0.982542  
0.0171654  0.982911  
0.0168521  0.983215  
0.0166858  0.983488  
0.0163481  0.983811  
0.0159914  0.984142  
0.015767  0.984375  
0.0154502  0.98469  
0.0150071  0.985135  
0.0147996  0.985359  
0.0140967  0.986024  
0.0137964  0.986329  
0.0134914  0.986623  
0.0132126  0.987085  
0.0128567  0.98737  
0.0123448  0.987745  
0.012147  0.988008  
0.0117893  0.988319  
0.0117109  0.988444  
0.0113062  0.988898  
0.0110315  0.989186  
0.0107057  0.989447  
0.0103778  0.989791  
0.0101535  0.99005  
0.00981729  0.990321  
0.00953176  0.99068  
0.00910444  0.991057  
0.00882231  0.991479  
0.00852706  0.991682  
0.00812372  0.992024  
0.00774715  0.992354  
0.00758747  0.992791  
0.00717318  0.992938  
0.00695583  0.993199  
0.00664115  0.993539  
0.00618  0.993928  
0.00590466  0.994157  
0.00570688  0.994475  
0.0051873  0.994877  
0.00506235  0.995009  
0.00446329  0.995667  
0.0041335  0.995976  
0.00411035  0.995994  
0.00374282  0.996417  
0.00348421  0.996803  
0.00303858  0.997163  
0.00269811  0.997522  
0.00254957  0.997561  
0.00203175  0.998084  
0.00179603  0.998283  
0.00136141  0.998744  
0.00121909  0.998862  
0.000909288  0.999257  
0.000638113  0.999497  
0.000341347  0.999904  
5.59446e-005  1.00034  
