2.36022  0.126726  
1.03129  0.127833  
1.00613  0.128911  
1.00221  0.129927  
0.996042  0.132229  
0.994869  0.133771  
0.99293  0.135449  
0.989897  0.13663  
0.988088  0.138966  
0.986229  0.140492  
0.984254  0.141876  
0.982162  0.143795  
0.981894  0.145499  
0.979971  0.146996  
0.97798  0.148707  
0.975896  0.150223  
0.974058  0.151845  
0.972521  0.15357  
0.971388  0.154882  
0.96873  0.157032  
0.96802  0.158002  
0.965539  0.160276  
0.964592  0.162316  
0.962234  0.163976  
0.960626  0.16522  
0.95953  0.167222  
0.957048  0.168988  
0.955914  0.17021  
0.953726  0.172279  
0.952584  0.173649  
0.951008  0.175169  
0.948559  0.177215  
0.947383  0.1782  
0.945524  0.180273  
0.944059  0.181305  
0.942052  0.183678  
0.940773  0.184529  
0.938595  0.187347  
0.9372  0.188682  
0.934829  0.190573  
0.933632  0.19171  
0.93217  0.193958  
0.930529  0.194712  
0.92913  0.196493  
0.92715  0.198806  
0.926693  0.200186  
0.924501  0.20216  
0.921978  0.204013  
0.920882  0.204894  
0.919355  0.206422  
0.918019  0.209064  
0.915721  0.210546  
0.914545  0.212341  
0.912114  0.213629  
0.910506  0.215646  
0.909609  0.217416  
0.90816  0.217831  
0.906  0.220314  
0.904933  0.222489  
0.902706  0.223744  
0.901003  0.225451  
0.899909  0.226574  
0.8978  0.228927  
0.897174  0.23071  
0.894225  0.232372  
0.893194  0.233159  
0.890603  0.235554  
0.888763  0.237053  
0.887281  0.238738  
0.885454  0.240745  
0.883579  0.242311  
0.882501  0.243624  
0.88049  0.244859  
0.878904  0.246932  
0.876806  0.248837  
0.875218  0.2505  
0.873505  0.25206  
0.871574  0.253959  
0.870022  0.255563  
0.868675  0.257291  
0.867138  0.258775  
0.865994  0.260289  
0.863185  0.262121  
0.862829  0.263197  
0.860764  0.265345  
0.858836  0.266632  
0.857832  0.268169  
0.855675  0.270599  
0.853146  0.272419  
0.852494  0.273131  
0.850136  0.275649  
0.849185  0.276995  
0.847221  0.278929  
0.846059  0.280169  
0.84401  0.282076  
0.842208  0.283392  
0.841122  0.28518  
0.838739  0.287151  
0.836856  0.28861  
0.835403  0.290556  
0.833643  0.292272  
0.832549  0.293543  
0.830114  0.295345  
0.828651  0.297231  
0.826836  0.298943  
0.82554  0.300192  
0.823719  0.302058  
0.821636  0.303875  
0.820522  0.305521  
0.81847  0.307278  
0.816895  0.308834  
0.814723  0.3106  
0.813844  0.311633  
0.812669  0.3136  
0.810117  0.315723  
0.809211  0.317558  
0.80732  0.318903  
0.805341  0.320709  
0.803729  0.321481  
0.801871  0.323946  
0.800577  0.325553  
0.799075  0.327093  
0.797616  0.328821  
0.795053  0.330223  
0.793859  0.332058  
0.792088  0.333587  
0.790065  0.3355  
0.788907  0.337044  
0.787111  0.338763  
0.785617  0.34066  
0.784054  0.342369  
0.782103  0.343775  
0.780643  0.345627  
0.778584  0.347311  
0.777172  0.349123  
0.774796  0.350732  
0.773292  0.352184  
0.772254  0.354183  
0.769996  0.355589  
0.769296  0.357031  
0.767289  0.358849  
0.765294  0.360542  
0.763425  0.362391  
0.762505  0.363645  
0.760304  0.365675  
0.759348  0.366815  
0.756892  0.369295  
0.755371  0.370684  
0.753246  0.372193  
0.752382  0.373953  
0.750234  0.375323  
0.748695  0.377231  
0.747979  0.378111  
0.745487  0.380475  
0.743869  0.382018  
0.742654  0.383468  
0.740012  0.38559  
0.739239  0.38722  
0.73697  0.388502  
0.735999  0.389671  
0.733267  0.392447  
0.732538  0.393358  
0.730463  0.395818  
0.728648  0.397252  
0.72689  0.398952  
0.72505  0.400606  
0.72354  0.402128  
0.722058  0.403642  
0.720522  0.405589  
0.718955  0.407264  
0.716994  0.408771  
0.714883  0.410632  
0.713879  0.412174  
0.711605  0.414064  
0.709803  0.41539  
0.708255  0.416907  
0.707788  0.41745  
0.70475  0.420547  
0.703118  0.422283  
0.702235  0.423566  
0.700155  0.42502  
0.698178  0.427464  
0.696244  0.429334  
0.69568  0.431076  
0.693507  0.432805  
0.692772  0.433823  
0.691968  0.434956  
0.689645  0.437677  
0.681881  0.439711  
0.640033  0.439712  
0.636517  0.439714  
0.626034  0.439716  
0.623699  0.440275  
0.622298  0.441746  
0.619819  0.442277  
0.619135  0.443581  
0.617769  0.444914  
0.616074  0.446496  
0.614792  0.448705  
0.611298  0.450497  
0.609073  0.451188  
0.606289  0.451996  
0.60395  0.455675  
0.603322  0.457089  
0.60111  0.457757  
0.597268  0.459319  
0.588108  0.459465  
0.587266  0.459721  
0.585708  0.46163  
0.578997  0.462976  
0.57439  0.465133  
0.57422  0.466141  
0.569892  0.469533  
0.566639  0.469581  
0.566101  0.469805  
0.565263  0.471124  
0.56147  0.471898  
0.560518  0.473772  
0.55866  0.473806  
0.557535  0.477293  
0.555485  0.48014  
0.550577  0.481817  
0.550033  0.484614  
0.54973  0.485415  
0.540899  0.491053  
0.538072  0.491322  
0.535884  0.492442  
0.534351  0.49446  
0.53272  0.49515  
0.525239  0.502885  
0.516817  0.502917  
0.499765  0.503041  
0.498161  0.503112  
0.496867  0.504805  
0.495364  0.506033  
0.494521  0.507508  
0.492474  0.509371  
0.491501  0.510082  
0.489203  0.511919  
0.487796  0.513443  
0.486805  0.514912  
0.484183  0.516301  
0.483278  0.517667  
0.481977  0.519041  
0.480511  0.520915  
0.479596  0.522214  
0.477375  0.523948  
0.477347  0.52448  
0.475499  0.526481  
0.474282  0.527878  
0.472412  0.53037  
0.470826  0.531161  
0.470059  0.533131  
0.468334  0.534584  
0.467553  0.536256  
0.46496  0.537743  
0.463474  0.539335  
0.461623  0.539849  
0.460531  0.541434  
0.458216  0.543062  
0.457691  0.544048  
0.456198  0.545566  
0.454815  0.547611  
0.453428  0.548542  
0.45154  0.549851  
0.450388  0.551757  
0.448243  0.553369  
0.446385  0.555045  
0.445992  0.555281  
0.444489  0.556449  
0.443456  0.558509  
0.440723  0.560297  
0.440241  0.561257  
0.438326  0.564284  
0.437063  0.564769  
0.435315  0.566289  
0.434078  0.567647  
0.432365  0.570627  
0.432008  0.571308  
0.429976  0.572691  
0.428541  0.573436  
0.427381  0.576098  
0.426164  0.577418  
0.423493  0.578817  
0.422693  0.579456  
0.422649  0.581584  
0.420284  0.58307  
0.417771  0.584284  
0.41722  0.586101  
0.414435  0.587389  
0.414404  0.58915  
0.412856  0.590114  
0.411502  0.590762  
0.409807  0.59208  
0.407324  0.595821  
0.405447  0.597392  
0.403666  0.597695  
0.400295  0.600851  
0.398776  0.602655  
0.396919  0.604579  
0.395753  0.605721  
0.394922  0.606747  
0.392843  0.609127  
0.391646  0.611035  
0.389442  0.612833  
0.387542  0.614422  
0.385582  0.616548  
0.38493  0.618097  
0.383801  0.618674  
0.382159  0.619805  
0.380653  0.622611  
0.378806  0.622844  
0.377856  0.62434  
0.376376  0.626727  
0.374528  0.627446  
0.372685  0.62978  
0.372503  0.631652  
0.368821  0.632553  
0.368818  0.632834  
0.36715  0.635459  
0.365869  0.6362  
0.364079  0.637874  
0.362687  0.638817  
0.360285  0.641004  
0.359528  0.642193  
0.356422  0.644591  
0.35568  0.645222  
0.353807  0.648927  
0.352301  0.650112  
0.350976  0.65121  
0.350029  0.6531  
0.348034  0.654221  
0.347417  0.655297  
0.345671  0.658695  
0.342651  0.659453  
0.341991  0.660292  
0.340592  0.661621  
0.339308  0.663016  
0.33745  0.665221  
0.336322  0.665857  
0.335172  0.666825  
0.333793  0.667356  
0.332597  0.669537  
0.328434  0.672587  
0.326962  0.674234  
0.325484  0.675758  
0.324798  0.676821  
0.3232  0.677962  
0.321985  0.680769  
0.320502  0.681783  
0.31905  0.683515  
0.31736  0.684757  
0.316177  0.685401  
0.313501  0.687559  
0.312849  0.687901  
0.311012  0.689711  
0.30994  0.691486  
0.308514  0.693568  
0.307092  0.694563  
0.305407  0.696113  
0.303131  0.698721  
0.302832  0.699731  
0.300692  0.700217  
0.298461  0.702429  
0.297446  0.703752  
0.296607  0.705091  
0.29525  0.706921  
0.294344  0.708599  
0.292182  0.709744  
0.290568  0.711607  
0.289534  0.713439  
0.288012  0.715919  
0.284929  0.719062  
0.283324  0.723911  
0.280934  0.724409  
0.277848  0.728542  
0.277336  0.728845  
0.274111  0.734523  
0.267676  0.738147  
0.266424  0.740239  
0.266244  0.745013  
0.264307  0.747835  
0.263466  0.748201  
0.261153  0.749165  
0.256883  0.751594  
0.253384  0.75186  
0.252941  0.753233  
0.250286  0.753931  
0.244853  0.760108  
0.240513  0.765903  
0.238842  0.766757  
0.238282  0.769603  
0.235826  0.770169  
0.232253  0.772733  
0.228574  0.775312  
0.226002  0.779243  
0.221722  0.781248  
0.2188  0.789039  
0.214574  0.791765  
0.214338  0.797271  
0.211953  0.79731  
0.207185  0.797524  
0.206495  0.797769  
0.20513  0.797889  
0.203489  0.798054  
0.201424  0.800177  
0.200726  0.800197  
0.198399  0.804078  
0.196646  0.807142  
0.19503  0.809619  
0.192741  0.81113  
0.190638  0.812741  
0.190498  0.812751  
0.189636  0.814311  
0.187892  0.816326  
0.186577  0.816326  
0.184333  0.82099  
0.183571  0.821237  
0.181916  0.822707  
0.180601  0.824571  
0.179034  0.824828  
0.177535  0.828153  
0.176244  0.829362  
0.174242  0.831222  
0.172212  0.83164  
0.172001  0.832592  
0.169689  0.833538  
0.168918  0.833912  
0.165325  0.836581  
0.162953  0.839187  
0.162481  0.839819  
0.158546  0.842299  
0.158179  0.844687  
0.156261  0.846162  
0.15499  0.846944  
0.152732  0.84871  
0.152643  0.849812  
0.150946  0.850881  
0.148228  0.853819  
0.146429  0.855948  
0.144645  0.856665  
0.143316  0.85832  
0.142001  0.858908  
0.14066  0.860686  
0.138625  0.86415  
0.137728  0.865433  
0.135435  0.865708  
0.134682  0.867258  
0.131758  0.869371  
0.130384  0.871079  
0.128198  0.87298  
0.126512  0.874679  
0.124994  0.877045  
0.124559  0.877511  
0.122764  0.879053  
0.120574  0.881259  
0.119644  0.882652  
0.118882  0.88427  
0.117256  0.884866  
0.115501  0.887046  
0.114252  0.888198  
0.112139  0.88957  
0.110237  0.890796  
0.109793  0.892258  
0.108763  0.893533  
0.105133  0.895777  
0.102379  0.898972  
0.10112  0.901008  
0.0996731  0.901813  
0.0969542  0.903989  
0.09453  0.907732  
0.092706  0.908564  
0.0923403  0.910462  
0.0906309  0.910928  
0.0888588  0.912942  
0.0874736  0.913601  
0.086567  0.916782  
0.0848713  0.917351  
0.0834874  0.91998  
0.0820118  0.921701  
0.0796914  0.922557  
0.0793081  0.924706  
0.0778526  0.926369  
0.0746424  0.928135  
0.0733081  0.928744  
0.0716722  0.931966  
0.0705287  0.934567  
0.068759  0.935617  
0.0670841  0.937041  
0.0628238  0.940013  
0.0614581  0.940649  
0.0601694  0.942064  
0.0589368  0.945427  
0.054999  0.948268  
0.0493095  0.953249  
0.0520559  0.951755  
0.0486502  0.953816  
0.047395  0.958491  
0.0434531  0.958935  
0.0420961  0.95968  
0.0411744  0.961156  
0.0384422  0.964385  
0.0368375  0.965768  
0.0344761  0.968054  
0.0338852  0.96869  
0.0302012  0.972211  
0.0283452  0.975623  
0.0274231  0.977261  
0.0248909  0.978558  
0.022006  0.979494  
0.0201869  0.984364  
0.0172384  0.984635  
0.0140973  0.990783  
0.0131489  0.993762  
0.0115082  0.994709  
0.00932292  0.995452  
0.00846764  0.996664  
0.00608952  1.00656  
0.00395883  1.01507  
0.00338132  1.03538  
