0.971934  0.296172  
0.89329  0.357911  
0.815287  0.421467  
0.815272  0.421499  
0.733669  0.478597  
0.733601  0.478609  
0.653366  0.537732  
0.653359  0.537743  
0.653038  0.537753  
0.652765  0.537811  
0.652845  0.537808  
0.572988  0.59714  
0.572886  0.597173  
0.572605  0.597613  
0.572665  0.597512  
0.488167  0.651067  
0.488147  0.651171  
0.413331  0.717205  
0.412733  0.718105  
0.412568  0.718347  
0.412565  0.71835  
0.338495  0.782794  
0.338492  0.782799  
0.338486  0.7828  
0.336287  0.785098  
0.244938  0.826682  
0.244927  0.826682  
0.244941  0.826682  
0.244948  0.826681  
0.244945  0.826681  
0.244924  0.826682  
0.244848  0.826685  
0.244871  0.826684  
0.178891  0.902281  
0.177988  0.902403  
0.175152  0.902622  
0.0875005  0.949748  
0.00412229  1.00544  
4.47429e-005  1.11447  
