0.950805  0.946813  7.27361e-005  
2.10424  0.000486166  0.00011694  
0.00287671  3.31846  0.000295582  
0.887081  0.89189  0.018123  
1.00074  0.0417213  0.0177877  
0.0697161  1.00216  0.0243386  
0.738566  0.738206  0.0313449  
0.0700042  1.00199  0.0242482  
1.00067  0.041416  0.0193118  
0.893172  0.543438  0.0389782  
0.530366  0.882218  0.0445406  
1.00007  0.0538444  0.05235  
0.716181  0.715784  0.0525119  
0.890736  0.545268  0.0519801  
0.519515  0.876216  0.0685271  
0.0490547  1.00069  0.030822  
0.0016632  3.98134  0.000268659  
0.999918  0.0534233  0.054181  
0.998704  0.0546494  0.0754379  
0.873222  0.517191  0.098254  
0.509219  0.868576  0.0987176  
0.998047  0.058824  0.0860175  
0.0646668  1.00043  0.0578318  
1.97399  0.000585963  0.000307222  
0.873804  0.516862  0.0973039  
0.0751605  0.998853  0.0895097  
0.0623545  1.0015  0.029847  
0.99453  0.0657602  0.123476  
0.869739  0.515615  0.126095  
0.0877259  0.997468  0.113019  
0.999519  0.0568325  0.0635985  
0.708475  0.708768  0.141132  
1.00039  0.0445458  0.0326106  
0.993735  0.0682209  0.131351  
0.869816  0.51455  0.136531  
0.0773624  0.998375  0.0968285  
0.999154  0.0529272  0.0672288  
0.997492  0.0724164  0.100611  
0.992887  0.0686228  0.136639  
0.707687  0.707397  0.181617  
0.0533669  0.99949  0.062201  
2.10426  0.000494178  0.000116837  
1.00052  0.045445  0.0325382  
0.99895  0.0538934  0.0710337  
0.992537  0.065772  0.137655  
0.987189  0.0740063  0.174915  
0.863105  0.511464  0.18283  
0.862307  0.512755  0.200053  
0.514297  0.863062  0.192214  
0.512361  0.863358  0.18455  
0.00102946  5.24534  0.000786833  
0.990767  0.0490666  0.143629  
0.858  0.509742  0.222442  
0.705969  0.70565  0.217722  
0.0908941  0.998018  0.108255  
0.995444  0.0626273  0.112868  
0.983863  0.0576392  0.187971  
0.977665  0.062849  0.219198  
0.518092  0.858974  0.246224  
0.155786  0.987369  0.221543  
0.0658639  0.999231  0.0758838  
2.10485  0.000479392  0.000249098  
0.995018  0.0627688  0.117679  
0.982381  0.0583965  0.196103  
0.976592  0.0912213  0.23262  
0.856053  0.521391  0.270213  
0.702856  0.701639  0.265304  
0.702802  0.702636  0.257739  
0.522235  0.85764  0.270727  
0.139578  0.99024  0.19414  
0.106648  0.995337  0.141644  
1.00032  0.0479045  0.0407079  
0.994386  0.0659875  0.123436  
0.855613  0.520435  0.278431  
0.852129  0.520541  0.290939  
0.524144  0.85104  0.307863  
0.141218  0.989844  0.202296  
0.089461  0.996328  0.122491  
0.0010097  5.24524  0.000958005  
2.22364  0.000198944  0.000393552  
0.993978  0.062545  0.126463  
0.988309  0.0763023  0.171342  
0.971746  0.0843758  0.250575  
0.960908  0.0602624  0.283307  
0.847702  0.524505  0.326828  
0.703058  0.700692  0.323676  
0.701863  0.702579  0.306847  
0.523731  0.856125  0.288594  
0.175945  0.983741  0.25329  
0.156093  0.988735  0.213315  
0.0745286  0.998856  0.0863382  
0.997635  0.0529142  0.0878614  
0.968183  0.0759123  0.262411  
0.956523  0.0676283  0.29938  
0.702321  0.701658  0.322167  
0.700617  0.702906  0.374753  
0.533785  0.850494  0.338162  
0.220763  0.974905  0.307595  
0.191305  0.981653  0.265604  
0.984632  0.0609202  0.184645  
0.952625  0.0900926  0.317626  
0.938198  0.0615616  0.351875  
0.836943  0.530884  0.401086  
0.53759  0.840316  0.397865  
0.529615  0.844857  0.359478  
0.227953  0.973079  0.320475  
0.196485  0.980075  0.276632  
0.167165  0.985741  0.234076  
0.135896  0.990859  0.188614  
0.0466087  1.21587  0.0566877  
1.00074  0.0417181  0.0177881  
0.991877  0.0660728  0.142545  
0.972878  0.0634765  0.240257  
0.93066  0.0738065  0.373284  
0.703902  0.698949  0.446633  
0.701656  0.700607  0.405508  
0.700492  0.703739  0.404818  
0.537798  0.84015  0.400765  
0.514374  0.861316  0.214593  
0.27569  0.963681  0.376174  
0.247576  0.970519  0.339544  
0.205493  0.978592  0.287301  
0.170205  0.984969  0.243607  
0.0802178  0.998728  0.0959643  
0.00103625  5.24519  0.00117039  
0.996378  0.0590132  0.104757  
0.9897  0.0572426  0.153557  
0.942027  0.0738881  0.343148  
0.927444  0.0725594  0.380756  
0.829869  0.54513  0.466546  
0.553117  0.828943  0.475165  
0.512226  0.864016  0.174113  
0.288248  0.956783  0.403055  
0.251018  0.966731  0.354784  
0.182061  0.983313  0.255526  
0.151038  0.989358  0.206491  
0.109105  0.995207  0.14974  
0.000266085  5.25442  0.00108072  
0.988478  0.0612343  0.163578  
0.978639  0.0707413  0.217328  
0.93479  0.0765982  0.362922  
0.916105  0.0669283  0.406431  
0.897572  0.0701289  0.446773  
0.822553  0.558543  0.502315  
0.700847  0.700559  0.431657  
0.555739  0.827272  0.499398  
0.529353  0.845118  0.369652  
0.334722  0.940968  0.467023  
0.30279  0.951531  0.423532  
0.266431  0.963875  0.370739  
0.19319  0.981033  0.269918  
0.154159  0.98783  0.215654  
0.0398508  1.2152  0.0659811  
0.98816  0.0827954  0.174305  
0.911817  0.0787818  0.417566  
0.888017  0.0939456  0.46868  
0.868821  0.111181  0.507548  
0.821374  0.557701  0.525389  
0.57232  0.816768  0.558375  
0.561635  0.822325  0.51485  
0.352474  0.934833  0.492018  
0.318178  0.94623  0.445136  
0.241374  0.969242  0.340969  
0.163588  0.98662  0.227449  
0.122099  0.992509  0.170109  
0.0632306  0.999049  0.077751  
2.14517  0.000248858  0.000622228  
1.21419  0.0253785  0.0718686  
0.957223  0.0633671  0.295927  
0.919519  0.0802464  0.400648  
0.877877  0.107714  0.491445  
0.851516  0.0823141  0.530846  
0.829394  0.10484  0.567911  
0.807873  0.0860747  0.595284  
0.78499  0.126951  0.632282  
0.586274  0.812337  0.588374  
0.543393  0.836934  0.447438  
0.40195  0.914415  0.564723  
0.369685  0.926736  0.519684  
0.29358  0.954679  0.413259  
0.257021  0.965977  0.357693  
0.163943  0.986373  0.236352  
0.115723  0.994122  0.157994  
0.0398262  1.21492  0.0738203  
0.970497  0.0922209  0.257417  
0.912287  0.0804311  0.417506  
0.861964  0.103628  0.516969  
0.788259  0.0794514  0.620069  
0.762576  0.110328  0.655968  
0.740989  0.152394  0.68755  
0.611761  0.795797  0.676515  
0.523339  0.852066  0.313446  
0.420984  0.904334  0.598371  
0.387586  0.9197  0.550312  
0.353655  0.933282  0.497882  
0.251528  0.96663  0.362268  
0.204002  0.978722  0.294525  
0.979701  0.0630691  0.20993  
0.965018  0.0786761  0.272936  
0.944575  0.070978  0.335822  
0.926632  0.0901222  0.386417  
0.876407  0.106825  0.494201  
0.70575  0.119186  0.717876  
0.689613  0.140748  0.737147  
0.66797  0.483879  0.760632  
0.605076  0.789539  0.702326  
0.485006  0.873432  0.68213  
0.445773  0.893926  0.627502  
0.392305  0.917247  0.55269  
0.339933  0.938187  0.477264  
0.289193  0.955597  0.418623  
0.194975  0.98028  0.276955  
0.150825  0.988958  0.208701  
0.990645  0.0683391  0.152371  
0.959473  0.0790938  0.291986  
0.938164  0.103247  0.360803  
0.887629  0.117401  0.474326  
0.856356  0.0875513  0.523557  
0.826773  0.104712  0.57186  
0.79481  0.108945  0.616064  
0.767179  0.103034  0.649806  
0.743033  0.146028  0.685474  
0.682586  0.120067  0.740831  
0.660459  0.161934  0.767223  
0.611678  0.450376  0.805338  
0.583816  0.801985  0.612037  
0.532842  0.843031  0.396748  
0.479336  0.874562  0.687592  
0.425875  0.900983  0.617608  
0.377951  0.92335  0.535651  
0.328066  0.942637  0.464366  
0.279354  0.959191  0.398593  
0.23028  0.972191  0.322813  
0.188749  0.982547  0.267174  
0.143097  0.989706  0.200714  
0.000216803  5.0142  0.00164969  
1.21127  0.0244132  0.0986184  
0.955088  0.0896829  0.309128  
0.865094  0.0886192  0.509777  
0.838477  0.0877573  0.55185  
0.810179  0.0998598  0.594307  
0.77286  0.0833797  0.639668  
0.74483  0.133196  0.68145  
0.70976  0.107632  0.712813  
0.630634  0.127383  0.786755  
0.608649  0.176028  0.813168  
0.566609  0.399701  0.824735  
0.51258  0.857034  0.723851  
0.462027  0.883163  0.660942  
0.41314  0.908217  0.742562  
0.362015  0.929405  0.509686  
0.315529  0.947061  0.445808  
0.267959  0.962408  0.388222  
0.224152  0.97358  0.316212  
0.138009  0.990463  0.198273  
0.0999341  0.99571  0.133641  
0.0393253  1.21531  0.091831  
0.968638  0.0743619  0.258857  
0.947847  0.0750382  0.3277  
0.914341  0.091686  0.41494  
0.881868  0.094349  0.480443  
0.847781  0.0856495  0.537005  
0.814197  0.114238  0.592439  
0.780799  0.128775  0.638198  
0.748254  0.118194  0.673251  
0.680087  0.1186  0.743345  
0.620908  0.126853  0.793922  
0.599983  0.166779  0.817033  
0.54791  0.113308  0.844535  
0.525902  0.390261  0.859766  
0.495919  0.34478  0.86798  
0.478824  0.584943  0.872123  
0.452645  0.454034  0.886918  
0.445836  0.891983  0.644918  
0.398038  0.916073  0.56599  
0.347568  0.935296  0.491721  
0.303934  0.951323  0.440393  
0.25942  0.964872  0.363627  
0.216274  0.975494  0.304539  
0.17379  0.984518  0.245163  
0.132755  0.99122  0.184748  
0.0980518  0.995744  0.131888  
0.0144421  1.21156  0.10928  
0.960033  0.060285  0.286205  
0.93175  0.069676  0.36994  
0.896891  0.0891261  0.450727  
0.82103  0.0870555  0.577565  
0.788075  0.133893  0.629839  
0.645472  0.137115  0.775473  
0.612871  0.116836  0.798599  
0.533688  0.116038  0.853042  
0.496329  0.348271  0.863383  
0.483258  0.475313  0.875184  
0.441874  0.538933  0.895976  
0.424074  0.599572  0.899489  
0.406247  0.707421  0.907647  
0.380826  0.605653  0.918649  
0.337952  0.939311  0.479175  
0.250313  0.96706  0.351314  
0.209457  0.976992  0.294989  
0.166141  0.985957  0.236633  
0.128358  0.99177  0.179835  
0.095775  0.996169  0.132038  
0.0532063  0.999527  0.0602847  
1.20913  0.0213871  0.125656  
0.91734  0.0784681  0.406287  
0.757377  0.118433  0.664404  
0.67619  0.168479  0.754624  
0.635026  0.116182  0.780992  
0.57348  0.118303  0.828322  
0.545771  0.127651  0.847809  
0.475838  0.330848  0.878489  
0.470638  0.327255  0.88043  
0.449233  0.317737  0.895999  
0.421289  0.285549  0.901267  
0.408578  0.296689  0.913943  
0.393017  0.393982  0.914904  
0.36986  0.545808  0.92181  
0.339163  0.559485  0.928898  
0.322159  0.801609  0.933517  
0.280184  0.958335  0.393357  
0.242006  0.968952  0.340815  
0.19828  0.979612  0.287783  
0.125618  0.992023  0.180934  
0.0844028  0.998089  0.102379  
0.00910999  1.20871  0.127402  
1.20878  0.0262247  0.139853  
0.668166  0.126388  0.755274  
0.626913  0.113834  0.787633  
0.589732  0.153645  0.821162  
0.558104  0.122155  0.83914  
0.52783  0.139338  0.860523  
0.499451  0.127032  0.875528  
0.387208  0.276636  0.922612  
0.366748  0.366863  0.92799  
0.353046  0.356313  0.931411  
0.326112  0.331209  0.934233  
0.312457  0.475761  0.935951  
0.30189  0.446401  0.942619  
0.287463  0.498574  0.946102  
0.277437  0.358414  0.946264  
0.259516  0.607655  0.947027  
0.15269  0.988068  0.218233  
0.0152113  1.20727  0.144865  
1.2041  0.0164266  0.160323  
0.766812  0.122497  0.652964  
0.61459  0.118638  0.797939  
0.541406  0.123544  0.850513  
0.506292  0.105618  0.868843  
0.478738  0.1299  0.887548  
0.448605  0.118503  0.90143  
0.422216  0.0918049  0.911276  
0.397523  0.279634  0.918354  
0.380962  0.0712838  0.9272  
0.35802  0.254134  0.931763  
0.34286  0.231292  0.933172  
0.310364  0.194708  0.939753  
0.261483  0.505581  0.950277  
0.231711  0.529267  0.95376  
0.214572  0.701676  0.954521  
0.189739  0.981858  0.271383  
0.984282  0.0619831  0.187313  
0.844977  0.0836298  0.541819  
0.768264  0.0970813  0.647436  
0.648781  0.12077  0.770122  
0.51961  0.12709  0.864066  
0.483454  0.126669  0.883822  
0.394757  0.0914633  0.922993  
0.300453  0.205038  0.94951  
0.285258  0.287894  0.956185  
0.242928  0.321156  0.95473  
0.235314  0.377147  0.956788  
0.225462  0.304208  0.959214  
0.204219  0.44111  0.961138  
0.185628  0.466471  0.961719  
0.182722  0.791193  0.979324  
0.0350512  1.14495  0.350607  
0.0304429  1.19854  0.175454  
2.15417  0.000189725  0.00193491  
1.18916  0.0276842  0.215758  
1.09706  0.01474  0.437522  
0.559911  0.103599  0.835486  
0.534593  0.106035  0.852123  
0.48805  0.116591  0.880976  
0.412552  0.0961079  0.915798  
0.387491  0.0965427  0.927141  
0.359452  0.077969  0.936601  
0.334796  0.0868287  0.946418  
0.306797  0.0806822  0.955308  
0.291155  0.194574  0.951406  
0.281354  0.190795  0.957457  
0.257222  0.169796  0.961279  
0.25041  0.17246  0.966387  
0.241146  0.238333  0.969948  
0.219368  0.221708  0.973187  
0.209551  0.302763  0.975053  
0.198336  0.242314  0.978238  
0.189117  0.237454  0.980017  
0.184343  0.363701  0.980927  
0.165587  0.381026  0.981288  
0.161797  0.444686  0.981295  
0.154051  0.612901  0.98593  
0.147806  0.409161  0.987842  
0.145264  0.490456  0.988256  
0.0301709  1.09627  0.455101  
0.0306414  1.19308  0.204032  
1.17629  0.0222939  0.26774  
0.90598  0.0263882  0.675707  
0.775699  0.0586496  0.7731  
0.665327  0.0906975  0.842941  
0.586893  0.00458575  0.878346  
0.44242  0.112795  0.904031  
0.405812  0.0829685  0.917919  
0.374573  0.0899047  0.93144  
0.29195  0.0846029  0.960369  
0.272626  0.0808759  0.965696  
0.249743  0.074413  0.971384  
0.241499  0.0950528  0.975107  
0.224788  0.0509654  0.975743  
0.206486  0.154007  0.980605  
0.191579  0.190539  0.980526  
0.186958  0.18546  0.981115  
0.174291  0.123808  0.984877  
0.167147  0.204361  0.986026  
0.158406  0.228008  0.986162  
0.155923  0.251462  0.987032  
0.150446  0.220043  0.987866  
0.145975  0.262366  0.988602  
0.139508  0.271202  0.989195  
0.136095  0.280143  0.990166  
0.130844  0.341248  0.990781  
0.127865  0.402687  0.991148  
0.124022  0.328477  0.991747  
0.11995  0.412132  0.99235  
0.116288  0.439916  0.992715  
0.111892  0.257091  0.993384  
0.110404  0.26551  0.993635  
0.0409659  1.05253  0.506181  
0.0228246  1.17906  0.276873  
2.12516  0.00015251  0.00306225  
1.13608  0.0143308  0.360439  
0.948943  0.0496944  0.633791  
0.613097  0.0349537  0.867026  
0.531079  0.0420694  0.901062  
0.456161  0.0771394  0.892997  
0.28766  0.0690602  0.960411  
0.263812  0.074225  0.967279  
0.210237  0.0529501  0.978975  
0.19609  0.0597619  0.98252  
0.184814  0.0394642  0.983583  
0.157116  0.112684  0.98759  
0.145356  0.101976  0.989364  
0.135887  0.0956111  0.990681  
0.133156  0.0412797  0.991904  
0.127361  0.157787  0.991976  
0.122094  0.149417  0.992252  
0.117736  0.166862  0.992687  
0.11412  0.195553  0.993396  
0.109091  0.193051  0.993805  
0.104882  0.195538  0.994343  
0.101776  0.245225  0.99466  
0.09923  0.190254  0.994971  
0.0952579  0.265344  0.99524  
0.0933331  0.312774  0.995447  
0.0905161  0.259937  0.995747  
0.087662  0.201918  0.995923  
0.0852954  0.217143  0.996215  
0.0819473  0.333496  0.996406  
0.0803078  0.198865  0.99669  
0.0785443  0.312749  0.996827  
0.0416728  1.04073  0.532404  
0.0283288  1.14628  0.337353  
2.09469  5.61687e-005  0.00450918  
1.04597  0.0064838  0.523406  
0.775655  0.0203461  0.776391  
0.463195  0.0430803  0.925358  
0.381493  0.0246922  0.963477  
0.325113  0.0351638  0.978772  
0.172442  0.0482742  0.986283  
0.145885  0.0684736  0.991584  
0.12524  0.0422872  0.992975  
0.122895  0.047694  0.993494  
0.108806  0.0436512  0.994969  
0.0997754  0.0344534  0.995652  
0.0889466  0.0896658  0.995948  
0.0863403  0.104304  0.996161  
0.0830319  0.0996131  0.99667  
0.0786565  0.0956984  0.996856  
0.0730704  0.10421  0.997387  
0.0731581  0.1263  0.997265  
0.0701104  0.128802  0.997521  
0.068861  0.111361  0.997588  
0.0664562  0.104647  0.997798  
0.0639995  0.101607  0.997916  
0.0623111  0.124847  0.998048  
0.0596126  0.120245  0.998221  
0.0577557  0.109002  0.998297  
0.0566178  0.124442  0.998373  
0.0550681  0.177971  0.998501  
0.0540062  0.102609  0.998523  
0.0509834  0.0821372  0.998698  
0.049421  0.135133  0.998787  
0.0265302  1.14887  0.35466  
0.755258  0.0197572  0.788555  
0.454172  0.00251853  0.929266  
0.317303  0.0231137  0.989017  
0.178028  0.021731  0.993722  
0.155809  0.0180672  0.997034  
0.133733  0.0235889  0.997079  
0.0928314  0.0174024  0.997196  
0.0892135  0.0270289  0.99759  
0.0729109  0.0146515  0.998302  
0.0592081  0.0178169  0.998416  
0.0436836  0.0316405  0.999125  
0.04162  0.0415639  0.999143  
0.0333598  0.0406786  0.99949  
0.0331493  0.0601284  0.999475  
0.0314072  0.0716431  0.999497  
0.0313061  0.053303  0.999523  
0.0281766  0.0500322  0.999635  
0.0262979  0.0550385  0.999684  
0.0244275  0.105386  0.999719  
0.0247083  0.272512  0.999715  
0.0238012  0.423502  0.999736  
1.64422  1.07225e-005  0.664525  
0.0185057  0.00904339  0.999978  
0.0151282  0.0325267  0.999991  
0.0131054  0.0423343  0.999997  
0.0146621  0.0467382  0.999934  
0.0136229  0.0745221  0.999972  
0.0123143  0.0792143  0.99997  
0.0119701  0.113863  0.999953  
0.00639867  0.148571  0.999998  
0.00634522  0.151813  0.999996  
0.000427046  3.80766  0.0446186  
