0.822864  1.3727  
0.822864  1.3727  
0.822864  1.3727  
0.822864  1.3727  
0.822864  1.3727  
0.822864  1.3727  
0.822864  1.3727  
0.822864  1.3727  
0.816755  1.39043  
0.810191  1.40895  
0.803366  1.42791  
0.796541  1.44695  
0.789673  1.4663  
0.782437  1.48601  
0.775656  1.50504  
0.76842  1.52491  
0.761421  1.54507  
0.754405  1.56413  
0.746589  1.5863  
0.738973  1.60719  
0.732573  1.62604  
0.724478  1.64848  
0.716761  1.67035  
0.708826  1.69328  
0.701052  1.71406  
0.693636  1.73539  
0.686045  1.76274  
0.683988  1.77279  
0.683999  1.76899  
0.684037  1.76895  
0.479379  2.33979  
0.47937  2.33981  
0.47937  2.33981  
0.479365  2.33982  
0.468568  2.36916  
0.457773  2.39873  
0.446408  2.4309  
0.435047  2.46342  
0.423056  2.4952  
0.41174  2.52869  
0.399991  2.56113  
0.388338  2.59463  
0.374733  2.63365  
0.363423  2.66641  
0.351432  2.70045  
0.336115  2.74321  
0.328981  2.76705  
0.328981  2.76705  
0.135003  3.31571  
0.135003  3.31571  
0.135003  3.31571  
0.135003  3.31571  
0.121744  3.35299  
0.105428  3.40131  
0.0881428  3.44608  
0.0705  3.49765  
0.0531436  3.55433  
0.0346671  3.59799  
0.016588  3.64984  
2.70118e-006  3.69684  
