0.98447  0.287245  
0.976633  0.291272  
0.968076  0.296815  
0.960709  0.303114  
0.959149  0.309056  
0.959149  0.309056  
0.900374  0.346721  
0.897007  0.348866  
0.889648  0.353697  
0.883775  0.360578  
0.878349  0.366718  
0.87823  0.368345  
0.822946  0.405098  
0.813666  0.409635  
0.808005  0.413759  
0.800734  0.418763  
0.797376  0.426339  
0.740504  0.463717  
0.740504  0.463717  
0.733027  0.468773  
0.725415  0.473879  
0.718668  0.478758  
0.716671  0.483002  
0.660617  0.522912  
0.654179  0.524856  
0.64801  0.530558  
0.641  0.534939  
0.636111  0.54215  
0.635586  0.542989  
0.581776  0.581383  
0.573474  0.58505  
0.566507  0.588961  
0.559973  0.593705  
0.554866  0.601004  
0.554855  0.602518  
0.554859  0.602013  
0.500756  0.640291  
0.500758  0.640291  
0.500759  0.64029  
0.500757  0.640291  
0.492796  0.642628  
0.48735  0.646273  
0.481242  0.651411  
0.475134  0.656582  
0.473702  0.660759  
0.473707  0.660238  
0.418742  0.699017  
0.412101  0.701795  
0.405489  0.706965  
0.400098  0.712112  
0.394647  0.717318  
0.393646  0.718283  
0.334524  0.757987  
0.332953  0.758799  
0.325893  0.764424  
0.321238  0.768496  
0.314121  0.772653  
0.312134  0.781577  
0.255222  0.816359  
0.251056  0.817987  
0.245024  0.822508  
0.239845  0.82709  
0.234259  0.831229  
0.232808  0.847289  
0.176962  0.875176  
0.17253  0.876804  
0.166895  0.879134  
0.162006  0.883826  
0.156513  0.887469  
0.150472  0.893878  
0.150393  0.89388  
0.0934961  0.933871  
0.093496  0.933871  
0.0918802  0.934925  
0.0865188  0.937775  
0.0810969  0.941537  
0.0763894  0.944895  
0.0698902  0.954433  
0.0136897  0.992597  
0.00747054  0.996432  
0.00229744  0.998628  
1.23889e-022  1  
