1  0.881259  
0.999306  0.883407  
0.99462  0.896498  
0.98924  0.911794  
0.984234  0.926383  
0.979389  0.939231  
0.973827  0.954581  
0.969095  0.96861  
0.963937  0.983285  
0.958779  0.99801  
0.954926  1.00905  
0.948125  1.02472  
0.943688  1.04278  
0.938361  1.05626  
0.933027  1.07294  
0.926471  1.08701  
0.921536  1.09888  
0.916613  1.11905  
0.90963  1.13302  
0.90463  1.15032  
0.898806  1.16579  
0.892814  1.18157  
0.887617  1.19349  
0.880907  1.2151  
0.874592  1.23091  
0.868185  1.24885  
0.862037  1.26488  
0.855833  1.28196  
0.849682  1.30013  
0.843033  1.31789  
0.836981  1.33547  
0.830243  1.35442  
0.823642  1.37255  
0.816569  1.39122  
0.81262  1.40476  
0.803601  1.42734  
0.79907  1.44107  
0.789804  1.46578  
0.783364  1.48542  
0.776259  1.50528  
0.769095  1.52485  
0.76205  1.54525  
0.754191  1.5661  
0.748084  1.58471  
0.741311  1.60629  
0.732197  1.6281  
0.724745  1.64946  
0.716773  1.6699  
0.708935  1.6912  
0.701309  1.71469  
0.693535  1.73588  
0.685276  1.75734  
0.67735  1.77995  
0.668323  1.80521  
0.659893  1.82926  
0.651029  1.85564  
0.641393  1.88105  
0.634418  1.90249  
0.625988  1.92706  
0.617557  1.95175  
0.608281  1.97811  
0.59847  2.00074  
0.588486  2.0291  
0.58102  2.05114  
0.571014  2.08359  
0.560169  2.11288  
0.550512  2.13709  
0.542027  2.16938  
0.531715  2.18904  
0.522713  2.21867  
0.512296  2.24811  
0.499142  2.2853  
0.490124  2.31014  
0.479949  2.34493  
0.467952  2.37017  
0.458285  2.40276  
0.443259  2.44093  
0.432117  2.47214  
0.423204  2.50168  
0.411462  2.5288  
0.400589  2.56342  
0.38879  2.59368  
0.376659  2.62642  
0.362512  2.66687  
0.349424  2.70666  
0.33938  2.74172  
0.323565  2.77711  
0.312287  2.81102  
0.297653  2.85123  
0.285861  2.88752  
0.269887  2.93277  
0.256593  2.97169  
0.244439  3.007  
0.228765  3.04635  
0.214451  3.08625  
0.198307  3.13531  
0.18513  3.17229  
0.16877  3.21764  
0.153874  3.2614  
0.13776  3.3115  
0.121564  3.35297  
0.102295  3.4104  
0.0841147  3.46598  
0.0682235  3.50748  
0.0504446  3.55868  
0.0299531  3.61213  
0.0162215  3.65458  
1.01101e-005  3.72714  
