1.00368  0.00212198  
0.997525  0.00304412  
0.994067  0.00426594  
0.98957  0.00685052  
0.984739  0.00832296  
0.981292  0.0101916  
0.979242  0.0112518  
0.974204  0.0134569  
0.973221  0.0149041  
0.969325  0.0158362  
0.967805  0.0185146  
0.963015  0.0199899  
0.961245  0.0214468  
0.957846  0.0222754  
0.953725  0.0243928  
0.951161  0.0261878  
0.947857  0.0279363  
0.944486  0.0296977  
0.941224  0.0305778  
0.937382  0.0323829  
0.936146  0.033972  
0.932651  0.0352449  
0.928376  0.0371531  
0.927548  0.0385594  
0.922467  0.0405087  
0.919117  0.0419115  
0.915833  0.0434129  
0.913298  0.0447426  
0.909168  0.0466655  
0.906438  0.0481816  
0.903348  0.0496852  
0.901149  0.050994  
0.8983  0.0523323  
0.895554  0.0541134  
0.892866  0.0554951  
0.89027  0.0570313  
0.88713  0.0586886  
0.884523  0.060035  
0.882081  0.0613917  
0.877996  0.0631835  
0.87662  0.0640126  
0.874663  0.065964  
0.871719  0.0676673  
0.868464  0.0686287  
0.866676  0.0695887  
0.862991  0.0721534  
0.861568  0.073327  
0.858655  0.0751244  
0.854183  0.0764011  
0.851889  0.07796  
0.848817  0.0795339  
0.847338  0.080914  
0.844276  0.0823004  
0.842205  0.0838608  
0.838956  0.0849234  
0.835912  0.0864258  
0.833458  0.087607  
0.831518  0.0890871  
0.828313  0.0905086  
0.825991  0.0917987  
0.823472  0.0929102  
0.820663  0.0951375  
0.817975  0.0959234  
0.814816  0.0977197  
0.812745  0.0989339  
0.810985  0.100476  
0.807827  0.1021  
0.805821  0.103434  
0.802473  0.104876  
0.800667  0.106055  
0.798055  0.107437  
0.796186  0.10887  
0.792856  0.110328  
0.790884  0.111314  
0.787558  0.112873  
0.786126  0.114386  
0.782848  0.115606  
0.781433  0.116922  
0.777731  0.118496  
0.776451  0.120155  
0.774059  0.120959  
0.77148  0.122332  
0.768668  0.123712  
0.765546  0.125315  
0.763826  0.126383  
0.761826  0.127413  
0.759749  0.12927  
0.758183  0.129964  
0.753927  0.132067  
0.75207  0.133188  
0.749749  0.134804  
0.747365  0.136077  
0.745988  0.136849  
0.743623  0.138125  
0.741627  0.139403  
0.738121  0.141281  
0.736315  0.142493  
0.734179  0.143711  
0.731668  0.145041  
0.730151  0.146516  
0.727284  0.14773  
0.725389  0.149295  
0.722929  0.150554  
0.721064  0.151379  
0.718631  0.152933  
0.716549  0.154363  
0.714357  0.155632  
0.712475  0.156829  
0.710155  0.158302  
0.707587  0.159372  
0.705194  0.160607  
0.703416  0.162065  
0.701525  0.16285  
0.698909  0.164456  
0.697629  0.165759  
0.694506  0.167161  
0.693175  0.168378  
0.690968  0.169826  
0.688444  0.170722  
0.686777  0.17185  
0.684195  0.173374  
0.682232  0.17446  
0.680485  0.175836  
0.677282  0.177421  
0.676059  0.178266  
0.674066  0.179607  
0.671746  0.180787  
0.669746  0.181927  
0.668635  0.183696  
0.66636  0.184046  
0.662796  0.186019  
0.662027  0.187169  
0.659317  0.188436  
0.657523  0.189514  
0.656324  0.191148  
0.654034  0.192214  
0.651673  0.193582  
0.649634  0.194527  
0.646764  0.195914  
0.64542  0.197134  
0.643361  0.198274  
0.641691  0.199293  
0.639823  0.200859  
0.637741  0.202085  
0.635738  0.203171  
0.633614  0.204209  
0.631837  0.205742  
0.629571  0.206821  
0.627818  0.208135  
0.626029  0.209275  
0.623932  0.210511  
0.622029  0.211651  
0.619947  0.213038  
0.618215  0.213936  
0.616287  0.215212  
0.614463  0.216517  
0.612765  0.217806  
0.610605  0.218853  
0.60899  0.220298  
0.607108  0.221386  
0.605044  0.222568  
0.603624  0.223674  
0.601543  0.224963  
0.599405  0.226177  
0.597631  0.227326  
0.596094  0.228697  
0.593648  0.229783  
0.592065  0.230947  
0.589926  0.23213  
0.588317  0.233301  
0.586473  0.234431  
0.584661  0.235498  
0.582949  0.236912  
0.581106  0.237816  
0.5792  0.239097  
0.577411  0.240313  
0.57554  0.241594  
0.573855  0.24271  
0.572101  0.243813  
0.570108  0.245105  
0.568485  0.246168  
0.566533  0.247411  
0.564882  0.248461  
0.562948  0.249749  
0.562504  0.250004  
0.562504  0.250004  
0.562504  0.250004  
0.562504  0.250004  
0.562504  0.250004  
0.562504  0.250004  
0.562504  0.250004  
0.562504  0.250004  
0.562504  0.250004  
0.250001  0.500001  
0.250001  0.500001  
0.250001  0.500001  
0.250001  0.500001  
0.249756  0.500312  
0.248537  0.501579  
0.247285  0.502779  
0.246014  0.504061  
0.244775  0.50534  
0.243577  0.506617  
0.242235  0.508007  
0.241091  0.509251  
0.239869  0.510461  
0.2384  0.511828  
0.237332  0.513003  
0.236136  0.514185  
0.234813  0.515605  
0.233454  0.517025  
0.232268  0.518188  
0.23098  0.519445  
0.230039  0.520563  
0.228741  0.521943  
0.227547  0.523409  
0.226158  0.524656  
0.224981  0.525852  
0.223645  0.527178  
0.222531  0.528419  
0.221343  0.5298  
0.220075  0.531063  
0.2188  0.532467  
0.217604  0.533602  
0.216253  0.535045  
0.215207  0.536235  
0.213858  0.537711  
0.212649  0.538937  
0.211534  0.540242  
0.210275  0.541741  
0.209052  0.542867  
0.207883  0.544168  
0.206629  0.545627  
0.205407  0.54695  
0.204223  0.548332  
0.203012  0.54953  
0.201813  0.550995  
0.200567  0.552375  
0.199393  0.55364  
0.198173  0.555113  
0.196886  0.556403  
0.195668  0.557799  
0.194492  0.55921  
0.193305  0.560544  
0.19208  0.561946  
0.190847  0.563254  
0.189652  0.564705  
0.188275  0.566255  
0.187153  0.5675  
0.18585  0.569066  
0.184779  0.570297  
0.183661  0.571995  
0.182515  0.573198  
0.181024  0.574813  
0.180001  0.575882  
0.178837  0.577572  
0.177578  0.578756  
0.176371  0.580454  
0.175232  0.581678  
0.173871  0.58324  
0.172744  0.584702  
0.171558  0.586071  
0.170427  0.587731  
0.169168  0.589046  
0.167817  0.590522  
0.166619  0.592002  
0.165397  0.593508  
0.164162  0.595145  
0.162926  0.596468  
0.161955  0.597651  
0.160566  0.599624  
0.159492  0.600946  
0.158121  0.602448  
0.156916  0.60404  
0.155704  0.605541  
0.154687  0.60693  
0.153387  0.608568  
0.152184  0.610194  
0.151002  0.61165  
0.149903  0.613062  
0.148703  0.61483  
0.147498  0.616328  
0.146245  0.61802  
0.145103  0.619457  
0.143925  0.620988  
0.142724  0.622678  
0.141412  0.624304  
0.140089  0.626022  
0.139094  0.627332  
0.137941  0.628944  
0.13663  0.630801  
0.135526  0.63226  
0.134214  0.63411  
0.133098  0.63553  
0.131944  0.637357  
0.130682  0.638844  
0.129508  0.640785  
0.128333  0.642244  
0.127088  0.64396  
0.125844  0.645568  
0.124642  0.64734  
0.123495  0.649085  
0.122343  0.651012  
0.121049  0.652463  
0.119692  0.654297  
0.118534  0.655932  
0.117357  0.657774  
0.11596  0.659641  
0.114935  0.661285  
0.113811  0.663132  
0.112602  0.664731  
0.111201  0.666858  
0.110133  0.668535  
0.109033  0.670172  
0.107707  0.672113  
0.106626  0.673853  
0.105329  0.675916  
0.104034  0.677912  
0.102831  0.679716  
0.101667  0.681549  
0.10051  0.68334  
0.099057  0.685563  
0.098113  0.687362  
0.0967939  0.689203  
0.0956408  0.691275  
0.0943327  0.693084  
0.0929885  0.695212  
0.0918998  0.697355  
0.0907445  0.699095  
0.0892611  0.701377  
0.0882545  0.703178  
0.0867811  0.705527  
0.0858948  0.707159  
0.0845792  0.709556  
0.0832297  0.71166  
0.0822036  0.71389  
0.0809752  0.716155  
0.0795281  0.718246  
0.0784617  0.72038  
0.0770692  0.722668  
0.0758077  0.724956  
0.0747219  0.726929  
0.0734515  0.729298  
0.0722809  0.731409  
0.0708694  0.734084  
0.0697328  0.736124  
0.0684865  0.738488  
0.0671933  0.74097  
0.0659149  0.743505  
0.0647998  0.745685  
0.0635561  0.748424  
0.062695  0.750465  
0.000768463  1.02011  
6.60145e-005  1.03187  
