0.980975  0.308663  
0.896174  0.362036  
0.854229  0.474735  
0.854064  0.474759  
0.746702  0.496529  
0.746706  0.496514  
0.746705  0.496519  
0.678915  0.573128  
0.678912  0.573181  
0.678909  0.57319  
0.678913  0.573133  
0.603641  0.639948  
0.603637  0.639971  
0.603639  0.63996  
0.603607  0.64003  
0.603598  0.640101  
0.526567  0.703703  
0.526585  0.70362  
0.526519  0.703783  
0.526626  0.703597  
0.526359  0.704078  
0.526378  0.703998  
0.52635  0.704118  
0.461919  0.784951  
0.46211  0.784891  
0.461788  0.78519  
0.461894  0.78519  
0.395071  0.861932  
0.39509  0.861878  
0.395031  0.861955  
0.2103  0.948966  
0.210238  0.948971  
0.210055  0.949423  
0.103442  0.972203  
0.103466  0.972199  
0.103481  0.97218  
0.10341  0.97224  
0.103394  0.972258  
0.10337  0.972261  
0.0206856  1.02837  
7.86059e-005  1.16845  
7.74622e-005  1.16852  
7.72311e-005  1.16855  
