0.569863  0.679842  
0.325253  0.679952  
0.324604  0.680449  
0.323494  0.680887  
0.322248  0.681577  
0.321188  0.68244  
0.320482  0.682568  
0.31938  0.683489  
0.318385  0.68383  
0.317838  0.684142  
0.317703  0.684637  
0.317125  0.684763  
0.316607  0.685289  
0.316606  0.685337  
0.315801  0.685798  
0.315536  0.686119  
0.315249  0.686405  
0.314941  0.686488  
0.314852  0.686929  
0.314321  0.68709  
0.313568  0.687637  
0.312588  0.688373  
0.312447  0.688564  
0.311719  0.689161  
0.311442  0.689565  
0.311073  0.690076  
0.310617  0.690402  
0.310223  0.690886  
0.309624  0.691171  
0.309268  0.691338  
0.308781  0.692417  
0.308209  0.692436  
0.307769  0.692765  
0.307392  0.693114  
0.307272  0.693336  
0.307162  0.693544  
0.306534  0.694043  
0.306308  0.694174  
0.306307  0.694446  
0.306034  0.694801  
0.30574  0.695226  
0.305502  0.695416  
0.305111  0.695555  
0.304431  0.696074  
0.303917  0.696511  
0.303094  0.697218  
0.302665  0.697585  
0.302575  0.697982  
0.30232  0.698163  
0.302287  0.698684  
0.301516  0.699189  
0.300728  0.699656  
0.300183  0.700037  
0.300173  0.700158  
0.299883  0.700791  
0.299321  0.700931  
0.299001  0.701287  
0.298958  0.701693  
0.298346  0.70203  
0.298102  0.702228  
0.297659  0.70258  
0.297643  0.702681  
0.297352  0.703108  
0.296819  0.703317  
0.296354  0.703834  
0.29612  0.704039  
0.295859  0.704292  
0.295666  0.704787  
0.29536  0.705129  
0.295107  0.705707  
0.294722  0.705912  
0.294224  0.706076  
0.293661  0.706559  
0.293432  0.706695  
0.292929  0.707217  
0.292451  0.707749  
0.291965  0.708192  
0.291194  0.70918  
0.290731  0.709609  
0.290511  0.709734  
0.290193  0.71032  
0.289535  0.711008  
0.289146  0.711201  
0.288978  0.711451  
0.288147  0.71192  
0.288041  0.712276  
0.287381  0.713133  
0.287084  0.713536  
0.286246  0.713844  
0.285965  0.714463  
0.285737  0.714673  
0.285413  0.71482  
0.28528  0.714845  
0.284939  0.71542  
0.284331  0.715898  
0.284245  0.716368  
0.284202  0.716844  
0.283567  0.717226  
0.282786  0.717579  
0.282242  0.717954  
0.281964  0.718332  
0.281599  0.718911  
0.28124  0.719035  
0.280596  0.719867  
0.28  0.720089  
0.279694  0.720545  
0.279466  0.72082  
0.279039  0.721095  
0.278933  0.72152  
0.278582  0.721732  
0.278132  0.722186  
0.277993  0.722528  
0.277561  0.722895  
0.277119  0.723254  
0.276852  0.723581  
0.276456  0.723744  
0.276216  0.724452  
0.275914  0.72448  
0.275687  0.724868  
0.274804  0.72565  
0.27476  0.725664  
0.274328  0.726015  
0.274184  0.726281  
0.273341  0.726893  
0.273144  0.727067  
0.272051  0.728183  
0.271933  0.728293  
0.271492  0.728992  
0.271168  0.728996  
0.270881  0.729368  
0.270104  0.730186  
0.269719  0.730732  
0.269055  0.731201  
0.268814  0.732361  
0.26859  0.732592  
0.267888  0.732718  
0.267728  0.732769  
0.267544  0.733009  
0.267035  0.733333  
0.266704  0.73354  
0.266656  0.733616  
0.266224  0.734119  
0.265279  0.735084  
0.265011  0.735263  
0.264371  0.735768  
0.263871  0.736402  
0.263695  0.736534  
0.263225  0.736933  
0.26313  0.737414  
0.26251  0.737704  
0.262105  0.738028  
0.261956  0.738225  
0.261382  0.738832  
0.260138  0.740003  
0.259637  0.740831  
0.258947  0.741177  
0.258626  0.741661  
0.258338  0.742071  
0.258043  0.742122  
0.25804  0.742265  
0.257854  0.742605  
0.257308  0.743104  
0.257089  0.743359  
0.256209  0.744058  
0.255585  0.745048  
0.254977  0.745333  
0.254375  0.746022  
0.253757  0.746597  
0.253729  0.746724  
0.253061  0.747068  
0.252867  0.747547  
0.2525  0.748705  
0.251405  0.748828  
0.251207  0.749279  
0.250399  0.749861  
0.250173  0.750576  
0.249657  0.751162  
0.248833  0.751474  
0.248779  0.751565  
0.248056  0.752113  
0.247518  0.752839  
0.247158  0.753694  
0.247007  0.753705  
0.246451  0.753967  
0.245975  0.754509  
0.245757  0.754797  
0.245623  0.754948  
0.244904  0.755707  
0.244436  0.756092  
0.243961  0.756554  
0.243388  0.757255  
0.243379  0.757532  
0.242615  0.757786  
0.242105  0.758135  
0.242005  0.758603  
0.24122  0.759148  
0.240803  0.759707  
0.240204  0.760168  
0.240131  0.76022  
0.239712  0.760915  
0.239158  0.761123  
0.238241  0.761961  
0.238055  0.762523  
0.237289  0.763025  
0.236714  0.763729  
0.236213  0.763971  
0.23575  0.76454  
0.234783  0.765356  
0.234572  0.76585  
0.234422  0.766137  
0.233599  0.766941  
0.232854  0.767415  
0.232335  0.767946  
0.231985  0.768222  
0.231371  0.768837  
0.230759  0.769432  
0.230227  0.770061  
0.229829  0.770683  
0.229232  0.771129  
0.229107  0.771557  
0.228613  0.771976  
0.228199  0.77227  
0.22804  0.77303  
0.227124  0.773174  
0.226953  0.773628  
0.226376  0.7739  
0.226113  0.774198  
0.22528  0.775136  
0.224826  0.775356  
0.224382  0.776289  
0.224083  0.776548  
0.223627  0.776773  
0.223491  0.777068  
0.222393  0.777685  
0.221943  0.77871  
0.221796  0.77874  
0.221395  0.778897  
0.221092  0.779625  
0.220519  0.779965  
0.220149  0.780364  
0.219722  0.780634  
0.219111  0.781118  
0.217623  0.782719  
0.217342  0.782937  
0.216888  0.783611  
0.215989  0.784455  
0.215979  0.785514  
0.215489  0.785732  
0.215269  0.785863  
0.214291  0.786506  
0.213964  0.786917  
0.21312  0.7874  
0.213004  0.787489  
0.212772  0.788522  
0.212047  0.788724  
0.211393  0.78881  
0.21041  0.789832  
0.210057  0.79007  
0.209904  0.790545  
0.209491  0.790839  
0.209087  0.791246  
0.20883  0.791867  
0.208205  0.791918  
0.207746  0.792857  
0.207111  0.793353  
0.20676  0.793443  
0.206111  0.794359  
0.205862  0.795434  
0.204805  0.795763  
0.204531  0.796186  
0.20405  0.796464  
0.203825  0.797091  
0.203473  0.797701  
0.202871  0.79774  
0.202777  0.797891  
0.202149  0.798735  
0.201326  0.799259  
0.200684  0.800234  
0.200196  0.800535  
0.200148  0.800602  
0.199913  0.801281  
0.19947  0.801603  
0.199101  0.801745  
0.198575  0.801782  
0.197679  0.802622  
0.196768  0.803614  
0.196854  0.803327  
0.195946  0.80466  
0.195455  0.804945  
0.195128  0.805292  
0.194002  0.806439  
0.19334  0.807753  
0.193067  0.80818  
0.192728  0.808591  
0.192567  0.808805  
0.191516  0.809058  
0.191496  0.809177  
0.191061  0.809478  
0.190603  0.809806  
0.190134  0.810551  
0.189942  0.810782  
0.189464  0.810919  
0.189286  0.812132  
0.188312  0.8123  
0.188085  0.812797  
0.187657  0.813542  
0.186844  0.814388  
0.186056  0.81439  
0.185482  0.81589  
0.185216  0.815939  
0.184542  0.81638  
0.184248  0.816399  
0.184074  0.816494  
0.183582  0.817314  
0.182665  0.818655  
0.182625  0.818861  
0.181012  0.81946  
0.180696  0.819926  
0.180413  0.820556  
0.180117  0.820732  
0.17987  0.821231  
0.179378  0.821233  
0.179155  0.821395  
0.178689  0.821799  
0.178436  0.822327  
0.178015  0.822591  
0.177792  0.822674  
0.177472  0.823208  
0.177411  0.824219  
0.175402  0.825062  
0.176128  0.824289  
0.175183  0.825261  
0.174591  0.825627  
0.174261  0.826038  
0.173526  0.82681  
0.173102  0.827244  
0.172709  0.827807  
0.172246  0.828111  
0.17201  0.828496  
0.171675  0.828845  
0.171417  0.828948  
0.171174  0.829142  
0.17099  0.829369  
0.170681  0.829647  
0.170234  0.830011  
0.170179  0.830153  
0.169703  0.83063  
0.169281  0.831111  
0.168563  0.831631  
0.1679  0.832566  
0.167781  0.832618  
0.166999  0.83336  
0.166603  0.833696  
0.166433  0.83377  
0.166146  0.834363  
0.165794  0.834398  
0.165351  0.834898  
0.164631  0.835717  
0.163884  0.836282  
0.163629  0.837057  
0.162705  0.83752  
0.162272  0.837942  
0.16218  0.838307  
0.161769  0.838619  
0.16125  0.839123  
0.160934  0.839433  
0.160332  0.839968  
0.159985  0.840388  
0.159691  0.840778  
0.159224  0.841489  
0.158832  0.84195  
0.158672  0.84232  
0.157625  0.843456  
0.157138  0.843909  
0.157091  0.844004  
0.15679  0.844753  
0.156258  0.84531  
0.155655  0.846299  
0.155156  0.847137  
0.15474  0.848423  
0.154099  0.849808  
0.15314  0.853089  
0.152711  0.854166  
0.152637  0.854247  
0.152246  0.855771  
0.151649  0.860306  
0.151366  0.866469  
0.150563  2.4295  
