-0.225845	-0.520888	0.440488	0.456298	4	0.928894
-0.164508	-0.520888	0.421629	0.743893	4	0.914759
-0.138539	-0.520888	0.409505	0.444872	4	0.908839
-0.262749	-0.520888	0.393341	0.437325	4	0.937504
-0.176954	-0.520888	0.429711	0.456804	4	0.917609
-0.115708	-0.520888	0.460694	0.371504	4	0.903667
-0.404283	-0.54803	0.356081	0.543527	4	0.964701
-0.0655525	-0.54803	0.360532	0.814692	4	0.886371
-0.185946	-0.54803	0.401481	0.659531	4	0.913455
-0.279024	-0.54803	0.390799	0.307722	4	0.93496
-0.354534	-0.54803	0.364983	0.265876	4	0.952777
-0.045944	-0.654373	0.337484	1.1775	4	0.858896
-0.149123	-0.654373	0.327348	0.327933	4	0.88134
-0.165885	-0.654373	0.352391	0.401798	4	0.88504
-0.00338247	-0.654373	0.32854	0.429324	4	0.849806
-0.444376	-0.654373	0.329137	0.931529	4	0.948855
-0.550181	-0.654373	0.341062	0.15406	4	0.974288
-0.161941	-0.338989	0.624003	0.305261	4	0.956703
-0.150526	-0.338989	0.608205	0.695696	4	0.953977
-0.197252	-0.356249	0.814085	0.492144	4	0.96103
-0.177996	-0.356249	0.874126	0.668498	4	0.956415
-0.129102	-0.356249	0.904147	0.904811	4	0.944795
-0.310448	-0.367805	0.650793	0.603806	4	0.985763
-0.0345418	-0.367805	0.61098	0.772707	4	0.92006
-0.298889	-0.367805	0.601792	0.581875	4	0.982918
-0.161926	-0.367805	0.63548	0.37184	4	0.949832
-0.143501	-0.367805	0.589542	0.633673	4	0.945467
-0.189477	-0.335412	0.338549	0.546413	4	0.964174
-0.0791314	-0.335412	0.334494	0.491156	4	0.937939
-0.190165	-0.335412	0.360848	0.520875	4	0.96434
-0.125026	-0.335412	0.313208	0.462196	4	0.948763
-0.0751461	-0.497058	0.533721	0.559144	4	0.899894
-0.204262	-0.497058	0.529251	1.46612	4	0.929416
-0.411555	-0.497058	0.482763	0.918865	4	0.978851
-0.213417	-0.284993	1.10543	0.93529	4	0.982265
-0.215514	-0.284993	1.09977	0.338564	4	0.98278
-0.138526	-0.303979	0.901925	0.415528	4	0.959481
-0.0442164	-0.303979	0.898104	0.44398	4	0.937123
-0.142586	-0.303979	0.900015	0.423116	4	0.960455
-0.18156	-0.303979	0.93441	0.762006	4	0.969859
-0.0459155	-0.303979	0.989825	0.413088	4	0.937521
-0.22102	-0.572603	0.608281	1.15997	4	0.915857
-0.292927	-0.572603	0.585128	0.677214	4	0.932469
-0.563049	-0.572603	0.597757	0.760814	4	0.997615
-0.284993	-0.572603	0.578814	1.0393	4	0.930622
-0.209898	-0.572603	0.624067	1.40906	4	0.913314
-0.497058	-0.501481	0.383868	0.520311	4	0.998895
-0.0621434	-0.501481	0.385187	0.263868	4	0.895983
-0.35175	-0.501481	0.370677	0.656263	4	0.963259
-0.0477163	-0.501481	0.386507	1.53959	4	0.892757
-0.188313	-0.501481	0.38057	0.495075	4	0.924695
-0.0690843	-0.32816	0.513861	0.491232	4	0.937284
-0.0114775	-0.32816	0.563403	0.883502	4	0.923882
-0.316198	-0.32816	0.510404	0.446544	4	0.997014
-0.0345847	-0.32816	0.520774	0.951298	4	0.929235
-0.00489533	-0.32816	0.541512	0.420823	4	0.922363
-0.0984128	-0.115624	0.518239	0.649436	4	0.995706
-0.126062	-0.223184	0.902641	0.396604	4	0.976012
-0.0760597	-0.223184	0.876037	0.715223	4	0.963887
-0.0837714	-0.223184	0.969152	0.535195	4	0.965747
-0.0279648	-0.223184	0.971052	0.457265	4	0.952367
-0.0049834	-0.111638	0.741036	0.383712	4	0.973689
-0.424924	-0.601702	0.346135	0.409055	4	0.956768
-0.461129	-0.601702	0.305478	0.480569	4	0.965467
-0.36544	-0.601702	0.297934	0.451752	4	0.942645
-0.07749	-0.601702	0.325257	0.397359	4	0.877171
-0.223184	-0.357961	0.663271	0.969152	4	0.966867
-0.135942	-0.357961	0.655467	0.541998	4	0.946008
-0.0587309	-0.150951	0.375635	0.807789	4	0.977209
-0.0922303	-0.150951	0.40836	0.279226	4	0.985427
-0.111638	-0.490958	0.610732	0.741036	4	0.909528
-0.348708	-0.490958	0.647746	0.461513	4	0.965062
-0.473654	-0.490958	0.636357	0.811682	4	0.995683
-0.338989	-0.490958	0.583683	0.647699	4	0.96272
-0.083172	-0.762609	0.353581	0.36838	4	0.843784
-0.148593	-0.762609	0.37568	0.508233	4	0.857697
-0.601702	-0.762609	0.339518	0.297934	4	0.960571
-0.496604	-0.762609	0.337509	0.360575	4	0.935662
-0.520888	-0.762609	0.343536	0.460694	4	0.941359
-0.157892	-0.762609	0.341527	0.495222	4	0.859693
-0.135728	-0.363927	0.532114	0.448259	4	0.944547
-0.0624365	-0.363927	0.365997	0.65366	4	0.927398
-0.338989	-0.363927	0.533464	0.624003	4	0.993785
-0.360524	-0.363927	0.718488	0.549713	4	0.99915
-0.150951	-0.363927	0.779263	0.410495	4	0.948149
-0.024428	-0.0404181	0.392376	0.340649	4	0.99601
-0.0445415	-0.238647	0.344815	0.877981	4	0.952632
-0.0410244	-0.148121	0.979174	1.23233	4	0.973581
-0.144522	-0.19008	0.649418	0.538456	4	0.988675
-0.144522	-0.19008	0.624092	0.517458	4	0.988675
-0.144522	-0.19008	0.643991	0.533956	4	0.988675
-0.32816	-0.476022	0.45225	0.520774	4	0.963709
-0.0404181	-0.476022	0.438242	0.389706	4	0.896819
-0.249243	-0.476022	0.440243	0.406472	4	0.944882
-0.120793	-0.476022	0.484268	0.605431	4	0.915022
-0.34879	-0.476022	0.479265	0.637438	4	0.968693
-0.32816	-0.476022	0.443245	0.510404	4	0.963709
-0.282275	-0.283013	0.486598	0.680218	4	0.999815
-0.282275	-0.283013	0.484545	0.677348	4	0.999815
-0.223184	-0.283013	0.487625	0.902641	4	0.985154
-0.282275	-0.283013	0.475306	0.664432	4	0.999815
-0.0343604	-0.547268	0.382873	0.757667	4	0.879654
-0.282381	-0.547268	0.377608	0.568418	4	0.935923
-0.356249	-0.547268	0.38513	0.904147	4	0.953367
-0.238647	-0.547268	0.373095	0.344815	4	0.925746
-0.118034	-0.547268	0.400926	0.50011	4	0.898248
-0.118034	-0.547268	0.388891	0.485097	4	0.898248
-0.0125274	-0.371477	0.456872	0.623776	4	0.914171
-0.0404181	-0.371477	0.474529	0.382588	4	0.920568
-0.188423	-0.371477	0.451354	0.350693	4	0.955268
-0.367805	-0.371477	0.457975	0.63548	4	0.999083
-0.0404181	-0.371477	0.467907	0.37725	4	0.920568
-0.0404181	-0.371477	0.486668	0.392376	4	0.920568
-0.19008	-0.307503	0.508947	0.584295	4	0.971071
-0.115624	-0.226861	0.432726	0.518239	4	0.972574
-0.226861	-0.62962	0.30261	0.426859	4	0.904213
-0.226861	-0.62962	0.305523	0.479666	4	0.904213
-0.265531	-0.62962	0.29475	0.38742	4	0.912997
-0.307503	-0.62962	0.305558	0.490039	4	0.922628
-0.307503	-0.62962	0.298048	0.441193	4	0.922628
-0.307503	-0.62962	0.299917	0.438041	4	0.922628
-0.148121	-0.283669	1.13744	0.970509	4	0.966681
-0.0953168	-0.283669	1.19837	0.621268	4	0.954004
-0.148121	-0.283669	1.16587	0.994772	4	0.966681
-0.118034	-0.256506	0.518392	0.528259	4	0.965974
-0.00297061	-0.0825353	0.415439	0.554643	4	0.980305
-4.18001e-005	-0.0825353	0.485769	0.53845	4	0.979588
-0.0646884	-0.130773	0.43234	0.340986	4	0.983614
-0.0646884	-0.130773	0.428364	0.337851	4	0.983614
-0.0646884	-0.130773	0.453212	0.357447	4	0.983614
-0.367805	-0.544695	0.310461	0.61098	4	0.956741
-0.0876674	-0.544695	0.274758	0.355709	4	0.892029
-0.423386	-0.544695	0.315118	0.414616	4	0.970128
-0.0876674	-0.544695	0.308909	0.399922	4	0.892029
-0.0876674	-0.544695	0.263892	0.341642	4	0.892029
-0.00297061	-0.108298	0.611299	0.609303	4	0.974012
-0.426245	-0.470932	0.476183	0.232287	4	0.98889
-0.0033341	-0.470932	0.488238	0.370473	4	0.889675
-0.204535	-0.470932	0.468146	0.954592	4	0.93557
-0.238647	-0.30461	0.72191	0.339948	4	0.983645
-0.115624	-0.30461	0.718957	0.855534	4	0.953852
-0.493883	-0.513745	0.327575	0.314231	4	0.995047
-0.226861	-0.513745	0.393389	0.492868	4	0.93079
-0.226861	-0.513745	0.38591	0.500202	4	0.93079
-0.0724773	-0.142165	0.489787	0.233584	4	0.982729
-0.0199579	-0.145812	0.646229	0.406241	4	0.969026
-0.130773	-0.145812	0.683713	0.453212	4	0.996247
-0.0199579	-0.145812	0.659723	0.384478	4	0.969026
-0.0199579	-0.145812	0.662722	0.379642	4	0.969026
-0.0199579	-0.145812	0.658224	0.386896	4	0.969026
-0.0199579	-0.145812	0.652226	0.396569	4	0.969026
-0.0404181	-0.454894	0.627773	0.413729	4	0.901569
-0.326595	-0.454894	0.637223	0.544361	4	0.968434
-0.454894	-0.758034	0.265073	0.627773	4	0.927015
-0.454894	-0.758034	0.244551	0.579171	4	0.927015
-0.0876674	-0.758034	0.251392	0.35052	4	0.845699
-0.454894	-0.758034	0.250821	0.594021	4	0.927015
-0.454894	-0.758034	0.257662	0.610222	4	0.927015
-0.0876674	-0.758034	0.253672	0.3537	4	0.845699
-0.130773	-0.168925	0.518134	0.471102	4	0.990507
-0.165221	-0.168925	0.547648	0.440296	4	0.999075
-0.165221	-0.168925	0.550928	0.442932	4	0.999075
-0.165221	-0.168925	0.559672	0.449963	4	0.999075
-0.154326	-0.398808	0.736986	0.632243	4	0.94071
-0.154326	-0.398808	0.773639	0.663687	4	0.94071
-0.0876674	-0.140016	0.422505	0.354494	4	0.986998
-0.142165	-0.475154	0.493861	0.471717	4	0.920124
-0.30461	-0.475154	0.467973	0.69386	4	0.95826
-0.142165	-0.475154	0.506805	0.48408	4	0.920124
-0.140016	-0.475154	0.471956	0.44903	4	0.91963
-0.142165	-0.475154	0.509792	0.486934	4	0.920124
-0.0404181	-0.475154	0.461004	0.41195	4	0.897014
-0.0243278	-0.167301	0.296359	0.748262	4	0.964888
-0.0243278	-0.167301	0.289413	0.753029	4	0.964888
-0.0243278	-0.167301	0.298674	0.746674	4	0.964888
-0.0243278	-0.167301	0.294044	0.749851	4	0.964888
-0.145812	-0.198507	0.403604	0.659723	4	0.986913
-0.475154	-0.828502	0.386806	0.493861	4	0.915452
-0.475154	-0.828502	0.36965	0.471956	4	0.915452
-0.140016	-0.828502	0.373549	0.453766	4	0.841877
-0.198507	-0.828502	0.379008	0.753735	4	0.854278
-0.30461	-0.828502	0.381347	0.72191	4	0.877241
-0.475154	-0.828502	0.399284	0.509792	4	0.915452
-0.140016	-0.388938	0.493874	0.422505	4	0.939666
-0.140016	-0.388938	0.467298	0.399769	4	0.939666
-0.140016	-0.388938	0.469513	0.401664	4	0.939666
-0.0825353	-0.137202	0.466259	0.485769	4	0.986426
-0.109417	-0.137202	0.374006	0.949676	4	0.993078
-0.109417	-0.137202	0.366279	0.930055	4	0.993078
-0.137202	-0.230024	0.8664	0.374006	4	0.977062
-0.137202	-0.230024	0.642639	0.370537	4	0.977062
-0.137202	-0.230024	0.531654	0.466259	4	0.977062
-0.137202	-0.230024	0.848499	0.366279	4	0.977062
-0.226861	-0.230024	0.578197	0.473798	4	0.99921
-0.230024	-0.615378	0.537736	0.8664	4	0.908156
-0.0389607	-0.247047	0.420886	0.464339	4	0.949308
-0.0389607	-0.247047	0.41219	0.454745	4	0.949308
-0.183485	-0.421252	0.49557	0.425293	4	0.94229
