-0.451919	-0.502574	2.94349	3.7005	4	0.987416
-0.0811502	-0.502574	2.97916	4.56607	4	0.900004
-0.489157	-0.693267	4.17616	4.04391	4	0.950253
-0.410978	-0.693267	4.51318	1.77144	4	0.93186
-0.0134268	-0.693267	4.19081	3.58255	4	0.843699
-0.319434	-0.693267	4.55714	3.96846	4	0.910776
-0.307435	-0.652268	4.02416	4.64365	4	0.917403
-0.40544	-0.652268	4.1873	1.35605	4	0.940158
-0.333895	-0.359573	3.08407	3.01442	4	0.993601
-0.796116	-1.86344	4.09795	2.35755	4	0.765802
-0.423765	-1.86344	4.16728	0.82743	4	0.697733
-0.464515	-1.86344	4.24431	10.1288	4	0.704877
-0.892167	-1.86344	4.17498	7.00445	4	0.784414
-0.888851	-1.86344	4.25971	3.93542	4	0.783764
-0.269165	-2.80647	10.7473	4.76048	4	0.530293
-0.489316	-2.80647	11.4709	4.46375	4	0.560297
-0.997481	-2.80647	11.1091	3.41862	4	0.636197
-0.472009	-2.80647	10.875	3.21491	4	0.557878
-0.158896	-2.80647	11.8326	0.54598	4	0.515874
-0.907814	-2.80647	11.7901	6.63502	4	0.622095
-0.76418	-1.19819	3.02278	7.71967	4	0.897177
-0.642985	-1.19819	2.88561	1.21398	4	0.870401
-0.0407392	-0.899103	6.57783	5.36808	4	0.806871
-0.652275	-0.899103	6.47342	3.68305	4	0.940158
-0.693267	-0.899103	6.07667	4.51318	4	0.949843
-0.68008	-0.899103	5.88873	3.07253	4	0.946716
-0.693267	-0.899103	6.22284	4.41061	4	0.949843
-1.26389	-1.29406	3.90868	1.95815	4	0.992487
-0.359573	-1.29406	4.06503	3.08407	4	0.791662
-1.06068	-1.29406	3.66113	5.33785	4	0.943325
-0.250168	-1.29406	4.32561	3.87722	4	0.770303
-0.717171	-1.29406	4.23441	3.12467	4	0.865696
-0.338908	-0.846731	7.58307	3.30976	4	0.880772
-0.846731	-1.23673	5.75412	6.93478	4	0.907102
-0.846731	-1.23673	6.40614	7.72059	4	0.907102
-1.21076	-1.23673	6.14533	3.41692	4	0.993529
-0.72983	-1.33728	3.86956	3.40973	4	0.859107
-0.925757	-1.33728	4.35186	5.19739	4	0.902235
-0.0504615	-1.33728	4.29578	4.89778	4	0.724912
-0.0175822	-1.33728	3.80227	3.88647	4	0.718978
-1.08967	-1.33728	4.31821	1.49753	4	0.939974
-0.508658	-3.41766	12.5317	3.35783	4	0.483236
-1.36203	-3.41766	12.5759	9.40093	4	0.598153
-2.249	-3.41766	12.598	5.97772	4	0.746644
-1.0961	-3.41766	12.7527	15.9525	4	0.559679
-1.50502	-3.41766	12.9517	9.82193	4	0.619923
-0.359573	-0.910626	6.399	2.72821	4	0.871305
-1.36748	-2.20677	4.08399	4.39454	4	0.810728
-0.899103	-2.20677	3.95833	6.57783	4	0.721144
-0.39551	-2.20677	4.0416	4.67214	4	0.635836
-0.899103	-2.20677	3.99124	5.88873	4	0.721144
-0.609112	-0.8027	5.89837	4.95098	4	0.952755
-0.910626	-1.01365	7.17457	6.71598	4	0.974574
-0.771158	-1.01365	8.33858	5.14508	4	0.941179
-0.585387	-1.01365	7.85181	2.91494	4	0.898467
-0.848383	-1.01365	7.11108	4.44005	4	0.959526
-0.393682	-1.03993	3.22278	6.65368	4	0.850813
-1.03989	-1.03993	5.6616	7.36719	4	0.999989
-1.19819	-1.92747	7.06545	2.92118	4	0.833335
-1.19819	-1.92747	6.97943	2.88561	4	0.833335
-0.389241	-1.92747	6.85656	7.13615	4	0.680752
-1.19819	-1.92747	7.32349	3.02786	4	0.833335
-0.700101	-1.06028	4.77818	2.34071	4	0.913891
-0.275953	-0.358387	5.89903	5.49179	4	0.979602
-0.275953	-0.358387	5.71988	5.32501	4	0.979602
-0.133241	-0.358387	5.42557	2.00559	4	0.945268
-1.24263	-2.61255	3.87586	6.86856	4	0.710007
-0.337765	-2.61255	3.99872	2.01636	4	0.566263
-0.865734	-2.61255	3.76416	4.13519	4	0.646163
-0.85963	-2.61255	3.93171	4.37566	4	0.645177
-0.957131	-2.61255	3.95404	3.40416	4	0.661097
-0.504977	-0.601325	5.86759	2.80667	4	0.976201
-0.192567	-0.601325	6.37233	1.68082	4	0.902859
-1.01365	-1.5888	4.53332	7.19573	4	0.866071
-0.898531	-1.5888	4.65584	4.65174	4	0.841502
-0.343871	-1.5888	4.67335	3.40319	4	0.732544
-0.673148	-1.5888	4.48081	5.91763	4	0.795398
-0.232619	-0.374749	10.4113	0.68494	4	0.965091
-0.062845	-0.374749	10.5261	3.97648	4	0.924987
-0.16115	-0.374749	10.1433	6.07552	4	0.948001
-0.451969	-1.78089	8.60908	4.90514	4	0.717322
-1.472	-1.78089	8.90655	4.14216	4	0.925683
-0.909666	-1.78089	9.08153	6.67699	4	0.804281
-1.06028	-1.78089	9.48399	4.78701	4	0.835142
-0.0485919	-1.78089	9.55398	3.75763	4	0.648512
-1.91654	-2.39471	3.04152	4.13014	4	0.887325
-1.23673	-2.39471	2.98967	5.64001	4	0.748642
-0.286778	-2.39471	2.83414	3.6794	4	0.590383
-1.01365	-2.39471	3.02424	7.40737	4	0.708032
-1.5888	-2.39471	3.16249	4.07824	4	0.817521
-0.420904	-2.39471	2.84523	4.79819	4	0.610515
-0.298288	-0.661113	4.60714	6.45946	4	0.913286
-0.328419	-0.661113	4.23896	4.65487	4	0.920191
-0.115329	-1.51504	3.73904	4.02996	4	0.704739
-0.189561	-1.51504	4.10706	4.09599	4	0.717939
-0.910626	-1.51504	3.75376	6.81503	4	0.859758
-0.343871	-1.51504	4.03345	3.33143	4	0.746177
-0.601325	-1.51504	4.35731	6.37233	4	0.795782
-2.39471	-2.91971	6.35723	2.83414	4	0.876999
-0.286778	-2.91971	6.33785	3.66818	4	0.517765
-1.16137	-2.91971	5.84722	5.64362	4	0.644303
-0.286778	-2.91971	6.27971	3.63453	4	0.517765
-2.20677	-2.91971	6.10527	3.95833	4	0.836745
-0.104533	-0.739897	8.95566	4.61274	4	0.853132
-1.6381	-1.70626	7.96699	1.16851	4	0.983106
-0.374749	-1.70626	8.21596	10.105	4	0.716858
-0.0358707	-1.70626	8.68278	3.32457	4	0.658628
-1.09197	-2.11542	2.95258	3.15322	4	0.774248
-0.825189	-2.11542	3.24523	6.53209	4	0.724294
-1.26144	-2.11542	3.12817	9.48554	4	0.807756
-0.98329	-2.11542	3.16719	4.06919	4	0.753495
-0.359888	-2.11542	2.88754	4.84687	4	0.644756
-0.115329	-0.709659	7.3472	4.10005	4	0.861929
-0.00219928	-0.709659	7.55652	6.71383	4	0.837893
-0.115329	-0.709659	7.24254	4.04164	4	0.861929
-0.343871	-0.709659	7.53559	3.6902	4	0.91261
-0.00219928	-0.0255939	2.21354	7.53214	4	0.994168
-0.693267	-1.97167	6.4478	4.10289	4	0.72644
-0.115329	-1.97167	5.89513	4.0066	4	0.628711
-1.51504	-1.97167	5.96421	3.81264	4	0.892119
-0.709659	-1.97167	5.48063	7.55652	4	0.729423
-2.20677	-4.54077	9.37379	3.92063	4	0.557942
-3.45756	-4.54077	18.7476	11.285	4	0.762768
-0.275953	-4.54077	6.38886	5.22971	4	0.344313
-1.21666	-4.54077	16.102	6.68532	4	0.435602
-3.5355	-4.54077	13.4565	4.37927	4	0.777775
-1.89185	-4.54077	18.127	5.40941	4	0.5157
-0.263025	-0.409888	3.80231	4.16094	4	0.96395
-0.263025	-0.409888	3.60861	3.94897	4	0.96395
-0.263025	-0.409888	3.78079	4.13739	4	0.96395
-0.263025	-0.409888	3.58708	3.92542	4	0.96395
-0.601325	-1.85273	2.15033	5.38388	4	0.731359
-1.14979	-1.85273	3.05067	2.88866	4	0.83884
-0.561735	-1.85273	2.89226	6.61367	4	0.724156
-0.496244	-1.85273	2.35094	5.16157	4	0.712396
-1.39589	-1.85273	2.14406	4.02802	4	0.892072
-0.42583	-1.3288	3.53201	8.78073	4	0.797924
-1.25505	-1.3288	3.50798	9.36867	4	0.981732
-1.3288	-3.07345	6.12337	3.3518	4	0.646512
-0.502574	-3.07345	6.34285	1.47317	4	0.52586
-1.70626	-3.07345	6.1124	8.66722	4	0.710491
-1.34501	-3.07345	6.41966	8.80451	4	0.649137
-1.85273	-3.07345	6.21116	2.89226	4	0.73699
-2.09001	-3.07345	6.05753	5.48385	4	0.782031
-0.0550945	-0.914386	3.89733	4.48911	4	0.806684
-0.00212166	-0.914386	3.72144	4.52706	4	0.796072
-0.270825	-0.914386	4.13009	4.19434	4	0.851385
-0.343509	-1.7515	2.73876	2.58634	4	0.703283
-0.270825	-1.7515	2.97284	4.35435	4	0.690619
-0.270825	-1.7515	2.89481	4.24006	4	0.690619
-0.869455	-1.7515	2.95723	2.13392	4	0.80211
-0.914386	-1.7515	2.8636	4.13009	4	0.81117
-0.255581	-1.7515	2.73095	1.92039	4	0.687992
-0.00219928	-0.439972	6.56478	7.45775	4	0.896333
-0.166353	-0.439972	7.03954	3.48944	4	0.933882
-0.0255939	-0.439972	6.81034	2.10423	4	0.901591
-0.0255939	-0.439972	6.49929	2.30482	4	0.901591
-0.601325	-1.02869	3.31876	6.2882	4	0.898667
-1.01365	-1.02869	2.87626	7.17457	4	0.996245
-0.899103	-1.02869	3.32982	6.22284	4	0.968121
-0.709659	-0.861455	3.26152	7.03322	4	0.962762
-0.601325	-2.87564	4.36223	5.29976	4	0.566329
-1.03993	-2.87564	7.29134	5.6616	4	0.631962
-0.359573	-2.87564	3.88802	2.84683	4	0.533115
-0.439972	-2.87564	5.02567	6.58115	4	0.543939
-1.54789	-2.87564	7.426	5.32522	4	0.717532
-0.141685	-2.87564	7.37934	2.76642	4	0.504852
-0.739897	-1.73956	6.01459	9.46883	4	0.778866
-0.400087	-1.73956	4.15343	4.2636	4	0.715432
-0.260637	-1.73956	9.25448	7.44181	4	0.69092
-0.00219928	-0.276871	2.23362	7.12299	4	0.933637
-1.73956	-1.76003	6.32764	9.38909	4	0.994896
-0.260637	-1.76003	6.52042	7.78007	4	0.687393
-0.260637	-1.76003	6.2596	7.46887	4	0.687393
-0.325699	-1.76003	6.72453	4.74971	4	0.698665
-0.270825	-1.68147	4.86609	4.38863	4	0.702815
-0.345606	-1.68147	4.77739	1.42777	4	0.716078
-0.270825	-1.68147	4.7267	4.26292	4	0.702815
-0.661113	-0.826268	6.28424	4.23896	4	0.959552
-0.497393	-0.826268	5.94495	2.53298	4	0.92107
-0.399942	-0.747901	7.4728	3.32214	4	0.916687
-0.399942	-0.747901	7.3472	3.26631	4	0.916687
-0.709659	-0.747901	7.66119	7.66119	4	0.990485
-0.399942	-0.747901	7.09602	3.15464	4	0.916687
-0.0739246	-0.747901	7.32627	2.3705	4	0.844936
-0.861455	-1.12175	4.12596	3.00914	4	0.936998
-0.0739246	-1.12175	4.02952	2.62755	4	0.769544
-0.399942	-1.12175	4.05458	2.9313	4	0.834893
-0.0739246	-0.427281	4.31562	2.2753	4	0.91545
-0.399942	-0.427281	3.99195	3.09881	4	0.993188
-1.12175	-2.31242	3.14495	4.05458	4	0.742549
-1.12175	-2.31242	3.24479	4.05447	4	0.742549
-0.286778	-2.31242	3.13496	3.52235	4	0.602655
-0.601325	-2.31242	2.78552	5.86759	4	0.651959
-1.02869	-2.31242	2.97522	3.32982	4	0.725473
-0.0255939	-0.361961	2.75502	2.21354	4	0.919347
-0.358387	-0.361961	3.08154	5.79666	4	0.999107
-0.293534	-0.361961	3.02032	4.56729	4	0.983039
-0.144001	-0.361961	3.00671	3.10076	4	0.946968
-0.144001	-0.361961	2.98631	3.07971	4	0.946968
-0.276871	-2.84451	2.63129	2.23362	4	0.526287
-0.276871	-2.84451	2.46075	2.31526	4	0.526287
-0.439972	-2.84451	2.41202	6.56478	4	0.54819
-0.361961	-2.84451	2.05874	2.92508	4	0.537602
-0.361961	-2.84451	2.36329	2.75502	4	0.537602
-0.739897	-2.13752	4.64065	9.41917	4	0.705108
-1.73956	-2.13752	4.66511	6.01459	4	0.905301
-0.498532	-2.13752	4.45306	7.7502	4	0.663819
-1.92747	-2.13752	4.63249	6.97943	4	0.948843
-0.377914	-1.39405	7.98095	2.92193	4	0.775665
-1.3288	-1.39405	8.04963	3.51999	4	0.983818
-1.3288	-1.39405	7.71996	3.37583	4	0.983818
-0.361961	-0.665242	5.28599	3.00671	4	0.926983
-0.361961	-0.665242	5.30991	3.02032	4	0.926983
-0.361961	-0.665242	5.25011	2.98631	4	0.926983
-0.270825	-1.01029	1.74095	4.09149	4	0.831214
-0.861455	-2.41693	5.08639	3.02856	4	0.677824
-1.01029	-2.41693	4.5484	2.01546	4	0.703521
-2.04164	-2.41693	5.43757	5.93233	4	0.910445
-1.68147	-2.41693	3.72862	4.86609	4	0.832049
-0.0365186	-0.57258	4.43744	3.03436	4	0.874577
-0.0365186	-0.066907	3.70127	3.17401	4	0.992432
-2.39471	-2.39471	3.04152	3.04152	4	1
-0.427281	-2.39471	3.02424	4.19574	4	0.611489
-0.747901	-2.39471	2.92919	7.09602	4	0.662521
-0.427281	-2.39471	3.08472	4.27966	4	0.611489
-0.747901	-2.39471	2.90327	7.03322	4	0.662521
-0.0739246	-2.39471	2.98967	2.40858	4	0.559788
-0.0365186	-2.05058	10.6733	4.85155	4	0.604402
-0.0365186	-0.614654	5.62975	5.1087	4	0.865426
-0.0563955	-0.342023	5.2992	6.5786	4	0.931083
-0.0365186	-0.342023	5.21795	5.64486	4	0.926468
-0.0365186	-0.254884	2.6401	3.07635	4	0.946872
-0.066907	-0.124755	7.69876	3.7553	4	0.985642
-0.124755	-0.462158	7.84518	1.67937	4	0.919109
-1.02869	-1.66138	6.72896	3.31876	4	0.853703
-0.254884	-1.66138	5.58504	2.92641	4	0.703544
-1.39405	-1.66138	8.14478	7.80238	4	0.935353
-0.342023	-1.66138	8.41723	5.2992	4	0.719039
-0.342023	-0.748371	3.50205	5.07351	4	0.903403
-0.124755	-0.748371	3.57683	13.7666	4	0.855641
-0.342023	-0.748371	3.60175	5.21795	4	0.903403
-0.0429404	-0.448157	2.7175	5.51923	4	0.903658
