-14.6665	-20.9135	0.725052	0.395606	4	0.209766
-4.70821	-23.9595	1.16404	2.05627	4	0.00812487
-0.867741	-23.9595	1.03628	3.21493	4	0.00311059
-3.07343	-23.9595	1.06467	0.988476	4	0.00539911
-5.9245	-23.9595	1.10725	1.98397	4	0.0110122
-5.03126	-23.9595	1.02918	2.25391	4	0.00880827
-0.479027	-23.9595	1.05757	2.61482	4	0.00282253
-19.1684	-23.9595	1.07177	1.11667	4	0.30186
-20.9135	-36.4234	0.957796	0.725052	4	0.0207032
-3.20357	-36.4234	0.945672	1.02128	4	0.000247287
-1.17733	-36.4234	0.775936	1.10262	4	0.000149006
-21.1173	-73.2313	0.0686808	0.556027	4	2.1968e-006
-38.3346	-73.2313	0.114468	0.792428	4	0.000162607
-33.8277	-73.2313	0.137362	0.637802	4	5.26998e-005
-0.586836	-73.2313	0.144993	0.636122	4	1.29636e-008
-37.4617	-73.2313	0.106837	0.145968	4	0.000130726
-60.2072	-73.2313	0.0228936	0.0971339	4	0.0385412
-0.867741	-73.2313	0.122099	0.352321	4	1.39067e-008
-42.8065	-73.2313	0.00683198	0.545371	4	0.00049736
-4.30854	-73.2313	0.0152624	0.572794	4	3.28703e-008
-17.5516	-73.2313	0.0915744	0.159326	4	9.00852e-007
-40.6908	-73.2313	0.0305248	0.240134	4	0.000293063
-43.7112	-73.2313	0.0457872	0.148443	4	0.000623587
-46.3744	-73.2313	0.038156	0.134154	4	0.00121351
-34.0325	-73.2313	0.0534184	0.292514	4	5.54679e-005
-68.4993	-73.2313	0.0610496	0.339948	4	0.306359
-10.1987	-13.118	2.95656	3.77076	4	0.481998
-8.17647	-13.118	2.94108	1.27142	4	0.290726
-2.32715	-33.8378	2.99917	2.8067	4	0.000379115
-24.3063	-33.8378	3.02416	0.768936	4	0.0922831
-3.85082	-33.8378	2.97418	1.87327	4	0.000554882
-16.3452	-50.0161	0.176493	3.41813	4	0.00022092
-27.6922	-50.0161	0.718579	0.636695	4	0.0037689
-38.6957	-50.0161	0.315166	0.842995	4	0.0590067
-4.46891	-22.8278	0.829264	0.63251	4	0.0101557
-19.7425	-23.5769	0.502948	0.85422	4	0.383434
-10.9351	-15.01	1.08896	0.757524	4	0.361057
-1.04831	-14.3999	0.303491	0.63715	4	0.0355119
-0.586836	-14.3999	0.3331	0.636122	2.66667	0.00562866
-12.1792	-40.8685	2.57312	1.73311	4	0.000767539
-28.6668	-40.8685	0.709348	0.444021	4	0.0473384
-2.30505	-40.8685	2.39231	2.90257	4	6.50168e-005
-14.3999	-40.8685	0.305993	0.327549	4	0.00133722
-28.6785	-40.8685	1.32133	0.701562	4	0.0474778
-7.30754	-26.5908	4.29384	2.19551	4	0.00806018
-0.479027	-26.5908	3.99864	2.61482	2.66667	5.59013e-005
-16.3452	-26.5908	4.21333	3.41813	2.66667	0.0214487
-3.07343	-26.5908	4.02547	0.988476	2.66667	0.000147893
-24.1813	-37.384	3.30523	3.0249	4	0.0368583
-7.30754	-37.384	3.2444	2.19551	2.66667	1.26396e-005
-36.5016	-37.384	3.22412	1.83941	4	0.802035
-0.512847	-2.16201	1.36703	1.62686	4	0.662131
-38.9199	-63.4001	0.58566	0.586392	4	0.00219837
-63.2999	-63.4001	0.594534	0.647916	4	0.975256
-9.58618	-63.4001	0.736512	0.894415	4	1.43625e-006
-20.9135	-63.4001	0.75426	0.780119	4	2.43828e-005
-3.20357	-63.4001	0.692144	1.02128	2.66667	1.57171e-010
-6.48157	-63.4001	0.674397	1.10286	4	6.60924e-007
-14.408	-63.4001	0.665523	1.05396	4	4.79466e-006
-10.5835	-63.4001	0.727639	1.38515	4	1.84296e-006
-2.16201	-63.4001	0.65665	1.36703	4	2.24472e-007
-36.4234	-63.4001	0.701018	0.957796	4	0.00117773
-13.2991	-63.4001	0.647776	0.744568	4	3.63371e-006
-15.01	-63.4001	0.683271	1.08896	4	5.57335e-006
-24.8897	-63.4001	0.709892	0.709519	4	6.58852e-005
-7.75662	-63.4001	0.621155	0.9767	4	9.09051e-007
-20.5125	-63.4001	0.718765	0.634629	4	2.2057e-005
-20.7445	-63.4001	0.612281	0.785404	4	2.33737e-005
-26.4278	-63.4001	0.603408	0.530012	4	9.67797e-005
-26.5908	-58.1408	1.68784	4.24016	4	0.000375411
-24.1813	-58.1408	1.7733	3.08058	4	0.000205541
-37.384	-58.1408	1.74125	3.30523	4	0.00557652
-25.1009	-58.1408	1.76261	0.55863	4	0.00025867
-23.9595	-58.1408	1.66647	1.10725	4	0.000194454
-37.384	-58.1408	1.69852	3.22412	4	0.00557652
-37.4408	-58.1408	1.80534	1.76302	4	0.00565627
-7.30754	-58.1408	1.7092	2.19551	2	9.15597e-012
-10.249	-58.1408	1.81603	2.45364	4	6.31267e-006
-4.70821	-58.1408	1.75193	2.05627	2.66667	1.98587e-009
-18.7628	-58.1408	1.63442	3.5816	4	5.30385e-005
-26.5908	-58.1408	1.67715	4.21333	4	0.000375411
-52.0982	-58.1408	1.62374	0.268127	4	0.22077
-2.30505	-18.2304	3.56337	2.90257	2.66667	0.00254912
-0.586836	-19.8357	0.202499	0.638144	2	6.6095e-005
-35.3657	-38.3978	2.88738	2.04715	4	0.468596
-18.2304	-28.6882	2.583	3.27332	4	0.0732079
-23.9595	-28.6882	2.55031	1.10725	2.66667	0.169778
-0.867741	-27.1484	0.808506	0.352321	2.66667	5.24703e-005
-19.8357	-27.1484	0.764325	0.245935	4	0.160704
-17.5516	-27.1484	0.826178	0.159326	2.66667	0.0273563
-33.5938	-43.1489	0.0846899	0.208396	4	0.0917412
-38.7913	-43.1489	0.0973933	0.0903757	4	0.336419
-7.24281	-29.6708	0.247024	1.02663	4	0.00367207
-0.0240019	-29.6708	0.268442	1.99807	4	0.000604143
-26.048	-30.824	0.541904	0.496376	4	0.303009
-6.45045	-30.824	0.532227	0.666941	4	0.00225775
-27.1484	-30.824	0.558032	0.764325	4	0.398963
-14.3999	-32.6279	0.177533	0.329537	2.66667	0.00107493
-2.32742	-14.7031	0.576801	2.10582	4	0.0453236
-2.32715	-11.6865	1.47896	2.8067	2.66667	0.0299043
-20.5125	-48.5267	1.38205	0.634629	2.66667	2.73906e-005
-20.2228	-48.5267	2.09867	0.489928	4	0.000845158
-0.867741	-48.5267	2.49111	3.21493	2.66667	1.73077e-008
-27.1484	-48.5267	0.777283	0.826178	4	0.00477402
-27.6922	-48.5267	0.710777	0.636695	2.66667	0.000404465
-30.824	-48.5267	0.71909	0.558032	4	0.0119661
-15.0278	-48.5267	3.07123	1.57571	4	0.000230624
-12.3134	-48.5267	0.673368	0.453947	4	0.000117001
-26.4278	-48.5267	1.16024	0.530012	2.66667	0.000251744
-6.48157	-48.5267	1.29674	1.10286	2.66667	1.42072e-007
-6.64723	-12.0613	0.513571	1.01497	4	0.258331
-4.46891	-8.59387	0.873122	0.642274	4	0.356565
-26.751	-33.1995	0.219224	0.199851	4	0.199464
-23.9754	-33.1995	0.209106	0.206841	4	0.0996561
-18.7628	-23.7739	2.60712	3.5816	2.66667	0.152718
-1.07515	-23.7739	2.3004	1.37697	4	0.00343175
-13.118	-23.7739	3.2376	2.94108	4	0.0696703
-1.17733	-39.0566	0.270981	1.10262	2.66667	6.77594e-007
-23.6902	-39.0566	0.22864	0.451963	4	0.0214591
-0.0240019	-31.0164	4.76002	1.99807	2.66667	8.96521e-006
-0.867741	-10.4039	2.7584	3.21493	2	0.00849653
-20.987	-41.5884	0.438423	0.749569	4	0.00579729
-22.6011	-41.5884	0.429826	1.03496	4	0.00867905
-20.9135	-41.5884	0.490002	0.780119	2.66667	0.000429416
-2.97887	-41.5884	0.481405	1.08396	4	6.42717e-005
-3.30818	-41.5884	0.416931	1.82008	4	6.97871e-005
-12.0613	-41.5884	0.425528	0.513571	4	0.000622487
-4.16075	-41.5884	0.42123	1.06472	4	8.63657e-005
-40.8685	-41.5884	0.447019	1.32133	4	0.835288
-16.877	-41.5884	0.412633	0.985675	4	0.00207487
-14.1188	-41.5884	0.408335	2.5533	4	0.00104116
-12.0613	-41.5884	0.451317	0.482756	4	0.000622487
-8.74472	-41.5884	0.455616	0.444386	4	0.000271668
-36.0981	-41.5884	0.472809	1.63446	4	0.253453
-33.1995	-38.4978	0.21687	0.219224	4	0.265913
-38.3346	-38.4978	0.211573	0.794495	2.66667	0.940633
-3.07343	-30.5612	1.83602	0.988476	2	1.07425e-006
-0.479027	-30.5612	1.82378	2.61482	2	2.93589e-007
-0.867741	-30.5612	1.78706	3.21493	1.6	8.71334e-009
-11.6865	-31.9806	1.10307	1.47896	4	0.00626035
-19.3369	-31.9806	1.03872	2.15316	4	0.0423874
-0.318004	-31.9806	1.0663	1.3498	4	0.00036499
-3.85082	-31.9806	1.09387	1.87327	2.66667	2.62287e-005
-14.7031	-31.9806	1.13983	0.576801	4	0.0133084
-14.1188	-25.3809	2.61374	2.5533	2.66667	0.0146505
-12.1792	-35.917	0.107217	1.73311	2.66667	0.000136164
-31.0164	-35.917	0.113012	4.93726	4	0.293719
-11.1145	-35.917	0.105478	0.779876	4	0.00202818
-11.1145	-35.917	0.107796	0.797016	4	0.00202818
-23.5901	-35.917	0.104899	0.759644	4	0.0458811
-20.5125	-34.5838	0.772985	0.634629	2	0.000879958
-14.408	-34.5838	0.715727	1.05396	2.66667	0.000517804
-1.17733	-34.5838	0.610754	1.10262	2	5.57024e-008
-20.7445	-34.5838	0.658469	0.785404	2.66667	0.00557339
-13.2991	-34.5838	0.696641	0.744568	2.66667	0.000341629
-6.48157	-34.5838	0.72527	1.10286	2	7.90085e-007
-2.19318	-34.5838	0.62984	1.07734	4	0.00030425
-15.01	-34.5838	0.734813	1.08896	2.66667	0.000648936
-10.5835	-34.5838	0.782529	1.38515	2.66667	0.000123397
-22.6011	-28.3505	1.62092	1.03496	2.66667	0.115781
-3.30818	-28.3505	1.67004	1.82008	2.66667	8.34821e-005
-25.2252	-28.3505	1.86652	1.54179	4	0.457798
-3.07343	-10.8253	2.90534	0.988476	1.6	0.00786831
-10.4039	-10.8253	2.92471	2.85287	4	0.90002
-15.2801	-37.1773	0.716285	3.3607	4	0.00419312
-36.9248	-37.1773	0.700484	0.406424	4	0.938808
-26.7261	-37.1773	0.726818	1.12675	4	0.0733288
-28.3505	-36.8061	2.33376	1.86652	4	0.120768
-25.3809	-36.8061	2.31329	2.83993	4	0.057481
-12.1792	-14.1888	1.00403	1.73311	2	0.366122
-14.1888	-42.9186	0.659426	1.00403	4	0.000759804
-10.249	-42.9186	0.605959	2.45364	2.66667	4.77979e-006
-39.3185	-42.9186	0.623781	0.650953	4	0.406555
-19.5727	-42.9186	0.638039	1.74191	4	0.00291908
-29.6708	-42.9186	0.63091	0.252736	4	0.036445
-22.8278	-30.4446	0.602989	0.849996	4	0.14894
-34.5838	-38.7027	1.17172	0.753899	4	0.357103
-3.20357	-38.7027	1.15689	1.02128	2	1.95638e-008
-20.7445	-38.7027	1.0234	0.785404	2	0.000126012
-10.5835	-38.7027	1.21622	1.38515	2	7.83414e-007
-2.97887	-38.7027	1.29038	1.08396	2.66667	1.52053e-006
-15.01	-38.7027	1.14206	1.08896	2	7.16457e-006
-13.2991	-38.7027	1.08273	0.744568	2	3.04551e-006
-7.75662	-38.7027	1.03824	0.9767	2.66667	9.12223e-006
-9.58618	-38.7027	1.23105	0.894415	2.66667	1.81161e-005
-24.8897	-38.7027	1.18655	0.709519	2.66667	0.0056286
-6.48157	-38.7027	1.12723	1.10286	1.6	1.79505e-009
-20.5125	-38.7027	1.20139	0.634629	1.6	1.15495e-005
-14.408	-38.7027	1.11239	1.05396	2	5.30242e-006
-3.81567	-27.9558	0.584478	0.506964	4	0.00239341
-14.408	-33.2776	0.881144	1.05396	1.6	7.55361e-006
-3.20357	-33.2776	0.91639	1.02128	1.6	6.86875e-009
-20.5125	-33.2776	0.951636	0.634629	1.33333	6.95262e-005
-13.2991	-33.2776	0.857647	0.744568	1.6	3.77691e-006
-24.8897	-33.2776	0.939887	0.709519	2	0.0150863
-2.97887	-33.2776	1.02213	1.08396	2	2.63457e-007
-15.01	-33.2776	0.904641	1.08896	1.6	1.1004e-005
-6.48157	-33.2776	0.892893	1.10286	1.33333	1.87054e-009
-6.48157	-14.2775	1.38777	1.10286	1.14286	0.00109015
-3.20357	-9.75826	0.727614	1.02128	1.33333	0.00732822
-10.8253	-34.2808	3.7865	3.15714	4	0.00284023
-14.1888	-34.2808	4.18141	0.976896	4	0.0065848
-7.24281	-34.2808	4.0188	1.02663	2.66667	3.94989e-005
-2.30505	-34.2808	3.99557	2.90257	2	1.1391e-007
-18.2304	-34.2808	3.92588	3.50121	4	0.0180865
-24.1813	-34.2808	3.85619	3.08058	2.66667	0.0226568
-0.989155	-5.52615	3.4374	1.60178	4	0.321663
-14.1888	-16.8706	2.86959	1.00403	2.66667	0.365802
-3.30818	-6.48464	1.19271	1.82008	2	0.204287
-10.3619	-37.0235	0.61105	0.593871	4	0.00127423
-12.3134	-37.0235	0.585741	0.453977	2.66667	9.45584e-005
-23.5769	-37.0235	0.638615	0.819618	4	0.0346777
-6.45045	-37.0235	0.596588	0.666941	2.66667	1.0492e-005
-8.59387	-37.0235	0.582125	0.873122	4	0.000819014
-10.5835	-10.6801	1.29955	1.38515	1.6	0.941441
-4.85581	-5.28302	0.984933	2.07229	4	0.898702
-7.30754	-28.0528	0.687148	2.19551	1.6	2.33903e-006
-5.28302	-28.0528	0.760157	0.984933	4	0.00337136
-25.1009	-28.0528	0.708621	0.55863	2.66667	0.33057
-2.30505	-21.8261	3.27704	2.90257	1.6	5.02702e-006
-16.8706	-21.8261	3.52472	2.86959	4	0.289705
-5.28302	-21.8261	3.21988	0.940416	4	0.0159902
-5.52615	-28.694	2.91781	3.73204	4	0.00305199
-11.7748	-28.694	2.76424	1.87935	4	0.0145552
-10.8253	-38.3996	3.14458	2.92471	4	0.00101428
-2.742	-38.3996	3.12375	2.65656	4	0.000134439
-1.07515	-38.3996	2.81138	1.37697	2.66667	8.34305e-007
-28.694	-38.3996	2.97798	2.74504	4	0.0883545
-20.5125	-27.7917	1.2779	0.634629	1.14286	0.00171338
-16.8706	-27.7917	1.26212	1.24091	4	0.0652005
-8.74472	-27.7917	1.46722	0.444386	2.66667	0.000790671
-9.58618	-27.7917	1.30945	0.894415	2	0.000111356
-10.6801	-27.7917	1.29368	1.29955	4	0.0138716
-11.6865	-15.9278	1.13703	1.47896	2.66667	0.203822
-13.4923	-15.9278	1.21283	1.19101	4	0.543949
-7.24281	-29.6826	2.06113	1.02663	2	1.34048e-005
-2.30505	-29.6826	2.04921	2.90257	1.33333	1.20938e-009
-28.0528	-29.6826	2.08496	0.751568	4	0.665342
-29.6708	-29.6826	2.09687	0.251308	4	0.997055
-7.30754	-27.7908	3.58711	2.19551	1.33333	2.12896e-007
-26.5908	-27.7908	3.51985	4.21333	2.66667	0.637628
-2.94783	-54.0026	0.682458	0.65671	4	2.86286e-006
-14.3999	-54.0026	0.687508	0.305399	4	5.01406e-005
-12.3134	-54.0026	0.679124	0.454012	2	8.85744e-010
-31.4159	-54.0026	0.880011	0.461244	4	0.00352928
-33.0478	-54.0026	0.897971	0.397383	4	0.00530719
-4.63305	-54.0026	0.683316	0.988722	4	4.36286e-006
-30.4446	-54.0026	0.969808	0.79418	4	0.0027684
-30.4446	-54.0026	0.736336	0.602989	4	0.0027684
-37.0235	-54.0026	0.772255	0.624101	4	0.0143391
-37.0235	-54.0026	0.790214	0.638615	4	0.0143391
-0.989155	-2.18455	3.58872	1.69331	4	0.741672
-20.987	-36.2345	1.17385	0.749569	2.66667	0.00328683
-6.48464	-36.2345	1.27066	1.22779	4	0.000588772
-12.0613	-36.2345	1.13755	0.482756	2.66667	0.000115647
-8.74472	-36.2345	1.12545	0.444386	2	1.07316e-006
-16.877	-36.2345	1.24646	0.985675	2.66667	0.00070376
-2.29188	-36.2345	1.18595	1.69735	4	0.000206407
-28.3505	-36.2345	1.19805	1.62092	4	0.139318
-4.16075	-58.9302	1.09093	1.06472	2.66667	1.2029e-009
-36.8061	-58.9302	1.22055	2.31329	4	0.00396192
-12.0613	-58.9302	1.08013	0.513571	2.66667	2.32763e-008
-0.318004	-58.9302	1.25295	1.3498	2.66667	2.84708e-010
-36.2345	-58.9302	1.06933	1.19805	4	0.00343442
-2.29188	-58.9302	1.16654	1.87055	4	7.08887e-007
-2.32742	-58.9302	1.19895	1.88505	4	7.15214e-007
-5.01556	-58.9302	1.15574	0.594074	4	1.40055e-006
-16.877	-58.9302	1.11254	0.985675	2	7.38367e-010
-36.8061	-58.9302	1.23135	2.33376	4	0.00396192
-6.48464	-58.9302	1.10174	1.19271	4	2.02209e-006
-6.48464	-58.9302	1.13414	1.22779	2.66667	2.87542e-009
-25.3809	-58.9302	1.12334	2.61374	4	0.000227735
-2.94783	-35.6679	0.684842	0.65671	2.66667	4.69025e-006
-4.63305	-35.6679	0.648798	0.988722	2.66667	8.82374e-006
-8.59387	-35.6679	0.468576	0.597399	4	0.00114941
-2.94783	-35.6679	0.540665	0.689341	4	0.000280197
-32.6279	-35.6679	0.41451	0.176601	4	0.467664
-27.6922	-35.6679	0.504621	0.636695	2	0.0185395
-33.0478	-34.8389	1.17236	0.397383	2.66667	0.510866
-14.2284	-34.8389	1.14891	0.750499	4	0.00578428
-14.2284	-34.8389	1.26614	0.725483	4	0.00578428
-11.1145	-35.2346	3.36426	0.779876	2.66667	0.000117976
-9.97047	-35.2346	3.38275	1.81009	4	0.00180711
-28.0528	-35.2346	3.05002	0.708621	4	0.166053
-34.2808	-35.2346	3.0685	3.85619	4	0.787848
-0.0240019	-27.3247	2.73745	1.99807	2	1.17958e-006
-14.2284	-27.3247	0.713484	0.750499	2.66667	0.00736434
-14.2775	-27.3247	0.158843	0.408684	4	0.0383194
-7.24281	-27.3247	2.51903	1.02663	1.6	3.5407e-006
-2.94783	-27.3247	0.436827	0.689341	2.66667	0.000107145
-8.59387	-27.3247	0.378583	0.597399	2.66667	0.000890203
-13.3939	-32.901	3.2463	0.296977	4	0.00762153
-7.85787	-32.901	3.05946	2.37261	4	0.00190975
-2.18455	-32.901	3.10617	3.23781	4	0.000462384
-15.9278	-32.901	2.9894	1.22516	4	0.0143603
-36.2345	-41.9034	0.438353	1.1588	4	0.242386
-0.186499	-41.9034	0.512181	2.51371	4	2.95558e-005
-5.01556	-41.9034	0.493724	0.604387	2.66667	9.82717e-007
-25.3809	-41.9034	0.479881	2.62377	2.66667	0.00203764
-36.8061	-41.9034	0.521409	2.32418	2.66667	0.147857
-0.316301	-4.32333	1.27085	2.37278	4	0.367234
-4.63305	-24.5827	0.501716	0.606339	4	0.00682335
-3.85082	-23.6901	0.998582	1.88473	2	4.91978e-005
-20.2228	-23.6901	1.03215	0.501783	2.66667	0.272459
-9.75826	-12.8035	1.05378	0.63146	4	0.467057
-7.75662	-12.8035	1.10096	0.983447	2	0.080184
-14.606	-63.4923	0.716882	0.62249	4	4.92306e-006
-34.0325	-63.4923	0.744007	0.294748	2.66667	1.59279e-005
-24.5827	-63.4923	0.720757	0.527228	4	5.96262e-005
-14.606	-63.4923	0.736257	0.639314	4	4.92306e-006
-38.4978	-63.4923	0.755632	0.216948	4	0.00193311
-27.3247	-63.4923	0.751757	0.158843	4	0.000118345
-24.5827	-63.4923	0.713007	0.521558	4	5.96262e-005
-2.16201	-63.4923	0.763382	0.520896	4	2.19354e-007
-0.586836	-63.4923	0.697507	0.638216	1.6	8.41991e-018
-42.8065	-63.4923	0.771132	0.547686	2.66667	0.000427664
-5.28302	-20.6611	1.79612	1.00199	2.66667	0.00312981
-2.30505	-20.6611	1.74538	2.91915	1.14286	1.05818e-007
-10.249	-20.6611	1.72509	2.47002	2	0.00548318
-10.8253	-20.6611	1.65406	3.17285	2.66667	0.0250112
-7.85787	-7.98459	2.45847	2.37261	2.66667	0.953593
-12.8035	-23.607	0.610591	1.05378	4	0.067147
-12.8035	-23.607	0.596714	1.10096	4	0.067147
-0.186499	-25.8309	2.93812	2.51371	2.66667	6.66092e-005
-0.318004	-25.8309	3.07047	1.36098	2	2.8836e-006
-0.316301	-25.8309	3.01753	2.57616	4	0.00169739
-3.85082	-25.8309	3.14987	1.88473	1.6	1.08105e-006
-4.32333	-25.8309	2.7793	1.27085	4	0.00462211
-2.29188	-25.8309	2.85871	1.88096	2.66667	0.000146696
-5.01556	-25.8309	2.83224	0.604387	2	3.01993e-005
-25.3809	-25.8309	2.75283	2.62377	2	0.798479
-7.24281	-36.4969	4.50211	1.04331	1.33333	2.96019e-010
-4.63305	-36.4969	0.936856	0.992192	2	1.20461e-007
-4.85581	-36.4969	4.68428	2.12476	4	0.000366951
-4.32333	-36.4969	2.7325	1.27085	2.66667	5.75694e-006
-1.27182	-36.4969	2.02986	1.33841	4	0.00014979
-8.59387	-36.4969	0.676618	0.599905	2	8.72824e-007
-13.3939	-36.4969	4.55416	0.118791	4	0.00310184
-35.6679	-36.4969	0.598547	0.416727	4	0.812807
-14.3999	-36.4969	0.910832	0.306307	2.66667	0.000251919
-8.74472	-36.4969	2.42021	0.45335	1.6	2.93159e-008
-1.72794	-36.4969	5.10066	3.12145	4	0.000167882
-15.9278	-36.4969	3.12285	1.14859	4	0.0058444
-35.917	-36.4969	5.07464	0.131807	4	0.865026
-20.6611	-30.5596	0.336906	1.83671	4	0.0841943
-23.7739	-30.5596	0.353658	3.25591	4	0.183336
-2.742	-9.21441	4.63888	2.81347	4	0.198274
-30.5596	-36.5312	4.71917	0.336906	4	0.224724
-9.21441	-36.5312	4.74525	5.34352	4	0.00108174
-0.0240019	-36.5312	4.90168	2.01619	1.6	1.23229e-010
-30.5596	-36.5312	4.95383	0.353658	4	0.224724
-3.92807	-17.3509	0.567095	0.355798	4	0.0348845
-2.94783	-9.34729	0.760185	0.656722	2	0.0407732
-2.29188	-51.8722	0.426061	1.7068	2.66667	8.42033e-009
-20.987	-51.8722	0.430279	0.758918	2	1.96499e-007
-2.19876	-51.8722	0.45559	0.718416	4	4.04367e-006
-6.48464	-51.8722	0.409187	1.20254	2.66667	4.05662e-008
-0.934158	-51.8722	0.464027	1.08994	4	2.94763e-006
-24.5219	-51.8722	0.421842	0.324511	4	0.00107271
-2.97887	-51.8722	0.472464	1.09235	1.6	5.35411e-014
-12.0613	-51.8722	0.442935	0.491816	2	2.26554e-009
-24.5219	-51.8722	0.438716	0.337491	4	0.00107271
-0.186499	-51.8722	0.413406	2.28725	4	2.4451e-006
-25.8309	-51.8722	0.40075	2.75283	4	0.00148802
-4.32333	-51.8722	0.396532	1.27085	2	4.73037e-011
-8.74472	-51.8722	0.447153	0.45335	1.33333	8.96359e-015
-5.11031	-9.94353	1.98667	0.741616	4	0.298703
-0.186499	-9.94353	1.79285	2.51371	2	0.00760828
-4.63305	-32.0565	0.511318	0.606339	2.66667	3.41829e-005
-0.586836	-32.0565	0.441593	0.638231	1.33333	5.61929e-011
-24.5827	-32.0565	0.302143	0.527242	2.66667	0.0606474
-17.3509	-32.0565	0.162692	0.570064	4	0.0253142
-2.19876	-34.354	1.03999	0.718416	2.66667	5.79672e-006
-24.5219	-34.354	1.13141	0.324511	2.66667	0.0250462
-12.0613	-34.354	1.07427	0.491816	1.6	8.89191e-007
-20.987	-34.354	1.10856	0.758918	1.6	0.000235359
-0.934158	-34.354	1.01713	1.08994	2.66667	3.60769e-006
-0.186499	-34.354	1.15427	2.28725	2.66667	2.72562e-006
-9.58618	-34.354	0.948558	0.902414	1.6	1.89307e-007
-6.48464	-34.354	1.1657	1.20254	2	8.87654e-007
-2.97887	-34.354	0.994272	1.09235	1.33333	6.03201e-011
-2.29188	-34.354	1.11998	1.7068	2	1.09093e-007
-8.74472	-34.354	1.06284	0.45335	1.14286	1.85469e-010
-24.5219	-34.354	1.0857	0.337491	2.66667	0.0250462
-0.0240019	-2.00368	3.21651	2.01619	1.33333	0.226558
-13.3939	-34.4697	2.84899	0.118793	2.66667	0.000369473
-2.30505	-34.4697	2.80015	2.91915	1	1.07415e-014
-20.6611	-34.4697	2.65363	1.65406	4	0.0316774
-18.7821	-34.4697	2.75131	0.797266	4	0.0198035
-7.24281	-44.2427	2.82549	1.04331	1.14286	8.70486e-015
-7.98459	-44.2427	2.13953	2.45847	4	0.000115698
-35.2346	-44.2427	2.71116	3.0845	4	0.105186
-27.7917	-44.2427	1.30658	1.26983	4	0.0163629
-0.833249	-29.3345	1.43049	1.22638	4	0.000804491
-0.833249	-29.3345	1.32453	1.13554	4	0.000804491
-9.34729	-29.3345	1.29804	0.980239	4	0.0067596
-4.32333	-5.93155	2.60605	1.27085	1.6	0.365993
-3.85082	-25.3855	2.97673	1.88473	1.33333	9.67597e-008
-9.94353	-25.3855	3.07679	1.98667	4	0.0210575
-2.19876	-36.5617	0.636834	0.718416	2	3.45297e-008
-12.0613	-36.5617	0.657828	0.491816	1.33333	1.04645e-008
-34.354	-36.5617	0.664826	1.0857	4	0.575848
-2.97887	-36.5617	0.608841	1.09235	1.14286	1.73095e-013
-2.29188	-36.5617	0.685821	1.7068	1.6	4.98903e-010
-0.186499	-36.5617	0.706815	2.28725	2	1.26251e-008
-20.987	-36.5617	0.678823	0.758918	1.33333	8.45281e-006
-0.934158	-36.5617	0.622837	1.08994	2	1.8348e-008
-8.74472	-36.5617	0.65083	0.45335	1	8.30343e-013
-9.58618	-36.5617	0.580848	0.902414	1.33333	1.63503e-009
-34.354	-36.5617	0.692819	1.13141	4	0.575848
-2.94783	-5.59993	0.47525	0.689355	2	0.265524
-5.59993	-13.6941	0.87392	1.56833	4	0.132187
-2.29188	-13.6941	0.865092	1.7068	1.33333	0.000193224
-8.74472	-13.6941	0.820955	0.45335	0.888889	0.00381793
-9.58618	-13.6941	0.73268	0.902414	1.14286	0.0274764
-13.6941	-16.1449	1.00338	0.73268	4	0.541886
-12.0613	-16.1449	1.13635	0.491816	1.14286	0.0280671
-1.72794	-3.36058	2.67229	3.12145	2.66667	0.542134
-9.97047	-12.7184	2.77324	1.90763	4	0.503089
-1.27182	-3.4771	1.56424	1.33841	2.66667	0.437369
-2.97887	-3.4771	1.74473	1.09235	1	0.607605
-1.27182	-19.9843	0.869545	1.30409	4	0.00929642
-10.6801	-19.9843	0.83522	1.16395	4	0.0976797
-3.4771	-19.9843	0.9954	1.74473	4	0.0161343
-0.833249	-6.42455	0.960743	1.13554	2.66667	0.122857
-9.21441	-22.5079	2.91203	5.34352	2.66667	0.00683929
-3.36058	-22.5079	3.16803	2.69956	4	0.00833878
-9.97047	-22.5079	2.92803	1.82773	2.66667	0.0090812
-2.67367	-22.5079	2.89603	3.40062	4	0.00702299
-3.36058	-22.5079	3.13603	2.67229	4	0.00833878
-12.7184	-22.5079	3.05603	2.77324	4	0.0865202
-2.67367	-22.5079	2.88003	3.38183	4	0.00702299
-12.7184	-22.5079	3.04003	2.75872	4	0.0865202
-2.00368	-3.34031	2.47335	3.21651	4	0.71594
-2.67367	-12.9882	3.24091	3.38183	2.66667	0.0209015
-23.607	-33.4907	0.9827	0.596724	4	0.084505
-23.607	-33.4907	0.940585	0.610601	4	0.084505
-0.586836	-6.10333	0.598829	0.638231	1.14286	0.00801103
-3.28341	-36.2938	0.743612	0.570574	4	0.000260582
-5.59993	-36.2938	0.602929	0.47525	4	0.000465005
-14.3999	-36.2938	0.703417	0.306307	2	1.76115e-005
-5.15424	-36.2938	0.864198	0.711018	4	0.000415976
-6.45045	-36.2938	0.683319	0.670218	2	3.3083e-007
-4.63305	-36.2938	0.723515	0.992192	1.6	2.54801e-009
-7.22247	-43.4252	0.49421	0.25812	4	0.000117311
-4.63305	-43.4252	0.475408	0.606339	2	3.77042e-009
-5.59993	-43.4252	0.453921	0.47525	2.66667	6.91445e-007
-35.6679	-43.4252	0.459293	0.507319	4	0.1438
-3.28341	-43.4252	0.472722	0.619882	4	4.38186e-005
-40.658	-43.4252	0.478094	0.796379	4	0.500676
-2.00368	-2.52968	3.49118	2.66902	4	0.876778
-5.93155	-12.0465	3.12101	2.80461	4	0.216811
-2.29188	-12.0465	2.98291	1.88096	2	0.00761758
-2.19876	-2.80576	1.37635	0.607891	4	0.859204
-2.29188	-20.0643	1.12441	1.7068	1.14286	1.76343e-007
-16.1449	-20.0643	1.07851	1.13635	4	0.37537
-1.87991	-20.0643	1.04409	1.8271	4	0.0106086
-0.318004	-0.323648	1.76738	1.36098	1.6	0.996479
-2.80576	-24.5107	0.911665	1.1976	4	0.00439957
-19.9843	-24.5107	0.993307	0.83522	4	0.322515
-5.11031	-13.2642	2.82406	0.771763	4	0.130226
-29.6826	-31.9511	1.1915	2.11383	4	0.567151
-5.4756	-31.9511	1.11703	3.03455	4	0.00133493
-7.24281	-31.9511	1.17119	1.04331	1	1.85916e-011
-3.34031	-31.9511	1.19827	2.32863	4	0.000782747
-13.3939	-31.9511	1.18473	0.118793	2	9.34009e-005
-4.70821	-31.9511	1.11026	2.07207	2	1.21417e-006
-12.9882	-31.9511	1.21858	3.24091	4	0.00873221
-0.186499	-26.6932	0.652983	2.28725	1.6	6.38519e-008
-1.16671	-26.6932	0.601261	1.05684	4	0.00169237
-20.0643	-26.6932	0.588331	1.04409	4	0.190665
-20.0643	-26.6932	0.607727	1.07851	4	0.190665
-22.5079	-34.4437	4.68376	3.05603	4	0.0505929
-22.5079	-34.4437	4.65924	3.04003	4	0.0505929
-6.10333	-32.3191	0.382069	0.598829	4	0.00142448
-14.606	-32.3191	0.348279	0.639329	2.66667	0.00130387
-17.3509	-32.3191	0.350112	0.567095	4	0.0237054
-7.22247	-32.3191	0.337281	0.25812	2.66667	8.1799e-005
-1.21808	-32.3191	0.355611	0.322244	4	0.000419998
-2.80576	-31.8783	0.860823	1.37635	4	0.000697418
-8.82374	-31.8783	1.71047	2.98867	4	0.00313969
-1.27182	-31.8783	0.849644	1.30409	2.66667	1.03615e-005
-3.36058	-31.8783	2.19119	2.67229	2.66667	2.26777e-005
-1.87991	-8.80377	1.06781	1.62632	4	0.177114
-5.15424	-17.6487	1.8116	1.89837	4	0.0439982
-2.18455	-17.6487	1.87494	3.60298	4	0.0209413
-3.69875	-11.1058	2.59159	2.25519	4	0.156962
-3.69875	-11.1058	2.68482	2.33631	4	0.156962
-2.80576	-35.923	1.06874	1.37635	2.66667	4.04125e-006
-7.61724	-35.923	2.26239	2.50714	4	0.00084478
-31.9511	-35.923	2.44283	1.1915	4	0.370477
-10.8253	-35.923	2.09584	2.93926	2.66667	8.17674e-005
-1.21808	-35.923	0.669908	0.322244	2.66667	2.22816e-006
-2.52968	-35.923	2.193	3.53594	4	0.000236793
-4.49958	-35.923	1.20754	1.07045	4	0.000387479
-0.186499	-35.923	1.54065	2.51371	1.6	1.99482e-010
-1.86475	-35.923	0.597392	0.603975	4	0.000200528
-1.86475	-35.923	0.569767	0.576046	4	0.000200528
-0.934158	-35.923	1.23529	1.08994	1.6	3.18305e-010
-2.67367	-35.923	2.51223	3.40062	2.66667	3.84596e-006
-11.1058	-35.923	1.99868	2.68482	4	0.00202072
-0.323648	-35.923	1.61005	1.76738	4	0.000136412
-13.2642	-35.923	1.7766	2.82406	4	0.00346625
-1.21808	-31.7698	0.27436	0.325566	4	0.000481825
-1.21808	-31.7698	0.27156	0.322244	2	2.32156e-007
-14.606	-31.7698	0.265961	0.639329	2	0.00018747
-4.49958	-36.0194	0.97391	1.07045	2.66667	7.35644e-006
-1.16671	-36.0194	1.04108	1.05684	2.66667	2.10802e-006
-26.6932	-36.0194	1.05227	0.607727	4	0.0971453
-2.80576	-36.0194	0.861966	1.37635	2	6.13405e-008
-0.934158	-36.0194	0.996298	1.08994	1.33333	3.73253e-012
-3.4771	-36.0194	0.87316	1.56424	4	0.00029293
-16.1449	-36.0194	0.929132	1.00338	4	0.00695268
-4.96921	-30.6743	3.06219	3.29992	4	0.00161846
-1.18352	-30.6743	3.31527	2.37386	4	0.000628167
-3.10131	-30.6743	3.28996	2.88135	4	0.0010146
-1.16671	-30.6743	3.01158	1.3523	4	0.000625533
-0.323648	-30.6743	2.93565	1.76738	2.66667	1.14044e-005
-4.96921	-30.6743	3.13811	3.38174	4	0.00161846
-1.18352	-30.6743	3.18873	2.28325	4	0.000628167
-9.97047	-50.4027	1.3511	1.82773	2	1.66059e-009
-3.34031	-50.4027	1.3068	2.32863	2.66667	2.16474e-008
-31.9511	-50.4027	1.32895	1.21858	4	0.00992315
-3.34031	-50.4027	1.38802	2.47335	4	7.76731e-006
-34.4437	-50.4027	1.41017	4.68376	4	0.0185046
-3.34031	-9.90224	5.23023	2.32863	2	0.0375919
-4.49958	-36.1835	2.5582	2.07938	4	0.000363051
-13.3939	-36.1835	2.64902	0.118793	1.6	6.51835e-007
-35.923	-36.1835	2.66416	2.44283	4	0.936955
-9.90224	-36.1835	2.6793	5.23023	4	0.00140137
-7.24281	-36.1835	2.61875	1.04331	0.888889	7.24669e-015
-1.16671	-2.61717	1.12034	1.3523	2.66667	0.580467
-0.186499	-2.61717	1.04502	2.51371	1.33333	0.16154
-1.70268	-37.7734	0.603527	0.535041	4	0.000121247
-4.63305	-37.7734	0.577286	0.606339	1.6	1.0106e-009
-1.86475	-37.7734	0.682247	0.603978	2.66667	1.41873e-006
-24.5107	-30.8963	0.644515	0.911665	4	0.202628
-24.5107	-30.8963	0.615218	0.993307	4	0.202628
-0.627803	-5.96997	2.78639	1.29992	4	0.263016
-5.01556	-5.96997	3.04228	0.604387	1.6	0.550734
-0.323648	-36.0598	1.79468	1.55408	4	0.000131825
-25.8309	-36.0598	1.82987	2.75283	2.66667	0.0215837
-2.61717	-36.0598	1.95304	1.04502	4	0.000233891
-5.93155	-36.0598	1.84747	2.60605	4	0.000535634
-0.186499	-36.0598	1.77709	2.28725	1.33333	2.06691e-012
-5.96997	-36.0598	1.7243	2.78639	4	0.000540803
-0.316301	-36.0598	2.00582	2.57616	2.66667	1.50939e-006
-12.0465	-36.0598	1.98823	3.12101	4	0.00247051
-5.96997	-36.0598	1.88266	3.04228	4	0.000540803
-2.52968	-7.40847	2.84261	3.53594	2.66667	0.160486
-9.21441	-31.4672	2.88316	5.34352	2	1.47188e-005
-9.90224	-31.4672	3.02573	5.64392	4	0.00455634
-4.49958	-12.4512	3.568	2.07938	2.66667	0.0506987
-17.6487	-19.278	2.64464	1.8116	4	0.66542
-11.1058	-19.278	2.57067	2.59159	4	0.129631
-1.21808	-5.04501	0.780668	0.325569	2.66667	0.238092
-4.70821	-5.04501	2.15111	2.07207	1.6	0.810179
-1.18352	-24.6951	3.30252	2.37386	2.66667	0.000148217
-4.96921	-24.6951	3.12605	3.38174	2.66667	0.000612969
-19.278	-24.6951	3.5042	2.57067	4	0.258138
-3.10131	-24.6951	3.27731	2.88135	2.66667	0.00030425
-1.18352	-3.90747	1.66988	2.37386	2	0.256154
-3.10131	-3.90747	1.65714	2.88135	2	0.668258
-4.96921	-5.5518	3.42574	3.29992	2.66667	0.803748
-2.61717	-5.5518	3.36912	1.12034	4	0.480149
-0.627803	-15.9702	2.30934	1.24687	4	0.0215886
-5.04501	-21.8546	1.95434	2.15111	4	0.0149598
-7.30754	-21.8546	1.90667	2.21093	1.14286	2.96496e-006
-7.40847	-21.8546	1.94242	2.93257	4	0.0270107
-1.43471	-37.8788	2.86157	2.09835	4	0.000110442
-3.36058	-37.8788	2.96645	2.69956	2.66667	2.38975e-006
-9.21441	-37.8788	2.72673	5.34352	1.6	1.65773e-008
-31.4672	-37.8788	2.69677	2.85148	4	0.201312
-1.43471	-37.8788	2.84659	2.08737	4	0.000110442
-9.97047	-37.8788	2.74171	1.82773	1.6	2.6591e-008
-3.36058	-37.8788	2.93648	2.67229	2	3.19498e-008
-12.9882	-37.8788	2.9215	3.51099	4	0.00198397
-3.34031	-37.8788	2.81662	2.47335	2.66667	2.37165e-006
-12.4512	-16.8969	0.58048	3.568	4	0.329093
-7.24281	-16.8969	0.594219	1.04331	0.8	5.74276e-006
-2.52968	-2.64646	1.89443	3.49118	4	0.971227
-1.16671	-13.1541	0.448795	1.05684	2	0.00249439
-5.96997	-13.1541	0.516356	3.04228	2.66667	0.0676059
-24.6951	-32.6971	1.36464	3.22689	4	0.135267
-24.6951	-32.6971	1.48192	3.5042	4	0.135267
-7.15654	-17.4958	0.986246	0.655032	4	0.0754095
-15.9702	-30.4522	1.54515	2.30934	4	0.0267694
-1.16671	-30.4522	1.52871	1.05684	1.6	1.12443e-008
-1.27182	-30.4522	1.24927	1.30409	2	4.60863e-007
-3.4771	-8.34053	1.56014	1.56424	2.66667	0.161413
-7.15654	-8.34053	1.46013	0.625258	4	0.74379
-4.63305	-36.4477	0.354257	0.606339	1.33333	4.33814e-011
-31.7698	-36.4477	0.263534	0.267364	4	0.310529
-31.8783	-33.8569	1.72902	1.71047	4	0.609775
-7.40847	-33.8569	1.78553	2.84261	4	0.00134399
-17.6487	-33.8569	1.67252	1.87494	4	0.0173865
-3.90747	-10.0948	2.37393	1.66988	4	0.21292
-4.49958	-10.0948	1.57658	1.07045	2	0.0609547
-0.013529	-0.926585	0.450373	0.790938	4	0.795914
-0.013529	-0.926585	0.472209	0.604835	4	0.795914
-13.3939	-53.4613	1.93977	0.118793	1.33333	8.89622e-014
-16.8969	-53.4613	1.95085	0.604524	4	0.000107168
-2.64646	-53.4613	1.80675	1.97944	4	3.03982e-006
-7.30754	-53.4613	1.7735	2.21093	1	9.02965e-021
-7.61724	-53.4613	1.88434	2.61481	4	1.05328e-005
-21.8546	-53.4613	1.81784	1.95434	4	0.000370119
-16.8969	-53.4613	1.87326	0.58048	4	0.000107168
-9.90224	-53.4613	1.96193	5.23023	2.66667	8.05287e-008
-7.24281	-53.4613	1.9176	1.04331	0.727273	2.51414e-028
-19.278	-21.8371	1.73055	2.64464	4	0.527414
-2.80576	-34.1266	1.18594	1.37635	1.6	3.15115e-009
-7.40847	-34.1266	2.4335	2.84261	2.66667	4.4533e-005
-10.0948	-34.1266	1.33996	1.57658	4	0.00245917
-1.43471	-34.1266	2.92636	2.08737	2.66667	4.74015e-006
-21.8546	-34.1266	2.52591	1.95434	2.66667	0.0100318
-0.186499	-9.25579	2.22341	2.28725	1.14286	0.000357767
-5.96997	-9.25579	2.15737	2.78639	2.66667	0.291655
-4.63305	-35.2875	0.423333	0.606339	1.14286	2.24432e-012
-8.34053	-15.9035	1.7535	1.56014	4	0.150961
-0.926585	-26.8805	0.86778	0.472209	4	0.00152084
-4.63305	-26.8805	0.887844	0.606339	1	2.17789e-010
-0.323648	-6.56236	2.39881	1.76738	2	0.0441855
-15.9035	-36.5967	1.04762	1.7535	4	0.00566577
-8.80377	-36.5967	1.08791	1.06781	4	0.000960328
-7.5134	-36.5967	1.11477	2.29031	4	0.000695535
-8.34053	-36.5967	0.980464	1.46013	4	0.000855311
-1.27182	-36.5967	1.02076	1.30409	1.6	2.58001e-010
-10.0948	-36.5967	1.1685	1.57658	2.66667	4.82939e-005
-9.90224	-33.2569	4.10612	5.23023	2	8.4838e-006
-9.21441	-33.2569	4.22211	5.34352	1.33333	1.47518e-008
-9.97047	-33.2569	4.24531	1.82773	1.33333	2.60082e-008
-1.43471	-33.2569	4.4077	2.08737	2	1.22995e-007
-16.8969	-33.2569	4.08292	0.604524	2.66667	0.00216566
-12.9882	-33.2569	4.52369	3.51099	2.66667	0.000500055
-1.43471	-33.2569	4.4309	2.09835	2.66667	6.56774e-006
-9.21441	-30.4781	4.5453	5.34352	1.14286	8.31084e-009
-2.64646	-30.4781	3.89597	1.89443	4	0.000951088
-26.2567	-30.4781	3.47141	2.63154	4	0.348068
-3.36058	-30.4781	4.89494	2.67229	1.6	4.35902e-008
-0.926585	-45.2689	0.716185	0.450373	4	1.5332e-005
-9.90224	-16.68	3.8763	5.23023	1.6	0.0144636
-7.5134	-23.6971	1.72232	2.29031	2.66667	0.00231378
-1.27182	-23.6971	1.57707	1.30409	1.33333	4.96172e-008
-8.80377	-23.6971	1.68082	1.06781	2.66667	0.00375381
-10.0948	-13.6494	2.41207	2.37393	4	0.411215
-2.64646	-34.9442	3.85996	1.89443	2.66667	5.49513e-006
-13.6494	-34.9442	3.43933	2.55937	4	0.00487468
-14.0468	-34.9442	0.197947	0.383181	4	0.00538386
-1.27182	-14.0612	1.26868	1.30409	1.14286	1.38024e-005
-8.34053	-14.0612	1.2186	1.46013	2.66667	0.11704
-2.56769	-14.0612	1.11844	0.938334	4	0.0565084
-9.97047	-23.0632	2.58971	1.82773	1.14286	1.05846e-005
-0.186499	-23.0632	1.42929	2.28725	1	1.16087e-010
-7.40847	-23.0632	2.23593	2.84261	2	0.00039868
-2.64646	-23.0632	2.30668	1.97944	2.66667	0.00047307
-2.64646	-23.0632	2.20762	1.89443	2	3.6861e-005
-9.21441	-23.0632	2.57556	5.34352	1	9.67295e-007
-13.6494	-23.0632	1.85384	2.41207	4	0.0950409
-7.61724	-36.3485	2.76677	2.61481	2.66667	2.0932e-005
-2.61717	-36.3485	1.80654	1.04502	2.66667	3.20994e-006
-7.5134	-36.3485	1.59496	2.70422	4	0.000740059
-23.6971	-36.3485	1.31829	1.68082	4	0.0423043
-5.5518	-36.3485	1.96929	3.42574	4	0.000453198
-10.0948	-36.3485	1.41594	1.57658	2	1.99106e-006
-7.07455	-36.3485	1.48104	1.86611	4	0.000663161
-0.186499	-36.3485	1.64379	2.28725	0.888889	2.1474e-018
-1.16671	-36.3485	1.51359	1.05684	1.33333	3.47176e-012
-30.4781	-36.3485	2.66912	4.09577	4	0.230475
-2.86689	-4.02284	2.82409	3.73185	4	0.74902
-0.186499	-0.971549	2.32747	2.28725	0.8	0.374819
-9.21441	-11.6484	2.61162	5.34352	0.888889	0.0646836
-2.86689	-11.6484	2.84122	4.03774	4	0.111316
-3.36058	-37.5237	3.03836	2.67229	1.33333	7.45338e-012
-11.6484	-37.5237	3.06936	2.84122	4	0.00155104
-12.9882	-37.5237	3.02285	3.51099	2	4.70081e-006
-4.02284	-37.5237	2.83683	2.82409	4	0.000230509
-11.6484	-37.5237	2.82133	2.61162	4	0.00155104
-0.316301	-34.8781	2.85569	2.57616	2	3.12607e-008
-0.971549	-34.8781	2.78054	2.55791	4	0.000208277
-12.0465	-34.8781	2.83064	3.12101	2.66667	0.000191262
-3.36058	-18.8814	2.28725	2.67229	1.14286	1.26462e-006
-11.6484	-18.8814	2.12387	2.61162	2.66667	0.0663786
-12.9882	-18.8814	2.27558	3.51099	1.6	0.0251402
-11.6484	-29.0657	2.07891	2.84122	2.66667	0.00145685
-4.02284	-29.0657	1.85842	2.7315	4	0.00190989
-4.63305	-29.0657	0.489933	0.606339	0.888889	1.15524e-012
-26.2567	-29.0657	1.55393	2.80193	4	0.495465
-12.0465	-29.0657	1.18645	3.12101	2	0.000201523
-7.5134	-29.0657	0.871463	2.29031	2	2.08921e-005
-10.8253	-29.0657	1.58543	2.93926	2	0.000109433
-7.07455	-29.0657	0.95546	1.86611	2.66667	0.000262128
-4.02284	-29.0657	1.92142	2.82409	2.66667	8.34666e-005
-3.36058	-29.0657	2.05791	2.67229	1	6.86148e-012
-18.8814	-29.0657	2.04741	2.27558	4	0.0783896
-4.02284	-32.2738	3.55253	2.82409	2	7.33482e-007
-4.02284	-32.2738	3.43606	2.7315	2.66667	2.50635e-005
-1.27182	-32.2738	1.47537	1.30409	1	3.43578e-014
-7.40847	-32.2738	3.06721	2.84261	1.6	1.7812e-007
-29.0657	-32.2738	3.78548	2.04741	4	0.448421
-1.16671	-32.2738	1.80538	1.05684	1.14286	1.51035e-012
-23.6971	-32.2738	1.51419	1.61857	4	0.117164
-1.16671	-5.46591	1.12065	1.05684	1	0.0135795
-0.971549	-5.46591	1.21705	2.32747	4	0.325111
-2.64646	-19.7558	2.65494	1.97944	2	0.000192644
-0.903471	-19.7558	2.60607	2.50808	4	0.00897707
-4.63305	-37.9016	0.314677	0.606339	0.8	8.70048e-019
-2.87004	-33.1003	4.96116	3.23063	4	0.000522143
-2.87004	-33.1003	5.03748	3.28034	4	0.000522143
-4.02284	-33.1003	4.65586	2.82409	1.6	1.28051e-008
-18.8814	-33.1003	4.63041	2.12387	4	0.0285893
-2.87004	-35.9243	2.76527	3.28034	2.66667	4.1378e-006
-4.44755	-35.9243	1.36867	2.69111	4	0.000382345
-5.46591	-35.9243	1.29884	1.12065	4	0.0004932
-19.7558	-35.9243	2.29042	2.67122	4	0.0175601
-2.64646	-35.9243	2.27646	1.97944	1.6	9.27393e-010
-21.8371	-35.9243	1.99714	1.73055	4	0.0295463
-0.971549	-36.5766	1.56572	2.55791	2.66667	1.58979e-006
-0.316301	-36.5766	1.60803	2.57616	1.6	1.43784e-010
-12.0465	-36.5766	1.59393	3.12101	1.6	2.19623e-007
-0.971549	-35.7774	1.94908	2.55791	2	2.76693e-008
-12.0465	-35.7774	1.9842	3.12101	1.33333	1.86351e-008
-0.316301	-35.7774	2.00176	2.57616	1.33333	2.8156e-012
-0.143547	-25.3893	2.65643	3.04956	4	0.00181542
-7.61724	-25.3893	2.46772	2.61481	2	0.000138307
-0.143547	-25.3893	2.64191	3.0329	4	0.00181542
-2.87004	-36.6302	5.17708	3.28034	2	4.66742e-008
-10.3097	-36.6302	1.90872	0.678686	4	0.00138768
-32.2738	-36.6302	2.03946	1.51419	4	0.336518
-12.0465	-32.9541	2.0617	3.12101	1.14286	1.13486e-008
-0.316301	-32.9541	2.07995	2.57616	1.14286	3.95719e-013
-0.971549	-32.9541	2.02521	2.55791	1.6	2.08376e-009
-2.87004	-36.6052	3.17927	3.23063	2.66667	3.20533e-006
-19.7558	-36.6052	2.60863	2.60607	4	0.0148114
-0.316301	-36.6052	1.85865	2.57616	1	1.73748e-016
-7.5134	-11.2302	1.24108	2.29031	1.6	0.0979768
-4.81138	-35.6181	2.44229	3.23489	4	0.000452069
-11.2302	-35.6181	1.28716	1.16631	4	0.00224969
-25.3893	-35.6181	3.01986	2.65643	4	0.0775218
-0.0035099	-8.45353	2.71491	2.50433	4	0.120935
-2.87004	-8.45353	2.67377	3.23063	2	0.061314
-0.0035099	-7.2117	1.74698	1.89722	4	0.164961
-4.81138	-20.0143	2.37338	3.23489	2.66667	0.0033423
-4.02284	-16.9909	2.00444	2.7315	2	0.00152768
-0.971549	-27.7194	2.98568	2.55791	1.33333	1.93945e-009
-0.971549	-18.5866	1.08972	2.55791	1.14286	2.02371e-007
-12.0465	-18.5866	1.10936	3.12101	1	0.00144432
-7.61724	-37.5461	1.51238	2.61481	1.6	7.52143e-009
-16.9909	-37.5461	1.62803	2.07239	4	0.00586474
-25.3893	-37.5461	1.61914	2.64191	4	0.0478738
-20.0143	-36.8722	1.43899	2.37338	4	0.0147799
-7.2117	-36.8722	1.46816	1.75862	4	0.000602071
-7.2117	-36.8722	1.45844	1.74698	4	0.000602071
-0.204269	-5.26679	1.22593	1.21183	4	0.282061
-0.0815903	-0.424186	2.79541	3.77774	4	0.917916
-1.27182	-33.4679	0.858122	1.30409	0.888889	1.86045e-016
-0.424186	-33.4679	1.84045	2.79541	4	0.000258422
-0.204269	-33.4679	2.23563	2.12339	4	0.000244597
-0.971549	-33.4679	1.25331	2.55791	1	7.70961e-015
-0.424186	-33.4679	1.91948	2.91546	4	0.000258422
-7.2117	-33.4679	1.69366	1.74698	2.66667	5.29556e-005
-20.0143	-33.4679	0.880704	1.25084	4	0.0346178
-16.9909	-33.4679	1.99852	2.00444	4	0.0162567
-5.26679	-11.3642	1.70678	1.98535	4	0.21776
-8.45353	-18.8234	3.37306	2.67377	4	0.0748359
-11.3642	-18.8234	3.16549	1.70678	4	0.15493
-7.4578	-8.21913	0.989498	1.3787	4	0.826684
-7.4578	-23.1923	1.09506	1.56756	4	0.0195726
-0.971549	-20.779	1.29049	2.55791	0.888889	2.10111e-010
-0.424186	-37.9246	0.865246	2.79541	2.66667	7.81033e-007
-11.3642	-37.9246	0.939561	1.65082	4	0.00130692
-8.21913	-37.9246	0.603074	0.989498	4	0.000595349
-7.2117	-37.9246	0.801547	1.75862	2.66667	9.95606e-006
-23.1923	-37.9246	0.564783	1.06867	4	0.0251457
-1.76608	-36.1261	1.86438	2.11441	4	0.000185957
-7.2117	-36.1261	1.88957	1.74698	2	5.26412e-007
-8.21913	-23.6697	0.783678	0.989498	2.66667	0.00304594
-23.2653	-23.6697	0.869561	1.39084	4	0.903847
-23.6697	-33.9429	1.6887	0.783678	4	0.0766648
-0.424186	-33.9429	3.77067	2.79541	2	5.26627e-008
-23.1923	-33.9429	1.92003	1.09506	4	0.0680406
-0.424186	-14.2835	3.8346	2.79541	1.6	0.000173022
-0.492615	-14.2835	1.78791	0.985615	4	0.0318178
-1.76608	-24.9694	1.52113	2.11441	2.66667	0.000166376
-1.76608	-3.96366	1.55746	2.11441	2	0.333274
-3.96366	-36.9349	2.20875	1.55746	4	0.000263143
-23.6697	-36.9349	1.20884	0.869561	4	0.0362863
-14.2835	-36.9349	1.13422	1.78791	4	0.00347262
-0.492615	-2.02744	0.843939	0.946709	4	0.681331
-3.96366	-23.6671	2.51135	1.55746	2.66667	0.000618133
-2.02744	-24.5435	0.919682	0.878622	4	0.00359209
-2.02744	-24.5435	0.883379	0.843939	4	0.00359209
-0.424186	-36.3447	2.02442	2.79541	1.33333	1.99501e-012
-3.96366	-36.3447	1.83812	1.55746	2	9.30145e-008
-3.82671	-3.90266	1.50588	0.704547	4	0.981193
-3.90266	-35.2836	1.19343	1.50588	4	0.000391616
-2.63087	-35.2836	1.04964	1.46241	4	0.000284956
-2.63087	-12.2238	1.67348	2.96489	4	0.0908793
-8.81539	-37.668	1.58071	1.6433	4	0.000736837
-0.231577	-29.6653	0.677971	1.50549	4	0.000637205
-0.231577	-12.9766	0.83885	1.50549	2.66667	0.0084013
-12.9766	-16.4337	2.1667	0.83885	4	0.421357
-8.81539	-16.4337	3.86352	1.6433	2.66667	0.0574496
