1.00849  0.00304108  
1.0044  0.00427114  
0.994525  0.00605885  
0.990938  0.00803124  
0.989345  0.00947205  
0.989345  0.00947205  
0.981511  0.0128511  
0.977153  0.0140586  
0.975216  0.0156281  
0.968454  0.0169391  
0.965015  0.0193657  
0.962834  0.0210315  
0.958752  0.0224614  
0.954285  0.02405  
0.950476  0.0257299  
0.949698  0.0264459  
0.946756  0.0290221  
0.942663  0.0304232  
0.941791  0.0320299  
0.940598  0.0325628  
0.934678  0.0349594  
0.932229  0.0359769  
0.928054  0.0382515  
0.923934  0.0398594  
0.923049  0.0404832  
0.918309  0.0430674  
0.916766  0.0443018  
0.912375  0.0457052  
0.908823  0.04733  
0.905934  0.0489275  
0.904084  0.0506902  
0.899611  0.0520835  
0.897839  0.052972  
0.895715  0.0547493  
0.893356  0.0561138  
0.890144  0.0583115  
0.885028  0.0595071  
0.882241  0.0611271  
0.880031  0.0625475  
0.878436  0.0632696  
0.874357  0.0655603  
0.872245  0.0669635  
0.870116  0.0678251  
0.867914  0.0695205  
0.865414  0.0708502  
0.862234  0.0720034  
0.85866  0.0737264  
0.85582  0.0752392  
0.852785  0.077189  
0.85131  0.0786845  
0.846994  0.0798579  
0.844984  0.0817068  
0.842642  0.0830647  
0.840251  0.0842821  
0.837062  0.0854978  
0.835135  0.0872725  
0.831916  0.0888676  
0.830219  0.0891284  
0.826646  0.091612  
0.825513  0.0931858  
0.821691  0.0945346  
0.821691  0.0945346  
0.816532  0.0972699  
0.814553  0.0980675  
0.811491  0.0998923  
0.809545  0.101274  
0.806183  0.102712  
0.803927  0.104118  
0.801764  0.105139  
0.799483  0.107097  
0.796752  0.108249  
0.793976  0.109706  
0.791784  0.111279  
0.789577  0.112463  
0.786595  0.113898  
0.785461  0.114787  
0.781363  0.116691  
0.779179  0.11787  
0.776744  0.119259  
0.774056  0.120366  
0.772152  0.122083  
0.769447  0.123288  
0.767496  0.124782  
0.764889  0.125828  
0.762239  0.127402  
0.759784  0.128735  
0.75749  0.130136  
0.755275  0.131137  
0.753501  0.132795  
0.751956  0.13444  
0.749973  0.134814  
0.746353  0.136682  
0.74527  0.138176  
0.741585  0.139324  
0.739809  0.140653  
0.737909  0.142123  
0.735366  0.143151  
0.733221  0.144305  
0.731221  0.146072  
0.728714  0.147237  
0.726468  0.14825  
0.723656  0.149835  
0.721785  0.150748  
0.718917  0.152419  
0.717568  0.153684  
0.71601  0.154304  
0.713634  0.15627  
0.71064  0.157631  
0.707842  0.159072  
0.706324  0.160244  
0.704188  0.161662  
0.702405  0.162732  
0.699506  0.164043  
0.698538  0.164566  
0.695673  0.166764  
0.69509  0.167311  
0.692068  0.169248  
0.69044  0.170099  
0.687622  0.171886  
0.685457  0.172763  
0.683011  0.174437  
0.681122  0.175633  
0.679868  0.17609  
0.676878  0.177902  
0.676063  0.179289  
0.672083  0.180345  
0.67118  0.181501  
0.668106  0.182974  
0.666939  0.18384  
0.664487  0.185698  
0.662405  0.186632  
0.66095  0.18798  
0.658728  0.18856  
0.65737  0.190061  
0.65382  0.191868  
0.65315  0.192509  
0.649888  0.194253  
0.648499  0.19547  
0.645937  0.19653  
0.64353  0.198047  
0.64262  0.19904  
0.640081  0.200367  
0.638373  0.201455  
0.636835  0.202384  
0.634239  0.204198  
0.633133  0.205142  
0.630693  0.206653  
0.628757  0.20743  
0.627172  0.208452  
0.62486  0.21005  
0.623966  0.210486  
0.620972  0.212223  
0.618611  0.213653  
0.617246  0.21463  
0.615226  0.215999  
0.613598  0.217413  
0.611409  0.218486  
0.609721  0.219372  
0.607529  0.220872  
0.605688  0.221853  
0.604334  0.223191  
0.601985  0.224334  
0.600239  0.225546  
0.598273  0.226885  
0.596568  0.228076  
0.594929  0.228992  
0.59277  0.230421  
0.591223  0.231253  
0.588808  0.232745  
0.587171  0.234063  
0.586042  0.234915  
0.583661  0.236115  
0.58184  0.237308  
0.580408  0.238417  
0.578262  0.239713  
0.575969  0.24118  
0.574497  0.242142  
0.572652  0.243419  
0.571092  0.244703  
0.569288  0.245586  
0.56742  0.246825  
0.565544  0.248086  
0.564063  0.249093  
0.562598  0.250081  
0.562598  0.250053  
0.562598  0.250089  
0.562598  0.250081  
0.562598  0.250086  
0.562598  0.250081  
0.562598  0.250089  
0.562598  0.250081  
0.562598  0.250081  
0.562598  0.250086  
0.562598  0.250086  
0.562598  0.250053  
0.562598  0.250086  
0.562598  0.250057  
0.562598  0.250057  
0.562598  0.250086  
0.562598  0.250045  
0.562598  0.250057  
0.562598  0.250089  
0.562598  0.250086  
0.562598  0.250081  
0.562598  0.250077  
0.562598  0.250045  
0.562598  0.250077  
0.562598  0.250086  
0.562598  0.250057  
0.562598  0.250053  
0.562598  0.250089  
0.562598  0.250057  
0.562598  0.250045  
0.562598  0.250042  
0.562598  0.250053  
0.562598  0.250077  
0.562598  0.250077  
0.562598  0.250077  
0.562598  0.250045  
0.562598  0.250086  
0.562598  0.250045  
0.562598  0.250042  
0.562598  0.250089  
0.562598  0.250045  
0.562598  0.250077  
0.562598  0.250053  
0.562598  0.250042  
0.562598  0.250057  
0.562598  0.250086  
0.562598  0.250042  
0.562598  0.250089  
0.562598  0.250042  
0.562598  0.250053  
0.562598  0.250086  
0.562598  0.250086  
0.562598  0.25007  
0.562598  0.25007  
0.562598  0.250086  
0.562598  0.250042  
0.456269  0.324546  
0.456269  0.324546  
0.456269  0.324546  
0.456269  0.324546  
0.456269  0.324546  
0.456269  0.324546  
0.456269  0.324546  
0.456269  0.324546  
0.456269  0.324546  
0.454765  0.325671  
0.454028  0.326223  
0.451936  0.327797  
0.451057  0.328458  
0.449151  0.329945  
0.447652  0.331019  
0.445804  0.332483  
0.444874  0.333161  
0.442998  0.334498  
0.442175  0.335277  
0.44047  0.33646  
0.439152  0.337545  
0.437528  0.338848  
0.435895  0.339858  
0.43457  0.340882  
0.432914  0.342242  
0.431139  0.343555  
0.430015  0.344493  
0.428328  0.345657  
0.427228  0.346563  
0.425661  0.348074  
0.424285  0.348983  
0.422583  0.350052  
0.42133  0.351278  
0.419737  0.352213  
0.418119  0.353525  
0.416832  0.354653  
0.415298  0.35583  
0.414077  0.357039  
0.412573  0.358038  
0.411164  0.359113  
0.409718  0.360252  
0.407838  0.361529  
0.407073  0.362725  
0.405259  0.363668  
0.403677  0.364897  
0.402307  0.366098  
0.400959  0.367093  
0.399325  0.368277  
0.39802  0.369264  
0.396625  0.370405  
0.395246  0.371617  
0.393868  0.372719  
0.392344  0.373897  
0.390831  0.375011  
0.389383  0.376166  
0.38817  0.377245  
0.386889  0.378734  
0.385287  0.37949  
0.38398  0.380442  
0.382456  0.38179  
0.381173  0.382869  
0.379883  0.383839  
0.378175  0.385298  
0.376902  0.386301  
0.375454  0.387469  
0.374071  0.388801  
0.372656  0.389868  
0.371462  0.391088  
0.370002  0.391919  
0.368591  0.393073  
0.36713  0.394291  
0.365989  0.395445  
0.36429  0.396595  
0.363065  0.397791  
0.36147  0.398914  
0.36007  0.400082  
0.358856  0.401203  
0.357405  0.402354  
0.356315  0.403716  
0.354901  0.404533  
0.353453  0.405672  
0.352247  0.406842  
0.350735  0.408261  
0.349606  0.408987  
0.348296  0.410082  
0.346856  0.411275  
0.345241  0.412594  
0.343933  0.413611  
0.343094  0.414325  
0.341321  0.416209  
0.339911  0.417218  
0.338697  0.418085  
0.337202  0.419376  
0.336114  0.42038  
0.334568  0.421728  
0.334568  0.421728  
0.333071  0.423105  
0.331064  0.424654  
0.329134  0.426399  
0.250023  0.500045  
0.250007  0.500045  
0.250023  0.500045  
0.25002  0.500045  
0.25002  0.500045  
0.250021  0.500045  
0.250023  0.500045  
0.250023  0.500045  
0.250021  0.500045  
0.250021  0.500045  
0.250017  0.500045  
0.250023  0.500045  
0.250021  0.500045  
0.250007  0.500045  
0.250011  0.500045  
0.250011  0.500045  
0.250007  0.500045  
0.25004  0.500045  
0.25002  0.500045  
0.250011  0.500045  
0.250023  0.500045  
0.250021  0.500045  
0.250017  0.500045  
0.25002  0.500045  
0.25002  0.500045  
0.250021  0.500045  
0.250023  0.500045  
0.250023  0.500045  
0.250011  0.500045  
0.250023  0.500045  
0.250017  0.500045  
0.250037  0.500045  
0.250037  0.500045  
0.250007  0.500045  
0.250037  0.500045  
0.25002  0.500045  
0.250037  0.500045  
0.250007  0.500045  
0.250037  0.500045  
0.250037  0.500045  
0.250007  0.500045  
0.250011  0.500045  
0.250023  0.500045  
0.250037  0.500045  
0.250017  0.500045  
0.250017  0.500045  
0.250011  0.500045  
0.250037  0.500045  
0.250017  0.500045  
0.250037  0.500045  
0.25004  0.500045  
0.25004  0.500045  
0.25004  0.500045  
0.250029  0.500045  
0.250023  0.500045  
0.250023  0.500045  
0.250037  0.500045  
0.25004  0.500045  
0.250037  0.500045  
0.25004  0.500045  
0.250037  0.500045  
0.24945  0.500721  
0.248156  0.502  
0.246829  0.503232  
0.245742  0.504669  
0.244405  0.505878  
0.243329  0.507105  
0.241754  0.508407  
0.24073  0.509718  
0.239423  0.510841  
0.238291  0.512095  
0.237133  0.513502  
0.235785  0.514688  
0.23448  0.516011  
0.233223  0.517269  
0.232103  0.518488  
0.230796  0.519778  
0.229711  0.520921  
0.228292  0.522391  
0.22709  0.523659  
0.225931  0.524825  
0.224693  0.526203  
0.223497  0.527597  
0.222097  0.528947  
0.220978  0.530054  
0.219583  0.531579  
0.21854  0.532685  
0.217318  0.534122  
0.216126  0.535302  
0.214824  0.536919  
0.213608  0.538066  
0.212637  0.53942  
0.211382  0.540891  
0.209983  0.542078  
0.208727  0.543436  
0.207423  0.544985  
0.206596  0.546195  
0.205229  0.547598  
0.203906  0.548825  
0.202812  0.550087  
0.201548  0.551632  
0.199988  0.55306  
0.199112  0.554391  
0.197925  0.555613  
0.196759  0.556855  
0.1954  0.55858  
0.194288  0.559623  
0.192961  0.5609  
0.191649  0.562577  
0.190469  0.563996  
0.18944  0.565095  
0.188309  0.566892  
0.1869  0.567856  
0.185732  0.569538  
0.184556  0.570939  
0.183218  0.572304  
0.182097  0.573532  
0.180918  0.575005  
0.179743  0.576342  
0.178645  0.577886  
0.177312  0.579416  
0.176127  0.580672  
0.174893  0.581972  
0.173651  0.583493  
0.172421  0.58501  
0.171316  0.586389  
0.170148  0.587887  
0.168946  0.589388  
0.167716  0.590831  
0.166412  0.59228  
0.165285  0.59368  
0.164031  0.595235  
0.162901  0.596686  
0.161512  0.598318  
0.160415  0.599829  
0.15922  0.601145  
0.158108  0.602754  
0.156899  0.60427  
0.155594  0.605667  
0.154323  0.60728  
0.153269  0.608816  
0.151852  0.610526  
0.15074  0.61213  
0.149545  0.613525  
0.148369  0.615115  
0.147103  0.616698  
0.145929  0.618079  
0.144905  0.619795  
0.143692  0.621272  
0.142513  0.62289  
0.141247  0.624525  
0.139978  0.626136  
0.138801  0.627701  
0.137407  0.629579  
0.136239  0.631287  
0.135085  0.63279  
0.134015  0.634381  
0.132702  0.636058  
0.131492  0.637762  
0.130361  0.639254  
0.1294  0.641063  
0.12793  0.642569  
0.126734  0.64424  
0.125653  0.64589  
0.124396  0.647591  
0.123157  0.649479  
0.121971  0.651147  
0.120683  0.652894  
0.119679  0.654362  
0.118456  0.656179  
0.117201  0.657819  
0.116022  0.65983  
0.114804  0.661569  
0.113606  0.663227  
0.112466  0.665088  
0.111245  0.66691  
0.109998  0.668763  
0.108776  0.670393  
0.107529  0.672476  
0.106211  0.674455  
0.105062  0.676319  
0.103816  0.677955  
0.102631  0.679762  
0.101538  0.681929  
0.100281  0.683625  
0.099129  0.685425  
0.0978851  0.687521  
0.0966821  0.689423  
0.0955506  0.691465  
0.0942918  0.693242  
0.0930466  0.695355  
0.0918055  0.697292  
0.0905776  0.699303  
0.0892913  0.701548  
0.0881975  0.70329  
0.0869146  0.705489  
0.0857647  0.70776  
0.0844554  0.709636  
0.0832232  0.711752  
0.0819818  0.713899  
0.0807991  0.715994  
0.0795536  0.718197  
0.0782815  0.720671  
0.0771045  0.722568  
0.0756853  0.725079  
0.0743829  0.727467  
0.0732856  0.729514  
0.0720625  0.731899  
0.0709493  0.734169  
0.0697146  0.736466  
0.0682438  0.739309  
0.0671505  0.741291  
0.0657073  0.743932  
0.0645942  0.746157  
0.0633147  0.748605  
0.0626437  0.75009  
0.0626437  0.75009  
0.0626437  0.75009  
0.0626437  0.75009  
0.0626437  0.75009  
0.0626437  0.75009  
0.0626437  0.75009  
0.0626437  0.75009  
0.0626437  0.75009  
0.0626437  0.75009  
0.0626437  0.75009  
7.48145e-006  1.00198  
7.48145e-006  1.00198  
7.48145e-006  1.00198  
7.48145e-006  1.00198  
7.48145e-006  1.00198  
7.48145e-006  1.00198  
7.48145e-006  1.00198  
7.48145e-006  1.00198  
7.48145e-006  1.00198  
7.48145e-006  1.00198  
7.48145e-006  1.00198  
7.48145e-006  1.00198  
7.48145e-006  1.00198  
7.48145e-006  1.00198  
7.48145e-006  1.00198  
7.48145e-006  1.00198  
7.48145e-006  1.00198  
7.48145e-006  1.00198  
7.48145e-006  1.00198  
7.48145e-006  1.00198  
7.48145e-006  1.00198  
7.48145e-006  1.00198  
7.48145e-006  1.00198  
7.48145e-006  1.00198  
7.48145e-006  1.00198  
7.48145e-006  1.00198  
7.48145e-006  1.00198  
7.48145e-006  1.00198  
7.48145e-006  1.00198  
7.48145e-006  1.00198  
7.48145e-006  1.00198  
7.48145e-006  1.00198  
7.48145e-006  1.00198  
7.48145e-006  1.00198  
7.48145e-006  1.00198  
7.48145e-006  1.00198  
