1.92044  0.563023  
0.440208  0.563679  
0.438728  0.564037  
0.438728  0.564037  
0.436464  0.565372  
0.436385  0.565965  
0.435686  0.566505  
0.435504  0.566685  
0.435504  0.566685  
0.433488  0.567913  
0.432676  0.568572  
0.432335  0.569484  
0.431287  0.570195  
0.430857  0.570562  
0.429245  0.571167  
0.429245  0.571167  
0.429202  0.572685  
0.429202  0.572685  
0.428144  0.573521  
0.428144  0.573521  
0.426102  0.574746  
0.426102  0.574746  
0.424842  0.575401  
0.424137  0.576438  
0.423333  0.577398  
0.423862  0.576894  
0.422273  0.578243  
0.421953  0.579053  
0.421953  0.579053  
0.421644  0.579956  
0.419416  0.581001  
0.419416  0.581001  
0.418971  0.582103  
0.417637  0.58296  
0.417637  0.58296  
0.416541  0.584031  
0.417054  0.584722  
0.415599  0.585174  
0.414728  0.585569  
0.414728  0.585569  
0.41412  0.58701  
0.41412  0.58701  
0.412418  0.588161  
0.41209  0.588935  
0.410897  0.589473  
0.410424  0.589924  
0.410424  0.589924  
0.40907  0.591505  
0.409843  0.591914  
0.407814  0.592433  
0.407408  0.593124  
0.40728  0.593621  
0.406527  0.593759  
0.405907  0.594683  
0.404772  0.59554  
0.404772  0.59554  
0.404641  0.596978  
0.404641  0.596978  
0.402913  0.597873  
0.402655  0.598696  
0.402301  0.598986  
0.400704  0.59958  
0.400704  0.59958  
0.400071  0.600913  
0.399047  0.601306  
0.398653  0.601661  
0.398207  0.602354  
0.398256  0.602876  
0.396594  0.603921  
0.396594  0.603921  
0.39537  0.605437  
0.39537  0.605437  
0.394056  0.606298  
0.394093  0.606539  
0.393872  0.607614  
0.392617  0.608043  
0.392585  0.608263  
0.391421  0.609371  
0.391131  0.609463  
0.390185  0.610559  
0.38931  0.611139  
0.389189  0.611856  
0.389189  0.611856  
0.387617  0.612707  
0.386939  0.613795  
0.386296  0.614215  
0.385576  0.614863  
0.385576  0.614863  
0.384435  0.616256  
0.384321  0.616366  
0.383199  0.617163  
0.383199  0.617163  
0.382215  0.618621  
0.38175  0.619408  
0.38175  0.619408  
0.381489  0.620197  
0.379208  0.621166  
0.379208  0.621166  
0.37917  0.622011  
0.378026  0.622486  
0.37705  0.623394  
0.37705  0.623394  
0.376411  0.624538  
0.375461  0.625391  
0.374724  0.625786  
0.374362  0.626449  
0.37393  0.626821  
0.373398  0.627684  
0.373353  0.628118  
0.372504  0.628764  
0.371431  0.629143  
0.37143  0.630063  
0.370977  0.630273  
0.369835  0.63109  
0.36897  0.631865  
0.368263  0.632254  
0.367986  0.632645  
0.367351  0.633666  
0.366659  0.634019  
0.36536  0.634899  
0.365301  0.635253  
0.36459  0.635937  
0.363906  0.636298  
0.363608  0.636918  
0.36274  0.637731  
0.36274  0.637731  
0.360871  0.63934  
0.360669  0.639676  
0.359694  0.640486  
0.359694  0.640486  
0.358907  0.641395  
0.358424  0.64188  
0.357825  0.642661  
0.357486  0.643141  
0.357486  0.643141  
0.355762  0.644591  
0.355171  0.645258  
0.355171  0.645258  
0.354408  0.646289  
0.353876  0.646827  
0.353335  0.647375  
0.35256  0.648303  
0.3525  0.648418  
0.351886  0.649731  
0.350552  0.650161  
0.350096  0.650876  
0.349517  0.651489  
0.34934  0.651906  
0.349106  0.652034  
0.347772  0.653157  
0.347772  0.653157  
0.347544  0.653728  
0.346279  0.654768  
0.346279  0.654768  
0.345373  0.655517  
0.345373  0.655517  
0.344058  0.657701  
0.344017  0.657629  
0.342698  0.658083  
0.341855  0.659104  
0.341447  0.660042  
0.341245  0.660143  
0.340217  0.660552  
0.33952  0.661648  
0.33932  0.661691  
0.33932  0.661691  
0.337266  0.663526  
0.337266  0.663526  
0.336515  0.664773  
0.335999  0.665335  
0.335268  0.665984  
0.334557  0.666334  
0.334557  0.666334  
0.333383  0.667783  
0.332592  0.668486  
0.332328  0.668955  
0.332328  0.668991  
0.331541  0.669994  
0.331007  0.670012  
0.330195  0.671463  
0.328971  0.672031  
0.328971  0.672031  
0.328444  0.672911  
0.328025  0.673691  
0.327312  0.674648  
0.326672  0.675044  
0.325758  0.676176  
0.325758  0.676176  
0.325758  0.676176  
0.324973  0.67718  
0.323533  0.678621  
0.323533  0.678621  
0.322919  0.67931  
0.322919  0.67931  
0.321249  0.680875  
0.321249  0.680875  
0.320277  0.682201  
0.319711  0.682917  
0.319711  0.682917  
0.319208  0.684114  
0.318305  0.685083  
0.317875  0.685575  
0.316937  0.68609  
0.316785  0.686822  
0.315683  0.687721  
0.315683  0.687721  
0.315683  0.687721  
0.314451  0.68946  
0.313661  0.689899  
0.313661  0.689899  
0.312698  0.691405  
0.312396  0.692016  
0.312396  0.692016  
0.311327  0.693375  
0.310752  0.693174  
0.310752  0.693174  
0.309098  0.695027  
0.309098  0.695027  
0.308469  0.695933  
0.30693  0.696943  
0.30693  0.696943  
0.306177  0.698076  
0.305483  0.69894  
0.305122  0.699126  
0.304634  0.69982  
0.303778  0.700468  
0.303188  0.701417  
0.303188  0.701417  
0.302476  0.702089  
0.301805  0.702835  
0.300781  0.703368  
0.300025  0.704301  
0.299608  0.704583  
0.299608  0.704583  
0.298291  0.705931  
0.298048  0.706009  
0.296954  0.70771  
0.296954  0.70771  
0.295585  0.708238  
0.295427  0.708341  
0.294252  0.709449  
0.294252  0.709449  
0.292958  0.710605  
0.29284  0.711313  
0.291913  0.712198  
0.291329  0.712659  
0.290553  0.713395  
0.290434  0.713154  
0.289096  0.714401  
0.289096  0.714401  
0.287384  0.715201  
0.287384  0.715201  
0.287384  0.715201  
0.286109  0.717242  
0.285258  0.718147  
0.283501  0.718394  
0.283501  0.718394  
0.283295  0.719325  
0.283295  0.719325  
0.281401  0.721009  
0.281317  0.720562  
0.280953  0.721072  
0.28027  0.72224  
0.28027  0.72224  
0.278372  0.723542  
0.277073  0.723943  
0.277073  0.723943  
0.277073  0.723943  
0.27649  0.72438  
0.276005  0.725191  
0.274217  0.726667  
0.274217  0.726667  
0.272955  0.727808  
0.272955  0.727808  
0.272713  0.729513  
0.270603  0.729898  
0.270603  0.729898  
0.270532  0.730078  
0.270049  0.731347  
0.268957  0.731921  
0.268957  0.731921  
0.26771  0.732931  
0.26771  0.732931  
0.267488  0.733255  
0.266853  0.733821  
0.266522  0.734475  
0.265741  0.735761  
0.26391  0.737112  
0.26391  0.737112  
0.263393  0.737873  
0.262682  0.738144  
0.261942  0.738873  
0.260961  0.739757  
0.260961  0.739757  
0.260207  0.741024  
0.259  0.741434  
0.258417  0.742391  
0.258417  0.742391  
0.256959  0.744233  
0.256959  0.744233  
0.256227  0.744469  
0.255345  0.745398  
0.254881  0.745602  
0.254662  0.746613  
0.253975  0.747156  
0.253309  0.747645  
0.252832  0.748126  
0.252504  0.748466  
0.251743  0.749391  
0.250515  0.750182  
0.250515  0.750182  
0.249721  0.751921  
0.249721  0.751921  
0.248022  0.752818  
0.247631  0.752933  
0.247001  0.753406  
0.246964  0.754335  
0.246082  0.755287  
0.245729  0.755655  
0.243477  0.757109  
0.243477  0.757109  
0.243477  0.757109  
0.243102  0.757717  
0.24256  0.758711  
0.241101  0.759599  
0.241101  0.759599  
0.240278  0.760562  
0.240278  0.760562  
0.238986  0.762084  
0.238986  0.762084  
0.237931  0.762563  
0.237228  0.76302  
0.236131  0.764262  
0.236131  0.764262  
0.235593  0.764937  
0.235009  0.765397  
0.234695  0.765571  
0.233115  0.767838  
0.233115  0.767838  
0.23249  0.768085  
0.231841  0.768979  
0.231319  0.769157  
0.230816  0.769557  
0.229963  0.770291  
0.229014  0.771375  
0.229014  0.771375  
0.227649  0.772794  
0.227649  0.772794  
0.226951  0.773713  
0.226951  0.773713  
0.225283  0.774881  
0.225283  0.774881  
0.225223  0.77637  
0.223307  0.77708  
0.223307  0.77708  
0.222542  0.777888  
0.222542  0.777888  
0.221773  0.779099  
0.221773  0.779099  
0.220863  0.780593  
0.220813  0.78139  
0.21939  0.781672  
0.218851  0.782497  
0.218851  0.782497  
0.21703  0.784155  
0.21703  0.784155  
0.215735  0.784496  
0.215582  0.784982  
0.215037  0.785846  
0.215037  0.785846  
0.213613  0.787561  
0.213613  0.787561  
0.213158  0.788534  
0.212285  0.789494  
0.211417  0.789559  
0.211417  0.789559  
0.209393  0.791041  
0.209393  0.791041  
0.209202  0.791502  
0.208437  0.792065  
0.207705  0.792533  
0.206966  0.793528  
0.206609  0.794299  
0.205545  0.795003  
0.205339  0.795251  
0.204119  0.796789  
0.204119  0.796789  
0.203819  0.796865  
0.202798  0.798126  
0.201962  0.798547  
0.201962  0.798547  
0.201444  0.79995  
0.200902  0.801039  
0.198912  0.801443  
0.198912  0.801443  
0.198912  0.801443  
0.1983  0.802586  
0.197726  0.803871  
0.196337  0.804081  
0.196337  0.804081  
0.195698  0.805269  
0.195312  0.805868  
0.193611  0.807078  
0.193611  0.807078  
0.193611  0.807078  
0.192543  0.808329  
0.192037  0.808666  
0.191497  0.808944  
0.191003  0.809757  
0.189962  0.810983  
0.189663  0.811302  
0.189079  0.812037  
0.188862  0.813316  
0.187693  0.813441  
0.187  0.814162  
0.186532  0.814675  
0.185846  0.814684  
0.185369  0.815191  
0.184685  0.816537  
0.184558  0.815665  
0.183087  0.817334  
0.183087  0.817334  
0.182169  0.818261  
0.182169  0.818261  
0.180339  0.82082  
0.180339  0.82082  
0.17985  0.821122  
0.179282  0.822012  
0.178733  0.822031  
0.17755  0.822714  
0.17755  0.822714  
0.176838  0.823935  
0.176228  0.824648  
0.175586  0.824865  
0.175339  0.825933  
0.174192  0.826119  
0.173635  0.82701  
0.173043  0.827787  
0.172641  0.827973  
0.172113  0.828783  
0.170706  0.82986  
0.170706  0.82986  
0.170238  0.830483  
0.16967  0.831276  
0.169274  0.832175  
0.168495  0.832262  
0.167964  0.833164  
0.166887  0.833773  
0.166253  0.834621  
0.166253  0.834621  
0.164994  0.835485  
0.164233  0.836048  
0.164233  0.836048  
0.163208  0.837569  
0.163086  0.837693  
0.162443  0.839438  
0.161478  0.839752  
0.160957  0.839944  
0.160595  0.840552  
0.159697  0.840735  
0.158923  0.841509  
0.158923  0.841509  
0.157965  0.842487  
0.157126  0.844312  
0.157126  0.844312  
0.156499  0.845081  
0.155743  0.845519  
0.155082  0.845615  
0.153817  0.846735  
0.153817  0.846735  
0.15272  0.848649  
0.15272  0.848649  
0.151414  0.849503  
0.151414  0.849503  
0.15095  0.850099  
0.150339  0.850811  
0.149662  0.851125  
0.14908  0.851653  
0.147981  0.853141  
0.147981  0.853141  
0.147485  0.853338  
0.14612  0.854584  
0.14612  0.854584  
0.145508  0.855438  
0.144918  0.856001  
0.144224  0.856965  
0.143656  0.857025  
0.143036  0.858168  
0.142515  0.858439  
0.14167  0.859033  
0.141647  0.858863  
0.1399  0.861177  
0.1399  0.861177  
0.139598  0.861189  
0.138676  0.862212  
0.138208  0.864093  
0.137191  0.864126  
0.13698  0.864294  
0.136205  0.864411  
0.13576  0.864917  
0.134947  0.865562  
0.134297  0.866598  
0.133753  0.867166  
0.13352  0.868466  
0.132516  0.868982  
0.132421  0.869856  
0.131306  0.870063  
0.13034  0.870319  
0.13034  0.870319  
0.129276  0.872838  
0.129276  0.872838  
0.128437  0.873061  
0.127896  0.873431  
0.127192  0.873974  
0.126628  0.874867  
0.126341  0.874637  
0.12516  0.876152  
0.12516  0.876152  
0.1244  0.877204  
0.123637  0.877286  
0.122919  0.877732  
0.122283  0.878884  
0.120728  0.880977  
0.120728  0.880977  
0.120728  0.880977  
0.120196  0.881256  
0.119532  0.881658  
0.119049  0.882585  
0.117821  0.883142  
0.117301  0.883565  
0.115836  0.885575  
0.115836  0.885575  
0.115836  0.885575  
0.115339  0.885788  
0.114669  0.88743  
0.114007  0.887564  
0.112532  0.888396  
0.112532  0.888396  
0.112348  0.889603  
0.111152  0.890587  
0.110576  0.890434  
0.110576  0.890434  
0.109679  0.892409  
0.107898  0.8932  
0.108482  0.893014  
0.107898  0.8932  
0.107499  0.893614  
0.106722  0.894837  
0.106067  0.894956  
0.105105  0.897444  
0.105105  0.897444  
0.104356  0.897804  
0.102652  0.89896  
0.102652  0.89896  
0.102091  0.89907  
0.102091  0.89907  
0.100672  0.901541  
0.100672  0.901541  
0.0989646  0.902174  
0.0989646  0.902174  
0.0989646  0.902174  
0.098129  0.903359  
0.0976872  0.904753  
0.097094  0.90477  
0.0963224  0.906355  
0.0959405  0.907238  
0.0946388  0.90727  
0.0946388  0.90727  
0.0940021  0.908056  
0.0935615  0.909103  
0.0924116  0.909972  
0.0924116  0.909972  
0.0908814  0.912717  
0.0908814  0.912717  
0.0897893  0.913648  
0.0897893  0.913648  
0.0884039  0.91635  
0.0884039  0.91635  
0.08772  0.916857  
0.0869325  0.917739  
0.0869325  0.917739  
0.0854187  0.919569  
0.0854187  0.919569  
0.0837469  0.922197  
0.0837469  0.922197  
0.0837469  0.922197  
0.0827129  0.924472  
0.0827129  0.924472  
0.0817013  0.92791  
0.0810314  0.928495  
0.0809923  0.933717  
0.0799712  0.932373  
0.0795039  0.936648  
0.0785703  0.94526  
0.077947  0.946186  
0.077947  0.946186  
0.0753347  0.953648  
0.0768672  0.953838  
0.0768672  0.953838  
0.0753347  0.953648  
