24.7347  0.0758505  
24.7347  0.0758505  
19.6564  0.0758517  
12.6083  0.0759033  
9.29495  0.0759322  
7.96373  0.0759324  
6.78786  0.0759498  
5.12002  0.0759509  
5.12002  0.0759509  
4.5874  0.0759554  
4.2544  0.0759557  
3.88091  0.0759597  
3.53146  0.0759569  
2.76747  0.0759639  
2.76747  0.0759639  
2.76747  0.0759639  
2.76747  0.0759639  
2.58944  0.0759636  
2.33164  0.0759654  
2.33164  0.0759654  
1.84837  0.0759667  
1.84837  0.0759667  
1.84837  0.0759667  
1.84837  0.0759667  
1.84837  0.0759667  
1.84837  0.0759667  
1.63804  0.0759679  
1.63804  0.0759679  
1.63804  0.0759679  
1.63804  0.0759679  
1.58628  0.0759679  
1.55067  0.0759868  
1.24329  0.0759908  
1.40474  0.0759908  
1.24329  0.0759908  
1.24329  0.0759908  
1.30634  0.075991  
1.30634  0.075991  
1.30634  0.075991  
1.24329  0.0759908  
1.24329  0.0759908  
1.24329  0.0759908  
1.08233  0.0759915  
1.02939  0.0759907  
0.999662  0.0759907  
1.02939  0.0759907  
0.999662  0.0759907  
0.999662  0.0759907  
0.999662  0.0759907  
1.08233  0.0759915  
1.02939  0.0759907  
1.01451  0.0759962  
1.0224  0.0759923  
0.999662  0.0759907  
1.01451  0.0759962  
0.999662  0.0759907  
0.974278  0.075996  
0.965493  0.0759924  
0.959588  0.0760148  
0.959588  0.0760148  
0.941352  0.0760209  
0.930395  0.0760204  
0.927105  0.07602  
0.915405  0.0760794  
0.910638  0.0760967  
0.90728  0.0771313  
0.905858  0.0780944  
0.905858  0.0780944  
0.905858  0.0780944  
0.905181  0.0812624  
0.900825  0.0824279  
0.89948  0.0824284  
0.894314  0.0840688  
0.890754  0.0840698  
0.890673  0.0847122  
0.888428  0.0861348  
0.88482  0.0872522  
0.884816  0.0880693  
0.884816  0.0880693  
0.884816  0.0880693  
0.88279  0.0915194  
0.88279  0.0915194  
0.871469  0.0928206  
0.871454  0.0928461  
0.869743  0.0942594  
0.866308  0.0949268  
0.866308  0.0949268  
0.865401  0.0969603  
0.865374  0.0972481  
0.863014  0.0992964  
0.862838  0.10001  
0.862684  0.10074  
0.862511  0.102081  
0.86236  0.103382  
0.862339  0.103757  
0.862339  0.103757  
0.862339  0.103757  
0.862339  0.103757  
0.861081  0.109518  
0.861081  0.109518  
0.861472  0.109615  
0.861181  0.113092  
0.861181  0.113092  
0.860204  0.114597  
0.860204  0.114597  
0.860204  0.114597  
0.860204  0.114597  
0.860106  0.119238  
0.859819  0.119366  
0.859819  0.119366  
0.859819  0.119366  
0.859819  0.119366  
0.859669  0.125736  
0.859669  0.125736  
0.859669  0.125736  
0.859669  0.125736  
0.859669  0.125736  
0.859669  0.125736  
0.859528  0.133677  
0.859528  0.133677  
0.859528  0.133677  
0.859528  0.133677  
0.859347  0.138469  
0.859426  0.141003  
0.859426  0.141003  
0.859426  0.141003  
0.859347  0.138469  
0.859242  0.145388  
0.859242  0.145388  
0.859056  0.146766  
0.859056  0.146766  
0.859241  0.14782  
0.859051  0.15241  
0.859051  0.15241  
0.859051  0.15241  
0.859051  0.15241  
0.858906  0.15088  
0.858926  0.157628  
0.858926  0.157628  
0.85878  0.16315  
0.858926  0.157628  
0.85878  0.16315  
0.85878  0.16315  
0.85878  0.16315  
0.85878  0.16315  
0.858638  0.171491  
0.858638  0.171491  
0.858638  0.171491  
0.858638  0.171491  
0.858638  0.171491  
0.858679  0.171515  
0.858679  0.171515  
0.858679  0.171515  
0.858679  0.171515  
0.858638  0.171491  
0.858679  0.171515  
0.858679  0.171515  
0.858636  0.189981  
0.858636  0.189981  
0.858567  0.192533  
0.858543  0.190271  
0.858636  0.189981  
0.858543  0.190271  
0.858503  0.192084  
0.85855  0.194892  
0.858544  0.193415  
0.85855  0.194892  
0.858544  0.193415  
0.858403  0.204443  
0.858403  0.204443  
0.858403  0.204443  
0.858503  0.192084  
0.858467  0.212335  
0.858444  0.198047  
0.858403  0.204443  
0.858403  0.204443  
0.858462  0.218155  
0.858503  0.192084  
0.858462  0.218155  
0.858462  0.218155  
0.858403  0.204443  
0.858444  0.198047  
0.858474  0.209713  
0.858474  0.209713  
0.858444  0.198047  
0.858444  0.198047  
0.858444  0.198047  
0.8585  0.19834  
0.858503  0.192084  
0.858462  0.218155  
0.858462  0.218155  
0.858467  0.212335  
0.858463  0.243373  
0.858467  0.212335  
0.858467  0.212335  
0.858444  0.198047  
0.8585  0.19834  
0.858467  0.212335  
0.858463  0.243373  
0.858463  0.243373  
0.858463  0.243373  
0.858462  0.218155  
0.858429  0.266469  
0.858544  0.193415  
0.858463  0.243373  
0.858463  0.243373  
0.858429  0.266469  
0.858429  0.266469  
0.858467  0.212335  
0.8585  0.19834  
0.858525  0.186836  
0.858525  0.186836  
0.858467  0.212335  
0.858397  0.28851  
0.858397  0.28851  
0.858397  0.28851  
0.858397  0.28851  
0.858429  0.266469  
0.858397  0.28851  
0.8585  0.19834  
0.858397  0.28851  
0.614972  0.306306  
0.625851  0.30621  
0.614972  0.306306  
0.673927  0.306336  
0.690585  0.306138  
0.642167  0.306142  
0.729761  0.306172  
0.707087  0.306233  
0.642167  0.306142  
0.614972  0.306306  
0.504399  0.306329  
0.45685  0.306297  
0.501416  0.306324  
0.595263  0.306306  
0.527585  0.306173  
0.642673  0.306242  
0.595263  0.306306  
0.690585  0.306138  
0.707087  0.306233  
0.690585  0.306138  
0.642167  0.306142  
0.625851  0.30621  
0.527585  0.306173  
0.527585  0.306173  
0.510376  0.306281  
0.729761  0.306172  
0.595263  0.306306  
0.595263  0.306306  
0.642673  0.306242  
0.642167  0.306142  
0.595263  0.306306  
0.729761  0.306172  
0.526074  0.306257  
0.707087  0.306233  
0.690585  0.306138  
0.625851  0.30621  
0.690585  0.306138  
0.526074  0.306257  
0.527585  0.306173  
0.690585  0.306138  
0.729761  0.306172  
0.538067  0.306214  
0.538067  0.306214  
0.527585  0.306173  
0.510376  0.306281  
0.515865  0.306283  
0.615167  0.306029  
0.680659  0.306158  
0.642167  0.306142  
0.680659  0.306158  
0.616133  0.306219  
0.680659  0.306158  
0.538067  0.306214  
0.549664  0.306094  
0.625851  0.30621  
0.642167  0.306142  
0.597132  0.306179  
0.615167  0.306029  
0.680659  0.306158  
0.680659  0.306158  
0.597132  0.306179  
0.616133  0.306219  
0.560325  0.306137  
0.524114  0.306236  
0.544889  0.306234  
0.597132  0.306179  
0.524114  0.306236  
0.538067  0.306214  
0.615167  0.306029  
0.560325  0.306137  
0.524114  0.306236  
0.524114  0.306236  
0.538067  0.306214  
0.615167  0.306029  
0.524114  0.306236  
0.538067  0.306214  
0.616133  0.306219  
0.560325  0.306137  
0.558201  0.306032  
0.597132  0.306179  
0.567126  0.306097  
0.597132  0.306179  
0.615167  0.306029  
0.615167  0.306029  
0.521717  0.306204  
0.549664  0.306094  
0.562919  0.306167  
0.542028  0.306153  
0.512261  0.306192  
0.567126  0.306097  
0.524114  0.306236  
0.562919  0.306167  
0.523855  0.306086  
0.549664  0.306094  
0.600431  0.306244  
0.597132  0.306179  
0.549664  0.306094  
0.567126  0.306097  
0.567126  0.306097  
0.558201  0.306032  
0.529656  0.306185  
0.567126  0.306097  
0.559275  0.306136  
0.559275  0.306136  
0.579602  0.306194  
0.559275  0.306136  
0.523855  0.306086  
0.579602  0.306194  
0.572178  0.306219  
0.558201  0.306032  
0.549664  0.306094  
0.558201  0.306032  
0.558201  0.306032  
0.542028  0.306153  
0.562919  0.306167  
0.562919  0.306167  
0.579602  0.306194  
0.567126  0.306097  
0.554082  0.306182  
0.529656  0.306185  
0.532254  0.306153  
0.542028  0.306153  
0.56921  0.306201  
0.515919  0.306157  
0.515919  0.306157  
0.559915  0.306173  
0.532254  0.306153  
0.558201  0.306032  
0.515919  0.306157  
0.515919  0.306157  
0.554082  0.306182  
0.523855  0.306086  
0.479972  0.306208  
0.542028  0.306153  
0.521717  0.306204  
0.512261  0.306192  
0.534568  0.306215  
0.523855  0.306086  
0.479972  0.306208  
0.493686  0.306232  
0.512261  0.306192  
0.523855  0.306086  
0.532254  0.306153  
0.512261  0.306192  
0.523433  0.306119  
0.479972  0.306208  
0.532254  0.306153  
0.523433  0.306119  
0.523855  0.306086  
0.515919  0.306157  
0.515919  0.306157  
0.51369  0.306255  
0.523433  0.306119  
0.523433  0.306119  
0.493686  0.306232  
0.479972  0.306208  
0.523433  0.306119  
0.515919  0.306157  
0.515919  0.306157  
0.479972  0.306208  
0.515919  0.306157  
0.51369  0.306255  
0.515919  0.306157  
0.515919  0.306157  
0.479972  0.306208  
0.479972  0.306208  
0.493349  0.306239  
0.505362  0.306293  
0.493349  0.306239  
0.505362  0.306293  
0.479972  0.306208  
0.479972  0.306208  
0.479972  0.306208  
0.459016  0.306367  
0.472053  0.306376  
0.486856  0.30635  
0.493349  0.306239  
0.493349  0.306239  
0.484376  0.306314  
0.479972  0.306208  
0.459016  0.306367  
0.484376  0.306314  
0.493349  0.306239  
0.452547  0.306315  
0.459016  0.306367  
0.452547  0.306315  
0.472053  0.306376  
0.484376  0.306314  
0.46107  0.306398  
0.484376  0.306314  
0.484376  0.306314  
0.484376  0.306314  
0.472053  0.306376  
0.459016  0.306367  
0.459016  0.306367  
0.470807  0.306531  
0.452547  0.306315  
0.466399  0.306438  
0.472053  0.306376  
0.466399  0.306438  
0.46107  0.306398  
0.46107  0.306398  
0.472053  0.306376  
0.472053  0.306376  
0.463497  0.306379  
0.452547  0.306315  
0.455228  0.306555  
0.462879  0.306593  
0.452547  0.306315  
0.463497  0.306379  
0.463497  0.306379  
0.461968  0.30679  
0.461968  0.30679  
0.46107  0.306398  
0.461968  0.30679  
0.461054  0.306893  
0.457773  0.307225  
0.457773  0.307225  
0.457773  0.307225  
0.454192  0.307253  
0.454192  0.307253  
0.454748  0.307096  
0.454748  0.307096  
0.449103  0.307797  
0.453048  0.307697  
0.449103  0.307797  
0.449103  0.307797  
0.449103  0.307797  
0.449103  0.307797  
0.448794  0.307903  
0.447391  0.308181  
0.445928  0.309208  
0.445928  0.309208  
0.445928  0.309208  
0.445105  0.309777  
0.443367  0.310642  
0.443367  0.310642  
0.443367  0.310642  
0.441975  0.313038  
0.44046  0.31324  
0.44046  0.31324  
0.440027  0.313958  
0.439503  0.315308  
0.438446  0.31588  
0.438446  0.31588  
0.438029  0.31737  
0.436519  0.318488  
0.436519  0.318488  
0.435715  0.320207  
0.43467  0.320792  
0.43467  0.320792  
0.434136  0.321419  
0.433183  0.323379  
0.432723  0.323925  
0.431513  0.32451  
0.431479  0.324875  
0.431074  0.326337  
0.429835  0.326582  
0.428834  0.326768  
0.428724  0.327345  
0.427592  0.328345  
0.427592  0.328345  
0.426729  0.329192  
0.42615  0.33005  
0.425626  0.33137  
0.424641  0.3315  
0.424066  0.332067  
0.423363  0.333327  
0.422587  0.333908  
0.422159  0.334497  
0.421016  0.336034  
0.421016  0.336034  
0.419908  0.337077  
0.41945  0.33735  
0.418842  0.338262  
0.418457  0.339359  
0.416636  0.340599  
0.416636  0.340599  
0.416271  0.341332  
0.415973  0.342037  
0.41498  0.342809  
0.414248  0.344333  
0.413926  0.344326  
0.412813  0.345504  
0.412237  0.346015  
0.411642  0.346985  
0.411295  0.347362  
0.410436  0.34825  
0.410041  0.348808  
0.409225  0.349564  
0.408553  0.350599  
0.407534  0.351376  
0.407519  0.352326  
0.406485  0.352614  
0.405946  0.353293  
0.4055  0.354194  
0.40452  0.354741  
0.403764  0.355866  
0.403509  0.356681  
0.40256  0.35726  
0.40163  0.358372  
0.401399  0.358705  
0.40006  0.360456  
0.40006  0.360456  
0.399607  0.361183  
0.398285  0.362533  
0.398285  0.362533  
0.397761  0.363145  
0.396651  0.364853  
0.396124  0.365599  
0.395644  0.366098  
0.394654  0.366909  
0.393645  0.368707  
0.393628  0.368251  
0.392814  0.369088  
0.392328  0.369973  
0.391822  0.370216  
0.390847  0.371856  
0.389909  0.372731  
0.389675  0.373153  
0.388854  0.373786  
0.388379  0.374744  
0.387599  0.375508  
0.386481  0.377385  
0.386035  0.377225  
0.385409  0.378338  
0.384859  0.379153  
0.384409  0.379617  
0.383732  0.380637  
0.382958  0.381182  
0.382226  0.382574  
0.381756  0.382699  
0.381063  0.383835  
0.380195  0.38442  
0.379742  0.384888  
0.379079  0.3858  
0.378269  0.387043  
0.377847  0.387902  
0.377088  0.390064  
0.376325  0.39011  
0.375493  0.391308  
0.37461  0.392359  
0.374438  0.393341  
0.37343  0.393572  
0.373128  0.393783  
0.372264  0.3952  
0.371734  0.395656  
0.37066  0.396806  
0.369808  0.398137  
0.369808  0.398137  
0.369034  0.399493  
0.367417  0.400742  
0.367417  0.400742  
0.367056  0.401248  
0.366206  0.402246  
0.3656  0.403192  
0.364601  0.404355  
0.364218  0.405706  
0.363406  0.406444  
0.362879  0.406533  
0.361901  0.407676  
0.36141  0.408177  
0.360897  0.409399  
0.360064  0.410088  
0.359368  0.410839  
0.358729  0.412194  
0.358202  0.412932  
0.357303  0.413815  
0.356722  0.41466  
0.356064  0.415588  
0.354402  0.417252  
0.354402  0.417252  
0.353694  0.418247  
0.353318  0.418615  
0.352697  0.41979  
0.351545  0.443794  
0.35148  0.444068  
0.35071  0.552756  
0.349989  0.716767  
