1.21713  2.2901  0.000243648  
2.3268  0.000457004  0.000140477  
0.00419482  7.26655  0.000556511  
2.3268  0.000457004  0.000140477  
0.891795  0.545598  0.0135071  
0.00419482  7.26655  0.000556511  
2.289  0.000567218  0.000140327  
1.00635  0.110278  0.0197562  
0.164702  1.01267  0.0165329  
0.00419482  7.26655  0.000556511  
2.289  0.000567218  0.000140327  
1.00635  0.110278  0.0197562  
0.732202  0.731061  0.0302562  
0.164702  1.01267  0.0165329  
0.00419482  7.26655  0.000556511  
2.289  0.000567218  0.000140327  
1.00635  0.110278  0.0197562  
0.87968  0.524959  0.0449163  
0.515152  0.874771  0.0130948  
0.164702  1.01267  0.0258884  
0.00419482  7.26655  0.000556511  
2.289  0.000567218  0.000140327  
1.00635  0.110278  0.0197562  
1.00635  0.110278  0.0197562  
0.732202  0.731061  0.0302562  
0.0947291  1.00367  0.0451392  
0.164702  1.01267  0.0258884  
0.00419482  7.26655  0.000556511  
2.289  0.000567218  0.000140327  
1.00635  0.110278  0.0197562  
1.00354  0.102668  0.0518126  
0.87574  0.515688  0.0241007  
0.512492  0.871773  0.064858  
0.0838812  1.00206  0.0534012  
0.164702  1.01267  0.0258884  
0.00419482  7.26655  0.000556511  
2.289  0.000567218  0.000140327  
1.00635  0.110278  0.0197562  
1.00354  0.102668  0.0518126  
0.87574  0.515688  0.0241007  
0.726224  0.725644  0.0794795  
0.512492  0.871773  0.064858  
0.0838812  1.00206  0.0534012  
0.151944  1.01019  0.0294792  
0.00419482  7.26655  0.000556511  
2.289  0.000567218  0.000140327  
1.00635  0.110278  0.0197562  
1.00354  0.102668  0.0518126  
1.0008  0.0844703  0.0750235  
0.87574  0.515688  0.0241007  
0.512492  0.871773  0.064858  
0.0686645  0.998732  0.0839441  
0.0838812  1.00206  0.0534012  
0.151944  1.01019  0.032841  
0.00265264  7.61955  0.000208575  
2.289  0.000567218  0.000140327  
1.00635  0.110278  0.0197562  
1.00354  0.102668  0.0518126  
1.0008  0.0844703  0.0750235  
0.87574  0.515688  0.0241007  
0.711271  0.711106  0.0975655  
0.512492  0.871773  0.064858  
0.0686645  0.998732  0.0839441  
0.0838812  1.00206  0.0534012  
0.129021  1.00779  0.0349278  
0.00265264  7.61955  0.000208575  
2.289  0.000567218  0.000140327  
1.00635  0.110278  0.0197562  
1.00354  0.102668  0.0518126  
1.00044  0.0938271  0.0885586  
0.87574  0.515688  0.0241007  
0.711271  0.711106  0.0975655  
0.711271  0.711106  0.0975655  
0.512492  0.871773  0.064858  
0.0686645  0.998732  0.0839441  
0.0811074  1.00129  0.0593082  
0.0338505  1.21662  0.0358134  
0.00265264  7.61955  0.000208575  
2.289  0.000567218  0.000140327  
1.00465  0.0947701  0.0229409  
1.00354  0.102668  0.0518126  
1.00023  0.0965917  0.0933499  
0.998987  0.0968042  0.105351  
0.871704  0.51777  0.120751  
0.711271  0.711106  0.0975655  
0.510783  0.867599  0.131057  
0.103539  0.998115  0.118529  
0.0686645  0.998732  0.0839441  
0.0622931  0.999908  0.062462  
0.0653456  1.00173  0.0329059  
0.00265264  7.61955  0.000208575  
2.289  0.000567218  0.000140327  
1.21681  0.0335449  0.0357939  
1.00354  0.102668  0.0518126  
1.00023  0.0965917  0.0933499  
0.998987  0.0968042  0.105351  
0.871704  0.51777  0.120751  
0.710987  0.710759  0.141732  
0.710987  0.710759  0.141732  
0.50859  0.865351  0.13561  
0.0920555  0.996013  0.126515  
0.0686645  0.998732  0.0839441  
0.0622931  0.999908  0.062462  
0.0653456  1.00173  0.0329059  
0.00265264  7.61955  0.000208575  
2.289  0.000567218  0.000140327  
1.21681  0.0335449  0.0357939  
1.00269  0.0955241  0.0601655  
1.00023  0.0965917  0.0933499  
0.996123  0.0948772  0.129801  
0.87574  0.515688  0.0241007  
0.871704  0.51777  0.120751  
0.710816  0.710887  0.163423  
0.510458  0.864611  0.157984  
0.508295  0.865351  0.141772  
0.0920555  0.996013  0.126515  
0.0686645  0.998732  0.0839441  
0.0622931  0.999908  0.062462  
0.0653456  1.00173  0.0329059  
0.000957534  8.0939  0.000468741  
2.289  0.000567218  0.000140327  
1.21681  0.0335449  0.0357939  
1.00269  0.0955241  0.0601655  
0.999383  0.0966491  0.102619  
0.996123  0.0948772  0.129801  
0.992156  0.108004  0.167446  
0.871704  0.51777  0.120751  
0.707165  0.708237  0.190683  
0.707165  0.708237  0.190683  
0.512841  0.864132  0.177119  
0.125686  0.99344  0.167559  
0.0920555  0.996013  0.126515  
0.0732495  0.997628  0.101217  
0.0622931  0.999908  0.062462  
0.0653456  1.00173  0.0329059  
0.000957534  8.0939  0.000468741  
2.289  0.000567218  0.000140327  
1.21681  0.0335449  0.0357939  
1.00215  0.0962474  0.0712468  
0.998987  0.0968042  0.105351  
0.994606  0.0900786  0.136887  
0.990447  0.105235  0.172588  
0.871704  0.51777  0.120751  
0.864612  0.518349  0.196191  
0.708332  0.70775  0.197143  
0.513353  0.864015  0.184451  
0.513353  0.864015  0.184451  
0.125686  0.99344  0.167559  
0.0920555  0.996013  0.126515  
0.0732495  0.997628  0.101217  
0.064882  0.999599  0.069854  
0.0653456  1.00173  0.0329059  
0.000957534  8.0939  0.000468741  
2.289  0.000567218  0.000140327  
1.21681  0.0335449  0.0357939  
1.00215  0.0962474  0.0712468  
0.998987  0.0968042  0.105351  
0.994271  0.0958912  0.145541  
0.990341  0.0920264  0.16766  
0.865475  0.51427  0.185763  
0.864612  0.518349  0.196191  
0.707848  0.707202  0.225663  
0.707277  0.707965  0.225529  
0.514789  0.861715  0.204086  
0.508295  0.865351  0.141772  
0.136847  0.992867  0.179388  
0.0920555  0.996013  0.126515  
0.0732495  0.997628  0.101217  
0.0615834  0.999262  0.0715777  
0.0653456  1.00173  0.0329059  
0.000957534  8.0939  0.000468741  
2.289  0.000567218  0.000140327  
1.21681  0.0335449  0.0357939  
1.0008  0.0844703  0.0750235  
0.998987  0.0968042  0.105351  
0.993402  0.101034  0.150266  
0.988098  0.112111  0.187917  
0.979056  0.0831889  0.220412  
0.864612  0.518349  0.196191  
0.862117  0.528488  0.263901  
0.707848  0.707202  0.225663  
0.515243  0.860689  0.226911  
0.515243  0.860689  0.226911  
0.156936  0.9884  0.217826  
0.140843  0.991826  0.188406  
0.114555  0.995347  0.150189  
0.0797116  0.997193  0.111494  
0.0615834  0.999262  0.0715777  
0.0457381  1.00014  0.0400805  
0.000957534  8.0939  0.000468741  
2.31071  0.000489062  0.000138541  
1.21681  0.0335449  0.0357939  
1.0008  0.0844703  0.0750235  
0.998987  0.0968042  0.105351  
0.992249  0.0924681  0.153032  
0.986872  0.11114  0.194686  
0.977929  0.0961368  0.228954  
0.865475  0.51427  0.185763  
0.862117  0.528488  0.272278  
0.707848  0.707202  0.225663  
0.707277  0.707965  0.225529  
0.515243  0.860689  0.226911  
0.508295  0.865351  0.141772  
0.174845  0.987077  0.233538  
0.141077  0.990565  0.194279  
0.120349  0.995183  0.158798  
0.0797116  0.997193  0.111494  
0.0615834  0.999262  0.0715777  
0.0457381  1.00014  0.0400805  
0.000957534  8.0939  0.000468741  
2.31071  0.000489062  0.000138541  
1.21584  0.0235345  0.0490919  
1.0008  0.0844703  0.0750235  
0.996782  0.0946947  0.122681  
0.991015  0.0901171  0.161953  
0.984514  0.101634  0.202945  
0.976177  0.107196  0.240985  
0.865475  0.51427  0.185763  
0.862117  0.528488  0.272278  
0.851881  0.525566  0.308582  
0.707728  0.707655  0.249316  
0.539063  0.858077  0.320462  
0.515243  0.860689  0.226911  
0.508295  0.865351  0.141772  
0.179187  0.98615  0.245136  
0.152289  0.990377  0.201944  
0.121891  0.993525  0.164029  
0.0797116  0.997193  0.111494  
0.0673471  0.999041  0.082565  
0.0457381  1.00014  0.0400805  
0.000957534  8.14033  0.000468741  
2.31071  0.000489062  0.000138541  
1.21584  0.0235345  0.0490919  
1.00074  0.0887882  0.0836859  
0.996123  0.0948772  0.129801  
0.990341  0.0920264  0.16766  
0.982912  0.106419  0.211379  
0.973823  0.106881  0.25014  
0.961006  0.0888395  0.290529  
0.862117  0.528488  0.272278  
0.851881  0.525566  0.308582  
0.707848  0.707202  0.225663  
0.706559  0.708721  0.321613  
0.53043  0.854806  0.326257  
0.526751  0.858575  0.291041  
0.216263  0.977818  0.295806  
0.183166  0.983902  0.253073  
0.158076  0.988865  0.214005  
0.121891  0.993525  0.164029  
0.0920555  0.996013  0.126515  
0.0673471  0.999041  0.082565  
0.0457381  1.00014  0.0400805  
0.000957534  8.0939  0.000468741  
2.35063  0.000477861  0.000136138  
1.21546  0.0260454  0.054904  
1.00044  0.0924233  0.0882238  
0.996123  0.0948772  0.129801  
0.988377  0.0906995  0.175754  
0.979056  0.0831889  0.220412  
0.970941  0.0984744  0.258877  
0.95801  0.0984988  0.303213  
0.865475  0.51427  0.185763  
0.851881  0.525566  0.308582  
0.847508  0.539721  0.381495  
0.70748  0.707539  0.35309  
0.706559  0.708721  0.321613  
0.531222  0.849715  0.34133  
0.508295  0.865351  0.141772  
0.226501  0.975464  0.310263  
0.19304  0.9825  0.267762  
0.156936  0.9884  0.217826  
0.132912  0.992231  0.180067  
0.0920555  0.996013  0.126515  
0.0671744  0.998186  0.0888891  
0.0457381  1.00014  0.0400805  
0.000957534  8.0939  0.000468741  
2.424  0.000399324  0.000155109  
1.21546  0.0260454  0.054904  
1.00044  0.0924233  0.0882238  
0.994541  0.0944057  0.141262  
0.988098  0.112111  0.187917  
0.977929  0.0961368  0.228954  
0.967427  0.100601  0.272208  
0.955693  0.102863  0.311681  
0.939121  0.10198  0.35779  
0.849813  0.535197  0.357716  
0.847508  0.539721  0.381495  
0.707848  0.707202  0.225663  
0.706559  0.708721  0.321613  
0.535327  0.8481  0.359958  
0.535327  0.8481  0.359958  
0.508295  0.865351  0.141772  
0.230045  0.974242  0.323156  
0.20319  0.980514  0.279276  
0.174845  0.987077  0.233538  
0.140843  0.991826  0.188406  
0.0920555  0.996013  0.126515  
0.0671744  0.998186  0.0888891  
0.0457381  1.00014  0.0400805  
0.000957534  8.14033  0.000468741  
2.424  0.000399324  0.000155109  
1.21546  0.0260454  0.054904  
1.00074  0.0887882  0.0836859  
0.994271  0.0958912  0.145541  
0.986872  0.11114  0.194686  
0.976177  0.107196  0.240985  
0.963755  0.102868  0.286562  
0.94886  0.0928913  0.328685  
0.934031  0.102221  0.370808  
0.865415  0.517141  0.194356  
0.8388  0.546052  0.419156  
0.707848  0.707202  0.225663  
0.70748  0.707539  0.35309  
0.706559  0.708721  0.321613  
0.543134  0.845883  0.411061  
0.514789  0.861715  0.204086  
0.281544  0.963962  0.384605  
0.241855  0.970992  0.3349  
0.212284  0.977843  0.293203  
0.176329  0.985577  0.239739  
0.14411  0.990537  0.19709  
0.109422  0.995268  0.143568  
0.0693296  0.997775  0.0970383  
0.0434525  1.00037  0.0372456  
0.000957534  8.0939  0.000468741  
2.424  0.000399324  0.000155109  
1.21488  0.0227586  0.0621184  
1.00179  0.0790924  0.0561363  
0.992249  0.0924681  0.153032  
0.983884  0.0964262  0.201882  
0.973823  0.106881  0.25014  
0.958302  0.0940266  0.301202  
0.944515  0.105758  0.345785  
0.925449  0.0899222  0.389112  
0.908294  0.103005  0.43074  
0.838415  0.550439  0.43326  
0.834558  0.557587  0.466329  
0.707848  0.707202  0.225663  
0.70572  0.710835  0.46389  
0.563002  0.834064  0.473972  
0.553056  0.840382  0.436033  
0.508295  0.865351  0.141772  
0.288438  0.958658  0.401692  
0.257231  0.966901  0.35659  
0.226299  0.976782  0.307728  
0.182715  0.983843  0.255337  
0.152788  0.989719  0.208421  
0.118129  0.994754  0.153369  
0.0693296  0.997775  0.0970383  
0.0434525  1.00037  0.0372456  
0.000957534  8.0939  0.000468741  
2.424  0.000399324  0.000155109  
1.21488  0.0227586  0.0621184  
1.00179  0.0790924  0.0561363  
0.991015  0.0901171  0.161953  
0.980917  0.0864346  0.213463  
0.970455  0.118286  0.268429  
0.955693  0.102863  0.311681  
0.939121  0.10198  0.35779  
0.920358  0.120608  0.409381  
0.899301  0.0885272  0.446822  
0.851881  0.525566  0.308582  
0.834425  0.563924  0.500254  
0.711569  0.705526  0.505801  
0.70748  0.707539  0.35309  
0.705593  0.710748  0.515475  
0.563002  0.834064  0.473972  
0.531222  0.849715  0.34133  
0.340816  0.945  0.465409  
0.296176  0.955597  0.41695  
0.263802  0.964969  0.367382  
0.230045  0.974242  0.323156  
0.197642  0.982137  0.271545  
0.155788  0.988613  0.212742  
0.126678  0.994402  0.163378  
0.0693296  0.997775  0.0970383  
0.0434525  1.00037  0.0372456  
0.000332606  7.20814  0.00193248  
2.424  0.000399324  0.000155109  
1.21447  0.0200727  0.0696048  
1.00179  0.0790924  0.0561363  
0.990341  0.0920264  0.16766  
0.977908  0.0954444  0.229423  
0.965021  0.111385  0.284159  
0.94886  0.0928913  0.328685  
0.9308  0.100565  0.380012  
0.908625  0.0981742  0.428757  
0.887419  0.0865749  0.468867  
0.866401  0.0940478  0.507459  
0.826046  0.564217  0.528644  
0.820103  0.0896305  0.579111  
0.711569  0.705526  0.505801  
0.705593  0.710748  0.515475  
0.582916  0.820301  0.558838  
0.571627  0.833576  0.535668  
0.50859  0.865351  0.13561  
0.3556  0.938249  0.494452  
0.325321  0.949404  0.44435  
0.281815  0.960878  0.395419  
0.243722  0.970395  0.339266  
0.205045  0.979593  0.285222  
0.164869  0.987015  0.229108  
0.123788  0.994404  0.163358  
0.0693296  0.997775  0.0970383  
0.0434525  1.00037  0.0372456  
0.000332606  7.20814  0.00193248  
2.43491  0.000302257  0.000697488  
1.21447  0.0200727  0.0696048  
1.00179  0.0790924  0.0561363  
0.988377  0.0906995  0.175754  
0.976494  0.105516  0.240372  
0.960862  0.120605  0.300606  
0.942476  0.104819  0.349839  
0.922991  0.119992  0.401932  
0.899301  0.0885272  0.446822  
0.876803  0.110015  0.493411  
0.85358  0.0740626  0.52594  
0.829342  0.0971579  0.567607  
0.806165  0.114902  0.60209  
0.780834  0.0921456  0.631189  
0.70748  0.707539  0.35309  
0.60006  0.809775  0.645249  
0.582916  0.820301  0.558838  
0.543134  0.845883  0.411061  
0.508295  0.865351  0.141772  
0.378952  0.931327  0.518138  
0.340816  0.945  0.465409  
0.296176  0.955597  0.41695  
0.257231  0.966901  0.35659  
0.212284  0.977843  0.293203  
0.162078  0.987461  0.229272  
0.118129  0.994754  0.153369  
0.0693296  0.997775  0.0970383  
0.0352322  1.21551  0.0571184  
0.000332606  7.20814  0.00193248  
2.43491  0.000302257  0.000697488  
1.21447  0.0200727  0.0696048  
1.00179  0.0790924  0.0561363  
0.988377  0.0906995  0.175754  
0.97329  0.115029  0.258535  
0.955789  0.115715  0.314894  
0.934121  0.107468  0.373494  
0.912896  0.101076  0.420133  
0.887419  0.0865749  0.468867  
0.864934  0.134731  0.518568  
0.836412  0.0904022  0.555443  
0.80936  0.0829607  0.593091  
0.783884  0.0869375  0.627294  
0.760647  0.0896002  0.654867  
0.734586  0.522386  0.688206  
0.70373  0.714525  0.628029  
0.607056  0.795613  0.679158  
0.576589  0.822369  0.575347  
0.52141  0.857337  0.267037  
0.433243  0.912237  0.606799  
0.396603  0.922525  0.548768  
0.3556  0.938249  0.494452  
0.303584  0.954787  0.433119  
0.25061  0.968727  0.349767  
0.200027  0.980229  0.283798  
0.155788  0.988613  0.212742  
0.109422  0.995268  0.143568  
0.0693296  0.997775  0.0970383  
0.0352322  1.21551  0.0571184  
0.000332606  7.20814  0.00193248  
2.43491  0.000302257  0.000697488  
1.2136  0.0356586  0.0811844  
1.00179  0.0790924  0.0561363  
0.983378  0.107645  0.210371  
0.967615  0.0899597  0.267136  
0.948742  0.125215  0.338268  
0.924228  0.0938577  0.393737  
0.899301  0.0885272  0.446822  
0.871623  0.0889118  0.498802  
0.844307  0.0850638  0.542128  
0.817949  0.0868879  0.581602  
0.790541  0.0845843  0.618373  
0.761388  0.076807  0.652836  
0.737524  0.107708  0.684264  
0.708529  0.0735662  0.709499  
0.685242  0.0645691  0.730958  
0.65983  0.107697  0.758629  
0.607056  0.795613  0.679158  
0.553056  0.840382  0.436033  
0.500132  0.873632  0.688823  
0.450776  0.904821  0.626566  
0.391678  0.92502  0.556687  
0.341031  0.943171  0.47298  
0.287313  0.958713  0.402415  
0.241751  0.970779  0.344414  
0.194678  0.981553  0.274604  
0.152197  0.989263  0.21075  
0.109422  0.995268  0.143568  
0.0693296  0.997775  0.0970383  
0.0352322  1.21551  0.0832291  
0.000332606  7.20814  0.00193248  
2.78917  0.000353646  0.000286823  
1.2136  0.0356586  0.0811844  
1.00179  0.0790924  0.0561363  
0.979462  0.0968137  0.224356  
0.962228  0.104723  0.291435  
0.939452  0.100305  0.357053  
0.912896  0.101076  0.420133  
0.884837  0.093398  0.474521  
0.85358  0.0740626  0.52594  
0.829342  0.0971579  0.567607  
0.796495  0.100178  0.612564  
0.767366  0.0864995  0.64698  
0.738373  0.0727942  0.678298  
0.708529  0.0735662  0.709499  
0.682926  0.0766541  0.73456  
0.65983  0.107697  0.758629  
0.637975  0.0708888  0.77336  
0.611254  0.441469  0.794542  
0.587843  0.104586  0.815578  
0.535327  0.8481  0.359958  
0.478273  0.881964  0.684796  
0.433243  0.912237  0.606799  
0.373133  0.929258  0.535903  
0.325321  0.949404  0.44435  
0.275978  0.962132  0.395789  
0.233354  0.973345  0.328203  
0.185431  0.983256  0.265313  
0.144623  0.990989  0.200774  
0.104972  0.996531  0.13104  
0.0592568  1.0005  0.0482919  
0.0352322  1.21551  0.0832291  
0.000332606  7.20814  0.00193248  
2.78917  0.000353646  0.000286823  
1.21261  0.00181983  0.093964  
1.00179  0.0790924  0.0561363  
0.976682  0.0896316  0.233998  
0.954506  0.0971695  0.312701  
0.927677  0.0929798  0.385116  
0.899301  0.0885272  0.446822  
0.868326  0.100497  0.505422  
0.836412  0.0904022  0.555443  
0.804229  0.113983  0.604368  
0.772635  0.108517  0.643404  
0.738373  0.0727942  0.678298  
0.708529  0.0735662  0.709499  
0.681164  0.0851764  0.736914  
0.653923  0.0940647  0.76196  
0.631982  0.137943  0.787648  
0.60663  0.115261  0.802978  
0.574554  0.582798  0.819552  
0.551455  0.675005  0.832778  
0.53154  0.525363  0.838937  
0.505696  0.820662  0.848512  
0.46377  0.901241  0.634404  
0.415734  0.916876  0.578053  
0.362837  0.935867  0.509734  
0.311209  0.952159  0.440612  
0.26659  0.964915  0.369955  
0.22425  0.975144  0.312745  
0.1781  0.985724  0.24451  
0.139693  0.991312  0.192983  
0.0985226  0.996582  0.130024  
0.0569073  0.999453  0.067405  
0.0352322  1.21551  0.0832291  
0.000170378  5.71216  0.00248961  
2.78917  0.000353646  0.000286823  
1.21204  0.00404288  0.109698  
1.19201  0.00646645  0.210037  
0.973488  0.0899994  0.245749  
0.945031  0.0960087  0.340808  
0.91751  0.116685  0.41582  
0.883138  0.114524  0.482319  
0.848289  0.0943571  0.538206  
0.811718  0.0888628  0.590626  
0.778475  0.112691  0.637957  
0.742288  0.0757195  0.674654  
0.708529  0.0735662  0.709499  
0.676439  0.0805205  0.740657  
0.649534  0.0922799  0.766103  
0.618497  0.0837995  0.790233  
0.595168  0.079705  0.807776  
0.566014  0.41191  0.829399  
0.53154  0.525363  0.838937  
0.505977  0.512052  0.856987  
0.500634  0.507964  0.866695  
0.480684  0.489606  0.87764  
0.456919  0.736562  0.886586  
0.447473  0.547462  0.895121  
0.39993  0.92097  0.559169  
0.351908  0.938516  0.497584  
0.303584  0.954787  0.433119  
0.259804  0.96667  0.370468  
0.212284  0.977843  0.293203  
0.175594  0.986423  0.242791  
0.130316  0.993349  0.176265  
0.0949535  0.996595  0.126819  
0.0569073  0.999453  0.067405  
0.0352322  1.21551  0.0832291  
0.000170378  5.71216  0.00248961  
2.78917  0.000353646  0.000286823  
1.20933  0.0111899  0.115982  
1.18621  0.044075  0.231521  
0.967615  0.0899597  0.267136  
0.935266  0.0867853  0.364528  
0.899301  0.0885272  0.446822  
0.861191  0.0861955  0.51563  
0.821098  0.0821127  0.576492  
0.783884  0.0869375  0.627294  
0.742288  0.0757195  0.674654  
0.708529  0.0735662  0.709499  
0.674195  0.0673626  0.74169  
0.641927  0.0625688  0.769307  
0.61085  0.0857728  0.796624  
0.584824  0.100883  0.817073  
0.556912  0.389444  0.832505  
0.533982  0.0938668  0.850484  
0.50259  0.506037  0.863962  
0.483868  0.342738  0.876305  
0.465389  0.572955  0.887214  
0.447473  0.547462  0.895121  
0.430344  0.431231  0.903066  
0.411956  0.296321  0.910966  
0.399428  0.785502  0.91771  
0.384724  0.389096  0.924051  
0.340816  0.945  0.465409  
0.293172  0.957362  0.418093  
0.25061  0.968727  0.349767  
0.206371  0.979554  0.285317  
0.166685  0.986722  0.230701  
0.130316  0.993349  0.176265  
0.0949535  0.996595  0.126819  
0.0569073  0.999453  0.067405  
0.0330223  1.21031  0.113043  
0.000170378  5.71216  0.00248961  
2.78917  0.000353646  0.000286823  
1.20786  0.0232461  0.123245  
1.18078  0.0103996  0.247837  
0.967615  0.0899597  0.267136  
0.918503  0.102719  0.409198  
0.880202  0.0887024  0.483309  
0.836412  0.0904022  0.555443  
0.793648  0.0884118  0.615216  
0.749747  0.0936587  0.668199  
0.711781  0.116916  0.711778  
0.670336  0.0762732  0.745771  
0.636388  0.0971903  0.777718  
0.602346  0.0989506  0.804203  
0.573496  0.103941  0.825439  
0.543817  0.0936922  0.844344  
0.514973  0.3623  0.860186  
0.492919  0.36334  0.877379  
0.462623  0.0427833  0.887626  
0.447319  0.0704807  0.897346  
0.421281  0.507591  0.90697  
0.411657  0.505613  0.91439  
0.391214  0.481598  0.920277  
0.375148  0.461059  0.927224  
0.364202  0.696796  0.932015  
0.350301  0.648912  0.936988  
0.337995  0.75931  0.941579  
0.326734  0.898326  0.945585  
0.281188  0.960927  0.391652  
0.241751  0.970779  0.344414  
0.200027  0.980229  0.283798  
0.159053  0.988306  0.219859  
0.118129  0.994754  0.153369  
0.0843542  0.997652  0.106868  
0.0569073  0.999453  0.067405  
0.0345238  1.20868  0.124964  
0.000258904  5.21653  0.00277184  
2.78917  0.000353646  0.000286823  
1.20598  0.0234436  0.143177  
1.16613  0.0292944  0.288834  
0.948372  0.0779283  0.327219  
0.901448  0.111329  0.44661  
0.851825  0.0863278  0.531158  
0.804229  0.113983  0.604368  
0.755185  0.0912835  0.661667  
0.712076  0.108975  0.711167  
0.666584  0.0773612  0.749264  
0.630209  0.13287  0.787402  
0.590889  0.0918687  0.811865  
0.556527  0.0488995  0.832252  
0.524119  0.0952775  0.857014  
0.497077  0.0478144  0.869024  
0.462623  0.0427833  0.887626  
0.447319  0.0704807  0.897346  
0.42515  0.300618  0.907208  
0.404829  0.398708  0.915466  
0.38491  0.275165  0.924107  
0.369907  0.371224  0.930085  
0.352748  0.48812  0.936659  
0.33782  0.536586  0.941914  
0.328722  0.468461  0.945276  
0.315351  0.390265  0.949463  
0.30355  0.641987  0.952835  
0.293903  0.690091  0.956077  
0.284052  0.619574  0.958933  
0.274362  0.687037  0.962108  
0.233354  0.973345  0.328203  
0.194678  0.981553  0.274604  
0.159053  0.988306  0.219859  
0.118129  0.994754  0.153369  
0.0843542  0.997652  0.106868  
0.0569073  0.999453  0.067405  
0.0320792  1.20412  0.147398  
0.000258904  5.21653  0.00277184  
2.81428  0.000321525  0.00015228  
1.20449  0.0263644  0.153448  
1.15278  0.0241664  0.32521  
0.9211  0.0835947  0.398829  
0.871623  0.0889118  0.498802  
0.819221  0.0818554  0.579221  
0.755185  0.0912835  0.661667  
0.712076  0.108975  0.711167  
0.663508  0.0970155  0.754199  
0.615958  0.0611845  0.790315  
0.576195  0.0695285  0.820206  
0.536626  0.056446  0.84584  
0.501726  0.0559764  0.866954  
0.475168  0.0996235  0.88588  
0.447319  0.0704807  0.897346  
0.422125  0.064546  0.908767  
0.400703  0.287269  0.917747  
0.38127  0.272934  0.926066  
0.357325  0.0592619  0.93588  
0.343497  0.0616138  0.941064  
0.328121  0.234116  0.945789  
0.315351  0.390265  0.949463  
0.303576  0.419383  0.954714  
0.290667  0.402562  0.957569  
0.279924  0.392588  0.960448  
0.268962  0.503102  0.963512  
0.259717  0.440185  0.965923  
0.250774  0.403127  0.968309  
0.24164  0.595562  0.970423  
0.234732  0.627758  0.972194  
0.226122  0.600392  0.974154  
0.185467  0.98333  0.264252  
0.153035  0.988749  0.214682  
0.118129  0.994754  0.153369  
0.070336  0.998133  0.0944337  
0.0569073  0.999453  0.067405  
0.0320792  1.20412  0.147398  
0.000258904  5.21653  0.00277184  
2.81428  0.000321525  0.00015228  
1.19424  0.0121615  0.198102  
1.13701  0.00930098  0.358727  
0.948372  0.0779283  0.327219  
0.838818  0.0899105  0.552063  
0.781713  0.0800199  0.628834  
0.712076  0.108975  0.711167  
0.649843  0.0890533  0.765292  
0.598903  0.0785984  0.804808  
0.556527  0.0488995  0.832252  
0.516038  0.0632096  0.858996  
0.482065  0.0921288  0.88112  
0.439117  0.0287097  0.898921  
0.420764  0.0936489  0.91169  
0.396519  0.0446486  0.919042  
0.369222  0.0631027  0.931348  
0.349651  0.0755628  0.939721  
0.328121  0.234116  0.945789  
0.311764  0.0569381  0.951879  
0.295552  0.215725  0.957135  
0.287436  0.20681  0.958121  
0.270269  0.268738  0.963027  
0.262218  0.31957  0.965688  
0.250254  0.35233  0.969473  
0.242156  0.385701  0.970693  
0.233197  0.362025  0.972645  
0.22483  0.353705  0.97461  
0.216398  0.528157  0.976326  
0.208889  0.576818  0.978013  
0.202561  0.416797  0.979463  
0.19515  0.470961  0.980867  
0.189556  0.596061  0.982042  
0.184297  0.823232  0.983028  
0.148667  0.99155  0.196349  
0.10691  0.995894  0.139938  
0.070336  0.998133  0.0944337  
0.0547233  1.00055  0.0456823  
0.0320792  1.20412  0.147398  
0.000258904  5.21653  0.00277184  
2.81428  0.000321525  0.00015228  
1.18901  0.0224677  0.22163  
1.10053  0.0428  0.435412  
0.85358  0.0740626  0.52594  
0.781713  0.0800199  0.628834  
0.712495  0.0927248  0.708245  
0.634818  0.0985094  0.77889  
0.582722  0.0870798  0.817159  
0.534365  0.0715614  0.848435  
0.486415  0.0478803  0.875139  
0.439117  0.0287097  0.898921  
0.414573  0.0635677  0.912086  
0.382123  0.0702378  0.926927  
0.359406  0.0671076  0.935686  
0.328219  0.05533  0.946312  
0.311764  0.0569381  0.951879  
0.29172  0.0403934  0.957319  
0.279932  0.0559208  0.961658  
0.265908  0.191326  0.964476  
0.246728  0.0437388  0.970101  
0.242991  0.0539601  0.971602  
0.230858  0.162038  0.973199  
0.221219  0.270532  0.976311  
0.211616  0.211097  0.977471  
0.202009  0.322656  0.97957  
0.195414  0.279904  0.980899  
0.1887  0.131407  0.982185  
0.181723  0.397175  0.983583  
0.175217  0.321461  0.984655  
0.169702  0.348323  0.985876  
0.164412  0.327688  0.986415  
0.158752  0.607937  0.987406  
0.153799  0.315914  0.988146  
0.149782  0.312151  0.988774  
0.145431  0.595969  0.989469  
0.10691  0.995894  0.139938  
0.070336  0.998133  0.0944337  
0.0547233  1.00055  0.0456823  
0.0126963  1.18504  0.234857  
0.000258904  5.21653  0.00277184  
2.81428  0.000321525  0.00015228  
1.16613  0.0292944  0.288834  
1.05559  0.0126797  0.504701  
0.905153  0.0615478  0.673001  
0.698633  0.0677407  0.718587  
0.629867  0.0806617  0.780884  
0.550538  0.0798079  0.838475  
0.498174  0.0619776  0.869306  
0.439117  0.0287097  0.898921  
0.403493  0.0270684  0.915381  
0.369222  0.0631027  0.931348  
0.343497  0.0616138  0.941064  
0.311764  0.0569381  0.951879  
0.29172  0.0403934  0.957319  
0.274914  0.0587408  0.963342  
0.251979  0.0484334  0.969027  
0.242991  0.0539601  0.971602  
0.227543  0.160576  0.974492  
0.216581  0.155831  0.976711  
0.206098  0.0323211  0.979092  
0.1887  0.131407  0.982185  
0.186969  0.187712  0.98327  
0.176702  0.127643  0.984439  
0.168627  0.206046  0.985962  
0.163303  0.119148  0.986915  
0.157893  0.253201  0.987695  
0.151513  0.259759  0.988498  
0.145661  0.232339  0.989431  
0.140939  0.224442  0.99009  
0.135591  0.334287  0.990923  
0.131412  0.283954  0.991384  
0.127684  0.292855  0.991885  
0.123978  0.296201  0.992327  
0.120158  0.122348  0.992857  
0.116534  0.34007  0.993328  
0.113557  0.252515  0.993597  
0.110142  0.340684  0.993928  
0.070336  0.998133  0.0944337  
0.0547233  1.00055  0.0456823  
0.0180322  1.17337  0.282294  
0.000258904  5.21653  0.00277184  
2.84669  0.000290957  0.000407546  
1.13701  0.00930098  0.358727  
0.954154  0.0254244  0.624932  
0.776942  0.0550656  0.773985  
0.637669  0.0426673  0.855902  
0.514065  0.0461834  0.859075  
0.439117  0.0287097  0.898921  
0.396519  0.0446486  0.919042  
0.351158  0.0847975  0.940081  
0.301203  0.0648168  0.955664  
0.287189  0.0565099  0.959603  
0.260759  0.0521379  0.966925  
0.242991  0.0539601  0.971602  
0.224542  0.0636228  0.976672  
0.208791  0.0383841  0.978656  
0.189781  0.0434774  0.982802  
0.184195  0.0510817  0.984243  
0.169937  0.0360135  0.986119  
0.163303  0.119148  0.986915  
0.155744  0.112671  0.988555  
0.141749  0.101616  0.990076  
0.140927  0.0996228  0.990191  
0.133908  0.133715  0.991369  
0.129426  0.0923129  0.991759  
0.12094  0.171853  0.992756  
0.1182  0.117964  0.993109  
0.114325  0.164621  0.993519  
0.110338  0.176146  0.994032  
0.106296  0.181864  0.994398  
0.102027  0.0712196  0.994843  
0.0986689  0.221577  0.995263  
0.0957512  0.234701  0.995531  
0.0932763  0.211766  0.995684  
0.0904964  0.140315  0.995961  
0.0874693  0.108237  0.99622  
0.0853345  0.210674  0.99636  
0.0820366  0.504359  0.996684  
0.080438  0.406436  0.996814  
0.0781561  0.218857  0.996979  
0.0499308  1.02696  0.538891  
0.0180322  1.17337  0.282294  
0.000258904  5.21653  0.00277184  
2.83283  9.11206e-005  0.00554357  
1.05559  0.0126797  0.504701  
0.772982  0.0348289  0.779035  
0.581067  0.0122135  0.881113  
0.438029  0.0308449  0.899497  
0.377763  0.00928533  0.951809  
0.31692  0.0288764  0.965872  
0.260759  0.0521379  0.966925  
0.21692  0.0476824  0.977289  
0.21692  0.0476824  0.977289  
0.190772  0.0519675  0.983068  
0.177422  0.0449368  0.985194  
0.159572  0.0495844  0.988439  
0.143584  0.0442962  0.990701  
0.134479  0.041605  0.991724  
0.130793  0.0329122  0.991978  
0.113253  0.0371469  0.994216  
0.113253  0.0371469  0.994216  
0.106407  0.0772242  0.994907  
0.102526  0.0764326  0.995134  
0.0979723  0.0704838  0.995357  
0.0933067  0.06633  0.995711  
0.0868655  0.0875536  0.996306  
0.0843742  0.0850659  0.996526  
0.0826396  0.0593313  0.99681  
0.0781447  0.0175211  0.997105  
0.0748612  0.115955  0.997301  
0.071802  0.072927  0.997563  
0.0707767  0.0974637  0.9976  
0.0678682  0.084213  0.997786  
0.0663645  0.0484952  0.997855  
0.0642517  0.0885981  0.998011  
0.0614218  0.122371  0.998146  
0.0603266  0.163841  0.998255  
0.0583175  0.0572911  0.998319  
0.0557082  0.175897  0.998469  
0.0553978  0.25714  0.998498  
0.0538155  0.16083  0.99858  
0.0516584  0.128954  0.998687  
0.0507295  0.133993  0.998728  
0.0494462  0.162426  0.998823  
0.0236419  1.10497  0.42268  
0.000258904  5.21653  0.00277184  
2.83283  9.11206e-005  0.00554357  
0.808225  0.0109027  0.750761  
0.454127  0.0205124  0.92825  
0.305124  0.0149851  0.976247  
0.207229  0.0118544  0.985789  
0.19473  0.00698307  0.98743  
0.155999  0.0101052  0.993902  
0.0938062  0.023373  0.995866  
0.0938062  0.023373  0.995866  
0.0938062  0.023373  0.995866  
0.0938062  0.023373  0.995866  
0.0862203  0.026594  0.996604  
0.069621  0.0144412  0.997681  
0.069621  0.0144412  0.997681  
0.069621  0.0144412  0.997681  
0.0647137  0.00284012  0.998621  
0.061488  0.0278011  0.998495  
0.0506992  0.038135  0.998881  
0.0506992  0.038135  0.998881  
0.0506992  0.038135  0.998881  
0.0431311  0.0315724  0.999119  
0.0468809  0.0345761  0.998985  
0.0431311  0.0315724  0.999119  
0.0431311  0.0315724  0.999119  
0.0387918  0.0384225  0.999269  
0.0387918  0.0384225  0.999269  
0.0383582  0.0170319  0.999399  
0.0347639  0.0484223  0.999421  
0.0347639  0.0484223  0.999421  
0.0336827  0.0411267  0.999462  
0.0327585  0.0323746  0.99949  
0.0320669  0.0314138  0.999529  
0.0303462  0.0480318  0.999559  
0.0302167  0.0681359  0.99956  
0.0292226  0.0621016  0.999601  
0.0285613  0.0898428  0.999613  
0.0276569  0.0339518  0.999636  
0.0269292  0.0325772  0.999654  
0.0260712  0.0682421  0.999669  
0.024853  0.0495527  0.999705  
0.024853  0.0495527  0.999705  
0.0232694  0.290475  0.999735  
0.0232694  0.290475  0.999735  
0.000258904  5.21653  0.00277184  
2.60046  0.000216589  0.0414712  
0.0218456  0.000868285  0.999951  
0.0218456  0.000868285  0.999951  
0.0173835  0.00159585  0.999939  
0.0173835  0.00159585  0.999939  
0.0173835  0.00159585  0.999939  
0.0173835  0.00159585  0.999939  
0.0173835  0.00159585  0.999939  
0.00833026  0.00345992  0.999981  
0.00833026  0.00345992  0.999981  
0.00833026  0.00345992  0.999981  
0.00833026  0.00345992  0.999981  
0.00833026  0.00345992  0.999981  
0.00479931  0.00275269  0.999992  
0.00479931  0.00275269  0.999992  
0.00479931  0.00275269  0.999992  
0.00479931  0.00275269  0.999992  
0.00479931  0.00275269  0.999992  
0.00479931  0.00275269  0.999992  
0.00479931  0.00275269  0.999992  
0.00479931  0.00275269  0.999992  
0.00479931  0.00275269  0.999992  
0.00479931  0.00275269  0.999992  
0.00479931  0.00275269  0.999992  
0.00479931  0.00275269  0.999992  
0.00236757  0.00591438  0.999999  
0.00287256  0.00476152  0.999998  
0.00287256  0.00476152  0.999998  
0.00287256  0.00476152  0.999998  
0.00287256  0.00476152  0.999998  
0.00236757  0.00591438  0.999999  
0.00236757  0.00591438  0.999999  
0.00236757  0.00591438  0.999999  
0.00236757  0.00591438  0.999999  
0.0021045  0.00794414  0.999999  
0.0021045  0.00794414  0.999999  
0.0021045  0.00794414  0.999999  
0.0021045  0.00794414  0.999999  
0.0019722  0.0116762  0.999999  
0.0019722  0.0116762  0.999999  
0.0019722  0.0116762  0.999999  
0.0019722  0.0116762  0.999999  
0.0019722  0.0116762  0.999999  
0.0019722  0.0116762  0.999999  
0.000268716  4.81615  0.0530267  
