0.999832  8.41106e-005  
0.990061  0.00498168  
0.987056  0.00649291  
0.987056  0.00649291  
0.987056  0.00649291  
0.987056  0.00649292  
0.987056  0.00649291  
0.987056  0.00649291  
0.987056  0.00649292  
0.987056  0.00649291  
0.987056  0.00649291  
0.987056  0.00649291  
0.987056  0.00649292  
0.987056  0.00649291  
0.987056  0.00649292  
0.850021  0.078035  
0.850021  0.078035  
0.847917  0.0791846  
0.839875  0.0835539  
0.832132  0.087802  
0.824322  0.0920814  
0.816621  0.0963336  
0.809057  0.100524  
0.80152  0.104737  
0.798653  0.106326  
0.798653  0.106326  
0.798652  0.106327  
0.798652  0.106326  
0.798652  0.106327  
0.798652  0.106326  
0.798652  0.106326  
0.798652  0.106326  
0.798652  0.106326  
0.798652  0.106326  
0.798652  0.106326  
0.798652  0.106327  
0.798652  0.106326  
0.798652  0.106327  
0.665864  0.183995  
0.665864  0.183995  
0.665864  0.183995  
0.665864  0.183995  
0.665864  0.183995  
0.665864  0.183995  
0.660304  0.187409  
0.654277  0.191129  
0.648199  0.194895  
0.642312  0.198557  
0.636373  0.202271  
0.630536  0.205944  
0.624694  0.209626  
0.61893  0.213288  
0.613255  0.216894  
0.612227  0.217551  
0.612227  0.217551  
0.612227  0.217551  
0.612227  0.217551  
0.612227  0.217551  
0.612227  0.217551  
0.612227  0.217551  
0.612227  0.217551  
0.612227  0.217551  
0.612227  0.217551  
0.612227  0.217551  
0.612227  0.217551  
0.612227  0.217551  
0.612227  0.217551  
0.483929  0.30435  
0.483929  0.30435  
0.483929  0.30435  
0.483929  0.30435  
0.483929  0.30435  
0.483929  0.30435  
0.483929  0.30435  
0.483929  0.30435  
0.483929  0.30435  
0.483929  0.30435  
0.483073  0.304969  
0.478359  0.308366  
0.473626  0.311797  
0.468885  0.315257  
0.464234  0.318655  
0.459572  0.322083  
0.454958  0.325506  
0.450343  0.328933  
0.445772  0.332381  
0.441288  0.335721  
0.436625  0.33923  
0.432161  0.342613  
0.428473  0.345422  
0.428473  0.345422  
0.428473  0.345422  
0.428473  0.345422  
0.428473  0.345422  
0.428473  0.345422  
0.428473  0.345422  
0.428473  0.345422  
0.428473  0.345422  
0.428473  0.345422  
0.428473  0.345422  
0.428473  0.345422  
0.428473  0.345422  
0.305587  0.447201  
0.305587  0.447201  
0.305587  0.447201  
0.305587  0.447201  
0.305587  0.447201  
0.305587  0.447201  
0.305587  0.447201  
0.305587  0.447201  
0.305587  0.447201  
0.305587  0.447201  
0.305587  0.447201  
0.305587  0.447201  
0.305587  0.447201  
0.305587  0.447201  
0.305587  0.447201  
0.305587  0.447201  
0.305587  0.447201  
0.302524  0.449998  
0.298606  0.453553  
0.294683  0.457154  
0.290788  0.460753  
0.286923  0.464355  
0.283058  0.467981  
0.279192  0.471626  
0.275343  0.475269  
0.271488  0.478955  
0.26771  0.482593  
0.263893  0.486295  
0.260033  0.490066  
0.256277  0.493762  
0.25244  0.497566  
0.249073  0.500928  
0.249073  0.500928  
0.249073  0.500928  
0.249073  0.500928  
0.249073  0.500928  
0.249073  0.500928  
0.249073  0.500928  
0.249073  0.500928  
0.249073  0.500928  
0.249073  0.500928  
0.134302  0.633527  
0.134302  0.633527  
0.134302  0.633527  
0.134302  0.633527  
0.134302  0.633527  
0.134302  0.633527  
0.134302  0.633527  
0.134302  0.633527  
0.134302  0.633527  
0.134302  0.633527  
0.134302  0.633527  
0.134302  0.633527  
0.134302  0.633527  
0.134302  0.633527  
0.134302  0.633527  
0.134302  0.633527  
0.134302  0.633527  
0.134302  0.633527  
0.134302  0.633527  
0.134302  0.633527  
0.134302  0.633527  
0.134302  0.633527  
0.131363  0.63756  
0.12772  0.642628  
0.124111  0.647708  
0.120452  0.652968  
0.116824  0.658205  
0.113164  0.663601  
0.109534  0.669045  
0.105876  0.674614  
0.102201  0.680312  
0.0985568  0.686062  
0.0948898  0.691958  
0.0911922  0.69802  
0.0875139  0.704172  
0.0838193  0.710499  
0.0801108  0.716983  
0.0791626  0.718642  
0.079162  0.718643  
0.0791626  0.718642  
0.0791626  0.718642  
0.079162  0.718643  
5.3506e-008  1.04464  
5.07655e-008  1.04464  
5.3506e-008  1.04464  
1.70187e-006  1.04464  
9.98011e-008  1.04464  
1.70187e-006  1.04464  
1.20461e-007  1.04463  
1.11455e-007  1.04462  
5.3506e-008  1.04464  
1.20461e-007  1.04463  
1.5296e-007  1.04466  
1.11455e-007  1.04462  
4.8025e-008  1.04465  
5.3506e-008  1.04464  
4.8025e-008  1.04465  
