0.992259  0.0206443  
0.992259  0.0206443  
0.992259  0.0206443  
0.992259  0.0206443  
0.992259  0.0206443  
0.999689  0.0309801  
0.999689  0.0309801  
0.996227  0.0886536  
0.996227  0.0886536  
0.996227  0.0886536  
0.996227  0.0886536  
0.996227  0.0886536  
0.996227  0.0886536  
0.996227  0.0886536  
0.996227  0.0886536  
0.996227  0.0886536  
0.996227  0.0886536  
0.999876  0.0936524  
0.999663  0.157692  
0.999663  0.157692  
0.999663  0.157692  
0.999663  0.157692  
0.999663  0.157692  
0.999663  0.157692  
0.999663  0.157692  
0.999663  0.157692  
0.999663  0.157692  
0.999663  0.157692  
0.999663  0.157692  
0.994284  0.216519  
0.994284  0.216519  
0.994284  0.216519  
0.994284  0.216519  
0.994284  0.216519  
0.994284  0.216519  
0.994284  0.216519  
0.999116  0.223109  
0.993774  0.284097  
0.993774  0.284097  
0.993774  0.284097  
0.993774  0.284097  
0.993774  0.284097  
0.993774  0.284097  
0.993774  0.284097  
0.993774  0.284097  
0.993773  0.284098  
0.993773  0.284098  
0.993773  0.284098  
0.964239  0.314068  
0.964237  0.314069  
0.964237  0.314069  
0.964237  0.314069  
0.930395  0.340961  
0.930395  0.340961  
0.930392  0.340962  
0.930392  0.340962  
0.890503  0.361864  
0.890503  0.361864  
0.890502  0.361865  
0.8905  0.361865  
0.8905  0.361865  
0.852372  0.388733  
0.85237  0.38873  
0.852776  0.389309  
0.852776  0.389309  
0.852776  0.389309  
0.812059  0.41637  
0.812274  0.416638  
0.812059  0.41637  
0.812237  0.416709  
0.812237  0.416709  
0.773275  0.450332  
0.773258  0.45037  
0.773275  0.450332  
0.773241  0.450408  
0.773241  0.450408  
0.773241  0.450408  
0.773241  0.450408  
0.734292  0.488158  
0.734292  0.488158  
0.733553  0.48871  
0.733569  0.488671  
0.733553  0.48871  
0.686457  0.520654  
0.686455  0.520657  
0.686457  0.520654  
0.685708  0.52103  
0.685708  0.52103  
0.685717  0.52101  
0.632087  0.55208  
0.63209  0.552073  
0.632087  0.55208  
0.63209  0.552073  
0.631937  0.552254  
0.631937  0.552254  
0.63194  0.552247  
0.573253  0.585998  
0.573253  0.585998  
0.573253  0.585998  
0.573253  0.585998  
0.573253  0.585998  
0.573251  0.586  
0.573251  0.586  
0.573251  0.586  
0.573251  0.586  
0.521027  0.64017  
0.521026  0.640171  
0.521028  0.640169  
0.521027  0.64017  
0.521028  0.640169  
0.521021  0.642049  
0.521021  0.642049  
0.521021  0.642049  
0.521021  0.642049  
0.455001  0.692908  
0.455001  0.692908  
0.455001  0.692908  
0.455001  0.692908  
0.455001  0.692908  
0.455001  0.692908  
0.455001  0.692908  
0.453556  0.694202  
0.453556  0.694202  
0.453556  0.694202  
0.365051  0.741446  
0.365053  0.741443  
0.365053  0.741444  
0.365053  0.741443  
0.365054  0.741443  
0.365053  0.741444  
0.365053  0.741444  
0.36505  0.741447  
0.365054  0.741443  
0.365043  0.741449  
0.365025  0.74146  
0.365025  0.74146  
0.365024  0.74146  
0.365024  0.74146  
0.261676  0.821425  
0.261675  0.821425  
0.261675  0.821425  
0.261675  0.821425  
0.261676  0.821425  
0.261675  0.821425  
0.261676  0.821425  
0.261675  0.821425  
0.261676  0.821425  
0.261675  0.821425  
0.261675  0.821425  
0.261676  0.821425  
0.261676  0.821425  
0.26104  0.821835  
0.260952  0.82187  
0.260952  0.82187  
0.260952  0.82187  
0.260952  0.82187  
0.256241  0.935107  
0.251291  0.939359  
0.244578  0.948025  
0.238312  0.950356  
0.232428  0.954644  
0.226083  0.959193  
0.219705  0.962314  
0.212814  0.963983  
0.205848  0.967291  
0.199084  0.969373  
0.192968  0.970816  
0.186103  0.973789  
0.178781  0.974934  
0.171753  0.976944  
0.16642  0.977838  
0.160105  0.978893  
0.153351  0.98033  
0.147252  0.981892  
0.14061  0.982176  
0.13358  0.983329  
0.126999  0.984534  
0.121777  0.985022  
0.113715  0.986459  
0.109742  0.986643  
0.103897  0.988488  
0.0966534  0.988762  
0.091946  0.988968  
0.0838801  0.990274  
0.0799955  0.990542  
0.0698811  0.991801  
0.0692456  0.992135  
0.0571397  0.994025  
0.0560672  0.993485  
0.0499271  0.99431  
0.0451187  0.995065  
0.0400863  0.996289  
0.0331525  0.996476  
0.0212314  0.997533  
0.0212314  0.997533  
0.0190478  0.99808  
0.0076815  0.999134  
0.0076815  0.999134  
3.48877e-007  1.00001  
3.48877e-007  1.00001  
