1  0.881259  
1  0.881259  
1  0.881259  
1  0.881259  
1  0.881259  
1  0.881259  
1  0.881259  
1  0.881259  
1  0.881259  
1  0.881259  
1  0.881259  
1  0.881259  
1  0.881259  
1  0.881259  
1  0.881259  
1  0.881259  
1  0.881259  
1  0.881259  
1  0.881259  
1  0.881259  
1  0.881259  
1  0.881259  
1  0.881259  
1  0.881259  
1  0.881259  
1  0.881259  
1  0.881259  
1  0.881259  
1  0.881259  
1  0.881259  
1  0.881259  
1  0.881259  
1  0.881259  
1  0.881259  
1  0.881259  
1  0.881259  
1  0.881259  
1  0.881259  
1  0.881259  
1  0.881259  
1  0.881259  
1  0.881259  
1  0.881259  
1  0.881259  
1  0.881259  
1  0.881259  
1  0.881259  
1  0.881259  
1  0.881259  
1  0.881259  
1  0.881259  
1  0.881259  
1  0.881259  
1  0.881259  
1  0.881259  
1  0.881259  
1  0.881259  
1  0.881259  
1  0.881259  
1  0.881259  
1  0.881259  
1  0.881259  
1  0.881259  
1  0.881259  
1  0.881259  
1  0.881259  
1  0.881259  
1  0.881259  
1  0.881259  
1  0.881259  
1  0.881259  
1  0.881259  
1  0.881259  
1  0.881259  
1  0.881259  
1  0.881259  
1  0.881259  
1  0.881259  
1  0.881259  
1  0.881259  
1  0.881259  
1  0.881259  
1  0.881259  
1  0.881259  
1  0.881259  
1  0.881259  
1  0.881259  
1  0.881259  
1  0.881259  
1  0.881259  
1  0.881259  
1  0.881259  
1  0.881259  
0.999416  0.885494  
0.993773  0.89914  
0.989159  0.911316  
0.984035  0.926063  
0.978849  0.940375  
0.973315  0.95512  
0.968243  0.96934  
0.963205  0.983281  
0.958168  0.997269  
0.953029  1.01221  
0.947677  1.0263  
0.941947  1.04189  
0.936812  1.0568  
0.931271  1.07147  
0.925741  1.08686  
0.92071  1.10133  
0.914409  1.1182  
0.909135  1.13302  
0.903626  1.14965  
0.897702  1.1651  
0.892212  1.18061  
0.886167  1.19824  
0.879817  1.21461  
0.874138  1.23139  
0.86827  1.2485  
0.862191  1.26535  
0.855417  1.28317  
0.849263  1.30067  
0.842971  1.31799  
0.836299  1.33572  
0.829829  1.354  
0.823421  1.37214  
0.816837  1.38951  
0.81048  1.408  
0.803636  1.42746  
0.796729  1.44615  
0.789885  1.46577  
0.783041  1.48547  
0.775909  1.50515  
0.768419  1.52567  
0.761716  1.54435  
0.754728  1.56433  
0.747018  1.58568  
0.739666  1.60636  
0.732283  1.62714  
0.724245  1.64955  
0.716863  1.67052  
0.709269  1.69252  
0.701443  1.71431  
0.693792  1.73347  
0.684659  1.75907  
0.677292  1.78054  
0.668765  1.8057  
0.659916  1.83006  
0.651634  1.8517  
0.642668  1.87756  
0.634696  1.901  
0.62564  1.92602  
0.617001  1.94982  
0.607547  1.97522  
0.598889  2.00057  
0.590089  2.02468  
0.580183  2.05228  
0.571319  2.08038  
0.56119  2.10764  
0.551623  2.13438  
0.54103  2.16569  
0.531638  2.19091  
0.520974  2.21894  
0.511779  2.24535  
0.501191  2.27736  
0.490451  2.30588  
0.478891  2.33825  
0.469123  2.36739  
0.457206  2.40193  
0.446311  2.43248  
0.435041  2.46152  
0.423231  2.49472  
0.412216  2.52706  
0.39985  2.56269  
0.387107  2.59778  
0.375716  2.63021  
0.364285  2.66539  
0.350231  2.70252  
0.338819  2.73738  
0.32492  2.7755  
0.312285  2.81369  
0.299501  2.85452  
0.285006  2.88772  
0.271367  2.92577  
0.256201  2.9694  
0.241223  3.01102  
0.226754  3.05446  
0.212301  3.09248  
0.195941  3.13841  
0.185399  3.18116  
0.169133  3.22049  
0.152943  3.26216  
0.134576  3.31275  
0.120565  3.35258  
0.104511  3.40355  
0.086508  3.45011  
0.0715956  3.49845  
0.0518121  3.55173  
0.0351672  3.60025  
0.017883  3.65221  
2.22816e-008  3.6958  
