0.822864  1.3727  
0.822864  1.3727  
0.822864  1.3727  
0.822864  1.3727  
0.822864  1.3727  
0.822864  1.3727  
0.822864  1.3727  
0.822864  1.3727  
0.822864  1.3727  
0.822864  1.3727  
0.822864  1.3727  
0.822864  1.3727  
0.822864  1.3727  
0.822864  1.3727  
0.822864  1.3727  
0.822864  1.3727  
0.822864  1.3727  
0.822864  1.3727  
0.822864  1.3727  
0.822864  1.3727  
0.822864  1.3727  
0.822864  1.3727  
0.822864  1.3727  
0.822864  1.3727  
0.822864  1.3727  
0.822864  1.3727  
0.822864  1.3727  
0.822864  1.3727  
0.822864  1.3727  
0.822864  1.3727  
0.822864  1.3727  
0.822864  1.3727  
0.822864  1.3727  
0.822864  1.3727  
0.822864  1.3727  
0.822864  1.3727  
0.822864  1.3727  
0.822864  1.3727  
0.822864  1.3727  
0.822864  1.3727  
0.822864  1.3727  
0.822864  1.3727  
0.822864  1.3727  
0.822864  1.3727  
0.822864  1.3727  
0.822864  1.3727  
0.822864  1.3727  
0.822864  1.3727  
0.822864  1.3727  
0.822864  1.3727  
0.822864  1.3727  
0.822864  1.3727  
0.822864  1.3727  
0.822864  1.3727  
0.822864  1.3727  
0.822864  1.3727  
0.822864  1.3727  
0.822864  1.3727  
0.822864  1.3727  
0.822864  1.3727  
0.822864  1.3727  
0.822864  1.3727  
0.822864  1.3727  
0.822864  1.3727  
0.822864  1.3727  
0.822864  1.3727  
0.822864  1.3727  
0.822864  1.3727  
0.822864  1.3727  
0.822864  1.3727  
0.822864  1.3727  
0.822864  1.3727  
0.822864  1.3727  
0.822864  1.3727  
0.822864  1.3727  
0.822864  1.3727  
0.822864  1.3727  
0.822864  1.3727  
0.822864  1.3727  
0.822864  1.3727  
0.822864  1.3727  
0.822864  1.3727  
0.822864  1.3727  
0.822864  1.3727  
0.822864  1.3727  
0.822864  1.3727  
0.822864  1.3727  
0.822864  1.3727  
0.822864  1.3727  
0.822864  1.3727  
0.822864  1.3727  
0.822864  1.3727  
0.822864  1.3727  
0.822864  1.3727  
0.822864  1.3727  
0.822864  1.3727  
0.822864  1.3727  
0.822864  1.3727  
0.822864  1.3727  
0.822864  1.3727  
0.822864  1.3727  
0.822864  1.3727  
0.822864  1.3727  
0.822864  1.3727  
0.822864  1.3727  
0.822864  1.3727  
0.822864  1.3727  
0.822864  1.3727  
0.822864  1.3727  
0.822864  1.3727  
0.822864  1.3727  
0.822864  1.3727  
0.822864  1.3727  
0.822864  1.3727  
0.822864  1.3727  
0.822864  1.3727  
0.822864  1.3727  
0.822864  1.3727  
0.822864  1.3727  
0.822864  1.3727  
0.822864  1.3727  
0.822864  1.3727  
0.822864  1.3727  
0.81826  1.38735  
0.811693  1.40634  
0.805153  1.42456  
0.798773  1.44282  
0.791624  1.46229  
0.785225  1.47979  
0.777977  1.49911  
0.771496  1.51682  
0.764754  1.5369  
0.757429  1.55616  
0.750257  1.57611  
0.743263  1.59594  
0.735957  1.61626  
0.728552  1.63677  
0.721114  1.65802  
0.713514  1.67871  
0.705913  1.6995  
0.698251  1.7212  
0.690455  1.7431  
0.682658  1.76511  
0.682437  1.76561  
0.682437  1.76561  
0.682437  1.76561  
0.682437  1.76561  
0.682437  1.76561  
0.682437  1.76561  
0.682437  1.76561  
0.682437  1.76561  
0.682437  1.76561  
0.682437  1.76561  
0.682437  1.76561  
0.47851  2.33874  
0.47851  2.33874  
0.47851  2.33874  
0.47851  2.33874  
0.47851  2.33874  
0.47851  2.33874  
0.47851  2.33874  
0.47851  2.33874  
0.47851  2.33874  
0.47851  2.33874  
0.47851  2.33874  
0.471058  2.35974  
0.460679  2.38887  
0.45064  2.42008  
0.439504  2.45222  
0.428187  2.48186  
0.416686  2.51665  
0.40534  2.54553  
0.393446  2.57914  
0.382394  2.61432  
0.370563  2.64628  
0.357819  2.67971  
0.346411  2.71426  
0.33368  2.74809  
0.327278  2.76744  
0.327278  2.76744  
0.327278  2.76744  
0.134249  3.31378  
0.134249  3.31378  
0.134249  3.31378  
0.134249  3.31378  
0.134249  3.31378  
0.134249  3.31378  
0.134249  3.31378  
0.134249  3.31378  
0.134249  3.31378  
0.134249  3.31378  
0.134249  3.31378  
0.119595  3.35849  
0.103049  3.40416  
0.086587  3.45161  
0.0696743  3.50195  
0.0528637  3.55124  
0.0338781  3.60742  
0.0153601  3.65469  
0.00027909  3.6965  
