0.983614  0.142136  
0.983613  0.142135  
0.983613  0.142135  
0.983613  0.142135  
0.983613  0.142135  
0.983613  0.142135  
0.983613  0.142135  
0.983614  0.142136  
0.983613  0.142135  
0.983613  0.142135  
0.983614  0.142136  
0.983614  0.142136  
0.983614  0.142136  
0.983614  0.142136  
0.983614  0.142136  
0.983614  0.142136  
0.983614  0.142136  
0.983614  0.142136  
0.983614  0.142136  
0.983614  0.142136  
0.983613  0.142135  
0.983614  0.142136  
0.983614  0.142136  
0.983613  0.142135  
0.983614  0.142136  
0.983612  0.142134  
0.983614  0.142136  
0.983614  0.142136  
0.983614  0.142136  
0.973889  0.298879  
0.973889  0.298879  
0.973889  0.298879  
0.973889  0.298879  
0.973889  0.298879  
0.973889  0.298879  
0.973889  0.298879  
0.973889  0.298879  
0.973889  0.298879  
0.973889  0.298879  
0.973889  0.298879  
0.973889  0.298879  
0.973889  0.298879  
0.973889  0.298879  
0.973889  0.298879  
0.973889  0.298879  
0.973889  0.298879  
0.973889  0.298879  
0.973889  0.298879  
0.973889  0.298879  
0.973889  0.298879  
0.973889  0.298879  
0.973889  0.298879  
0.97389  0.298879  
0.97389  0.298879  
0.97389  0.298879  
0.901517  0.369362  
0.901517  0.369362  
0.901517  0.369362  
0.901511  0.369366  
0.901511  0.369366  
0.901511  0.369366  
0.901509  0.369368  
0.901509  0.369368  
0.901511  0.369366  
0.901511  0.369366  
0.901511  0.369366  
0.829135  0.439996  
0.829137  0.439995  
0.829137  0.439995  
0.829126  0.440004  
0.829125  0.440003  
0.829125  0.440003  
0.829125  0.440003  
0.829126  0.440004  
0.829125  0.440003  
0.750039  0.501253  
0.750041  0.501253  
0.750041  0.501253  
0.750041  0.501253  
0.750041  0.501253  
0.750034  0.501253  
0.750027  0.501254  
0.750028  0.501253  
0.750028  0.501253  
0.750027  0.501254  
0.667064  0.557179  
0.667064  0.557177  
0.667064  0.557177  
0.667069  0.557179  
0.667061  0.557178  
0.667069  0.557179  
0.667053  0.557189  
0.667053  0.557183  
0.667053  0.557183  
0.667053  0.557182  
0.579165  0.606241  
0.579165  0.606241  
0.579165  0.606241  
0.579166  0.606237  
0.579166  0.606237  
0.579166  0.606237  
0.579166  0.606237  
0.579161  0.606269  
0.579159  0.606277  
0.579159  0.606277  
0.579161  0.60627  
0.579161  0.60627  
0.50356  0.672295  
0.503559  0.672297  
0.503558  0.672309  
0.503559  0.672297  
0.50356  0.672295  
0.503558  0.672306  
0.503558  0.672307  
0.503558  0.672312  
0.503558  0.67231  
0.503558  0.672312  
0.503558  0.672312  
0.503558  0.672312  
0.503558  0.672312  
0.446401  0.764134  
0.446402  0.764136  
0.446401  0.764134  
0.446401  0.764135  
0.446401  0.764135  
0.446401  0.764134  
0.4464  0.764134  
0.4464  0.764134  
0.446401  0.764134  
0.327581  0.770319  
0.327581  0.770319  
0.327581  0.770319  
0.351057  0.802849  
0.339318  0.786574  
0.32758  0.770317  
0.356925  0.810989  
0.327581  0.770319  
0.339318  0.786574  
0.339318  0.786574  
0.327579  0.770315  
0.327584  0.770321  
0.339318  0.786574  
0.255082  0.840689  
0.255086  0.840681  
0.25508  0.840687  
0.255081  0.840689  
0.255086  0.840681  
0.255081  0.840689  
0.255086  0.840681  
0.255086  0.840681  
0.25508  0.840688  
0.255085  0.840693  
0.255081  0.840689  
0.255074  0.840707  
0.255072  0.840705  
0.255072  0.840705  
0.180603  0.908335  
0.180605  0.908333  
0.180515  0.908257  
0.17892  0.906025  
0.180603  0.908335  
0.17892  0.906025  
0.179764  0.907178  
0.180561  0.908294  
0.180561  0.908294  
0.179764  0.907178  
0.180594  0.908349  
0.180515  0.908257  
0.18059  0.908354  
0.127362  1.00499  
0.126405  1.00407  
0.128514  1.00683  
0.127414  1.00505  
0.127572  1.0052  
0.127257  1.00489  
0.126405  1.00407  
0.127414  1.00505  
0.128514  1.00683  
0.127257  1.00489  
0.062514  1.08649  
0.0641274  1.08851  
0.0641873  1.08765  
0.0620945  1.0863  
0.062484  1.08692  
0.0620945  1.0863  
0.0627556  1.08671  
0.0627556  1.08671  
0.0636442  1.08806  
0.0636442  1.08806  
0.000227955  1.1687  
0.000227955  1.1687  
0.000228315  1.16869  
0.000228315  1.16869  
0.000228537  1.16868  
0.000228315  1.16869  
0.000228315  1.16869  
0.000228537  1.16868  
0.000228315  1.16869  
0.000228315  1.16869  
9.91914e-006  1.33365  
