0.822864  1.3727  
0.822864  1.3727  
0.822864  1.3727  
0.822864  1.3727  
0.822864  1.3727  
0.822864  1.3727  
0.822864  1.3727  
0.822864  1.3727  
0.822864  1.3727  
0.822864  1.3727  
0.822864  1.3727  
0.822864  1.3727  
0.822864  1.3727  
0.822864  1.3727  
0.822864  1.3727  
0.822864  1.3727  
0.822864  1.3727  
0.822864  1.3727  
0.822864  1.3727  
0.822864  1.3727  
0.822864  1.3727  
0.822864  1.3727  
0.822864  1.3727  
0.822864  1.3727  
0.822864  1.3727  
0.822864  1.3727  
0.822864  1.3727  
0.822864  1.3727  
0.822864  1.3727  
0.822864  1.3727  
0.822864  1.3727  
0.822864  1.3727  
0.822864  1.3727  
0.822864  1.3727  
0.822864  1.3727  
0.822864  1.3727  
0.822864  1.3727  
0.822864  1.3727  
0.822864  1.3727  
0.822864  1.3727  
0.822864  1.3727  
0.822864  1.3727  
0.822864  1.3727  
0.822864  1.3727  
0.822864  1.3727  
0.822864  1.3727  
0.822864  1.3727  
0.822864  1.3727  
0.822864  1.3727  
0.822864  1.3727  
0.822864  1.3727  
0.822864  1.3727  
0.822864  1.3727  
0.822864  1.3727  
0.822864  1.3727  
0.822864  1.3727  
0.822864  1.3727  
0.822864  1.3727  
0.822864  1.3727  
0.822864  1.3727  
0.822864  1.3727  
0.822864  1.3727  
0.822864  1.3727  
0.822864  1.3727  
0.822864  1.3727  
0.822864  1.3727  
0.822864  1.3727  
0.822864  1.3727  
0.822864  1.3727  
0.822864  1.3727  
0.822864  1.3727  
0.822864  1.3727  
0.822864  1.3727  
0.822864  1.3727  
0.822864  1.3727  
0.822864  1.3727  
0.822864  1.3727  
0.822864  1.3727  
0.822864  1.3727  
0.822864  1.3727  
0.822864  1.3727  
0.822864  1.3727  
0.822864  1.3727  
0.822864  1.3727  
0.822864  1.3727  
0.822864  1.3727  
0.822864  1.3727  
0.822864  1.3727  
0.822864  1.3727  
0.822864  1.3727  
0.822864  1.3727  
0.822864  1.3727  
0.822864  1.3727  
0.822864  1.3727  
0.822864  1.3727  
0.822864  1.3727  
0.822864  1.3727  
0.822864  1.3727  
0.822864  1.3727  
0.822864  1.3727  
0.822864  1.3727  
0.822864  1.3727  
0.822864  1.3727  
0.822864  1.3727  
0.822864  1.3727  
0.822864  1.3727  
0.822864  1.3727  
0.822864  1.3727  
0.822864  1.3727  
0.822864  1.3727  
0.822864  1.3727  
0.822864  1.3727  
0.822864  1.3727  
0.822864  1.3727  
0.822864  1.3727  
0.822864  1.3727  
0.822864  1.3727  
0.822864  1.3727  
0.822864  1.3727  
0.822864  1.3727  
0.822864  1.3727  
0.822864  1.3727  
0.822864  1.3727  
0.819212  1.38347  
0.812971  1.40028  
0.806132  1.42079  
0.799673  1.43859  
0.792928  1.45655  
0.786184  1.47611  
0.779161  1.49514  
0.772138  1.51425  
0.76533  1.53326  
0.758522  1.55235  
0.751651  1.57178  
0.744141  1.59248  
0.736775  1.61307  
0.729874  1.63296  
0.722419  1.65394  
0.715199  1.67596  
0.706711  1.69722  
0.699536  1.71835  
0.691976  1.74063  
0.683999  1.76215  
0.682557  1.76695  
0.682557  1.76695  
0.682557  1.76695  
0.682557  1.76695  
0.682557  1.76695  
0.682557  1.76695  
0.682557  1.76695  
0.682557  1.76695  
0.682557  1.76695  
0.682557  1.76695  
0.682557  1.76695  
0.478711  2.33871  
0.478711  2.33871  
0.478711  2.33871  
0.478711  2.33871  
0.478711  2.33871  
0.478711  2.33871  
0.478711  2.33871  
0.478711  2.33871  
0.478711  2.33871  
0.478711  2.33871  
0.478711  2.33871  
0.473081  2.35484  
0.462002  2.38505  
0.451725  2.41694  
0.440742  2.44815  
0.428853  2.4806  
0.418168  2.50909  
0.40705  2.54425  
0.395436  2.57792  
0.382469  2.61227  
0.371828  2.64752  
0.359406  2.67951  
0.346259  2.71713  
0.335064  2.7461  
0.32901  2.76883  
0.32901  2.76883  
0.32901  2.76883  
0.134902  3.318  
0.134902  3.318  
0.134902  3.318  
0.134903  3.318  
0.134903  3.318  
0.134902  3.318  
0.134902  3.318  
0.134902  3.318  
0.134902  3.318  
0.134902  3.318  
0.134903  3.318  
0.119795  3.35562  
0.103158  3.40511  
0.0868945  3.45386  
0.0699876  3.50531  
0.0510981  3.55095  
0.0349435  3.60076  
0.0167693  3.65032  
4.83336e-007  3.6968  
