3.11525  0.125003  
3.11525  0.125003  
3.11525  0.125003  
2.14586  0.125003  
2.50138  0.125003  
2.50138  0.125003  
3.60883  0.125003  
3.11525  0.125003  
3.11525  0.125003  
3.11525  0.125003  
2.14586  0.125003  
2.14586  0.125003  
2.14586  0.125003  
2.04207  0.125003  
1.99844  0.125003  
1.85344  0.125003  
1.60258  0.125003  
1.60258  0.125003  
1.60258  0.125003  
1.50112  0.125003  
1.36132  0.125003  
1.36132  0.125003  
1.29019  0.125003  
1.20727  0.125003  
1.15173  0.125003  
1.05313  0.125003  
1.05313  0.125003  
1.05313  0.125003  
1.01472  0.125003  
1.00231  0.125017  
0.999235  0.127547  
0.996673  0.129184  
0.995442  0.131133  
0.992869  0.132823  
0.991741  0.13435  
0.989169  0.136316  
0.987857  0.13782  
0.986479  0.139438  
0.984106  0.141385  
0.9827  0.143349  
0.980724  0.145097  
0.97935  0.146541  
0.977367  0.148621  
0.975951  0.149896  
0.973836  0.152128  
0.97322  0.153001  
0.970802  0.154956  
0.968377  0.157274  
0.967281  0.15875  
0.965345  0.160873  
0.963632  0.162594  
0.961582  0.164345  
0.960324  0.165278  
0.957711  0.167971  
0.956013  0.169723  
0.954817  0.171449  
0.953233  0.17272  
0.950754  0.174925  
0.949481  0.176687  
0.947537  0.178442  
0.945601  0.180237  
0.944365  0.181759  
0.94243  0.183212  
0.940532  0.185387  
0.939189  0.18668  
0.938058  0.189038  
0.935221  0.190699  
0.933836  0.191988  
0.931729  0.194292  
0.930065  0.195655  
0.928138  0.197243  
0.926518  0.199122  
0.92441  0.201312  
0.923263  0.202398  
0.921394  0.204444  
0.919623  0.20629  
0.917404  0.208026  
0.916579  0.209587  
0.914146  0.211664  
0.912439  0.213329  
0.910691  0.214739  
0.909068  0.216867  
0.907463  0.217991  
0.905277  0.2206  
0.904041  0.222256  
0.902008  0.223835  
0.900147  0.225781  
0.898689  0.227433  
0.896799  0.228651  
0.895175  0.230753  
0.893626  0.232549  
0.891048  0.234385  
0.889497  0.236085  
0.888059  0.237499  
0.886099  0.239494  
0.88476  0.240853  
0.88272  0.242861  
0.881128  0.244878  
0.878942  0.246832  
0.877376  0.248285  
0.875385  0.250323  
0.874757  0.250773  
0.872271  0.253474  
0.870594  0.255315  
0.86899  0.257307  
0.866903  0.259014  
0.865756  0.260932  
0.862768  0.262668  
0.862473  0.264258  
0.859872  0.266232  
0.858943  0.268006  
0.856754  0.269719  
0.854984  0.271436  
0.852894  0.273169  
0.852603  0.274253  
0.849814  0.276325  
0.848426  0.277808  
0.847164  0.280044  
0.844408  0.281905  
0.843348  0.283612  
0.841305  0.284968  
0.838685  0.287382  
0.8376  0.289168  
0.836582  0.290677  
0.833956  0.291823  
0.832077  0.294003  
0.830368  0.295938  
0.828416  0.297753  
0.827453  0.298915  
0.825344  0.301091  
0.823549  0.302374  
0.821789  0.304676  
0.819665  0.306466  
0.817554  0.308177  
0.816889  0.309873  
0.814939  0.311153  
0.813527  0.312985  
0.811261  0.314604  
0.808555  0.31694  
0.807058  0.318534  
0.805366  0.320607  
0.804601  0.321382  
0.801846  0.323975  
0.800321  0.325643  
0.798574  0.327281  
0.797311  0.328631  
0.795111  0.331144  
0.793203  0.332776  
0.791443  0.334524  
0.790134  0.336251  
0.788591  0.337384  
0.786333  0.339695  
0.784638  0.341044  
0.782908  0.342414  
0.781182  0.34493  
0.778914  0.346419  
0.777663  0.348651  
0.775496  0.350204  
0.773959  0.351567  
0.77211  0.353399  
0.77064  0.355486  
0.76881  0.35657  
0.766881  0.359004  
0.765298  0.36003  
0.762947  0.362388  
0.761947  0.364294  
0.760475  0.366432  
0.758216  0.367666  
0.757002  0.369134  
0.755402  0.371761  
0.753421  0.373125  
0.75127  0.375021  
0.750475  0.376502  
0.74772  0.378665  
0.746685  0.379983  
0.744328  0.381908  
0.743479  0.383651  
0.740891  0.385273  
0.739085  0.387417  
0.738154  0.388509  
0.736063  0.390878  
0.734095  0.392253  
0.732128  0.394612  
0.708753  0.391139  
0.708753  0.391139  
0.708753  0.391139  
0.715842  0.396447  
0.706503  0.394545  
0.701396  0.395501  
0.70241  0.397973  
0.701499  0.400374  
0.701598  0.40298  
0.692541  0.4048  
0.692541  0.4048  
0.692882  0.406125  
0.687564  0.406442  
0.688576  0.409111  
0.688576  0.409111  
0.684995  0.412246  
0.678768  0.412113  
0.672135  0.413093  
0.672135  0.413093  
0.670223  0.416146  
0.668801  0.416835  
0.668801  0.416835  
0.666743  0.421438  
0.665086  0.422725  
0.654485  0.422382  
0.654485  0.422382  
0.648674  0.422873  
0.645179  0.423857  
0.64723  0.427456  
0.646196  0.427923  
0.644712  0.431036  
0.635078  0.429781  
0.635078  0.429781  
0.633679  0.433884  
0.631877  0.433725  
0.62908  0.434343  
0.626837  0.43686  
0.62503  0.438654  
0.62503  0.438654  
0.621473  0.440149  
0.618155  0.441737  
0.614973  0.442457  
0.614768  0.443661  
0.613253  0.446214  
0.610021  0.446697  
0.608866  0.448231  
0.606856  0.449865  
0.604141  0.451066  
0.602809  0.452494  
0.600459  0.454149  
0.596639  0.454438  
0.596639  0.454438  
0.59363  0.457126  
0.590097  0.458872  
0.589105  0.460134  
0.588205  0.461888  
0.586833  0.463481  
0.586833  0.463481  
0.586833  0.463481  
0.584436  0.469932  
0.584671  0.47118  
0.576522  0.474222  
0.576522  0.474222  
0.576522  0.474222  
0.57264  0.477379  
0.57264  0.477379  
0.571106  0.480568  
0.5723  0.482988  
0.556722  0.48258  
0.556722  0.48258  
0.556722  0.48258  
0.554769  0.48258  
0.554769  0.48258  
0.554769  0.48258  
0.554769  0.48258  
0.554769  0.48258  
0.527485  0.494391  
0.527485  0.494391  
0.527485  0.494391  
0.527485  0.494391  
0.527485  0.494391  
0.527485  0.494391  
0.527485  0.494391  
0.52091  0.494699  
0.516381  0.495154  
0.516381  0.495154  
0.516381  0.495154  
0.510368  0.495779  
0.509982  0.495819  
0.505468  0.49628  
0.505363  0.497557  
0.50399  0.499167  
0.501412  0.500102  
0.5  0.501027  
0.498332  0.503929  
0.496654  0.504508  
0.493986  0.506568  
0.493986  0.506568  
0.492098  0.509155  
0.489758  0.510555  
0.48941  0.512532  
0.487793  0.514373  
0.486184  0.515263  
0.483892  0.516677  
0.48301  0.518251  
0.481087  0.519818  
0.479453  0.52136  
0.478276  0.522975  
0.47663  0.524405  
0.47504  0.526175  
0.473609  0.528026  
0.472537  0.529428  
0.470809  0.530538  
0.469383  0.532848  
0.468131  0.533843  
0.466031  0.535656  
0.464827  0.537198  
0.463262  0.538143  
0.461452  0.540178  
0.460143  0.541393  
0.457955  0.543015  
0.456708  0.544701  
0.455725  0.54703  
0.453343  0.548082  
0.451926  0.548932  
0.450067  0.550353  
0.448243  0.55222  
0.447372  0.554267  
0.44581  0.55485  
0.445164  0.557481  
0.443101  0.558759  
0.442378  0.560857  
0.440098  0.562348  
0.439082  0.564554  
0.436429  0.566608  
0.435546  0.567667  
0.434982  0.569682  
0.432799  0.570886  
0.430193  0.571067  
0.429984  0.573409  
0.427393  0.57623  
0.426231  0.576548  
0.424939  0.578528  
0.424511  0.581026  
0.421649  0.581414  
0.419471  0.5839  
0.419471  0.5839  
0.418719  0.585877  
0.416812  0.587722  
0.415236  0.589203  
0.412962  0.590953  
0.411765  0.591296  
0.410165  0.594325  
0.408792  0.596072  
0.40552  0.596725  
0.40552  0.596725  
0.40244  0.600883  
0.402418  0.601026  
0.398996  0.60359  
0.398802  0.60359  
0.397912  0.607087  
0.395483  0.608482  
0.394185  0.610381  
0.39063  0.612418  
0.39063  0.612418  
0.388643  0.612724  
0.387351  0.61556  
0.386606  0.6166  
0.38482  0.61893  
0.382738  0.62025  
0.380359  0.621977  
0.380359  0.621977  
0.378969  0.624599  
0.375599  0.626438  
0.374416  0.62786  
0.373389  0.628811  
0.372916  0.631005  
0.371026  0.632175  
0.368194  0.632878  
0.365141  0.635528  
0.365141  0.635528  
0.363496  0.638158  
0.362801  0.639701  
0.360508  0.641145  
0.360018  0.643836  
0.358604  0.645253  
0.355502  0.645985  
0.355502  0.645985  
0.353749  0.649107  
0.352446  0.650615  
0.349435  0.652235  
0.349435  0.652235  
0.346256  0.655024  
0.346078  0.655489  
0.344223  0.658681  
0.341722  0.660463  
0.340893  0.661005  
0.338986  0.663152  
0.337236  0.664585  
0.33654  0.665842  
0.334434  0.667635  
0.333145  0.669195  
0.332031  0.669866  
0.329821  0.671667  
0.32789  0.673409  
0.326694  0.674998  
0.325164  0.676093  
0.323238  0.677842  
0.322105  0.679268  
0.320668  0.680441  
0.319423  0.682306  
0.317456  0.684381  
0.316249  0.685812  
0.314742  0.687647  
0.313017  0.6891  
0.311549  0.690559  
0.310529  0.692052  
0.308134  0.692922  
0.306863  0.694492  
0.304855  0.696172  
0.304195  0.697787  
0.301867  0.699245  
0.300518  0.701301  
0.299161  0.702931  
0.297659  0.703623  
0.296073  0.706193  
0.294714  0.706878  
0.293303  0.708355  
0.290635  0.710865  
0.290159  0.711598  
0.28881  0.713251  
0.286477  0.715988  
0.285838  0.716654  
0.282898  0.719035  
0.282173  0.719504  
0.280617  0.720706  
0.279078  0.722662  
0.277681  0.7247  
0.276438  0.725303  
0.27392  0.727909  
0.272221  0.730517  
0.269342  0.73198  
0.269342  0.73198  
0.267573  0.733656  
0.26722  0.736801  
0.265087  0.738449  
0.26402  0.739572  
0.26173  0.740937  
0.261136  0.74169  
0.25981  0.743942  
0.258559  0.747129  
0.256053  0.748353  
0.252787  0.750271  
0.252787  0.750271  
0.251611  0.754014  
0.250546  0.757078  
0.246804  0.758846  
0.246804  0.758846  
0.246301  0.761102  
0.243686  0.765961  
0.243686  0.765961  
0.237352  0.767404  
0.237352  0.767404  
0.237352  0.767404  
0.237352  0.767404  
0.233751  0.771939  
0.233751  0.771939  
0.231721  0.773486  
0.23071  0.77744  
0.229046  0.777762  
0.227927  0.78025  
0.222811  0.783279  
0.222811  0.783279  
0.222811  0.783279  
0.219798  0.78756  
0.219798  0.78756  
0.218411  0.78804  
0.217078  0.791641  
0.211939  0.792463  
0.211939  0.792463  
0.211939  0.792463  
0.209493  0.797485  
0.209473  0.797529  
0.207149  0.799934  
0.206395  0.802268  
0.202474  0.804315  
0.202474  0.804315  
0.200102  0.804775  
0.198644  0.807149  
0.195062  0.808622  
0.195062  0.808622  
0.195062  0.808622  
0.191255  0.814235  
0.191255  0.814235  
0.190137  0.815126  
0.187185  0.816031  
0.18523  0.817548  
0.184336  0.817699  
0.182796  0.818306  
0.181601  0.81936  
0.179388  0.821708  
0.178124  0.823997  
0.176247  0.824851  
0.175086  0.825277  
0.17393  0.827735  
0.171815  0.829733  
0.170959  0.831287  
0.16858  0.83359  
0.167325  0.83531  
0.165539  0.835571  
0.164318  0.837399  
0.161925  0.839898  
0.161501  0.840585  
0.160136  0.841983  
0.157912  0.843395  
0.156591  0.845519  
0.155309  0.846109  
0.153474  0.847992  
0.152394  0.84952  
0.150158  0.851505  
0.148952  0.852767  
0.147517  0.854457  
0.145299  0.856528  
0.144567  0.857144  
0.14311  0.859522  
0.14124  0.859966  
0.139682  0.861883  
0.138082  0.863933  
0.136722  0.865377  
0.135403  0.867253  
0.13372  0.868488  
0.131457  0.870042  
0.130492  0.871176  
0.128315  0.873265  
0.126202  0.875312  
0.125495  0.875422  
0.124484  0.876625  
0.122724  0.879412  
0.121299  0.879715  
0.119756  0.882556  
0.117983  0.883814  
0.115619  0.885584  
0.115007  0.886143  
0.11316  0.888747  
0.111157  0.891137  
0.110349  0.891485  
0.109062  0.89366  
0.107281  0.895373  
0.104562  0.896207  
0.104562  0.896207  
0.102649  0.900451  
0.100974  0.900656  
0.0994474  0.904641  
0.0985233  0.905459  
0.0964233  0.906688  
0.0941239  0.908584  
0.0935145  0.909439  
0.0916566  0.910236  
0.0904318  0.912994  
0.0887253  0.913402  
0.0867525  0.915772  
0.0854609  0.91683  
0.084262  0.920322  
0.0829212  0.921195  
0.078696  0.921981  
0.078696  0.921981  
0.0779431  0.92501  
0.0761024  0.925669  
0.0722208  0.928908  
0.0722208  0.928908  
0.071883  0.929242  
0.069175  0.93405  
0.0671029  0.935639  
0.0660411  0.935045  
0.0654761  0.937109  
0.063063  0.93831  
0.0624164  0.939325  
0.0610731  0.940872  
0.0582456  0.942469  
0.0579527  0.94367  
0.056279  0.947982  
0.0540378  0.946906  
0.052986  0.94964  
0.0504474  0.95043  
0.0483209  0.953744  
0.0483209  0.953744  
0.0468636  0.954027  
0.0449517  0.957308  
0.0435124  0.958749  
0.0417654  0.960909  
0.0393793  0.961971  
0.0393793  0.961971  
0.0375989  0.965069  
0.0353429  0.966147  
0.0348205  0.96691  
0.0322929  0.969794  
0.0312158  0.969948  
0.0271632  0.974447  
0.0277355  0.974007  
0.0266821  0.974658  
0.0251875  0.976516  
0.0230782  0.979122  
0.0218381  0.979827  
0.0196875  0.981543  
0.0176937  0.983283  
0.0176937  0.983283  
0.0151215  0.98837  
0.0144942  0.989431  
0.01258  0.991781  
0.0107536  0.993213  
0.00970673  0.995829  
0.00753952  0.996925  
0.00573232  1.00258  
0.00511508  1.0032  
0.00214081  1.01342  
0.00214081  1.01342  
0.000822162  1.02246  
