1  0.164689  
1  0.164689  
1  0.164689  
1  0.164689  
1  0.164689  
1  0.164689  
1  0.164689  
1  0.164689  
1  0.164689  
1  0.164689  
1  0.164689  
1  0.164689  
1  0.164689  
1  0.164689  
1  0.164689  
1  0.164689  
1  0.164689  
1  0.164689  
1  0.164689  
1  0.164689  
1  0.164689  
1  0.164689  
1  0.164689  
1  0.164689  
1  0.164689  
1  0.164689  
1  0.164689  
1  0.164689  
1  0.164689  
1  0.164689  
1  0.164689  
1  0.164689  
0.971893  0.296118  
0.971893  0.296118  
0.971893  0.296118  
0.971893  0.296118  
0.971893  0.296118  
0.971893  0.296118  
0.971893  0.296118  
0.971893  0.296118  
0.971893  0.296118  
0.971893  0.296118  
0.971893  0.296118  
0.971893  0.296118  
0.971893  0.296118  
0.971893  0.296118  
0.971893  0.296118  
0.971873  0.296123  
0.971873  0.296123  
0.971873  0.296123  
0.971873  0.296123  
0.971873  0.296123  
0.971873  0.296123  
0.971873  0.296123  
0.971873  0.296123  
0.899722  0.365702  
0.899713  0.365705  
0.899722  0.365702  
0.898575  0.366457  
0.898442  0.366427  
0.898442  0.366427  
0.898574  0.366457  
0.898443  0.366427  
0.898487  0.366437  
0.815883  0.421011  
0.815883  0.421011  
0.815883  0.421011  
0.815883  0.421011  
0.815558  0.421768  
0.815558  0.421768  
0.815555  0.421761  
0.815555  0.421761  
0.815563  0.421783  
0.815558  0.421768  
0.732756  0.477208  
0.732756  0.477208  
0.73274  0.477171  
0.732756  0.477208  
0.732724  0.477133  
0.732724  0.477133  
0.732756  0.477208  
0.73274  0.477171  
0.732756  0.477208  
0.732756  0.477208  
0.732756  0.477208  
0.652483  0.537045  
0.652483  0.537045  
0.652617  0.536917  
0.652232  0.536924  
0.652167  0.536771  
0.652481  0.537479  
0.652232  0.536924  
0.652481  0.537479  
0.652246  0.536984  
0.65235  0.537172  
0.652167  0.536771  
0.573888  0.599313  
0.573624  0.599235  
0.573888  0.599313  
0.573696  0.599323  
0.573868  0.599421  
0.570558  0.594187  
0.573729  0.599401  
0.573729  0.599401  
0.573624  0.599235  
0.570558  0.594187  
0.490443  0.653904  
0.490443  0.653904  
0.490443  0.653904  
0.490443  0.653904  
0.490443  0.653904  
0.490443  0.653904  
0.490443  0.653904  
0.490443  0.653904  
0.490084  0.65407  
0.490084  0.65407  
0.490084  0.65407  
0.490084  0.65407  
0.410888  0.714348  
0.41088  0.714348  
0.410892  0.714348  
0.41088  0.714348  
0.410888  0.714348  
0.410892  0.714348  
0.410885  0.714348  
0.410891  0.714348  
0.410885  0.714348  
0.410658  0.714974  
0.41066  0.714974  
0.410658  0.714974  
0.324876  0.766619  
0.324878  0.766619  
0.324878  0.766618  
0.324878  0.766618  
0.324876  0.766618  
0.324878  0.766618  
0.324878  0.766618  
0.324876  0.766619  
0.324876  0.766618  
0.324882  0.766619  
0.324859  0.766621  
0.324858  0.766622  
0.324858  0.766622  
0.244049  0.825491  
0.244048  0.825491  
0.244049  0.825491  
0.244048  0.825491  
0.244048  0.825491  
0.244049  0.825491  
0.244048  0.825491  
0.244048  0.825491  
0.244048  0.825491  
0.244048  0.825491  
0.244049  0.825491  
0.244038  0.825497  
0.244038  0.825497  
0.244038  0.825497  
0.164955  0.886632  
0.164955  0.886632  
0.164955  0.886632  
0.164955  0.886632  
0.164955  0.886632  
0.164955  0.886632  
0.164956  0.886635  
0.164955  0.886632  
0.164955  0.886632  
0.164955  0.886632  
0.164955  0.886632  
0.164915  0.886667  
0.164915  0.886667  
0.0891177  0.951586  
0.089117  0.951586  
0.0891177  0.951586  
0.0891171  0.951586  
0.0891171  0.951586  
0.0891177  0.951586  
0.0891177  0.951586  
0.089117  0.951586  
0.0891177  0.951586  
0.0891171  0.951586  
0.0891171  0.951586  
0.0891177  0.951586  
0.0885915  0.951919  
0.004582  1.00662  
0.0045524  1.0066  
0.0045524  1.0066  
0.00455616  1.00661  
0.0045524  1.0066  
0.0045905  1.00663  
0.0045524  1.0066  
0.00456786  1.00661  
0.00455616  1.00661  
0.00463794  1.00665  
0.004582  1.00662  
0.00459587  1.00664  
0.00459775  1.00664  
0.0045905  1.00663  
0.00463794  1.00665  
0.0045893  1.00663  
9.05337e-005  1.1147  
