1  1.22125e-015  
1  1.22125e-015  
1  1.22125e-015  
1  1.22125e-015  
1  1.22125e-015  
1  1.22125e-015  
1  1.22125e-015  
1  1.22125e-015  
1  1.22125e-015  
1  1.22125e-015  
1  1.22125e-015  
1  1.22125e-015  
1  1.22125e-015  
1  1.22125e-015  
1  1.22125e-015  
1  1.22125e-015  
1  1.22125e-015  
1  1.22125e-015  
1  1.22125e-015  
1  1.22125e-015  
1  1.22125e-015  
1  1.22125e-015  
1  1.22125e-015  
1  1.22125e-015  
1  1.22125e-015  
1  1.22125e-015  
1  1.22125e-015  
1  1.22125e-015  
1  1.22125e-015  
0.950121  0.0501154  
0.950121  0.0501154  
0.95012  0.050124  
0.95012  0.0501238  
0.95012  0.050124  
0.95012  0.0501238  
0.95012  0.050124  
0.95012  0.050124  
0.95012  0.050124  
0.95012  0.050124  
0.95012  0.050124  
0.95012  0.050124  
0.95012  0.050124  
0.95012  0.0501238  
0.95012  0.0501238  
0.95012  0.050124  
0.95012  0.0501238  
0.95012  0.050124  
0.95012  0.050124  
0.95012  0.050124  
0.95012  0.050124  
0.95012  0.0501236  
0.95012  0.050124  
0.95012  0.050124  
0.95012  0.050124  
0.95012  0.0501238  
0.95012  0.050124  
0.95012  0.050124  
0.95012  0.050124  
0.900092  0.100091  
0.900093  0.100091  
0.900092  0.100087  
0.900092  0.100091  
0.900092  0.100087  
0.900092  0.10009  
0.900092  0.100087  
0.900092  0.10009  
0.900092  0.10009  
0.900092  0.100087  
0.900092  0.100087  
0.900092  0.10009  
0.900092  0.10009  
0.900092  0.100091  
0.900092  0.100087  
0.900092  0.10009  
0.900092  0.10009  
0.900092  0.100087  
0.900092  0.100091  
0.900092  0.100091  
0.900092  0.10009  
0.900092  0.100091  
0.900092  0.100091  
0.900092  0.100091  
0.900092  0.100093  
0.900092  0.100091  
0.900092  0.100087  
0.900092  0.100087  
0.850074  0.150072  
0.850074  0.150072  
0.850074  0.150072  
0.850074  0.150072  
0.850073  0.150074  
0.850073  0.150073  
0.850073  0.150073  
0.850073  0.150074  
0.850073  0.150073  
0.850073  0.150073  
0.850073  0.150073  
0.850073  0.150073  
0.850073  0.150074  
0.850073  0.150074  
0.850073  0.150073  
0.850073  0.150074  
0.850073  0.150073  
0.850073  0.150073  
0.850073  0.150073  
0.850073  0.150073  
0.850073  0.150073  
0.850073  0.150073  
0.850073  0.150074  
0.850073  0.150073  
0.850073  0.150073  
0.850073  0.150073  
0.850073  0.150073  
0.850073  0.150073  
0.850073  0.150073  
0.800096  0.20009  
0.800096  0.20009  
0.800096  0.20009  
0.800096  0.20009  
0.800096  0.20009  
0.800094  0.200099  
0.800094  0.200099  
0.800094  0.200099  
0.800094  0.200099  
0.800094  0.200099  
0.800094  0.200099  
0.800094  0.200099  
0.800094  0.200099  
0.800094  0.200099  
0.800094  0.200099  
0.800094  0.200099  
0.800094  0.200099  
0.800094  0.200099  
0.800094  0.200099  
0.800094  0.200099  
0.800094  0.200099  
0.800094  0.200099  
0.800094  0.200099  
0.800094  0.200099  
0.800094  0.200099  
0.800094  0.200099  
0.800094  0.200099  
0.800094  0.200099  
0.750157  0.250148  
0.750157  0.250148  
0.750157  0.250148  
0.750157  0.250148  
0.750157  0.250148  
0.750157  0.250148  
0.750157  0.250148  
0.750143  0.250151  
0.750143  0.250151  
0.750143  0.250151  
0.750143  0.250151  
0.750143  0.250151  
0.750143  0.250151  
0.750143  0.250151  
0.750143  0.250151  
0.750143  0.250151  
0.750143  0.250151  
0.750143  0.250151  
0.750143  0.250151  
0.750143  0.250151  
0.750143  0.250151  
0.750143  0.250151  
0.750143  0.250151  
0.750143  0.250151  
0.750143  0.250151  
0.750143  0.250151  
0.750143  0.250151  
0.750143  0.250151  
0.750143  0.250151  
0.700109  0.300104  
0.700109  0.300104  
0.700109  0.300104  
0.700109  0.300104  
0.700109  0.300104  
0.700109  0.300104  
0.700109  0.300104  
0.700109  0.300104  
0.700109  0.300111  
0.700109  0.300111  
0.700109  0.300111  
0.700109  0.300111  
0.700109  0.300111  
0.700109  0.300111  
0.700109  0.300111  
0.700109  0.300111  
0.700109  0.300111  
0.700109  0.300111  
0.700109  0.300111  
0.700109  0.300111  
0.700109  0.300111  
0.700109  0.300111  
0.700109  0.300111  
0.700109  0.300111  
0.700109  0.300111  
0.700109  0.300111  
0.700109  0.300111  
0.700109  0.300111  
0.650074  0.350069  
0.650074  0.350069  
0.650074  0.350069  
0.650074  0.350069  
0.650074  0.350069  
0.650074  0.350069  
0.650074  0.350069  
0.650074  0.350069  
0.650074  0.350069  
0.650074  0.350069  
0.650067  0.350071  
0.650067  0.350071  
0.650067  0.350071  
0.650067  0.350071  
0.650067  0.350071  
0.650067  0.350071  
0.650067  0.350071  
0.650067  0.350071  
0.650067  0.350071  
0.650067  0.350071  
0.650067  0.350071  
0.650067  0.350071  
0.650067  0.350071  
0.650067  0.350071  
0.650067  0.350071  
0.650067  0.350071  
0.650067  0.350071  
0.650067  0.350071  
0.650067  0.350071  
0.600227  0.400214  
0.600227  0.400214  
0.600227  0.400214  
0.600227  0.400214  
0.600227  0.400214  
0.600227  0.400214  
0.600227  0.400214  
0.600227  0.400214  
0.600227  0.400214  
0.600227  0.400214  
0.600227  0.400214  
0.600224  0.400228  
0.600224  0.400228  
0.600224  0.400228  
0.600224  0.400228  
0.600224  0.400228  
0.600224  0.400228  
0.600224  0.400228  
0.600224  0.400228  
0.600224  0.400228  
0.600224  0.400228  
0.600224  0.400228  
0.600224  0.400228  
0.600224  0.400228  
0.600224  0.400228  
0.600224  0.400228  
0.600224  0.400228  
0.600224  0.400228  
0.550336  0.45032  
0.550356  0.450335  
0.550336  0.45032  
0.550342  0.450332  
0.550335  0.45033  
0.550335  0.45033  
0.550342  0.450332  
0.550356  0.450335  
0.550336  0.45032  
0.550335  0.45033  
0.550342  0.450332  
0.550356  0.450335  
0.550356  0.450335  
0.550336  0.45032  
0.550341  0.450349  
0.550341  0.450349  
0.550341  0.450349  
0.550335  0.45033  
0.550341  0.450349  
0.550341  0.450349  
0.550341  0.450349  
0.550336  0.45032  
0.550343  0.450349  
0.550341  0.450349  
0.550335  0.45033  
0.550341  0.450349  
0.550341  0.450349  
0.550341  0.450349  
0.550336  0.45032  
0.500443  0.500416  
0.500443  0.500416  
0.500443  0.500416  
0.500443  0.500416  
0.500443  0.500416  
0.500443  0.500416  
0.500443  0.500416  
0.500443  0.500416  
0.500443  0.500416  
0.500443  0.500416  
0.500443  0.500416  
0.500443  0.500416  
0.500443  0.500416  
0.500443  0.500416  
0.500442  0.500459  
0.500442  0.500459  
0.500442  0.500459  
0.500442  0.500459  
0.500442  0.500459  
0.500442  0.500459  
0.500442  0.500459  
0.500442  0.500459  
0.500442  0.500459  
0.500442  0.500459  
0.500442  0.500459  
0.500442  0.500459  
0.500442  0.500459  
0.500442  0.500459  
0.45056  0.550532  
0.45056  0.550532  
0.45056  0.550529  
0.45056  0.550529  
0.45056  0.550532  
0.45056  0.550533  
0.45056  0.550529  
0.45056  0.550529  
0.45056  0.550529  
0.45056  0.550532  
0.45056  0.550532  
0.45056  0.550532  
0.45056  0.550532  
0.45056  0.550529  
0.45056  0.550532  
0.45056  0.550533  
0.45056  0.550537  
0.45056  0.550569  
0.45056  0.550537  
0.45056  0.550537  
0.45056  0.550537  
0.45056  0.550537  
0.45056  0.550569  
0.45056  0.550537  
0.45056  0.550569  
0.45056  0.550569  
0.45056  0.550569  
0.45056  0.550569  
0.45056  0.550537  
0.400437  0.600412  
0.400437  0.600412  
0.400437  0.600412  
0.400437  0.600412  
0.400437  0.600412  
0.400437  0.600412  
0.400437  0.600412  
0.400437  0.600412  
0.400437  0.600412  
0.400437  0.600412  
0.400437  0.600412  
0.400437  0.600412  
0.400437  0.600412  
0.400437  0.600412  
0.400437  0.600412  
0.400437  0.600412  
0.400437  0.600412  
0.400436  0.600446  
0.400427  0.600446  
0.400427  0.600446  
0.400427  0.600446  
0.400427  0.600446  
0.400427  0.600446  
0.400436  0.600446  
0.400436  0.600446  
0.400436  0.600446  
0.400436  0.600446  
0.400427  0.600446  
0.350114  0.650115  
0.350114  0.650115  
0.350114  0.650115  
0.350114  0.650115  
0.350114  0.650115  
0.350114  0.650115  
0.350114  0.650115  
0.350114  0.650115  
0.350114  0.650115  
0.350114  0.650115  
0.350114  0.650115  
0.350114  0.650115  
0.350114  0.650115  
0.350114  0.650115  
0.350114  0.650115  
0.350114  0.650115  
0.350114  0.650115  
0.350114  0.650115  
0.350114  0.650115  
0.350111  0.650117  
0.350111  0.650117  
0.350111  0.650117  
0.350111  0.650117  
0.350111  0.650117  
0.350111  0.650117  
0.350111  0.650117  
0.350111  0.650117  
0.350111  0.650117  
0.350111  0.650117  
0.3003  0.700303  
0.300294  0.700303  
0.3003  0.700303  
0.300292  0.700303  
0.300294  0.700303  
0.30029  0.700303  
0.3003  0.700303  
0.3003  0.700303  
0.3003  0.700303  
0.300292  0.700303  
0.300294  0.700303  
0.300294  0.700303  
0.3003  0.700303  
0.300294  0.700303  
0.300294  0.700303  
0.300294  0.700303  
0.300294  0.700303  
0.300294  0.700303  
0.300292  0.700303  
0.300292  0.700303  
0.300285  0.700303  
0.300285  0.700303  
0.300285  0.700303  
0.300285  0.700303  
0.300285  0.700303  
0.300285  0.700303  
0.300285  0.700303  
0.300285  0.700303  
0.250131  0.750123  
0.250131  0.750123  
0.250124  0.750124  
0.250124  0.750124  
0.250124  0.750124  
0.250124  0.750124  
0.250124  0.750124  
0.250124  0.750124  
0.250124  0.750124  
0.250124  0.750124  
0.250131  0.750123  
0.250131  0.750123  
0.250124  0.750124  
0.250124  0.750124  
0.250124  0.750124  
0.250124  0.750124  
0.250124  0.750124  
0.250124  0.750124  
0.250124  0.750124  
0.250124  0.750124  
0.250131  0.750123  
0.250131  0.750123  
0.250121  0.750126  
0.250121  0.750126  
0.250121  0.750126  
0.250121  0.750126  
0.250121  0.750126  
0.250121  0.750126  
0.250121  0.750126  
0.200122  0.800117  
0.200122  0.800116  
0.200123  0.800116  
0.200122  0.800116  
0.200122  0.800116  
0.200122  0.800116  
0.200122  0.800116  
0.200122  0.800116  
0.200122  0.800116  
0.200122  0.800116  
0.200123  0.800116  
0.200122  0.800116  
0.200122  0.800116  
0.200122  0.800116  
0.200122  0.800116  
0.200122  0.800116  
0.200122  0.800116  
0.200123  0.800116  
0.200122  0.800117  
0.200122  0.800116  
0.200123  0.800116  
0.200123  0.800116  
0.200122  0.800117  
0.200122  0.800126  
0.200122  0.800126  
0.200122  0.800126  
0.200122  0.800126  
0.200122  0.800126  
0.150169  0.85017  
0.150173  0.850169  
0.150169  0.85017  
0.150169  0.850166  
0.150169  0.850166  
0.150169  0.85017  
0.150173  0.850169  
0.150173  0.850169  
0.150169  0.85017  
0.150169  0.850166  
0.150169  0.85017  
0.150173  0.850169  
0.150169  0.850166  
0.150169  0.85017  
0.150169  0.850166  
0.150169  0.85017  
0.150169  0.85017  
0.150169  0.85017  
0.150169  0.85017  
0.150169  0.85017  
0.150173  0.850169  
0.150169  0.85017  
0.150169  0.85017  
0.150173  0.850169  
0.150169  0.850166  
0.150161  0.850171  
0.150161  0.850171  
0.150161  0.850171  
0.150161  0.850171  
0.100084  0.900081  
0.100084  0.900081  
0.100084  0.90008  
0.100085  0.90008  
0.100083  0.90008  
0.100083  0.90008  
0.100084  0.900081  
0.100084  0.900081  
0.100084  0.900081  
0.100085  0.90008  
0.100085  0.90008  
0.100084  0.90008  
0.100083  0.90008  
0.100084  0.90008  
0.100083  0.90008  
0.100084  0.900081  
0.100084  0.90008  
0.100084  0.90008  
0.100085  0.90008  
0.100084  0.900081  
0.100083  0.90008  
0.100083  0.90008  
0.100084  0.900081  
0.100084  0.90008  
0.100084  0.900081  
0.100084  0.900081  
0.10008  0.900083  
0.10008  0.900083  
0.0503193  0.950305  
0.0503219  0.950305  
0.0503193  0.950305  
0.0503208  0.950305  
0.0503219  0.950305  
0.0503219  0.950305  
0.050321  0.950305  
0.0502966  0.950305  
0.0503208  0.950305  
0.0503193  0.950305  
0.0503221  0.950305  
0.0503221  0.950305  
0.0503208  0.950305  
0.0502966  0.950305  
0.0503208  0.950305  
0.0502966  0.950305  
0.0502966  0.950305  
0.0503208  0.950305  
0.0503193  0.950305  
0.0502966  0.950305  
0.0502966  0.950305  
0.0503193  0.950305  
0.0503208  0.950305  
0.0503193  0.950305  
0.050321  0.950305  
0.0503221  0.950305  
0.050321  0.950305  
0.0502969  0.950308  
0.0502969  0.950308  
1.88526e-017  1  
2.97837e-017  1  
1.88526e-017  1  
2.1113e-017  1  
2.97837e-017  1  
2.1113e-017  1  
1.79559e-017  1  
2.1113e-017  1  
1.79559e-017  1  
1.88526e-017  1  
1.79559e-017  1  
2.1113e-017  1  
2.97837e-017  1  
2.1113e-017  1  
1.57898e-017  1  
1.88526e-017  1  
2.97837e-017  1  
1.88526e-017  1  
1.79559e-017  1  
1.79559e-017  1  
2.97837e-017  1  
1.79559e-017  1  
1.57898e-017  1  
1.88526e-017  1  
1.57898e-017  1  
2.1113e-017  1  
1.57898e-017  1  
1.57898e-017  1  
2.97837e-017  1  
