1.25781  0.22113  
1.30907  0.221132  
1.30907  0.221132  
1.31227  0.221132  
1.31227  0.221132  
1.25781  0.22113  
1.25781  0.22113  
1.30907  0.221132  
1.25781  0.22113  
1.31227  0.221132  
1.31227  0.221132  
1.31227  0.221132  
1.31227  0.221132  
1.25781  0.22113  
1.25781  0.22113  
1.12985  0.22114  
1.10175  0.221152  
1.01658  0.22116  
0.840833  0.22116  
0.840833  0.22116  
0.840833  0.22116  
0.840833  0.22116  
0.76948  0.221227  
0.76948  0.221227  
0.740723  0.221255  
0.640751  0.221294  
0.640751  0.221294  
0.640751  0.221294  
0.617762  0.221419  
0.591574  0.221496  
0.584743  0.221522  
0.583339  0.222268  
0.570961  0.222754  
0.56977  0.223529  
0.56977  0.223529  
0.563855  0.224738  
0.561809  0.225642  
0.554485  0.226623  
0.550524  0.227636  
0.547803  0.228627  
0.547803  0.228627  
0.54768  0.230511  
0.545468  0.230842  
0.543074  0.232256  
0.540198  0.232494  
0.540198  0.232494  
0.540198  0.232494  
0.533483  0.236011  
0.532348  0.236665  
0.532169  0.23752  
0.530237  0.238065  
0.529067  0.238764  
0.52592  0.239826  
0.522368  0.241005  
0.522055  0.241409  
0.517079  0.242852  
0.514938  0.243486  
0.513133  0.244444  
0.512691  0.245251  
0.512691  0.245251  
0.51001  0.246845  
0.51001  0.246845  
0.506634  0.24853  
0.504492  0.249706  
0.500921  0.250454  
0.50046  0.250817  
0.499442  0.25177  
0.49831  0.253139  
0.497918  0.25413  
0.496417  0.254511  
0.496129  0.255758  
0.494506  0.256812  
0.493485  0.257759  
0.492447  0.258605  
0.492179  0.25954  
0.490728  0.260074  
0.489644  0.260978  
0.488994  0.262034  
0.487889  0.262912  
0.48641  0.264347  
0.48592  0.26514  
0.48468  0.266262  
0.483945  0.267082  
0.482786  0.268055  
0.482369  0.268866  
0.480992  0.269927  
0.480288  0.270825  
0.479405  0.271702  
0.478205  0.2727  
0.477927  0.273496  
0.476534  0.274396  
0.475987  0.275588  
0.474936  0.276518  
0.473455  0.277417  
0.472944  0.278239  
0.471924  0.279322  
0.471917  0.279777  
0.470562  0.280639  
0.469569  0.282147  
0.468441  0.283115  
0.467766  0.283513  
0.466649  0.285005  
0.465999  0.285751  
0.464749  0.286839  
0.464031  0.287743  
0.463115  0.288694  
0.462602  0.289558  
0.461481  0.290597  
0.46041  0.291662  
0.459509  0.292488  
0.458745  0.293261  
0.457728  0.294497  
0.457036  0.295397  
0.456175  0.29637  
0.455489  0.297226  
0.454705  0.298108  
0.453246  0.299323  
0.452579  0.300158  
0.451912  0.30112  
0.451062  0.302104  
0.450041  0.303108  
0.449321  0.304123  
0.448222  0.304912  
0.447577  0.3057  
0.446535  0.306869  
0.445479  0.307917  
0.445062  0.308841  
0.444119  0.309617  
0.443221  0.310362  
0.442399  0.311277  
0.441247  0.312659  
0.440562  0.313622  
0.43998  0.314184  
0.43886  0.315412  
0.43796  0.31645  
0.436953  0.317463  
0.436523  0.318032  
0.435484  0.319253  
0.434545  0.320251  
0.433845  0.321077  
0.433003  0.32209  
0.431979  0.32303  
0.431184  0.324343  
0.430089  0.325276  
0.429341  0.326085  
0.428342  0.327141  
0.427802  0.327621  
0.426908  0.329153  
0.42609  0.330075  
0.425116  0.330765  
0.424282  0.332082  
0.423384  0.332858  
0.422433  0.334138  
0.421627  0.334967  
0.420974  0.335759  
0.419923  0.336958  
0.419441  0.337817  
0.418744  0.338136  
0.417799  0.339926  
0.416308  0.340991  
0.416047  0.341165  
0.414893  0.342607  
0.414538  0.34336  
0.413179  0.34479  
0.41257  0.345653  
0.411683  0.346788  
0.410793  0.347586  
0.410123  0.348311  
0.409031  0.349643  
0.408231  0.350771  
0.407549  0.351537  
0.406695  0.352341  
0.405709  0.353765  
0.404844  0.354544  
0.404016  0.355815  
0.403391  0.356403  
0.402262  0.357563  
0.401528  0.358643  
0.401206  0.359863  
0.399742  0.360515  
0.39883  0.361686  
0.398391  0.362178  
0.397078  0.3638  
0.396702  0.364372  
0.395637  0.365681  
0.394522  0.366821  
0.393903  0.367933  
0.393177  0.368559  
0.392273  0.369771  
0.391645  0.370932  
0.390965  0.371218  
0.390125  0.372882  
0.389065  0.373878  
0.388014  0.374755  
0.387458  0.375885  
0.386604  0.376795  
0.385584  0.377809  
0.38506  0.378753  
0.384122  0.379829  
0.383356  0.380844  
0.382563  0.381866  
0.38171  0.382786  
0.380827  0.384095  
0.380052  0.385131  
0.378956  0.386067  
0.3783  0.386882  
0.377675  0.388323  
0.376651  0.389172  
0.376097  0.390033  
0.374864  0.391188  
0.374183  0.392272  
0.37313  0.393201  
0.372367  0.393976  
0.371474  0.395353  
0.371031  0.396558  
0.369873  0.397454  
0.36904  0.398585  
0.368102  0.399631  
0.367166  0.400735  
0.366672  0.401509  
0.366032  0.4023  
0.364882  0.403693  
0.364398  0.404366  
0.363215  0.405711  
0.362358  0.406763  
0.361612  0.408006  
0.360693  0.408876  
0.359923  0.409847  
0.359097  0.411225  
0.358444  0.412098  
0.357597  0.413153  
0.356624  0.41424  
0.356038  0.415284  
0.355079  0.416319  
0.35434  0.417323  
0.353486  0.418146  
0.352652  0.419327  
0.351703  0.420626  
0.350993  0.42149  
0.349988  0.422761  
0.349411  0.423462  
0.348354  0.424837  
0.347656  0.425916  
0.346801  0.426952  
0.346087  0.428211  
0.345135  0.429191  
0.344473  0.430302  
0.343487  0.431366  
0.342767  0.432435  
0.341984  0.433327  
0.340901  0.434747  
0.340338  0.435625  
0.339381  0.436877  
0.338723  0.437892  
0.337707  0.43889  
0.336914  0.44017  
0.336011  0.441314  
0.335474  0.442355  
0.334879  0.442992  
0.333882  0.444585  
0.332799  0.445522  
0.332152  0.446564  
0.331065  0.447681  
0.330388  0.448884  
0.329312  0.450155  
0.328682  0.451134  
0.327904  0.452194  
0.326903  0.453421  
0.326313  0.4544  
0.325555  0.455355  
0.324737  0.456568  
0.323743  0.457795  
0.323143  0.458703  
0.322138  0.460036  
0.321122  0.461232  
0.320599  0.462041  
0.319844  0.463321  
0.319031  0.464439  
0.317916  0.465814  
0.316948  0.466961  
0.316292  0.467766  
0.315288  0.468937  
0.314705  0.469948  
0.313736  0.471325  
0.313016  0.472525  
0.31203  0.473703  
0.311354  0.474888  
0.310464  0.475724  
0.309578  0.476908  
0.308834  0.478006  
0.307986  0.479253  
0.307139  0.480462  
0.30635  0.481563  
0.305625  0.482669  
0.304564  0.484033  
0.303758  0.485352  
0.302892  0.486277  
0.302228  0.487352  
0.30125  0.48877  
0.300568  0.489907  
0.299361  0.491239  
0.29872  0.492026  
0.29811  0.493588  
0.297148  0.49433  
0.296211  0.49558  
0.295401  0.496785  
0.294666  0.497759  
0.293773  0.499166  
0.293005  0.500184  
0.292056  0.501388  
0.291283  0.502722  
0.290419  0.504  
0.289686  0.505276  
0.288807  0.506303  
0.287879  0.507603  
0.287074  0.508775  
0.286335  0.510197  
0.285329  0.511168  
0.284564  0.512388  
0.283747  0.513747  
0.282795  0.514681  
0.282012  0.515639  
0.281095  0.517079  
0.280316  0.518206  
0.279498  0.519368  
0.278462  0.520794  
0.277748  0.522157  
0.277087  0.522794  
0.275997  0.524512  
0.275483  0.525745  
0.274507  0.526735  
0.273487  0.528267  
0.27273  0.52927  
0.271845  0.530862  
0.271211  0.532058  
0.270285  0.533299  
0.269365  0.534361  
0.26843  0.535563  
0.267702  0.53688  
0.266768  0.538313  
0.265797  0.539678  
0.265074  0.540558  
0.264132  0.541785  
0.263263  0.542885  
0.262504  0.544257  
0.261486  0.54576  
0.260822  0.546745  
0.259934  0.548081  
0.259105  0.549138  
0.258184  0.550755  
0.257358  0.552132  
0.256436  0.553244  
0.255656  0.554594  
0.254758  0.555863  
0.254055  0.557198  
0.252887  0.558431  
0.252369  0.559917  
0.251227  0.56116  
0.250277  0.562663  
0.249624  0.563691  
0.248718  0.564905  
0.24804  0.566588  
0.247094  0.567734  
0.246176  0.568567  
0.245313  0.570325  
0.244324  0.571509  
0.243421  0.572726  
0.242583  0.574046  
0.241792  0.575311  
0.240713  0.576942  
0.239953  0.578283  
0.239066  0.579403  
0.238217  0.580676  
0.237486  0.581934  
0.236608  0.583204  
0.235786  0.585004  
0.23474  0.586244  
0.233716  0.587351  
0.233093  0.588221  
0.23203  0.590006  
0.231135  0.591412  
0.230365  0.592836  
0.229341  0.594085  
0.22853  0.59551  
0.22772  0.596584  
0.226708  0.598346  
0.225733  0.599786  
0.22509  0.60094  
0.224127  0.60246  
0.223263  0.603839  
0.22239  0.605021  
0.221439  0.606581  
0.220516  0.607919  
0.21963  0.609422  
0.218775  0.610512  
0.217886  0.611952  
0.216924  0.613433  
0.216131  0.614773  
0.21516  0.616313  
0.214211  0.617773  
0.213306  0.619412  
0.212592  0.620777  
0.211499  0.622162  
0.210744  0.623508  
0.209607  0.625206  
0.208747  0.626273  
0.208023  0.627495  
0.20706  0.62898  
0.206166  0.630658  
0.20519  0.631847  
0.204181  0.633802  
0.203487  0.635083  
0.202469  0.636438  
0.201537  0.638002  
0.200747  0.639802  
0.19979  0.641  
0.198672  0.642585  
0.197976  0.643699  
0.197005  0.645218  
0.196219  0.646426  
0.195002  0.648327  
0.194114  0.649723  
0.193303  0.651194  
0.192425  0.652687  
0.191455  0.653975  
0.190466  0.655613  
0.189615  0.657235  
0.188706  0.658528  
0.187654  0.660248  
0.186782  0.661752  
0.185859  0.663301  
0.184995  0.664901  
0.183932  0.666302  
0.183081  0.667643  
0.182205  0.669332  
0.181236  0.670787  
0.180381  0.672325  
0.17926  0.673884  
0.178473  0.675533  
0.177313  0.677215  
0.176426  0.678516  
0.175433  0.680452  
0.174558  0.682011  
0.173749  0.683526  
0.172718  0.685002  
0.171723  0.686232  
0.170754  0.68807  
0.169876  0.689719  
0.168886  0.691369  
0.167735  0.692794  
0.166903  0.69457  
0.165841  0.696068  
0.165155  0.698029  
0.163973  0.699078  
0.163138  0.700754  
0.162294  0.702855  
0.16111  0.704327  
0.160149  0.705784  
0.158933  0.707708  
0.1582  0.7089  
0.157236  0.71036  
0.156306  0.7122  
0.155205  0.714166  
0.154313  0.715755  
0.153285  0.717123  
0.152305  0.71884  
0.151354  0.720486  
0.15043  0.723124  
0.149505  0.723988  
0.148389  0.725702  
0.147524  0.727284  
0.146183  0.729651  
0.145389  0.730618  
0.144436  0.732386  
0.143311  0.734422  
0.14243  0.735586  
0.141347  0.737664  
0.140224  0.739316  
0.139409  0.741223  
0.138513  0.742927  
0.137305  0.744396  
0.136398  0.746325  
0.135354  0.748209  
0.13426  0.749671  
0.133273  0.751732  
0.132354  0.753143  
0.13112  0.755161  
0.130305  0.756917  
0.129147  0.758614  
0.128164  0.760495  
0.127261  0.762371  
0.126275  0.764266  
0.125045  0.766016  
0.124081  0.767738  
0.12311  0.769477  
0.122176  0.771755  
0.120921  0.773202  
0.119945  0.775293  
0.118813  0.776694  
0.117906  0.778551  
0.116872  0.780172  
0.115836  0.782126  
0.114788  0.784354  
0.11373  0.785716  
0.112587  0.78811  
0.111522  0.789813  
0.110617  0.791643  
0.109419  0.793477  
0.108264  0.795426  
0.107434  0.797267  
0.106139  0.799238  
0.105121  0.801187  
0.103917  0.803128  
0.103083  0.804886  
0.101929  0.806882  
0.100777  0.80917  
0.0998026  0.810594  
0.0986558  0.812661  
0.0976379  0.814746  
0.0965366  0.816619  
0.095375  0.818701  
0.0942398  0.820744  
0.0933323  0.822553  
0.0920596  0.824724  
0.0909642  0.826672  
0.0900151  0.828518  
0.0887632  0.830612  
0.0877346  0.83275  
0.0865585  0.83484  
0.0854094  0.836888  
0.0844199  0.838826  
0.0833289  0.840822  
0.0820876  0.843054  
0.0809401  0.844911  
0.0798275  0.846979  
0.0787005  0.849151  
0.0776741  0.851144  
0.0765569  0.853368  
0.0754102  0.855506  
0.0740102  0.857696  
0.0731011  0.859555  
0.0719213  0.86226  
0.0708813  0.863695  
0.0696946  0.86581  
0.0686026  0.868318  
0.0672396  0.87034  
0.0661079  0.872891  
0.0651253  0.87421  
0.0639534  0.876541  
0.0627305  0.878822  
0.0615121  0.880957  
0.0603033  0.883709  
0.0590886  0.885767  
0.0580514  0.887651  
0.0566279  0.890238  
0.0556516  0.892159  
0.0544474  0.894719  
0.0532471  0.896454  
0.0521291  0.898677  
0.0506899  0.901305  
0.049559  0.903703  
0.0484294  0.905857  
0.0471935  0.908201  
0.0460608  0.91017  
0.0447528  0.912797  
0.0436533  0.915093  
0.0423836  0.91731  
0.0411349  0.919897  
0.0398131  0.922336  
0.0385918  0.924737  
0.0372794  0.926952  
0.036104  0.929444  
0.0350124  0.931475  
0.0337362  0.933818  
0.0325385  0.93633  
0.0312903  0.938819  
0.0300279  0.941518  
0.0286581  0.943833  
0.0273485  0.946441  
0.0262049  0.948711  
0.0249583  0.950898  
0.0235135  0.953942  
0.0222345  0.956269  
0.020823  0.958987  
0.0196324  0.961533  
0.0183536  0.963963  
0.0172467  0.966062  
0.0158763  0.968786  
0.01451  0.971444  
0.0131282  0.974101  
0.0117957  0.976807  
0.010616  0.979204  
0.00932095  0.98186  
0.00799156  0.984399  
0.00661246  0.987066  
0.00527683  0.989709  
0.00404722  0.992317  
0.00271091  0.994732  
0.00140492  0.997535  
0.000110152  1.00003  
