0.620294  0.615397  
0.62029  0.615864  
0.62029  0.616664  
0.62029  0.618074  
0.62029  0.618074  
0.62029  0.620058  
0.62029  0.620058  
0.62029  0.620058  
0.62029  0.620058  
0.62029  0.623263  
0.62029  0.625199  
0.62029  0.624821  
0.62029  0.625202  
0.62029  0.626826  
0.62029  0.626826  
0.62029  0.626826  
0.62029  0.626826  
0.62029  0.626826  
0.62029  0.632438  
0.62029  0.633589  
0.62029  0.625202  
0.62029  0.633589  
0.62029  0.632441  
0.62029  0.632441  
0.62029  0.625202  
0.62029  0.625202  
0.62029  0.625202  
0.62029  0.636728  
0.62029  0.642563  
0.62029  0.636944  
0.62029  0.625202  
0.62029  0.632441  
0.62029  0.636944  
0.62029  0.648764  
0.62029  0.650232  
0.62029  0.642563  
0.62029  0.650232  
0.62029  0.648764  
0.62029  0.642563  
0.62029  0.655279  
0.62029  0.654724  
0.62029  0.64188  
0.62029  0.654724  
0.62029  0.65354  
0.62029  0.654724  
0.62029  0.662421  
0.62029  0.661363  
0.62029  0.655279  
0.62029  0.642563  
0.62029  0.655279  
0.62029  0.655279  
0.62029  0.65354  
0.62029  0.655279  
0.62029  0.662421  
0.62029  0.63439  
0.62029  0.661363  
0.62029  0.655279  
0.62029  0.669694  
0.62029  0.669694  
0.62029  0.64188  
0.62029  0.662421  
0.62029  0.662421  
0.62029  0.64188  
0.62029  0.669694  
0.62029  0.669694  
0.62029  0.662421  
0.62029  0.646653  
0.62029  0.668687  
0.62029  0.646653  
0.62029  0.690578  
0.62029  0.65354  
0.62029  0.669694  
0.62029  0.668687  
0.62029  0.690716  
0.62029  0.668687  
0.62029  0.65354  
0.62029  0.690716  
0.62029  0.690716  
0.62029  0.65354  
0.62029  0.65354  
0.62029  0.668687  
0.62029  0.695515  
0.62029  0.668687  
0.62029  0.700728  
0.62029  0.681716  
0.62029  0.681716  
0.62029  0.695515  
0.62029  0.670357  
0.62029  0.681716  
0.62029  0.64188  
0.62029  0.669694  
0.62029  0.700728  
0.62029  0.690578  
0.62029  0.695515  
0.62029  0.690578  
0.62029  0.690716  
0.62029  0.690578  
0.62029  0.690716  
0.62029  0.690578  
0.62029  0.718701  
0.62029  0.695515  
0.62029  0.690716  
0.62029  0.720045  
0.62029  0.718701  
0.62029  0.718701  
0.62029  0.718701  
0.62029  0.720045  
0.62029  0.720045  
0.62029  0.668117  
0.62029  0.695515  
0.62029  0.690578  
0.62029  0.695515  
0.62029  0.668117  
0.62029  0.700728  
0.62029  0.749897  
0.62029  0.718701  
0.62029  0.700728  
0.62029  0.755943  
0.62029  0.755943  
0.62029  0.758902  
0.62029  0.758902  
0.62029  0.752091  
0.62029  0.755943  
0.62029  0.758902  
0.62029  0.758902  
0.62029  0.763957  
0.62029  0.763957  
0.62029  0.768385  
0.62029  0.763957  
0.62029  0.758902  
0.62029  0.775076  
0.62029  0.758902  
0.62029  0.778638  
0.62029  0.778638  
0.62029  0.778638  
0.62029  0.778638  
0.62029  0.784306  
0.62029  0.783694  
0.62029  0.778638  
0.62029  0.789318  
0.62029  0.779399  
0.62029  0.784306  
0.62029  0.794824  
0.62029  0.796435  
0.62029  0.794331  
0.62029  0.796435  
0.62029  0.796435  
0.62029  0.794824  
0.62029  0.794331  
0.62029  0.806321  
0.62029  0.794824  
0.62029  0.806321  
0.62029  0.812063  
0.62029  0.812063  
0.62029  0.812063  
0.62029  0.812063  
0.62029  0.816401  
0.62029  0.806321  
0.62029  0.806321  
0.62029  0.779399  
0.62029  0.816401  
0.62029  0.762767  
0.62029  0.779399  
0.62029  0.803607  
0.62029  0.779399  
0.62029  0.816401  
0.62029  0.797962  
0.62029  0.812063  
0.62029  0.809119  
0.62029  0.809119  
0.62029  0.812063  
0.62029  0.762767  
0.62029  0.844135  
0.62029  0.822462  
0.62029  0.816401  
0.62029  0.762767  
0.62029  0.809119  
0.62029  0.803607  
0.62029  0.803607  
0.62029  0.851817  
0.62029  0.762767  
0.62029  0.851817  
0.62029  0.792421  
0.62029  0.779399  
0.62029  0.859916  
0.62029  0.797962  
0.62029  0.822462  
0.62029  0.859916  
0.62029  0.859916  
0.62029  0.844135  
0.62029  0.822462  
0.62029  0.797962  
0.62029  0.803607  
0.62029  0.859916  
0.62029  0.762767  
0.62029  0.822462  
0.62029  0.893855  
0.62029  0.803607  
0.62029  0.835053  
0.62029  0.835053  
0.62029  0.822462  
0.62029  0.822462  
0.62029  0.804648  
0.62029  0.797962  
0.62029  0.869222  
0.62029  0.822462  
0.62029  0.804648  
0.62029  0.797962  
0.62029  0.809119  
0.62029  0.845818  
0.62029  0.852057  
0.62029  0.870937  
0.62029  0.797962  
0.62029  0.835053  
0.62029  0.852057  
0.62029  0.835053  
0.62029  0.849806  
0.62029  0.809119  
0.62029  0.892747  
0.62029  0.921473  
0.62029  0.803607  
0.62029  0.893855  
0.62029  0.822462  
0.62029  0.822462  
0.62029  0.870937  
0.62029  0.852057  
0.62029  0.822462  
0.62029  0.844135  
0.62029  0.870937  
0.62029  0.870937  
0.62029  0.906884  
0.62029  0.865533  
0.62029  0.849806  
0.62029  0.870937  
0.62029  0.822462  
0.62029  0.845818  
0.62029  0.921473  
0.62029  0.919351  
0.62029  0.870937  
0.62029  0.849806  
0.0412087  1.00123  
0.0412086  1.00123  
0.0412087  1.00123  
0.0412084  1.00123  
0.0412087  1.00123  
0.0412084  1.00123  
0.0412087  1.00123  
0.0412087  1.00123  
0.0412086  1.00123  
0.0412087  1.00123  
0.0412087  1.00123  
0.0412087  1.00123  
0.0412087  1.00123  
0.0412087  1.00123  
0.0412085  1.00123  
0.0412104  1.00123  
0.0412104  1.00123  
0.0412084  1.00123  
0.0412086  1.00123  
0.0412087  1.00123  
0.041209  1.00123  
0.0412085  1.00123  
0.0412087  1.00123  
0.0412085  1.00123  
0.0412086  1.00123  
0.0412087  1.00123  
0.0412083  1.00123  
0.0412087  1.00123  
0.0412088  1.00123  
0.0412088  1.00123  
0.0412085  1.00123  
0.0412087  1.00123  
0.0412084  1.00123  
0.0412087  1.00123  
0.0412086  1.00123  
0.0412095  1.00123  
0.0412088  1.00123  
0.0412083  1.00123  
0.0412085  1.00123  
0.0412095  1.00123  
0.0412087  1.00123  
0.0412087  1.00123  
0.0412104  1.00123  
0.0412095  1.00123  
0.0412095  1.00123  
0.0412086  1.00123  
0.0412084  1.00123  
0.0412086  1.00123  
0.0412083  1.00123  
0.0412091  1.00123  
0.0412083  1.00123  
0.0412085  1.00123  
0.0412088  1.00123  
0.0412104  1.00123  
0.0412095  1.00123  
0.0412087  1.00123  
0.0412084  1.00123  
0.0412043  1.00123  
0.0412043  1.00123  
0.0412087  1.00123  
0.0412091  1.00123  
0.041209  1.00123  
0.0412043  1.00123  
0.041209  1.00123  
0.0412091  1.00123  
0.0412088  1.00123  
0.0412083  1.00123  
0.0412088  1.00123  
0.0412088  1.00123  
0.0412088  1.00123  
0.0412088  1.00123  
0.041212  1.00123  
0.0412087  1.00123  
0.0412095  1.00123  
0.0412085  1.00123  
0.0412088  1.00123  
0.0412085  1.00123  
0.0412054  1.00123  
0.0412054  1.00123  
0.0412088  1.00123  
0.041204  1.00123  
0.0412085  1.00123  
0.0412088  1.00123  
0.0412054  1.00123  
0.0412088  1.00123  
0.0412088  1.00123  
0.0412081  1.00123  
0.041212  1.00123  
0.0412044  1.00123  
0.0412088  1.00123  
0.041212  1.00123  
0.0412085  1.00123  
0.0412044  1.00123  
0.0412088  1.00123  
0.0412085  1.00123  
0.04121  1.00123  
0.0412066  1.00123  
0.0412066  1.00123  
0.041204  1.00123  
0.0412044  1.00123  
0.0412044  1.00123  
0.0412043  1.00123  
0.0412077  1.00123  
0.041203  1.00123  
0.0412066  1.00123  
0.0412081  1.00123  
0.0412043  1.00123  
0.0412085  1.00123  
0.0412077  1.00123  
0.0412045  1.00123  
0.041204  1.00123  
0.0412073  1.00123  
0.0412073  1.00123  
0.0412045  1.00123  
0.0412108  1.00123  
0.0412045  1.00123  
0.0412073  1.00123  
0.0412073  1.00123  
0.0412077  1.00123  
0.0412066  1.00123  
0.0412066  1.00123  
0.0412137  1.00123  
0.0412066  1.00123  
0.041204  1.00123  
0.04121  1.00123  
0.0412044  1.00123  
0.041203  1.00123  
0.041204  1.00123  
0.041203  1.00123  
0.0412044  1.00123  
0.0412081  1.00123  
0.0412077  1.00123  
0.0412045  1.00123  
0.0412137  1.00123  
0.0412086  1.00123  
0.0412078  1.00123  
0.0412081  1.00123  
0.0412137  1.00123  
0.041203  1.00123  
0.0412137  1.00123  
0.0412137  1.00123  
0.0412137  1.00123  
0.0412085  1.00123  
0.0412137  1.00123  
0.0412078  1.00123  
0.041212  1.00123  
0.0412128  1.00123  
0.0412156  1.00123  
0.0412137  1.00123  
0.041212  1.00123  
0.0412078  1.00123  
0.0412101  1.00123  
0.0412045  1.00123  
0.041212  1.00123  
0.0412085  1.00123  
0.0412062  1.00123  
0.0412101  1.00123  
0.0412156  1.00123  
0.041203  1.00123  
0.0412085  1.00123  
0.0412128  1.00123  
0.0412108  1.00123  
0.0412141  1.00123  
0.041212  1.00123  
0.0412074  1.00123  
0.0412078  1.00123  
0.0412067  1.00123  
0.0412067  1.00123  
0.0412141  1.00123  
0.0412067  1.00123  
0.0412101  1.00123  
0.0412067  1.00123  
0.0412156  1.00123  
0.0412101  1.00123  
0.0412094  1.00123  
0.0412141  1.00123  
0.0412156  1.00123  
0.0412034  1.00123  
0.0412085  1.00123  
0.0412141  1.00123  
0.0412094  1.00123  
0.0412108  1.00123  
0.0412101  1.00123  
0.0412144  1.00123  
0.0412094  1.00123  
0.0412144  1.00123  
0.0412085  1.00123  
0.0412156  1.00123  
0.0412128  1.00123  
0.0412128  1.00123  
0.0412128  1.00123  
0.0412156  1.00123  
0.0412067  1.00123  
0.0412078  1.00123  
0.0412085  1.00123  
0.0412126  1.00123  
0.0412094  1.00123  
0.0412034  1.00123  
0.0412078  1.00123  
0.0412093  1.00123  
0.0412094  1.00123  
0.0412141  1.00123  
0.0412144  1.00123  
0.0412093  1.00123  
0.0412074  1.00123  
0.0412078  1.00123  
0.0412078  1.00123  
0.0412078  1.00123  
0.0412141  1.00123  
0.0412019  1.00123  
0.0412078  1.00123  
0.0412144  1.00123  
0.0412034  1.00123  
0.0412019  1.00123  
0.0412078  1.00123  
0.0412144  1.00123  
0.0412108  1.00123  
0.0412134  1.00123  
0.0412134  1.00123  
0.0412093  1.00123  
0.0412084  1.00123  
0.0412078  1.00123  
0.0412008  1.00123  
0.0412078  1.00123  
0.0412073  1.00123  
0.0412084  1.00123  
0.0412008  1.00123  
0.0412073  1.00123  
0.0412105  1.00123  
0.0412094  1.00123  
0.0412084  1.00123  
0.0412078  1.00123  
0.0412093  1.00123  
0.0412073  1.00123  
0.0412105  1.00123  
0.0412078  1.00123  
0.0412078  1.00123  
0.0412131  1.00123  
0.0412084  1.00123  
0.0412034  1.00123  
0.0412073  1.00123  
0.0412091  1.00123  
0.0412105  1.00123  
0.0412105  1.00123  
0.041215  1.00123  
0.0412078  1.00123  
0.0412019  1.00123  
0.0412084  1.00123  
0.0412019  1.00123  
0.0412105  1.00123  
0.0412084  1.00123  
0.041214  1.00123  
0.0412105  1.00123  
0.041214  1.00123  
0.0412008  1.00123  
0.041214  1.00123  
0.0411929  1.00123  
0.041215  1.00123  
0.0412033  1.00123  
0.041214  1.00123  
0.0411929  1.00123  
0.0412073  1.00123  
0.0412033  1.00123  
0.0412019  1.00123  
0.0412073  1.00123  
0.0412019  1.00123  
0.0411877  1.00123  
0.041203  1.00123  
0.0412024  1.00123  
0.0412127  1.00123  
0.041203  1.00123  
0.0411929  1.00123  
0.0412127  1.00123  
0.0412024  1.00123  
0.041214  1.00123  
0.041203  1.00123  
0.041203  1.00123  
0.0412008  1.00123  
0.041215  1.00123  
0.0412062  1.00123  
0.0411999  1.00123  
0.0412127  1.00123  
0.041215  1.00123  
0.0412127  1.00123  
0.0412078  1.00123  
0.0412062  1.00123  
0.0411929  1.00123  
0.041215  1.00123  
0.0412062  1.00123  
0.0412078  1.00123  
0.0412039  1.00123  
0.041215  1.00123  
0.0412062  1.00123  
0.0412127  1.00123  
0.0412033  1.00123  
0.0412024  1.00123  
0.0412089  1.00123  
0.0412078  1.00123  
0.0412127  1.00123  
0.041214  1.00123  
0.0412033  1.00123  
0.0412117  1.00123  
0.0412167  1.00123  
0.041214  1.00123  
0.041214  1.00123  
0.041216  1.00123  
0.0412128  1.00123  
0.0412127  1.00123  
0.0412024  1.00123  
0.0412024  1.00123  
0.0412024  1.00123  
0.0412167  1.00123  
0.0412114  1.00123  
0.0412034  1.00123  
0.0412127  1.00123  
0.0412127  1.00123  
0.0412089  1.00123  
0.0412167  1.00123  
0.0412172  1.00123  
0.041215  1.00123  
0.0412114  1.00123  
0.0412127  1.00123  
0.0412127  1.00123  
0.0412114  1.00123  
0.0412078  1.00123  
0.041215  1.00123  
0.0412127  1.00123  
0.0412128  1.00123  
0.0412117  1.00123  
0.0412089  1.00123  
0.041214  1.00123  
0.0412172  1.00123  
0.0412089  1.00123  
0.0412117  1.00123  
0.0412034  1.00123  
0.0412117  1.00123  
0.041207  1.00123  
0.041216  1.00123  
0.0412117  1.00123  
0.0412117  1.00123  
0.0412089  1.00123  
0.041214  1.00123  
0.041215  1.00123  
0.041214  1.00123  
0.0412089  1.00123  
0.041214  1.00123  
0.041216  1.00123  
0.0411877  1.00123  
0.041207  1.00123  
0.041216  1.00123  
0.0412167  1.00123  
0.0411851  1.00123  
0.041207  1.00123  
0.0412114  1.00123  
0.041216  1.00123  
0.0412167  1.00123  
0.041216  1.00123  
0.041207  1.00123  
0.0412114  1.00123  
0.0412059  1.00123  
