0.999288  0.16371  
0.999289  0.163711  
0.999289  0.163711  
0.999289  0.163711  
0.999289  0.163711  
0.999288  0.16371  
0.999288  0.16371  
0.999289  0.163711  
0.999289  0.163711  
0.999287  0.163708  
0.999288  0.16371  
0.999289  0.163711  
0.999289  0.163711  
0.999289  0.163711  
0.999289  0.163711  
0.999289  0.163711  
0.999289  0.163711  
0.999289  0.163711  
0.999289  0.163711  
0.999289  0.163712  
0.999289  0.163711  
0.999289  0.163711  
0.999289  0.163711  
0.999289  0.163711  
0.999289  0.163711  
0.999289  0.163711  
0.999289  0.163711  
0.999289  0.163711  
0.999289  0.163711  
0.999289  0.163711  
0.999289  0.163711  
0.999289  0.163712  
0.999289  0.163711  
0.999289  0.163711  
0.999289  0.163711  
0.999289  0.163711  
0.999289  0.163711  
0.978522  0.305405  
0.978522  0.305405  
0.978522  0.305405  
0.978522  0.305405  
0.978522  0.305405  
0.978522  0.305405  
0.978522  0.305405  
0.978522  0.305405  
0.978522  0.305405  
0.978523  0.305405  
0.978522  0.305405  
0.978522  0.305405  
0.978522  0.305405  
0.894153  0.359259  
0.894153  0.359259  
0.894153  0.35926  
0.894153  0.359259  
0.894153  0.359259  
0.894153  0.359259  
0.894153  0.359259  
0.894152  0.359263  
0.894152  0.359262  
0.894152  0.359263  
0.894152  0.359263  
0.894153  0.359262  
0.894153  0.359261  
0.894153  0.359262  
0.894152  0.359263  
0.822329  0.430584  
0.822329  0.430585  
0.822329  0.430584  
0.822329  0.430585  
0.822329  0.430585  
0.822329  0.430585  
0.822329  0.430585  
0.822329  0.430585  
0.822329  0.430585  
0.822329  0.430585  
0.822329  0.430586  
0.755021  0.507877  
0.75502  0.507877  
0.75502  0.507877  
0.755021  0.507877  
0.755021  0.507879  
0.755021  0.507879  
0.75502  0.507878  
0.75502  0.507877  
0.656354  0.542345  
0.75502  0.507877  
0.656354  0.542345  
0.656354  0.542345  
0.656354  0.542345  
0.665629  0.555261  
0.656354  0.542345  
0.656354  0.542345  
0.674965  0.568134  
0.679603  0.574597  
0.656354  0.542345  
0.656354  0.542345  
0.577949  0.604531  
0.577949  0.60453  
0.577949  0.604531  
0.577949  0.60453  
0.577948  0.604529  
0.577949  0.60453  
0.577949  0.604531  
0.577949  0.60453  
0.577949  0.60453  
0.577948  0.604529  
0.577949  0.60453  
0.577949  0.60453  
0.577949  0.604531  
0.577949  0.60453  
0.577949  0.60453  
0.416056  0.721986  
0.416057  0.721988  
0.416056  0.721986  
0.416056  0.721986  
0.416054  0.721984  
0.416053  0.721983  
0.416055  0.721986  
0.416053  0.721983  
0.416053  0.721983  
0.416055  0.721985  
0.416054  0.721984  
0.416056  0.721987  
0.416054  0.721984  
0.416053  0.721983  
0.416053  0.721983  
0.416055  0.721986  
0.416055  0.721986  
0.416054  0.721984  
0.416054  0.721985  
0.335785  0.781607  
0.335781  0.781602  
0.335784  0.781605  
0.335781  0.781602  
0.335781  0.781602  
0.335784  0.781605  
0.335781  0.781602  
0.335781  0.781602  
0.335783  0.781604  
0.335783  0.781604  
0.335781  0.781602  
0.335784  0.781605  
0.335783  0.781604  
0.260016  0.847426  
0.260016  0.847426  
0.259561  0.846792  
0.260015  0.847425  
0.260129  0.847584  
0.259561  0.846792  
0.260015  0.847425  
0.259675  0.846951  
0.260131  0.847586  
0.26013  0.847586  
0.25922  0.846317  
0.259619  0.846873  
0.259619  0.846873  
0.199869  0.93515  
0.199748  0.934992  
0.199687  0.934913  
0.199748  0.934993  
0.199747  0.934992  
0.199748  0.934992  
0.199869  0.93515  
0.199748  0.934993  
0.199687  0.934913  
0.199748  0.934993  
0.199748  0.934992  
0.131008  1.0101  
0.0982968  0.965221  
0.131008  1.0101  
0.130952  1.01004  
0.129413  1.00833  
0.0982968  0.965221  
0.130952  1.01004  
0.130952  1.01004  
0.0982899  0.965215  
0.0982899  0.965215  
0.0279178  1.0386  
0.0279076  1.0386  
0.0278688  1.03854  
0.0278557  1.03854  
0.0278557  1.03854  
0.0278013  1.03846  
0.0278013  1.03846  
0.0278688  1.03854  
0.0279939  1.03869  
0.0278937  1.03859  
0.0279364  1.03863  
0.0278937  1.03859  
0.0278688  1.03854  
0.0280808  1.0388  
0.0279076  1.0386  
0.0278688  1.03854  
0.0279364  1.03863  
0.0279364  1.03863  
6.16356e-006  1.16836  
5.91703e-006  1.16842  
5.91703e-006  1.16842  
6.16356e-006  1.16836  
5.91703e-006  1.16842  
