0.00723355  1.05485  6.1963e-005  
3.54385  0.00698934  0.000263754  
0.00403307  1.1065  0.000143741  
3.54385  0.00698934  0.000263754  
0.702577  0.714931  0.0133974  
0.000960289  1.07069  0.000169903  
3.68851  0.0022232  0.000417314  
0.897347  0.447275  0.00709098  
0.0203657  0.999952  0.0237616  
0.00202972  1.0557  0.000183863  
3.68851  0.0022232  0.000417314  
0.949214  0.316379  0.0191528  
0.710511  0.711592  0.0278237  
0.0153201  0.999903  0.0249239  
0.000960289  1.07069  0.000169903  
3.68851  0.0022232  0.000417314  
0.970658  0.242159  0.0228845  
0.866446  0.500209  0.0154613  
0.553923  0.833002  0.0238679  
0.0144103  0.999897  0.0255955  
0.00155342  1.1662  0.000258151  
3.68851  0.0022232  0.000417314  
0.982543  0.187724  0.0139655  
0.89652  0.442792  0.0438128  
0.708119  0.711242  0.0179066  
0.0142991  0.999116  0.0491312  
0.0144103  0.999897  0.0255955  
0.000960289  1.07069  0.000169903  
3.68851  0.0022232  0.000417314  
0.987814  0.160755  0.0227848  
0.930194  0.36987  0.0120197  
0.866446  0.500209  0.0154613  
0.599526  0.800928  0.0231717  
0.0142991  0.999116  0.0491312  
0.0144103  0.999897  0.0255955  
0.000960289  1.07069  0.000169903  
3.85865  0.000275114  0.000387198  
0.990789  0.140411  0.0141092  
0.949214  0.316379  0.0191528  
0.866446  0.500209  0.0154613  
0.706991  0.706862  0.0786013  
0.514041  0.857868  0.0483494  
0.0189876  0.99891  0.0553387  
0.0144103  0.999897  0.0255955  
0.000960289  1.07069  0.000169903  
3.85865  0.000275114  0.000387198  
0.992937  0.122498  0.00436283  
0.962475  0.27368  0.0119293  
0.895555  0.443718  0.0747778  
0.864123  0.499074  0.0808562  
0.623445  0.782017  0.0862043  
0.0306718  0.997163  0.0813092  
0.0189876  0.99891  0.0553387  
0.0133574  0.99985  0.0280839  
0.000960289  1.07069  0.000169903  
3.85865  0.000275114  0.000387198  
0.994701  0.109898  0.00378312  
0.970658  0.242159  0.0228845  
0.917584  0.394217  0.0799882  
0.864123  0.499074  0.0808562  
0.706754  0.706689  0.0806069  
0.554044  0.83262  0.0540197  
0.0162603  0.996543  0.0858609  
0.0228897  0.998582  0.0579694  
0.0133574  0.99985  0.0280839  
0.000960289  1.07069  0.000169903  
3.85865  0.000275114  0.000387198  
0.995585  0.0987347  0.0117183  
0.97663  0.214159  0.0485474  
0.937411  0.344607  0.071156  
0.866194  0.495228  0.0731327  
0.706754  0.706689  0.0806069  
0.641059  0.768019  0.0458496  
0.500927  0.866086  0.00750314  
0.0162603  0.996543  0.0858609  
0.0228897  0.998582  0.0579694  
0.0228788  0.999796  0.0303353  
0.000960289  1.07069  0.000169903  
3.85865  0.000275114  0.000387198  
0.996578  0.090128  0.0194058  
0.980993  0.192698  0.0384461  
0.949214  0.316379  0.0191528  
0.892547  0.446182  0.110178  
0.860984  0.494343  0.128364  
0.703992  0.703856  0.131731  
0.581583  0.8141  0.0181714  
0.0319796  0.992921  0.123968  
0.02233  0.995993  0.0924811  
0.0228897  0.998582  0.0579694  
0.0228788  0.999796  0.0303353  
0.000960289  1.07069  0.000169903  
3.85865  0.000275114  0.000387198  
0.99705  0.0822017  0.0056881  
0.98481  0.172422  0.0404517  
0.956099  0.282859  0.0903937  
0.913416  0.397165  0.111805  
0.860984  0.494343  0.128364  
0.703992  0.703856  0.131731  
0.651218  0.758645  0.0716905  
0.527836  0.849014  0.0733079  
0.025152  0.992425  0.126205  
0.0239425  0.995782  0.0953968  
0.0228897  0.998582  0.0579694  
0.0226671  0.999765  0.0319476  
0.000960289  1.07069  0.000169903  
3.85865  0.000275114  0.000387198  
0.997565  0.0733538  0.0110984  
0.985879  0.161359  0.059284  
0.963952  0.262022  0.0946399  
0.926597  0.370703  0.0861605  
0.866979  0.482822  0.139303  
0.858848  0.489502  0.16693  
0.701575  0.702534  0.162503  
0.600075  0.79918  0.0991945  
0.500927  0.866086  0.00750314  
0.0254516  0.992174  0.131738  
0.0239425  0.995782  0.0953968  
0.0228897  0.998582  0.0579694  
0.0244465  0.999759  0.0326957  
0.000241988  1.22055  0.000487682  
3.60773  0.000147805  0.000531514  
0.997843  0.0709348  0.0108786  
0.987332  0.150935  0.0636352  
0.968372  0.240228  0.100345  
0.936149  0.339882  0.123559  
0.889157  0.443495  0.144334  
0.858848  0.489502  0.16693  
0.701575  0.702534  0.162503  
0.659252  0.752956  0.0466934  
0.552646  0.824563  0.164771  
0.0204664  0.986884  0.168438  
0.0290631  0.991677  0.134145  
0.0208546  0.995364  0.102525  
0.033393  0.998225  0.068579  
0.0215306  0.999721  0.0335837  
0.000297447  1.22048  0.000488474  
3.60773  0.000147805  0.000531514  
0.998086  0.0658481  0.0163763  
0.98892  0.133992  0.0696498  
0.971617  0.222475  0.0960163  
0.942673  0.312914  0.128159  
0.903617  0.403413  0.16155  
0.855062  0.493107  0.18013  
0.851939  0.496296  0.200216  
0.698381  0.699982  0.194594  
0.611555  0.785887  0.163612  
0.507227  0.848722  0.175059  
0.00855763  0.985602  0.175217  
0.0153632  0.990704  0.141382  
0.0208546  0.995364  0.102525  
0.0354978  0.998068  0.0712509  
0.0215306  0.999721  0.0335837  
0.000297447  1.22048  0.000488474  
3.60773  0.000147805  0.000531514  
0.998764  0.0537984  0.0229541  
0.990439  0.130085  0.0667127  
0.974702  0.207339  0.0960628  
0.952131  0.291572  0.110715  
0.914968  0.378985  0.168045  
0.868088  0.469655  0.188887  
0.848379  0.487181  0.217122  
0.698604  0.699836  0.212648  
0.654321  0.739538  0.206527  
0.569263  0.807067  0.205468  
0.498208  0.852037  0.196859  
0.0134734  0.98437  0.181932  
0.0273798  0.990294  0.144396  
0.0340557  0.99447  0.110185  
0.0268351  0.998021  0.0734412  
0.0275875  0.999707  0.0362321  
0.000241988  1.22055  0.000487682  
3.60773  0.000147805  0.000531514  
0.998764  0.0537984  0.0229541  
0.991291  0.123113  0.068614  
0.976663  0.190544  0.112225  
0.955298  0.267998  0.138911  
0.924066  0.352932  0.157604  
0.883067  0.44138  0.186724  
0.845447  0.488788  0.225245  
0.840469  0.483413  0.257716  
0.692745  0.696244  0.237673  
0.608329  0.768802  0.228239  
0.529233  0.833761  0.220135  
0.00610778  0.975704  0.221899  
0.0282474  0.983208  0.186277  
0.0147684  0.988727  0.151508  
0.00924646  0.993964  0.113952  
0.0235478  0.997617  0.0744707  
0.0132976  0.999584  0.0371271  
0.000241988  1.22055  0.000487682  
3.60773  0.000147805  0.000531514  
0.998764  0.0537984  0.0229541  
0.991657  0.114303  0.0686768  
0.979128  0.181309  0.10588  
0.958873  0.251149  0.138911  
0.929745  0.328895  0.1736  
0.89471  0.411094  0.212695  
0.845447  0.488788  0.225245  
0.840469  0.483413  0.257716  
0.684821  0.690582  0.273934  
0.642825  0.729619  0.243545  
0.572416  0.787832  0.23942  
0.49616  0.846698  0.239141  
0.0100646  0.973003  0.232187  
0.0221228  0.981934  0.190848  
0.00763437  0.9885  0.155924  
0.0250945  0.993915  0.116034  
0.0240953  0.997618  0.0760291  
0.0193876  0.99943  0.0390675  
0.000269716  1.22052  0.000488077  
3.60773  0.000147805  0.000531514  
0.998845  0.0489269  0.0303567  
0.992074  0.0964069  0.0820195  
0.97931  0.168641  0.118272  
0.960672  0.238567  0.157724  
0.933164  0.310936  0.183722  
0.897595  0.384578  0.224486  
0.855895  0.461507  0.247675  
0.836407  0.484888  0.273505  
0.830184  0.477439  0.310731  
0.684821  0.690582  0.273934  
0.611621  0.749477  0.271478  
0.539143  0.809571  0.255197  
0.492138  0.838899  0.262497  
0.0217785  0.970498  0.24278  
0.0134461  0.979314  0.203654  
0.0102851  0.986976  0.164075  
0.0319796  0.992921  0.123968  
0.016505  0.996915  0.0823094  
0.0156663  0.999423  0.0407675  
0.000241988  1.22055  0.000487682  
3.60773  0.000147805  0.000531514  
0.998845  0.0489269  0.0303567  
0.991773  0.102115  0.0857404  
0.980547  0.16268  0.124596  
0.962897  0.221774  0.166683  
0.936103  0.292516  0.20302  
0.908515  0.363503  0.233436  
0.867453  0.423328  0.264471  
0.834967  0.477575  0.28941  
0.829853  0.4836  0.316091  
0.679067  0.68412  0.294276  
0.650068  0.718877  0.300195  
0.568067  0.777105  0.288155  
0.50512  0.826124  0.284811  
0.0313242  0.958619  0.291471  
0.0198721  0.967741  0.252717  
0.0257594  0.9781  0.210843  
0.0312218  0.985798  0.171379  
0.0133584  0.992108  0.128123  
0.016505  0.996915  0.0823094  
0.0156663  0.999423  0.0407675  
0.000241988  1.22055  0.000487682  
3.42429  9.32465e-005  0.000729994  
0.998909  0.0413503  0.0450635  
0.992074  0.0964069  0.0820195  
0.981013  0.152865  0.124038  
0.964247  0.214111  0.166337  
0.943727  0.265426  0.210749  
0.913534  0.341236  0.241289  
0.875829  0.399407  0.278587  
0.834967  0.477575  0.28941  
0.821366  0.478087  0.330605  
0.6723  0.675769  0.356078  
0.669851  0.676993  0.336748  
0.612084  0.740448  0.316832  
0.538591  0.794156  0.306218  
0.488959  0.832585  0.304006  
0.033102  0.954683  0.30104  
0.0281871  0.966642  0.260284  
0.00610778  0.975704  0.221899  
0.0155236  0.984501  0.177363  
0.0119763  0.991673  0.132614  
0.0216728  0.996495  0.0900753  
0.0241716  0.999337  0.0449243  
0.000241988  1.22055  0.000487682  
3.42429  9.32465e-005  0.000729994  
0.998909  0.0413503  0.0450635  
0.992099  0.093404  0.0856002  
0.980871  0.138983  0.139621  
0.963944  0.202235  0.182402  
0.943515  0.258507  0.21577  
0.914334  0.319967  0.255308  
0.882282  0.374918  0.292386  
0.842329  0.449099  0.309575  
0.818804  0.471811  0.351979  
0.806291  0.466039  0.380398  
0.658501  0.661466  0.373471  
0.63793  0.703664  0.364283  
0.573607  0.747  0.353918  
0.51069  0.802108  0.336166  
0.487148  0.826136  0.322829  
0.0272628  0.951074  0.313765  
0.0156671  0.962966  0.27226  
0.0317108  0.973724  0.231105  
0.0139864  0.982912  0.187228  
0.0340655  0.990921  0.138322  
0.0238537  0.996206  0.0936141  
0.0241716  0.999337  0.0449243  
0.000241988  1.22055  0.000487682  
3.42429  9.32465e-005  0.000729994  
0.998909  0.0413503  0.0450635  
0.991875  0.0850289  0.0983469  
0.980871  0.138983  0.139621  
0.965018  0.193041  0.192739  
0.943327  0.244221  0.234279  
0.916245  0.304124  0.269624  
0.885293  0.358776  0.305011  
0.844881  0.42243  0.337673  
0.813842  0.470187  0.357867  
0.800036  0.459707  0.401872  
0.653693  0.653842  0.41571  
0.660584  0.661069  0.388951  
0.60262  0.718179  0.375079  
0.545154  0.765539  0.376577  
0.480966  0.806608  0.354824  
0.0298489  0.931475  0.371626  
0.0413571  0.946689  0.328743  
0.0177992  0.960491  0.284169  
0.0217785  0.970498  0.24278  
0.0221228  0.981934  0.190848  
0.0130181  0.98947  0.146439  
0.0211039  0.995988  0.0975  
0.00758741  0.999114  0.0477077  
0.000226989  1.22057  0.00048747  
3.42429  9.32465e-005  0.000729994  
0.998595  0.0402637  0.0511974  
0.991875  0.0850289  0.0983469  
0.981513  0.130484  0.142484  
0.964986  0.182586  0.203195  
0.944674  0.229299  0.246845  
0.91929  0.274527  0.289579  
0.890564  0.329478  0.319873  
0.853003  0.387671  0.352262  
0.809701  0.452694  0.375877  
0.794827  0.462115  0.41685  
0.779704  0.453591  0.451602  
0.646081  0.645961  0.440388  
0.625949  0.669297  0.426858  
0.573701  0.719839  0.411056  
0.518766  0.778936  0.381203  
0.480966  0.806608  0.354824  
0.0424435  0.923338  0.388465  
0.0414499  0.940328  0.342895  
0.033102  0.954683  0.30104  
0.0272962  0.968351  0.252595  
0.0107397  0.979296  0.204903  
0.00763437  0.9885  0.155924  
0.0339803  0.995414  0.104438  
0.00758741  0.999114  0.0477077  
0.000241988  1.22055  0.000487682  
3.42429  9.32465e-005  0.000729994  
0.998909  0.0374514  0.0506382  
0.992577  0.0781266  0.103001  
0.980535  0.124626  0.158348  
0.963962  0.168756  0.208928  
0.943997  0.212189  0.256275  
0.91835  0.274084  0.295468  
0.886436  0.323  0.340088  
0.850472  0.377457  0.378717  
0.816202  0.417005  0.40928  
0.784107  0.458628  0.436697  
0.771566  0.439321  0.470532  
0.622357  0.631077  0.483175  
0.646081  0.645961  0.440388  
0.590089  0.68868  0.455344  
0.529306  0.735177  0.447185  
0.483749  0.784794  0.431391  
0.471451  0.787421  0.432264  
0.0477312  0.916339  0.406606  
0.0574089  0.934401  0.361511  
0.0294188  0.951114  0.311594  
0.0232323  0.964785  0.267389  
0.0263068  0.977077  0.216063  
0.0184189  0.987313  0.161848  
0.0340557  0.99447  0.110185  
0.0141541  0.998638  0.0547408  
0.000269716  1.22052  0.000488077  
3.42429  9.32465e-005  0.000729994  
0.998258  0.0333658  0.0564784  
0.991698  0.0642216  0.115317  
0.980196  0.116705  0.170426  
0.963028  0.164033  0.217331  
0.940607  0.206071  0.275887  
0.915357  0.250591  0.320669  
0.887007  0.299286  0.361024  
0.853865  0.35046  0.389402  
0.814767  0.401207  0.426346  
0.775663  0.446797  0.455598  
0.762486  0.430684  0.491329  
0.748152  0.422819  0.521465  
0.617687  0.62008  0.511285  
0.606365  0.645789  0.493569  
0.535101  0.69395  0.493485  
0.501909  0.742222  0.471322  
0.46104  0.776831  0.458838  
0.0353037  0.886362  0.468257  
0.0494581  0.909017  0.422514  
0.0618923  0.926997  0.379725  
0.0508833  0.945171  0.333719  
0.0358945  0.96081  0.281065  
0.015173  0.974231  0.229389  
0.0312218  0.985798  0.171379  
0.0340557  0.99447  0.110185  
0.0141541  0.998638  0.0547408  
0.000226989  1.22057  0.00048747  
3.42429  9.32465e-005  0.000729994  
0.998258  0.0333658  0.0564784  
0.991555  0.0628125  0.122455  
0.980031  0.108746  0.179625  
0.961164  0.155993  0.23595  
0.9395  0.192406  0.289488  
0.913568  0.245859  0.340718  
0.882391  0.29157  0.378966  
0.849855  0.339879  0.412663  
0.815932  0.383058  0.447776  
0.777529  0.423456  0.482797  
0.751939  0.442116  0.509115  
0.73415  0.424906  0.548477  
0.601247  0.604683  0.551365  
0.607449  0.613883  0.535927  
0.564842  0.643325  0.535077  
0.517688  0.694522  0.518748  
0.472312  0.728006  0.508148  
0.448247  0.748219  0.509891  
0.0299332  0.875695  0.485478  
0.0390188  0.897569  0.447759  
0.059166  0.919444  0.401111  
0.0473009  0.939188  0.351225  
0.0600176  0.956276  0.298542  
0.0191792  0.971627  0.239401  
0.0238729  0.98439  0.184481  
0.00626486  0.9931  0.120394  
0.0141541  0.998638  0.0547408  
0.000226989  1.22057  0.00048747  
3.40154  0.000111438  0.000982638  
0.998003  0.0276251  0.0655774  
0.990018  0.0713354  0.129467  
0.977054  0.0981916  0.19458  
0.957994  0.144114  0.255184  
0.934683  0.185762  0.311424  
0.909924  0.224832  0.356592  
0.880456  0.273741  0.398356  
0.845815  0.310116  0.450319  
0.810723  0.354175  0.485092  
0.771938  0.404914  0.512595  
0.736217  0.42616  0.539589  
0.71955  0.422793  0.572442  
0.698473  0.40963  0.604607  
0.584471  0.589198  0.58278  
0.579586  0.62178  0.560429  
0.533775  0.649393  0.56561  
0.473279  0.690561  0.555282  
0.445309  0.724999  0.538357  
0.432494  0.727145  0.540236  
0.084809  0.863697  0.516528  
0.0195867  0.885995  0.469798  
0.0494581  0.909017  0.422514  
0.036178  0.931788  0.368474  
0.0294188  0.951114  0.311594  
0.0251836  0.967758  0.255021  
0.00526692  0.981888  0.191596  
0.0185896  0.991687  0.130968  
0.0141541  0.998638  0.0547408  
0.000226989  1.22057  0.00048747  
3.40154  0.000111438  0.000982638  
0.998003  0.0276251  0.0655774  
0.988947  0.0603389  0.139316  
0.974782  0.103006  0.206783  
0.955173  0.132016  0.27083  
0.931672  0.179211  0.33125  
0.901737  0.217954  0.380667  
0.873919  0.238568  0.427172  
0.836414  0.295374  0.472735  
0.80038  0.333231  0.513945  
0.76444  0.381922  0.541073  
0.728142  0.409484  0.567154  
0.700455  0.405717  0.592503  
0.681417  0.401422  0.628298  
0.553076  0.554064  0.634962  
0.574741  0.584451  0.610888  
0.525866  0.610099  0.608767  
0.498658  0.648685  0.610617  
0.456274  0.68616  0.59407  
0.431308  0.719955  0.574201  
0.0930155  0.81894  0.58288  
0.0665557  0.844362  0.541069  
0.0384676  0.871933  0.493034  
0.0390188  0.897569  0.447759  
0.065056  0.92139  0.395041  
0.0542762  0.944174  0.335744  
0.0156671  0.962966  0.27226  
0.022326  0.978944  0.208603  
0.0340655  0.990921  0.138322  
0.0100927  0.997586  0.0710271  
0.000226989  1.22057  0.00048747  
3.40154  0.000111438  0.000982638  
0.998003  0.0276251  0.0655774  
0.988617  0.0667425  0.149682  
0.971883  0.09344  0.220812  
0.951104  0.128846  0.2927  
0.921965  0.174483  0.353694  
0.89063  0.212106  0.412433  
0.861824  0.24793  0.462761  
0.823101  0.280163  0.507166  
0.78576  0.317927  0.53732  
0.75018  0.353751  0.568004  
0.71368  0.391625  0.600192  
0.681417  0.401422  0.628298  
0.653717  0.379249  0.659424  
0.637924  0.363542  0.688482  
0.550171  0.55124  0.655361  
0.537056  0.56621  0.649473  
0.5038  0.602886  0.635299  
0.460335  0.642056  0.640623  
0.418071  0.685141  0.610959  
0.408636  0.679259  0.636896  
0.122195  0.798182  0.614151  
0.0417126  0.822947  0.571107  
0.0639272  0.854251  0.524115  
0.0453935  0.882062  0.474005  
0.0578257  0.91083  0.417139  
0.0414017  0.934353  0.360255  
0.0143989  0.957943  0.292629  
0.0339673  0.976631  0.225369  
0.0243338  0.989422  0.150118  
0.0126801  0.997271  0.0763002  
0.000226989  1.22057  0.00048747  
3.40154  0.000111438  0.000982638  
0.998003  0.0276251  0.0655774  
0.986728  0.0627391  0.164002  
0.968358  0.0997217  0.238902  
0.944248  0.119886  0.310369  
0.913643  0.162239  0.374276  
0.882689  0.200485  0.437899  
0.849471  0.229636  0.49392  
0.811824  0.268895  0.536893  
0.778641  0.293901  0.584527  
0.736027  0.327045  0.601101  
0.691652  0.356255  0.637966  
0.653717  0.379249  0.659424  
0.635023  0.363542  0.688482  
0.615252  0.351757  0.717648  
0.501833  0.506787  0.71256  
0.495735  0.520135  0.702788  
0.495735  0.520135  0.702788  
0.455242  0.590775  0.676992  
0.401935  0.633376  0.681223  
0.394806  0.656612  0.664842  
0.123186  0.745204  0.685153  
0.0310442  0.770736  0.646136  
0.0469419  0.804938  0.597728  
0.0815192  0.835488  0.556406  
0.012945  0.867162  0.504788  
0.0510487  0.898901  0.446463  
0.0448019  0.925169  0.383898  
0.0274349  0.951764  0.315007  
0.019212  0.971628  0.239403  
0.0184189  0.987313  0.161848  
0.0126801  0.997271  0.0763002  
0.000226989  1.22057  0.00048747  
3.40154  0.000111438  0.000982638  
0.996361  0.0267991  0.0885634  
0.984423  0.0537698  0.171315  
0.964959  0.0829714  0.262595  
0.935009  0.114996  0.340575  
0.906133  0.132728  0.412012  
0.867119  0.181267  0.471831  
0.831803  0.219273  0.526774  
0.793947  0.25238  0.576659  
0.747896  0.281949  0.619775  
0.715432  0.298179  0.64154  
0.675996  0.321033  0.675213  
0.635023  0.363542  0.688482  
0.610935  0.359507  0.723731  
0.587017  0.348039  0.742506  
0.563759  0.327781  0.770254  
0.495121  0.495231  0.726554  
0.472094  0.506237  0.732973  
0.455101  0.534153  0.742227  
0.427236  0.580644  0.719251  
0.403851  0.60658  0.733465  
0.388982  0.629838  0.710988  
0.173066  0.719311  0.714212  
0.151105  0.749515  0.682902  
0.0935377  0.781738  0.633771  
0.0179319  0.812063  0.590843  
0.0639337  0.849174  0.535815  
0.0141121  0.880675  0.479873  
0.0665686  0.915004  0.410866  
0.0305598  0.943862  0.337888  
0.0218751  0.966067  0.262144  
0.0109688  0.984553  0.176075  
0.0126801  0.997271  0.0763002  
0.000226989  1.22057  0.00048747  
3.13361  0.000175942  0.00149772  
0.996361  0.0267991  0.0885634  
0.981507  0.0434793  0.191014  
0.959127  0.0861883  0.284151  
0.926494  0.115322  0.365594  
0.891014  0.128836  0.442244  
0.849461  0.165461  0.510571  
0.809248  0.189141  0.565179  
0.772945  0.224338  0.617503  
0.725301  0.254444  0.647272  
0.686519  0.276703  0.688477  
0.650622  0.308401  0.711977  
0.605037  0.331045  0.739509  
0.580251  0.346141  0.756015  
0.554561  0.298333  0.779698  
0.533601  0.2937  0.801148  
0.410509  0.445291  0.799408  
0.442838  0.465828  0.787959  
0.439605  0.448481  0.796199  
0.400189  0.498497  0.786041  
0.390334  0.557694  0.783271  
0.358316  0.538431  0.783385  
0.183834  0.6476  0.784868  
0.158599  0.682138  0.751732  
0.131564  0.712915  0.714282  
0.126201  0.752656  0.673758  
0.109163  0.787603  0.631683  
0.0417126  0.822947  0.571107  
0.0542088  0.864151  0.516778  
0.0510487  0.898901  0.446463  
0.03419  0.932453  0.369723  
0.0145486  0.961202  0.278496  
0.00526692  0.981888  0.191596  
0.0167344  0.995525  0.0991518  
0.000336048  1.13142  0.000722603  
3.0949  0.000175942  0.00151246  
0.996361  0.0267991  0.0885634  
0.977351  0.0571204  0.212857  
0.949201  0.0326359  0.315815  
0.914081  0.0594874  0.404724  
0.872035  0.10617  0.483409  
0.827053  0.137315  0.550705  
0.782889  0.182339  0.60335  
0.740758  0.203323  0.652783  
0.686301  0.236877  0.697018  
0.651276  0.231642  0.731828  
0.617013  0.268555  0.753599  
0.579044  0.281245  0.772476  
0.540298  0.320283  0.789821  
0.522124  0.297502  0.810148  
0.498665  0.272101  0.828961  
0.475822  0.285015  0.843379  
0.38483  0.410004  0.827836  
0.398942  0.435119  0.821617  
0.38483  0.410004  0.827836  
0.366074  0.488359  0.82795  
0.343188  0.53048  0.822311  
0.33344  0.511705  0.825282  
0.20751  0.604608  0.828514  
0.183834  0.6476  0.784868  
0.172382  0.678569  0.756196  
0.131564  0.712915  0.714282  
0.0842509  0.755388  0.668945  
0.0309808  0.791192  0.614743  
0.0749955  0.835276  0.554885  
0.0340465  0.876941  0.482034  
0.0453776  0.916956  0.406154  
0.0274349  0.951764  0.315007  
0.0450558  0.977269  0.216483  
0.0167344  0.995494  0.100954  
0.000226989  1.22057  0.00048747  
2.99666  0.00029454  0.00168601  
0.996361  0.0267991  0.0885634  
0.97259  0.0432103  0.232539  
0.941543  0.0749166  0.34028  
0.893785  0.0913554  0.443463  
0.844757  0.113355  0.527407  
0.79471  0.142446  0.59381  
0.748889  0.15848  0.652789  
0.705415  0.185865  0.705243  
0.651284  0.218505  0.735997  
0.616578  0.227291  0.763356  
0.576906  0.254269  0.7898  
0.541854  0.266631  0.807869  
0.506487  0.278356  0.826186  
0.478359  0.275616  0.84254  
0.458204  0.250748  0.861975  
0.436346  0.257891  0.87417  
0.362834  0.368476  0.872123  
0.363472  0.377036  0.85469  
0.35247  0.382626  0.859247  
0.343334  0.40613  0.85324  
0.309633  0.441408  0.861956  
0.309633  0.441408  0.861956  
0.304283  0.423071  0.863531  
0.263703  0.574745  0.858909  
0.20751  0.604608  0.828514  
0.181651  0.621934  0.802291  
0.166996  0.669921  0.761159  
0.131564  0.712915  0.714282  
0.120154  0.761127  0.663503  
0.039991  0.804642  0.599417  
0.0219091  0.850067  0.53261  
0.0510487  0.898901  0.446463  
0.0237368  0.939373  0.352283  
0.0311813  0.972625  0.236548  
0.00606289  0.993157  0.124205  
0.000226989  1.22057  0.00048747  
2.99666  0.00029454  0.00168601  
0.996361  0.0267991  0.0885634  
0.967222  0.037954  0.256391  
0.920389  0.0529551  0.394253  
0.868678  0.0827617  0.492225  
0.812449  0.103802  0.579965  
0.760002  0.0497762  0.649616  
0.697436  0.137393  0.706555  
0.653125  0.173411  0.746432  
0.608012  0.17847  0.777649  
0.567593  0.179249  0.812757  
0.51822  0.221554  0.832077  
0.490005  0.234685  0.849514  
0.458204  0.250748  0.861975  
0.436346  0.257891  0.87417  
0.412764  0.253292  0.889396  
0.390694  0.227534  0.898538  
0.368984  0.224031  0.910755  
0.318197  0.330299  0.904357  
0.327926  0.341775  0.895581  
0.305576  0.349439  0.889676  
0.296081  0.371268  0.893153  
0.278792  0.41177  0.889084  
0.274489  0.422547  0.893859  
0.240935  0.360693  0.915745  
0.183362  0.511007  0.892883  
0.209749  0.521186  0.880359  
0.147559  0.594572  0.853908  
0.181651  0.621934  0.802291  
0.166996  0.669921  0.761159  
0.131564  0.712915  0.714282  
0.100609  0.762079  0.654489  
0.0452189  0.820265  0.585429  
0.0850315  0.873784  0.495756  
0.0594088  0.925686  0.386702  
0.0203038  0.963399  0.272881  
0.0234091  0.992919  0.137689  
0.000227241  1.1052  0.000914308  
2.99665  0.000296841  0.00205983  
0.996361  0.0267991  0.0885634  
0.949201  0.0326359  0.315815  
0.892642  0.0503716  0.450179  
0.831512  0.0895598  0.550438  
0.763345  0.111617  0.641409  
0.706046  0.0590471  0.708897  
0.644588  0.137984  0.757591  
0.600076  0.108698  0.798419  
0.553205  0.169016  0.831727  
0.511452  0.180955  0.849774  
0.474953  0.166656  0.872153  
0.436985  0.196566  0.881447  
0.413858  0.192412  0.896594  
0.37975  0.224254  0.903441  
0.360607  0.210313  0.914958  
0.344077  0.197262  0.9265  
0.327906  0.204941  0.932603  
0.264896  0.281551  0.934759  
0.289562  0.290712  0.92429  
0.271295  0.30228  0.925982  
0.261715  0.302731  0.927956  
0.253405  0.316213  0.931461  
0.240935  0.360693  0.915745  
0.218426  0.330984  0.933409  
0.218426  0.330984  0.933409  
0.218426  0.330984  0.933409  
0.192832  0.498503  0.908636  
0.183362  0.511007  0.892883  
0.117783  0.586615  0.868152  
0.166007  0.624071  0.808346  
0.066967  0.674109  0.785675  
0.131564  0.712915  0.714282  
0.0343653  0.766483  0.645269  
0.0749955  0.835276  0.554885  
0.0510487  0.898901  0.446463  
0.034705  0.952006  0.318263  
0.0114972  0.987663  0.161053  
0.000227241  1.1052  0.000914308  
2.90602  0.000306503  0.00266242  
0.999885  0.0256037  0.0167503  
0.949201  0.0326359  0.315815  
0.855353  0.0549122  0.516323  
0.782282  0.0541803  0.623073  
0.706046  0.0590471  0.708897  
0.636688  0.112538  0.767527  
0.579731  0.0933879  0.812692  
0.531208  0.108682  0.847596  
0.482262  0.121529  0.872142  
0.44463  0.1411  0.889054  
0.411348  0.146227  0.904656  
0.377449  0.169388  0.914803  
0.350828  0.177787  0.923707  
0.324103  0.177933  0.933871  
0.310936  0.182986  0.939749  
0.287114  0.170257  0.947084  
0.278717  0.143726  0.950564  
0.265323  0.1585  0.954794  
0.227596  0.230573  0.951251  
0.226586  0.230573  0.951251  
0.226586  0.230573  0.951251  
0.216598  0.267044  0.957411  
0.200191  0.246657  0.963041  
0.200191  0.246657  0.963041  
0.136006  0.341691  0.963813  
0.149647  0.354144  0.947976  
0.130769  0.379144  0.946863  
0.130769  0.379144  0.946863  
0.130769  0.379144  0.946863  
0.130769  0.379144  0.946863  
0.117783  0.586615  0.868152  
0.117783  0.586615  0.868152  
0.118169  0.67343  0.789642  
0.0918415  0.72048  0.703043  
0.0309808  0.791192  0.614743  
0.0430815  0.857807  0.520426  
0.0295265  0.932799  0.370352  
0.00526692  0.981888  0.191596  
0.000227241  1.1052  0.000914308  
2.90602  0.000306503  0.00266242  
0.999885  0.0256037  0.0167503  
0.916342  0.0447544  0.402262  
0.798739  0.0447498  0.603306  
0.706046  0.0590471  0.708897  
0.621284  0.0759688  0.783271  
0.555736  0.0354266  0.831245  
0.489439  0.0982969  0.870298  
0.4461  0.0333025  0.895102  
0.400783  0.100867  0.914677  
0.370244  0.0998779  0.925879  
0.338773  0.125896  0.933352  
0.313742  0.0895552  0.947169  
0.28447  0.136656  0.953279  
0.269687  0.122576  0.956031  
0.248686  0.140264  0.960578  
0.239975  0.131985  0.964577  
0.222129  0.126268  0.968405  
0.211348  0.108344  0.971991  
0.201784  0.101351  0.975237  
0.194045  0.103234  0.976723  
0.170417  0.202638  0.972438  
0.170417  0.202638  0.972438  
0.161306  0.224916  0.974104  
0.161306  0.224916  0.974104  
0.149995  0.198398  0.979354  
0.149995  0.198398  0.979354  
0.124735  0.291386  0.973893  
0.124735  0.291386  0.973893  
0.124735  0.291386  0.973893  
0.126362  0.387198  0.947155  
0.124735  0.291386  0.973893  
0.114822  0.288248  0.977357  
0.114822  0.288248  0.977357  
0.0938277  0.637652  0.945981  
0.0918036  0.668811  0.818357  
0.0799664  0.724945  0.7205  
0.0577503  0.808283  0.609839  
0.0427771  0.901234  0.437069  
0.00843531  0.976943  0.231341  
0.000182307  1.08196  0.00114622  
2.90602  0.000306503  0.00266242  
0.999885  0.0256037  0.0167503  
0.834482  0.0430923  0.552  
0.698559  0.0526071  0.715188  
0.570833  0.0639371  0.823668  
0.515926  0.0419507  0.857621  
0.4461  0.0333025  0.895102  
0.391861  0.032539  0.920285  
0.350632  0.0760445  0.93731  
0.315844  0.0667248  0.949944  
0.28725  0.0546811  0.957723  
0.258177  0.0816318  0.964148  
0.236504  0.0960241  0.968007  
0.223452  0.0947107  0.972108  
0.206303  0.0950345  0.974794  
0.194045  0.103234  0.976723  
0.180766  0.0918379  0.981108  
0.173059  0.1007  0.981958  
0.160527  0.098735  0.983683  
0.152909  0.0907829  0.985282  
0.13526  0.137316  0.985156  
0.13526  0.137316  0.985156  
0.123014  0.134712  0.985372  
0.123014  0.134712  0.985372  
0.123014  0.134712  0.985372  
0.114386  0.122398  0.987948  
0.113684  0.152752  0.990098  
0.110063  0.199551  0.987417  
0.0844608  0.215731  0.989969  
0.101687  0.224631  0.9855  
0.0844608  0.215731  0.989969  
0.0803856  0.281069  0.989322  
0.0803856  0.281069  0.989322  
0.0803856  0.281069  0.989322  
0.0803856  0.281069  0.989322  
0.0803856  0.281069  0.989322  
0.0803856  0.281069  0.989322  
0.063468  0.674109  0.830461  
0.0580825  0.728984  0.698595  
0.0406401  0.847855  0.549855  
0.0168882  0.961632  0.288647  
0.000203444  1.06206  0.00145495  
2.90602  0.000306503  0.00266242  
0.999885  0.0256037  0.0167503  
0.780379  0.00887112  0.778881  
0.555736  0.0354266  0.831245  
0.4461  0.0333025  0.895102  
0.363049  0.0473472  0.932858  
0.31107  0.0355764  0.950973  
0.264618  0.0436431  0.965135  
0.241369  0.0543834  0.971583  
0.216673  0.0548139  0.976865  
0.189438  0.047792  0.982771  
0.17783  0.0589031  0.984154  
0.162214  0.0650773  0.985429  
0.144343  0.0635532  0.987728  
0.139247  0.0694169  0.988525  
0.132146  0.0673068  0.989709  
0.120451  0.062332  0.99118  
0.110375  0.064258  0.992483  
0.110375  0.064258  0.992483  
0.104307  0.0661554  0.99349  
0.0878988  0.0895944  0.992953  
0.0878988  0.0895944  0.992953  
0.0878988  0.0895944  0.992953  
0.0854486  0.100536  0.994327  
0.0820334  0.105689  0.994602  
0.0684352  0.0936764  0.995142  
0.0684352  0.0936764  0.995142  
0.0684352  0.0936764  0.995142  
0.0684352  0.0936764  0.995142  
0.0684352  0.0936764  0.995142  
0.059753  0.15346  0.99525  
0.063707  0.158636  0.995311  
0.061892  0.159074  0.995561  
0.059266  0.178871  0.995696  
0.058574  0.221562  0.995715  
0.054134  0.131611  0.996291  
0.054134  0.131611  0.996291  
0.0539616  0.234835  0.997337  
0.0513205  0.283058  0.997791  
0.0498241  0.26934  0.998495  
0.0350454  0.735302  0.69139  
0.0070659  0.900564  0.463848  
0.000210424  1.03211  0.00217428  
2.90602  0.000306503  0.00266242  
0.780379  0.00887112  0.778881  
0.465929  0.0107476  0.92425  
0.298574  0.0185253  0.969547  
0.24054  0.0243912  0.982102  
0.197368  0.0254019  0.980624  
0.162013  0.015315  0.991437  
0.132514  0.0258868  0.991495  
0.111462  0.0266526  0.993938  
0.106048  0.0212755  0.996536  
0.0977616  0.0166518  0.996898  
0.0822594  0.0245938  0.996761  
0.0822594  0.0245938  0.996761  
0.0687976  0.0267059  0.997561  
0.0687976  0.0267059  0.997561  
0.0662158  0.0204226  0.998001  
0.0580751  0.0229963  0.998386  
0.0580751  0.0229963  0.998386  
0.046548  0.0302375  0.998937  
0.046548  0.0302375  0.998937  
0.046548  0.0302375  0.998937  
0.046548  0.0302375  0.998937  
0.0453565  0.0240366  0.999033  
0.0386892  0.0216536  0.999293  
0.038054  0.0202494  0.999412  
0.038054  0.0202494  0.999412  
0.038054  0.0202494  0.999412  
0.0368346  0.0209679  0.999421  
0.0357464  0.0209679  0.999421  
0.0332796  0.0172448  0.999566  
0.0331212  0.0258307  0.999545  
0.0301941  0.0171634  0.999637  
0.0301941  0.0171634  0.999637  
0.0301941  0.0171634  0.999637  
0.0287715  0.033282  0.999725  
0.0280793  0.0297889  0.99975  
0.0277527  0.0304847  0.999779  
0.0262764  0.0743893  0.999809  
0.0258212  0.190128  0.999789  
0.0251355  0.163513  0.999813  
0.0218809  0.0739461  0.999851  
0.0218809  0.0739461  0.999851  
0.00976434  0.832614  0.69833  
0.000203444  1.06206  0.00145495  
0.00337364  8.9832e-005  1.0001  
0.00337364  8.9832e-005  1.0001  
0.00337364  8.9832e-005  1.0001  
0.00337364  8.9832e-005  1.0001  
0.00337364  8.9832e-005  1.0001  
0.00337364  8.9832e-005  1.0001  
0.00337364  8.9832e-005  1.0001  
0.00337364  8.9832e-005  1.0001  
0.00337364  8.9832e-005  1.0001  
0.00337364  8.9832e-005  1.0001  
0.00337364  8.9832e-005  1.0001  
0.00337364  8.9832e-005  1.0001  
0.00337364  8.9832e-005  1.0001  
0.00337364  8.9832e-005  1.0001  
0.00337364  8.9832e-005  1.0001  
0.00337364  8.9832e-005  1.0001  
0.00337364  8.9832e-005  1.0001  
0.00337364  8.9832e-005  1.0001  
0.00337364  8.9832e-005  1.0001  
0.00337364  8.9832e-005  1.0001  
0.00337364  8.9832e-005  1.0001  
0.00357311  5.43983e-005  1.0001  
0.00357311  5.43983e-005  1.0001  
0.00357311  5.43983e-005  1.0001  
0.00357311  5.43983e-005  1.0001  
0.00357311  5.43983e-005  1.0001  
0.00357311  5.43983e-005  1.0001  
0.00357311  5.43983e-005  1.0001  
0.00357225  5.43983e-005  1.0001  
0.00357225  5.43983e-005  1.0001  
0.00357225  5.43983e-005  1.0001  
0.00357225  5.43983e-005  1.0001  
0.00357225  5.43983e-005  1.0001  
0.00357225  5.43983e-005  1.0001  
0.00357225  5.43983e-005  1.0001  
0.00357225  5.43983e-005  1.0001  
0.00357225  5.43983e-005  1.0001  
0.00357311  5.43983e-005  1.0001  
0.00357225  5.43983e-005  1.0001  
0.00297281  0.0233833  1.00031  
0.00326696  0.0253629  1.0005  
0.00202482  0.040498  1.00102  
0.00202482  0.040498  1.00102  
0.00166942  0.0619276  1.00112  
0.000123324  1.03382  0.0628583  
