1  1.44345e-015  
1  1.44345e-015  
1  1.44345e-015  
1  1.44345e-015  
1  1.44345e-015  
1  1.22125e-015  
1  1.44345e-015  
1  1.22125e-015  
1  1.44345e-015  
1  1.22125e-015  
1  1.44345e-015  
1  1.44345e-015  
1  1.44345e-015  
1  1.44345e-015  
1  1.44345e-015  
1  1.44345e-015  
1  1.44345e-015  
1  1.44345e-015  
1  1.44345e-015  
1  1.22125e-015  
1  1.44345e-015  
1  1.44345e-015  
1  1.44345e-015  
1  1.44345e-015  
1  1.44345e-015  
1  1.22125e-015  
1  1.44345e-015  
1  1.44345e-015  
1  1.22125e-015  
0.950088  0.0500831  
0.950088  0.0500873  
0.950088  0.0500873  
0.950088  0.0500873  
0.950088  0.0500873  
0.950088  0.0500873  
0.950088  0.0500873  
0.950088  0.0500873  
0.950088  0.0500873  
0.950088  0.0500873  
0.950088  0.0500873  
0.950088  0.0500873  
0.950088  0.0500873  
0.950088  0.0500873  
0.950088  0.0500873  
0.950088  0.0500873  
0.950088  0.0500873  
0.950088  0.0500873  
0.950088  0.0500873  
0.950088  0.0500873  
0.950088  0.0500873  
0.950088  0.0500873  
0.950088  0.0500873  
0.950088  0.0500873  
0.950088  0.0500873  
0.950088  0.0500873  
0.950088  0.0500873  
0.950088  0.0500873  
0.950088  0.0500873  
0.900175  0.100166  
0.900175  0.100166  
0.900174  0.100186  
0.900174  0.100186  
0.900174  0.100186  
0.900174  0.100186  
0.900174  0.100186  
0.900174  0.100186  
0.900174  0.100186  
0.900174  0.100186  
0.900174  0.100186  
0.900174  0.100186  
0.900174  0.100186  
0.900174  0.100186  
0.900174  0.100186  
0.900174  0.100186  
0.900174  0.100186  
0.900174  0.100186  
0.900174  0.100186  
0.900174  0.100186  
0.900174  0.100186  
0.900174  0.100186  
0.900174  0.100186  
0.900174  0.100186  
0.900174  0.100186  
0.900174  0.100186  
0.900174  0.100186  
0.900174  0.100186  
0.850215  0.150206  
0.850215  0.150206  
0.850215  0.150206  
0.850215  0.150206  
0.850212  0.150206  
0.850212  0.150206  
0.850212  0.150206  
0.850212  0.150206  
0.850212  0.150206  
0.850212  0.150206  
0.850212  0.150206  
0.850212  0.150206  
0.850212  0.150206  
0.850212  0.150206  
0.850212  0.150206  
0.850212  0.150206  
0.850212  0.150206  
0.850212  0.150206  
0.850212  0.150206  
0.850212  0.150206  
0.850212  0.150206  
0.850212  0.150206  
0.850212  0.150206  
0.850212  0.150206  
0.850212  0.150206  
0.850212  0.150206  
0.850212  0.150206  
0.850212  0.150206  
0.850212  0.150206  
0.800242  0.200239  
0.800242  0.200239  
0.800242  0.200239  
0.800242  0.200239  
0.800242  0.200239  
0.800239  0.20025  
0.800241  0.200239  
0.800241  0.200251  
0.800241  0.200251  
0.800239  0.20025  
0.800239  0.20025  
0.800241  0.200239  
0.800241  0.200239  
0.800241  0.200239  
0.800241  0.200239  
0.800241  0.200239  
0.800241  0.200239  
0.800242  0.200239  
0.800239  0.20025  
0.800241  0.200239  
0.800241  0.200239  
0.800241  0.200239  
0.800241  0.200239  
0.800241  0.200239  
0.800241  0.200239  
0.800239  0.20025  
0.800241  0.200239  
0.800239  0.20025  
0.750285  0.250268  
0.750285  0.250268  
0.750285  0.250268  
0.750285  0.250268  
0.750285  0.250268  
0.750285  0.250268  
0.750285  0.250268  
0.750278  0.250294  
0.750278  0.250294  
0.750278  0.250294  
0.750278  0.250294  
0.750278  0.250294  
0.750278  0.250294  
0.750278  0.250294  
0.750278  0.250294  
0.750278  0.250294  
0.750278  0.250294  
0.750278  0.250294  
0.750278  0.250294  
0.750278  0.250294  
0.750278  0.250294  
0.750278  0.250294  
0.750278  0.250294  
0.750278  0.250294  
0.750278  0.250294  
0.750278  0.250294  
0.750278  0.250294  
0.750278  0.250294  
0.750278  0.250294  
0.700348  0.300327  
0.700348  0.300327  
0.700348  0.300327  
0.700348  0.300327  
0.700348  0.300327  
0.700348  0.300327  
0.700348  0.300327  
0.700348  0.300327  
0.700346  0.300338  
0.700346  0.300338  
0.700346  0.300338  
0.700346  0.300338  
0.700346  0.300338  
0.700346  0.300338  
0.700346  0.300338  
0.700346  0.300338  
0.700346  0.300338  
0.700346  0.300338  
0.700346  0.300338  
0.700346  0.300338  
0.700346  0.300338  
0.700346  0.300338  
0.700346  0.300338  
0.700346  0.300338  
0.700346  0.300338  
0.700346  0.300338  
0.700346  0.300338  
0.700346  0.300338  
0.650426  0.350399  
0.650426  0.350399  
0.650426  0.350399  
0.650426  0.350399  
0.650426  0.350399  
0.650426  0.350399  
0.650426  0.350399  
0.650426  0.350399  
0.650426  0.350399  
0.650426  0.350399  
0.650425  0.350404  
0.650425  0.350434  
0.650425  0.350404  
0.650425  0.350404  
0.650425  0.350434  
0.650425  0.350434  
0.650425  0.350404  
0.650425  0.350404  
0.650425  0.350404  
0.650425  0.350404  
0.650425  0.350404  
0.650425  0.350404  
0.650425  0.350434  
0.650425  0.350404  
0.650425  0.350404  
0.650425  0.350404  
0.650425  0.350434  
0.650425  0.350434  
0.650425  0.350434  
0.60028  0.400278  
0.60028  0.400278  
0.60028  0.400278  
0.60028  0.400278  
0.60028  0.400278  
0.60028  0.400278  
0.60028  0.400278  
0.60028  0.400278  
0.60028  0.400278  
0.60028  0.400278  
0.60028  0.400278  
0.60028  0.400278  
0.60028  0.400278  
0.60028  0.400278  
0.60028  0.400278  
0.60028  0.400278  
0.60028  0.400278  
0.60028  0.400278  
0.60028  0.400278  
0.60028  0.400278  
0.60028  0.400278  
0.60028  0.400278  
0.60028  0.400278  
0.60028  0.400278  
0.60028  0.400278  
0.60028  0.400278  
0.60028  0.400278  
0.60028  0.400278  
0.550112  0.450114  
0.550112  0.450114  
0.550112  0.450114  
0.550112  0.450114  
0.550112  0.450114  
0.550112  0.450114  
0.550112  0.450114  
0.550112  0.450114  
0.550112  0.450114  
0.550112  0.450114  
0.550112  0.450114  
0.550112  0.450114  
0.550112  0.450114  
0.550112  0.450115  
0.550112  0.450115  
0.550112  0.450115  
0.550112  0.450115  
0.550112  0.450115  
0.550112  0.450115  
0.550112  0.450115  
0.550112  0.450115  
0.550112  0.450115  
0.550112  0.450115  
0.550112  0.450115  
0.550112  0.450115  
0.550112  0.450115  
0.550112  0.450115  
0.550112  0.450115  
0.550112  0.450115  
0.500118  0.500112  
0.500118  0.500112  
0.500118  0.500112  
0.500118  0.500112  
0.500118  0.500112  
0.500118  0.500112  
0.500118  0.500112  
0.500118  0.500112  
0.500118  0.500112  
0.500118  0.500112  
0.500118  0.500112  
0.500118  0.500112  
0.500118  0.500112  
0.500118  0.500112  
0.500109  0.500116  
0.500109  0.500116  
0.500109  0.500116  
0.500109  0.500116  
0.500109  0.500116  
0.500109  0.500116  
0.500109  0.500116  
0.500109  0.500116  
0.500109  0.500116  
0.500109  0.500116  
0.500109  0.500116  
0.500109  0.500116  
0.500109  0.500116  
0.500109  0.500116  
0.450159  0.550152  
0.450155  0.550152  
0.450156  0.550152  
0.450154  0.550148  
0.450154  0.550148  
0.450154  0.550148  
0.450155  0.550152  
0.450156  0.550152  
0.450156  0.550152  
0.450154  0.550148  
0.450154  0.550148  
0.450155  0.550152  
0.450155  0.550152  
0.450156  0.550152  
0.450155  0.550152  
0.450154  0.550148  
0.450154  0.550148  
0.450156  0.550152  
0.450156  0.550152  
0.450156  0.550152  
0.450154  0.550148  
0.450154  0.550148  
0.450156  0.550152  
0.450154  0.550148  
0.450154  0.550148  
0.450156  0.550152  
0.450159  0.550152  
0.450155  0.550152  
0.450154  0.550148  
0.400109  0.600103  
0.400109  0.600103  
0.40011  0.600103  
0.40011  0.600103  
0.40011  0.600103  
0.40011  0.600103  
0.40011  0.600103  
0.400109  0.600103  
0.40011  0.600103  
0.40011  0.600103  
0.40011  0.600103  
0.400109  0.600103  
0.400109  0.600103  
0.40011  0.600103  
0.40011  0.600103  
0.40011  0.600103  
0.400109  0.600103  
0.400109  0.600107  
0.400109  0.600107  
0.400109  0.600107  
0.400109  0.600107  
0.400109  0.600107  
0.400109  0.600107  
0.400109  0.600107  
0.400109  0.600107  
0.400109  0.600107  
0.400109  0.600107  
0.400109  0.600107  
0.35016  0.650161  
0.35016  0.650161  
0.35016  0.650161  
0.35016  0.650161  
0.35016  0.650161  
0.35016  0.650161  
0.35016  0.650161  
0.35016  0.650161  
0.35016  0.650161  
0.35016  0.650161  
0.35016  0.650161  
0.35016  0.650161  
0.35016  0.650161  
0.35016  0.650161  
0.35016  0.650161  
0.35016  0.650161  
0.35016  0.650161  
0.35016  0.650161  
0.35016  0.650161  
0.350153  0.650162  
0.350153  0.650162  
0.350153  0.650162  
0.350153  0.650162  
0.350153  0.650162  
0.350153  0.650162  
0.350153  0.650162  
0.350153  0.650162  
0.350153  0.650162  
0.350153  0.650162  
0.300104  0.700098  
0.300104  0.700098  
0.300104  0.700098  
0.300104  0.700098  
0.300104  0.700098  
0.300104  0.700098  
0.300104  0.700098  
0.300104  0.700098  
0.300104  0.700098  
0.300104  0.700098  
0.300104  0.700098  
0.300104  0.700098  
0.300104  0.700098  
0.300104  0.700098  
0.300104  0.700098  
0.300104  0.700098  
0.300104  0.700098  
0.300104  0.700098  
0.300104  0.700098  
0.300104  0.700098  
0.300103  0.700107  
0.300103  0.700107  
0.300103  0.700107  
0.300103  0.700107  
0.300103  0.700107  
0.300103  0.700107  
0.300103  0.700107  
0.300103  0.700107  
0.250251  0.750256  
0.250251  0.750256  
0.250251  0.750256  
0.250251  0.750256  
0.250251  0.750256  
0.250251  0.750256  
0.250251  0.750256  
0.250251  0.750256  
0.250251  0.750256  
0.250251  0.750256  
0.250251  0.750256  
0.250251  0.750256  
0.250251  0.750256  
0.250251  0.750256  
0.250251  0.750256  
0.250251  0.750256  
0.250251  0.750256  
0.250251  0.750256  
0.250251  0.750256  
0.250251  0.750256  
0.250251  0.750256  
0.250251  0.750256  
0.250245  0.750256  
0.250245  0.750256  
0.250245  0.750256  
0.250245  0.750256  
0.250245  0.750256  
0.250245  0.750256  
0.250245  0.750256  
0.200328  0.800311  
0.200328  0.800311  
0.200328  0.800311  
0.200328  0.800311  
0.200328  0.800311  
0.200328  0.800311  
0.200328  0.800311  
0.200328  0.800311  
0.200328  0.800311  
0.200328  0.800311  
0.200328  0.800311  
0.200328  0.800311  
0.200328  0.800311  
0.200328  0.800311  
0.200328  0.800311  
0.200328  0.800311  
0.200328  0.800311  
0.200328  0.800311  
0.200328  0.800311  
0.200328  0.800311  
0.200328  0.800311  
0.200328  0.800311  
0.200328  0.800311  
0.200308  0.800311  
0.200308  0.800311  
0.200308  0.800311  
0.200308  0.800311  
0.200309  0.800311  
0.150424  0.8504  
0.150424  0.8504  
0.150424  0.8504  
0.150424  0.8504  
0.150424  0.8504  
0.150424  0.8504  
0.150424  0.8504  
0.150424  0.8504  
0.150424  0.8504  
0.150424  0.8504  
0.150424  0.8504  
0.150424  0.8504  
0.150425  0.8504  
0.150424  0.8504  
0.150424  0.8504  
0.150424  0.8504  
0.150424  0.8504  
0.150424  0.8504  
0.150424  0.8504  
0.150424  0.8504  
0.150424  0.8504  
0.150424  0.8504  
0.150424  0.8504  
0.150424  0.8504  
0.150397  0.850423  
0.150397  0.850423  
0.150397  0.850423  
0.150397  0.850423  
0.150397  0.850423  
0.100679  0.900683  
0.100679  0.900683  
0.100679  0.900683  
0.100679  0.900683  
0.100679  0.900683  
0.100679  0.900683  
0.100679  0.900683  
0.100679  0.900683  
0.100679  0.900683  
0.100679  0.900683  
0.100679  0.900683  
0.100679  0.900683  
0.100679  0.900683  
0.100679  0.900683  
0.100679  0.900683  
0.100679  0.900683  
0.100679  0.900683  
0.100679  0.900683  
0.100679  0.900683  
0.100679  0.900683  
0.100679  0.900683  
0.100679  0.900683  
0.100679  0.900683  
0.100679  0.900683  
0.100679  0.900683  
0.100641  0.900683  
0.100641  0.900683  
0.100641  0.900683  
0.0509581  0.950975  
0.0509546  0.950975  
0.0509546  0.950975  
0.0509546  0.950975  
0.0509546  0.950975  
0.0509581  0.950975  
0.0509546  0.950975  
0.0509581  0.950975  
0.0509546  0.950975  
0.0509581  0.950975  
0.0509581  0.950975  
0.0509581  0.950975  
0.0509546  0.950975  
0.0509546  0.950975  
0.0509581  0.950975  
0.0509546  0.950975  
0.0509546  0.950975  
0.0509581  0.950975  
0.0509581  0.950975  
0.0509546  0.950975  
0.0509581  0.950975  
0.0509581  0.950975  
0.0509581  0.950975  
0.0509581  0.950975  
0.0509581  0.950975  
0.0509546  0.950975  
0.0509581  0.950975  
0.0509166  0.950975  
3.92942e-018  1  
5.13636e-018  1  
9.17563e-018  1  
5.13636e-018  1  
5.13636e-018  1  
5.13636e-018  1  
9.17563e-018  1  
3.92942e-018  1  
3.92942e-018  1  
3.92942e-018  1  
3.92942e-018  1  
5.13636e-018  1  
9.17563e-018  1  
9.17563e-018  1  
9.17563e-018  1  
9.17563e-018  1  
9.17563e-018  1  
9.17563e-018  1  
5.13636e-018  1  
9.17563e-018  1  
5.13636e-018  1  
9.17563e-018  1  
5.13636e-018  1  
5.13636e-018  1  
9.17563e-018  1  
9.17563e-018  1  
5.13636e-018  1  
5.13636e-018  1  
5.13636e-018  1  
3.92942e-018  1  
