0.961501  0.169128  
0.961452  0.16976  
0.960546  0.170885  
0.960278  0.171793  
0.960151  0.172894  
0.960097  0.173882  
0.960009  0.175292  
0.959783  0.176343  
0.959783  0.176343  
0.959748  0.178549  
0.959748  0.178549  
0.959711  0.180997  
0.959606  0.181125  
0.959606  0.181125  
0.959606  0.181125  
0.959606  0.181125  
0.959605  0.185973  
0.959605  0.185973  
0.959605  0.185973  
0.959605  0.185973  
0.959373  0.189877  
0.959373  0.189877  
0.959373  0.189877  
0.959373  0.189877  
0.959373  0.189877  
0.959373  0.189877  
0.95948  0.195654  
0.95948  0.195654  
0.95948  0.195654  
0.959226  0.201869  
0.959103  0.202267  
0.959103  0.202267  
0.959059  0.20507  
0.959059  0.20507  
0.959078  0.206939  
0.959057  0.208064  
0.959057  0.208064  
0.958947  0.210879  
0.958947  0.210879  
0.958947  0.210879  
0.958947  0.210879  
0.958947  0.210879  
0.958778  0.216881  
0.958778  0.216881  
0.958778  0.216881  
0.958778  0.216881  
0.958778  0.216881  
0.958778  0.216881  
0.958778  0.216881  
0.958599  0.226624  
0.958599  0.226624  
0.958599  0.226624  
0.958599  0.226624  
0.958597  0.226013  
0.958599  0.229581  
0.958596  0.230829  
0.958599  0.229951  
0.958599  0.229951  
0.958597  0.234574  
0.958599  0.229951  
0.958599  0.229951  
0.958595  0.240311  
0.958597  0.234574  
0.958595  0.240311  
0.958597  0.234574  
0.958595  0.240311  
0.958599  0.246471  
0.958597  0.226013  
0.958596  0.230829  
0.958596  0.230829  
0.958597  0.234574  
0.958596  0.230829  
0.958597  0.234574  
0.958598  0.244567  
0.958595  0.240311  
0.958598  0.244567  
0.958597  0.234574  
0.958596  0.230829  
0.958599  0.228378  
0.958599  0.228378  
0.958595  0.240311  
0.958595  0.240311  
0.958595  0.267001  
0.958595  0.255019  
0.958595  0.267001  
0.958594  0.267426  
0.958595  0.255019  
0.958594  0.267426  
0.958595  0.270574  
0.958594  0.267426  
0.958595  0.270574  
0.958594  0.245457  
0.958595  0.286028  
0.958595  0.270574  
0.958594  0.285064  
0.958594  0.285367  
0.958594  0.285064  
0.958594  0.285064  
0.958594  0.285064  
0.958594  0.290629  
0.958594  0.290629  
0.958594  0.290629  
0.958594  0.285064  
0.958594  0.245457  
0.958594  0.290629  
0.958594  0.303073  
0.958594  0.308473  
0.958594  0.308473  
0.958594  0.308473  
0.958594  0.308473  
0.958594  0.245457  
0.958594  0.303073  
0.958594  0.308473  
0.958594  0.30868  
0.958593  0.321506  
0.958594  0.322484  
0.958593  0.321506  
0.958594  0.320651  
0.958594  0.305003  
0.958594  0.325341  
0.958594  0.325341  
0.958593  0.332803  
0.958594  0.320651  
0.958593  0.334925  
0.958593  0.332803  
0.958593  0.340129  
0.958594  0.320651  
0.958594  0.335811  
0.958593  0.332803  
0.958593  0.347111  
0.958593  0.347111  
0.958593  0.340129  
0.958593  0.340129  
0.958593  0.321506  
0.958593  0.332803  
0.958594  0.335811  
0.958594  0.245457  
0.958594  0.245457  
0.958594  0.245457  
0.958594  0.325341  
0.958593  0.321506  
0.958594  0.344127  
0.958593  0.36996  
0.958594  0.320651  
0.958593  0.340129  
0.958593  0.340129  
0.958593  0.340129  
0.958594  0.335811  
0.958594  0.334306  
0.958593  0.334925  
0.958594  0.335811  
0.958593  0.36996  
0.958593  0.334925  
0.958593  0.36996  
0.958594  0.33972  
0.958593  0.36996  
0.958592  0.386793  
0.958592  0.386793  
0.958594  0.337538  
0.958594  0.335505  
0.958592  0.385979  
0.958594  0.33972  
0.958593  0.355415  
0.958593  0.351162  
0.958592  0.385979  
0.958594  0.33972  
0.958592  0.385979  
0.958592  0.418946  
0.958593  0.36996  
0.958594  0.340399  
0.958592  0.385979  
0.958592  0.385979  
0.958592  0.429916  
0.958592  0.418946  
0.958594  0.335505  
0.958591  0.435443  
0.958591  0.435443  
0.958591  0.439883  
0.958594  0.335505  
0.958593  0.364376  
0.958591  0.439883  
0.958591  0.439883  
0.958591  0.439883  
0.958594  0.433126  
0.958591  0.439883  
0.958591  0.439883  
0.958592  0.431673  
0.958592  0.442846  
0.958592  0.429916  
0.958591  0.435443  
0.958591  0.435443  
0.958591  0.435443  
0.958594  0.335505  
0.958594  0.335505  
0.958593  0.355415  
0.958592  0.442846  
0.958592  0.442846  
0.958592  0.431673  
0.958592  0.431673  
0.958591  0.47436  
0.958591  0.435443  
0.958592  0.442846  
0.958592  0.431673  
0.958592  0.429916  
0.958591  0.47436  
0.958592  0.429916  
0.958594  0.433126  
0.958594  0.433126  
0.958592  0.418946  
0.958595  0.320164  
0.958592  0.429916  
0.958596  0.277751  
0.958592  0.431673  
0.958598  0.257677  
0.958591  0.47436  
0.958591  0.47436  
0.958593  0.364376  
0.958592  0.429916  
0.958596  0.443521  
0.958598  0.257677  
0.958598  0.464609  
0.958591  0.47436  
0.958597  0.398913  
0.958596  0.439121  
0.958597  0.320112  
0.958597  0.320112  
0.958592  0.429034  
0.958597  0.320112  
0.958591  0.47436  
0.958596  0.443521  
0.958592  0.429034  
0.958599  0.267379  
0.958598  0.479258  
0.958599  0.267379  
0.958589  0.470539  
0.958596  0.443521  
0.958599  0.267379  
0.958599  0.267379  
0.958599  0.267379  
0.958599  0.343219  
0.958589  0.470539  
0.958598  0.464609  
0.958597  0.398913  
0.958599  0.273748  
0.958589  0.470539  
0.958598  0.464609  
0.958598  0.464609  
0.958599  0.343219  
0.958599  0.273748  
0.958589  0.470539  
0.958592  0.429034  
0.958598  0.464609  
0.958595  0.428106  
0.958589  0.470539  
0.958599  0.343219  
0.958604  0.261569  
0.958603  0.372504  
0.958599  0.343219  
0.958596  0.357588  
0.958596  0.357588  
0.958597  0.36162  
0.958601  0.433458  
0.958597  0.36162  
0.958599  0.343219  
0.958601  0.319353  
0.958599  0.343219  
0.958605  0.389554  
0.958606  0.31021  
0.958605  0.448544  
0.958589  0.470539  
0.958603  0.372504  
0.958606  0.353036  
0.958601  0.433458  
0.958596  0.357588  
0.958602  0.379496  
0.958594  0.428285  
0.958603  0.372504  
0.958597  0.36162  
0.958594  0.428285  
0.958601  0.433458  
0.958599  0.363283  
0.958608  0.366246  
0.958595  0.428106  
0.958595  0.428106  
0.958602  0.319378  
0.958594  0.428285  
0.958597  0.36162  
0.958599  0.363283  
0.958599  0.363283  
0.958595  0.428106  
0.958606  0.368725  
0.958595  0.428106  
0.958606  0.31021  
0.958602  0.379496  
0.958602  0.319378  
0.958608  0.372324  
0.958601  0.433458  
0.958594  0.428285  
0.958602  0.319378  
0.958601  0.435548  
0.958602  0.379496  
0.958602  0.801434  
0.958605  0.316162  
0.958602  0.379496  
0.958601  0.435548  
0.958597  0.36162  
0.958599  0.363283  
0.958604  0.422392  
0.958596  0.357588  
0.958602  0.319378  
0.958602  0.319378  
0.958594  0.428285  
0.958596  0.357588  
0.958596  0.357588  
0.958602  0.801434  
0.958595  0.886043  
0.958599  0.363283  
0.958601  0.435548  
0.958602  0.361463  
0.958595  0.886043  
0.958605  0.316162  
0.958603  0.91417  
0.958595  0.886043  
0.958602  0.361463  
0.958595  0.886043  
0.958595  0.886043  
0.958595  0.886043  
0.958599  0.363283  
0.958603  0.91417  
0.946675  0.959478  
0.946675  0.959478  
0.946675  0.959478  
0.809449  0.959478  
0.826186  0.959478  
0.836717  0.959478  
0.826186  0.959478  
0.836717  0.959478  
0.809449  0.959478  
0.799483  0.959478  
0.826186  0.959478  
0.845204  0.959478  
0.799483  0.959478  
0.880455  0.959478  
0.836717  0.959478  
0.851065  0.959478  
0.851065  0.959478  
0.836717  0.959478  
0.851065  0.959478  
0.836717  0.959478  
0.851065  0.959478  
0.826131  0.959478  
0.826131  0.959478  
0.836717  0.959478  
0.851065  0.959478  
0.851065  0.959478  
0.799483  0.959478  
0.826131  0.959478  
0.844749  0.959478  
0.799483  0.959478  
0.728212  0.959478  
0.787692  0.959478  
0.826186  0.959478  
0.728212  0.959478  
0.787692  0.959478  
0.728212  0.959478  
0.799483  0.959478  
0.728212  0.959478  
0.799483  0.959478  
0.728212  0.959478  
0.799483  0.959478  
0.728212  0.959478  
0.728423  0.959478  
0.728212  0.959478  
0.728212  0.959478  
0.728212  0.959478  
0.728423  0.959478  
0.728423  0.959478  
0.728423  0.959478  
0.728423  0.959478  
0.741285  0.959478  
0.728212  0.959478  
0.728423  0.959478  
0.728423  0.959478  
0.728423  0.959478  
0.719698  0.959478  
0.728423  0.959478  
0.717953  0.959478  
0.728423  0.959478  
0.728212  0.959478  
0.719698  0.959478  
0.728212  0.959478  
0.717953  0.959478  
0.722024  0.959478  
0.722024  0.959478  
0.71109  0.959478  
0.71109  0.959478  
0.707457  0.959478  
0.71109  0.959478  
0.676419  0.959478  
0.679813  0.959478  
0.676419  0.959478  
0.676419  0.959478  
0.676419  0.959478  
0.676419  0.959478  
0.68766  0.959478  
0.676419  0.959478  
0.676419  0.959478  
0.672472  0.959478  
0.676419  0.959478  
0.672472  0.959478  
0.647447  0.959478  
0.647447  0.959478  
0.655244  0.959478  
0.647447  0.959478  
0.647447  0.959478  
0.647447  0.959478  
0.656861  0.959478  
0.653978  0.959478  
0.647447  0.959478  
0.634882  0.959478  
0.634882  0.959478  
0.634882  0.959478  
0.634882  0.959478  
0.634882  0.959478  
0.634882  0.959478  
0.633107  0.959487  
0.633107  0.959487  
0.633107  0.959487  
0.633107  0.959487  
0.633107  0.959487  
0.633107  0.959487  
0.633107  0.959487  
0.633107  0.959487  
0.633107  0.959487  
0.633107  0.959487  
0.633107  0.959487  
0.633107  0.959487  
0.633107  0.959487  
0.633107  0.959487  
0.633107  0.959487  
0.633107  0.959487  
0.310001  1.06982  
0.310023  1.06982  
0.309981  1.06982  
0.309991  1.06982  
0.310001  1.06982  
0.310023  1.06982  
0.310052  1.06982  
0.310002  1.06982  
0.310052  1.06982  
0.310001  1.06982  
0.310002  1.06982  
0.310011  1.06982  
0.309981  1.06982  
0.310002  1.06982  
0.309996  1.06982  
0.310022  1.06982  
0.310022  1.06982  
0.310011  1.06982  
0.310001  1.06982  
0.309981  1.06982  
0.309996  1.06982  
0.310023  1.06982  
0.310023  1.06982  
0.310011  1.06982  
0.309991  1.06982  
0.310023  1.06982  
0.30994  1.06982  
0.310002  1.06982  
0.309981  1.06982  
0.309982  1.06982  
0.309981  1.06982  
0.310052  1.06982  
0.310022  1.06982  
0.310002  1.06982  
0.309996  1.06982  
0.310011  1.06982  
0.309981  1.06982  
0.30994  1.06982  
0.310043  1.06982  
0.310002  1.06982  
0.309981  1.06982  
0.310022  1.06982  
0.309916  1.06982  
0.310011  1.06982  
0.309981  1.06982  
0.310074  1.06982  
0.309914  1.06982  
0.309914  1.06982  
0.31001  1.06982  
0.309955  1.06982  
0.310023  1.06982  
0.309955  1.06982  
0.309996  1.06982  
0.31001  1.06982  
0.309916  1.06982  
0.310052  1.06982  
0.31002  1.06982  
0.31001  1.06982  
0.31001  1.06982  
0.309955  1.06982  
0.309914  1.06982  
0.309916  1.06982  
0.309996  1.06982  
0.309981  1.06982  
0.310022  1.06982  
0.310052  1.06982  
0.310052  1.06982  
0.309877  1.06982  
0.309877  1.06982  
0.310164  1.06982  
0.310124  1.06982  
0.309884  1.06982  
0.309877  1.06982  
0.30994  1.06982  
0.309877  1.06982  
0.31001  1.06982  
0.309981  1.06982  
0.31001  1.06982  
0.310077  1.06982  
0.309947  1.06982  
0.310052  1.06982  
0.310066  1.06982  
0.309884  1.06982  
0.310066  1.06982  
0.310077  1.06982  
0.309877  1.06982  
0.310066  1.06982  
0.309884  1.06982  
0.310074  1.06982  
0.309948  1.06982  
0.310124  1.06982  
0.310074  1.06982  
0.310124  1.06982  
0.309884  1.06982  
0.309948  1.06982  
0.310164  1.06982  
0.309948  1.06982  
0.309961  1.06982  
0.310164  1.06982  
0.310017  1.06982  
0.310124  1.06982  
0.310017  1.06982  
0.310017  1.06982  
0.309946  1.06982  
0.310005  1.06982  
0.309884  1.06982  
0.310087  1.06982  
0.309961  1.06982  
0.310017  1.06982  
0.310017  1.06982  
0.310017  1.06982  
0.310124  1.06982  
0.309961  1.06982  
0.310011  1.06982  
0.310011  1.06982  
0.310164  1.06982  
0.310011  1.06982  
0.310017  1.06982  
0.309997  1.06982  
0.309997  1.06982  
0.30998  1.06982  
0.310017  1.06982  
0.310124  1.06982  
0.310033  1.06982  
0.310011  1.06982  
0.310017  1.06982  
0.310077  1.06982  
0.310017  1.06982  
0.309948  1.06982  
0.309997  1.06982  
0.309997  1.06982  
0.310005  1.06982  
0.30998  1.06982  
0.310017  1.06982  
0.310017  1.06982  
0.310066  1.06982  
0.310017  1.06982  
0.309997  1.06982  
0.30998  1.06982  
0.310005  1.06982  
0.310005  1.06982  
0.310017  1.06982  
0.309948  1.06982  
0.309961  1.06982  
0.310017  1.06982  
0.310033  1.06982  
0.310011  1.06982  
0.309997  1.06982  
0.310005  1.06982  
0.310033  1.06982  
0.310005  1.06982  
0.310017  1.06982  
0.310017  1.06982  
0.309937  1.06982  
0.310005  1.06982  
0.310032  1.06982  
0.310033  1.06982  
0.310005  1.06982  
0.309159  1.49651  
