0.999939  0.164605  
0.999992  0.164678  
0.999939  0.164605  
0.999996  0.164685  
0.999996  0.164684  
0.999993  0.164681  
0.999992  0.164679  
0.999992  0.164678  
0.999992  0.164679  
0.999994  0.164682  
0.999994  0.164682  
0.999992  0.164679  
0.999993  0.164681  
0.999994  0.164682  
0.999992  0.164679  
0.99999  0.164676  
0.999993  0.164681  
0.999992  0.164679  
0.999992  0.164679  
0.999992  0.164679  
0.99999  0.164676  
0.999994  0.164681  
0.999993  0.164681  
0.999993  0.164681  
0.999995  0.164682  
0.999992  0.164679  
0.999994  0.164682  
0.999992  0.164679  
0.999994  0.164682  
1  0.16469  
1  0.16469  
1  0.16469  
0.972004  0.296268  
0.972003  0.296268  
0.972004  0.296267  
0.972004  0.296268  
0.972005  0.296267  
0.972003  0.296268  
0.972004  0.296268  
0.972004  0.296268  
0.972005  0.296267  
0.972004  0.296268  
0.972003  0.296268  
0.972004  0.296268  
0.972004  0.296267  
0.972004  0.296268  
0.972004  0.296268  
0.971995  0.296296  
0.971996  0.29629  
0.971998  0.296287  
0.971995  0.296296  
0.971997  0.296284  
0.971996  0.29629  
0.971997  0.296284  
0.893684  0.358409  
0.893682  0.358407  
0.893683  0.358408  
0.893681  0.358416  
0.893682  0.35841  
0.893682  0.35841  
0.893681  0.358421  
0.893681  0.358421  
0.893682  0.35841  
0.893682  0.358411  
0.812519  0.416907  
0.812519  0.416907  
0.812519  0.416907  
0.812519  0.416907  
0.812518  0.416909  
0.812518  0.416909  
0.81252  0.41691  
0.812518  0.416909  
0.812519  0.41691  
0.81252  0.41691  
0.729988  0.473583  
0.729989  0.473585  
0.72999  0.473584  
0.72999  0.473585  
0.72999  0.473584  
0.729986  0.47358  
0.729989  0.473585  
0.729989  0.473585  
0.729988  0.473583  
0.729989  0.473586  
0.729986  0.47358  
0.651285  0.535131  
0.651285  0.535131  
0.651286  0.535133  
0.651286  0.535133  
0.651285  0.535131  
0.65129  0.535143  
0.651288  0.535137  
0.651288  0.535137  
0.65129  0.535141  
0.65129  0.535141  
0.567549  0.59023  
0.567551  0.590233  
0.567557  0.59024  
0.567551  0.590234  
0.567552  0.590233  
0.567553  0.590236  
0.567551  0.590234  
0.567555  0.590239  
0.567551  0.590233  
0.567551  0.590234  
0.567555  0.590237  
0.567549  0.59023  
0.486991  0.649468  
0.486989  0.649468  
0.486991  0.649468  
0.48699  0.649468  
0.486991  0.649468  
0.48699  0.649469  
0.486991  0.649468  
0.48699  0.649469  
0.48699  0.649468  
0.48699  0.649469  
0.486989  0.649468  
0.48699  0.649468  
0.40616  0.708147  
0.40616  0.708147  
0.40616  0.708147  
0.40616  0.708147  
0.406158  0.708143  
0.40616  0.708147  
0.414445  0.718654  
0.414445  0.718654  
0.406161  0.708147  
0.40616  0.708146  
0.40616  0.708147  
0.326701  0.769005  
0.326704  0.769012  
0.326704  0.769007  
0.326706  0.769012  
0.326704  0.769006  
0.326704  0.769006  
0.326705  0.769007  
0.326708  0.769012  
0.326706  0.769012  
0.326706  0.769012  
0.326701  0.769005  
0.326705  0.769007  
0.326706  0.769012  
0.248693  0.831435  
0.248696  0.831435  
0.248696  0.831435  
0.248692  0.831435  
0.248693  0.831435  
0.248693  0.831435  
0.248699  0.831435  
0.248696  0.831432  
0.248696  0.831432  
0.248692  0.831435  
0.248695  0.831435  
0.248325  0.831905  
0.248325  0.831905  
0.166957  0.889235  
0.166955  0.889235  
0.16713  0.889391  
0.167131  0.889391  
0.167127  0.889391  
0.167127  0.889391  
0.167131  0.889391  
0.166955  0.889235  
0.167131  0.889391  
0.167131  0.889391  
0.167133  0.889391  
0.166957  0.889235  
0.166777  0.889696  
0.166777  0.889696  
0.0879368  0.95048  
0.0879381  0.950481  
0.0879364  0.95048  
0.0879366  0.95048  
0.0879367  0.95048  
0.0879367  0.95048  
0.0879366  0.95048  
0.0879368  0.95048  
0.0879364  0.95048  
0.0879367  0.95048  
0.0879374  0.950481  
0.0879364  0.95048  
0.0879364  0.95048  
0.00275452  1.00373  
0.00275439  1.00373  
0.0027546  1.00373  
0.0027541  1.00374  
0.00275454  1.00373  
0.00275419  1.00374  
0.0027546  1.00373  
0.00275448  1.00373  
0.0027541  1.00374  
0.00275406  1.00374  
0.00275448  1.00373  
0.00275454  1.00373  
0.0027541  1.00374  
0.00275452  1.00373  
0.00275393  1.00374  
0.00275439  1.00373  
6.01415e-006  1.11741  
