0.999999  0.000105243  
1  0.00508043  
1  0.0101935  
1  0.0153147  
0.999996  0.0204877  
1  0.0250276  
1  0.0250383  
1  0.0250276  
1  0.143909  
1  0.144073  
1  0.144234  
1  0.144399  
1  0.144557  
1  0.144726  
1  0.144889  
1  0.145079  
1  0.145276  
1  0.145463  
1  0.145656  
1  0.145868  
1  0.146072  
1  0.146307  
1  0.146552  
1  0.146785  
1  0.147046  
1  0.147341  
1  0.150312  
0.999999  0.157009  
0.999998  0.163757  
1  0.170694  
1  0.177556  
1  0.184528  
1  0.191607  
1  0.195135  
0.983123  0.287255  
0.983111  0.287261  
0.9831  0.287268  
0.983088  0.287274  
0.983073  0.287283  
0.983059  0.28729  
0.98305  0.287296  
0.983031  0.287306  
0.983019  0.287313  
0.983004  0.287321  
0.982997  0.287326  
0.982997  0.287326  
0.973739  0.292656  
0.965524  0.298486  
0.95985  0.305223  
0.959147  0.310225  
0.959147  0.310225  
0.959144  0.310227  
0.959144  0.310227  
0.903319  0.345994  
0.903319  0.345994  
0.903319  0.345994  
0.896057  0.350395  
0.88758  0.356237  
0.879737  0.361551  
0.878363  0.369064  
0.878363  0.369064  
0.878276  0.369548  
0.878276  0.369548  
0.823079  0.404828  
0.823079  0.404828  
0.823079  0.404828  
0.818381  0.405967  
0.809913  0.411607  
0.802051  0.417077  
0.797829  0.423307  
0.797458  0.424674  
0.797458  0.424674  
0.797458  0.424674  
0.797458  0.424674  
0.74134  0.463675  
0.74134  0.463675  
0.74134  0.463675  
0.736687  0.464983  
0.730007  0.469865  
0.722597  0.475911  
0.716726  0.482158  
0.716339  0.486164  
0.716339  0.486164  
0.716339  0.486164  
0.662931  0.522559  
0.662931  0.522559  
0.662931  0.522559  
0.662931  0.522559  
0.659837  0.523373  
0.652215  0.527173  
0.644406  0.532111  
0.638662  0.536705  
0.635523  0.543595  
0.635523  0.543595  
0.635523  0.543595  
0.635523  0.543595  
0.580811  0.5811  
0.58051  0.581159  
0.58051  0.581159  
0.580811  0.5811  
0.576296  0.581981  
0.569652  0.58753  
0.563293  0.592944  
0.556601  0.597389  
0.554708  0.600757  
0.554708  0.600757  
0.554708  0.600757  
0.499095  0.639897  
0.499095  0.639897  
0.499095  0.639897  
0.499095  0.639897  
0.499095  0.639897  
0.497116  0.640855  
0.489987  0.6439  
0.483203  0.649143  
0.477575  0.652948  
0.473918  0.662057  
0.473661  0.662729  
0.473661  0.662729  
0.418737  0.698712  
0.418737  0.698712  
0.418737  0.698712  
0.418737  0.698712  
0.418737  0.698712  
0.418737  0.698712  
0.412716  0.700786  
0.407542  0.703621  
0.401516  0.708451  
0.395801  0.712714  
0.392748  0.720345  
0.392748  0.720345  
0.392804  0.718644  
0.334921  0.758195  
0.34107  0.758311  
0.341062  0.758312  
0.334921  0.758195  
0.33861  0.758214  
0.33861  0.758214  
0.335594  0.758557  
0.328781  0.763217  
0.322132  0.765983  
0.317123  0.771351  
0.311997  0.776769  
0.311997  0.776769  
0.311981  0.77677  
0.2571  0.817098  
0.258739  0.817008  
0.258739  0.817008  
0.255461  0.817192  
0.258739  0.817008  
0.258739  0.817008  
0.2571  0.817098  
0.252149  0.817395  
0.246597  0.821552  
0.241105  0.825761  
0.235185  0.829557  
0.231007  0.838477  
0.230951  0.838505  
0.174883  0.87531  
0.174883  0.87531  
0.174883  0.87531  
0.174883  0.87531  
0.174883  0.87531  
0.174883  0.87531  
0.174883  0.87531  
0.174883  0.87531  
0.174006  0.875367  
0.168167  0.878392  
0.162805  0.882483  
0.156481  0.886732  
0.151123  0.892007  
0.150957  0.89203  
0.0947882  0.93386  
0.0947882  0.93386  
0.0947882  0.93386  
0.0947882  0.93386  
0.0947882  0.93386  
0.0947882  0.93386  
0.0947882  0.93386  
0.0947882  0.93386  
0.0947882  0.93386  
0.0928346  0.93412  
0.0867027  0.937084  
0.0814369  0.942163  
0.0748577  0.946402  
0.0711845  0.952296  
0.069166  0.95476  
0.0135051  0.992674  
0.0134188  0.992674  
0.0134763  0.992674  
0.0135051  0.992674  
0.0134188  0.992674  
0.0135051  0.992674  
0.0135051  0.992674  
0.0135051  0.992674  
0.0135051  0.992674  
0.0134763  0.992674  
0.0099289  0.993913  
0.00479257  0.99907  
6.781e-010  1  
