0.999805  9.83945e-005  
0.990048  0.00498835  
0.987062  0.00649022  
0.987062  0.00649022  
0.987062  0.00649022  
0.987062  0.00649022  
0.987062  0.00649022  
0.987062  0.00649021  
0.987062  0.00649022  
0.987062  0.00649022  
0.987062  0.00649022  
0.987062  0.00649022  
0.987062  0.00649022  
0.987062  0.00649022  
0.987062  0.00649022  
0.849991  0.0780507  
0.849991  0.0780507  
0.848002  0.0791301  
0.839913  0.0835348  
0.832115  0.0878001  
0.824316  0.0920818  
0.816824  0.096217  
0.809073  0.100516  
0.801525  0.104721  
0.798651  0.106327  
0.798651  0.106327  
0.798651  0.106327  
0.798651  0.106327  
0.798651  0.106327  
0.798651  0.106327  
0.798651  0.106327  
0.798651  0.106327  
0.798651  0.106327  
0.798651  0.106327  
0.798651  0.106327  
0.798651  0.106327  
0.798651  0.106327  
0.798651  0.106327  
0.665879  0.183986  
0.665879  0.183986  
0.665879  0.183986  
0.665879  0.183986  
0.665879  0.183986  
0.665879  0.183986  
0.660333  0.187395  
0.654259  0.191163  
0.648248  0.194865  
0.642268  0.198585  
0.636381  0.202265  
0.630558  0.205924  
0.624711  0.209613  
0.619014  0.213225  
0.613252  0.2169  
0.612211  0.217561  
0.612211  0.217561  
0.612211  0.217561  
0.612211  0.217561  
0.612211  0.217561  
0.612211  0.217561  
0.612211  0.217561  
0.612211  0.217561  
0.612211  0.217561  
0.612211  0.217561  
0.612211  0.217561  
0.612211  0.217561  
0.612211  0.217561  
0.612211  0.217561  
0.483957  0.30433  
0.483957  0.30433  
0.483957  0.30433  
0.483957  0.30433  
0.483957  0.30433  
0.483957  0.30433  
0.483957  0.30433  
0.483957  0.30433  
0.483957  0.30433  
0.483957  0.30433  
0.483103  0.304944  
0.478366  0.30836  
0.47361  0.311806  
0.468916  0.315226  
0.464222  0.318662  
0.459597  0.322066  
0.454932  0.325514  
0.45034  0.328931  
0.445758  0.332349  
0.441163  0.335823  
0.436683  0.33918  
0.432186  0.342593  
0.42847  0.345424  
0.42847  0.345424  
0.42847  0.345424  
0.42847  0.345424  
0.42847  0.345424  
0.42847  0.345424  
0.42847  0.345424  
0.42847  0.345424  
0.42847  0.345424  
0.42847  0.345424  
0.42847  0.345424  
0.42847  0.345424  
0.42847  0.345424  
0.305595  0.447194  
0.305595  0.447194  
0.305595  0.447194  
0.305595  0.447194  
0.305595  0.447194  
0.305595  0.447194  
0.305595  0.447194  
0.305595  0.447194  
0.305595  0.447194  
0.305595  0.447194  
0.305595  0.447194  
0.305595  0.447194  
0.305595  0.447194  
0.305595  0.447194  
0.305595  0.447194  
0.305595  0.447194  
0.305595  0.447194  
0.30245  0.450046  
0.298612  0.453546  
0.2947  0.45714  
0.290804  0.460739  
0.286922  0.46435  
0.283026  0.467999  
0.279201  0.471621  
0.275327  0.475284  
0.27151  0.478936  
0.267668  0.482633  
0.263885  0.486303  
0.260072  0.490028  
0.2563  0.493741  
0.252511  0.497499  
0.24907  0.500931  
0.24907  0.500931  
0.24907  0.500931  
0.24907  0.500931  
0.24907  0.500931  
0.24907  0.500931  
0.24907  0.500931  
0.24907  0.500931  
0.24907  0.500931  
0.24907  0.500931  
0.134302  0.633527  
0.134302  0.633527  
0.134302  0.633527  
0.134302  0.633527  
0.134302  0.633527  
0.134302  0.633527  
0.134302  0.633527  
0.134302  0.633527  
0.134302  0.633527  
0.134302  0.633527  
0.134302  0.633527  
0.134302  0.633527  
0.134302  0.633527  
0.134302  0.633527  
0.134302  0.633527  
0.134302  0.633527  
0.134302  0.633527  
0.134302  0.633527  
0.134302  0.633527  
0.134302  0.633527  
0.134302  0.633527  
0.134302  0.633527  
0.131344  0.637585  
0.127736  0.6426  
0.124095  0.647729  
0.120462  0.652927  
0.116837  0.658191  
0.113169  0.663597  
0.109526  0.669053  
0.105882  0.674604  
0.102239  0.680252  
0.0985561  0.686064  
0.0948877  0.691963  
0.0912133  0.697987  
0.0875096  0.70418  
0.0838003  0.710517  
0.0800919  0.716995  
0.0793042  0.718391  
0.0793042  0.718391  
0.0793042  0.718391  
0.0793042  0.718391  
0.0793042  0.718391  
1.81798e-005  1.04473  
1.81773e-005  1.04473  
1.81803e-005  1.04473  
1.81803e-005  1.04473  
1.81762e-005  1.04473  
1.81773e-005  1.04473  
1.81764e-005  1.04473  
1.81798e-005  1.04473  
1.8177e-005  1.04473  
1.81777e-005  1.04473  
1.81791e-005  1.04473  
1.81777e-005  1.04473  
1.81741e-005  1.04473  
1.81741e-005  1.04473  
1.81731e-005  1.04473  
