5.62034  0.634007  0.00084231  
5.63342  0.00271287  0.000930937  
0.997837  2.0257  0.0133198  
5.63342  0.00271287  0.000930937  
0.998129  0.595067  0.0158178  
0.99659  0.212041  0.0469935  
5.63342  0.00271287  0.000930937  
0.998457  0.0974321  0.0228962  
0.99659  0.212041  0.0469935  
0.994857  0.402884  0.0727043  
5.63342  0.00271287  0.000930937  
0.998457  0.0974321  0.0228962  
0.99659  0.212041  0.0469935  
0.994857  0.402884  0.0727043  
0.991626  0.467854  0.0992236  
5.63342  0.00271287  0.000930937  
0.998457  0.0974321  0.0228962  
0.99659  0.212041  0.0469935  
0.994273  0.522167  0.0764429  
0.991626  0.467854  0.0992236  
0.989321  1.6505  0.126234  
5.63342  0.00271287  0.000930937  
0.998331  0.190053  0.0262371  
0.99659  0.212041  0.0469935  
0.994273  0.522167  0.0764429  
0.991613  0.478707  0.103518  
0.988175  2.35845  0.130083  
0.984734  1.83447  0.153784  
5.63342  0.00271287  0.000930937  
0.998457  0.0974321  0.0228962  
0.99659  0.212041  0.0469935  
0.994169  0.12924  0.07886  
0.990833  0.434434  0.106599  
0.988175  2.35845  0.130083  
0.984042  2.48734  0.159138  
0.98021  3.59727  0.184844  
5.63342  0.00271287  0.000930937  
0.998457  0.0974321  0.0228962  
0.995956  0.16668  0.0546266  
0.993945  0.119305  0.0803964  
0.990614  0.438198  0.110044  
0.988215  1.02066  0.135567  
0.984042  2.48734  0.159138  
0.979136  1.08356  0.188317  
0.974421  0.647816  0.2141  
5.63342  0.00271287  0.000930937  
0.998202  0.063017  0.0288988  
0.995956  0.16668  0.0546266  
0.993945  0.119305  0.0803964  
0.990614  0.438198  0.110044  
0.987686  0.759513  0.138168  
0.983142  0.416598  0.164836  
0.978334  2.19584  0.192865  
0.973109  3.98582  0.220714  
0.967474  1.29216  0.246036  
5.63403  0.00247047  0.00100325  
0.998202  0.063017  0.0288988  
0.995956  0.16668  0.0546266  
0.993216  0.112704  0.0869336  
0.990571  0.447096  0.113562  
0.987062  0.321906  0.143618  
0.982272  0.371378  0.169922  
0.977683  1.26202  0.197509  
0.97179  0.417183  0.228111  
0.965868  1.59188  0.25413  
0.958641  2.00152  0.279896  
5.73396  0.00156573  0.000948549  
0.998202  0.063017  0.0288988  
0.995477  0.117931  0.0604  
0.99316  0.10668  0.0888057  
0.990571  0.447096  0.113562  
0.98586  0.487953  0.147619  
0.981504  0.442128  0.174601  
0.97669  0.512281  0.201662  
0.970462  0.36986  0.233783  
0.964085  0.325812  0.259372  
0.956325  2.4826  0.287682  
0.948486  2.35121  0.313275  
5.63526  0.00202199  0.00122014  
0.998202  0.063017  0.0288988  
0.99535  0.132714  0.0622416  
0.992717  0.13902  0.0924498  
0.989736  0.133065  0.12334  
0.985769  0.0990536  0.148593  
0.980768  0.343742  0.180181  
0.974843  0.49364  0.21158  
0.968749  0.325865  0.240795  
0.961734  2.75353  0.269035  
0.953892  3.42985  0.294579  
0.945265  4.08341  0.322055  
0.935946  4.14124  0.34988  
5.63526  0.00202199  0.00122014  
0.998202  0.063017  0.0288988  
0.995305  0.116846  0.0629858  
0.992682  0.0919296  0.0943761  
0.989303  0.121837  0.127626  
0.984482  0.091488  0.1585  
0.979098  0.418209  0.18817  
0.973389  1.09504  0.219404  
0.966933  1.11567  0.249173  
0.959717  0.456114  0.277024  
0.950868  2.03712  0.304357  
0.94171  3.89254  0.332785  
0.931907  1.80899  0.359478  
0.922244  2.62534  0.385066  
5.65294  0.00131763  0.000689666  
0.998202  0.063017  0.0288988  
0.995142  0.122438  0.0646785  
0.992249  0.10811  0.0988257  
0.988495  0.186804  0.128911  
0.983459  0.358969  0.163776  
0.978546  0.360785  0.192227  
0.972508  0.401249  0.223703  
0.96527  1.03015  0.256189  
0.956421  0.383519  0.286529  
0.948329  0.484581  0.312659  
0.938571  2.13884  0.340805  
0.928278  3.63991  0.369106  
0.91724  1.68548  0.396204  
0.905653  0.695304  0.421288  
5.73396  0.00156573  0.000948549  
0.998202  0.063017  0.0288988  
0.995056  0.114718  0.0676  
0.991994  0.127868  0.0997351  
0.988495  0.186804  0.128911  
0.98302  0.383893  0.168764  
0.97669  0.512281  0.201662  
0.970513  0.527317  0.232957  
0.962426  0.324792  0.265215  
0.954239  0.453605  0.29545  
0.94431  0.712874  0.324674  
0.934154  2.42662  0.353038  
0.923796  1.8762  0.380346  
0.912561  0.874739  0.406532  
0.900356  2.99783  0.432365  
0.888504  3.15919  0.456909  
5.63185  0.000808983  0.00049406  
0.998202  0.063017  0.0288988  
0.995056  0.114718  0.0676  
0.991515  0.189556  0.104259  
0.987194  0.216414  0.138591  
0.981504  0.442128  0.174601  
0.975382  0.486032  0.208448  
0.968749  0.325865  0.240795  
0.959896  0.466157  0.273816  
0.951272  0.482092  0.304688  
0.941566  0.628812  0.335527  
0.930507  1.9536  0.363165  
0.918585  1.28088  0.392734  
0.906924  1.28443  0.419802  
0.894233  4.37002  0.445634  
0.882044  1.41785  0.469855  
0.86793  1.31103  0.495002  
5.63185  0.000808983  0.00049406  
0.998339  0.0610267  0.0334459  
0.994678  0.11347  0.0720962  
0.991515  0.189556  0.104259  
0.986702  0.248023  0.145579  
0.980448  0.365571  0.180546  
0.974355  0.355046  0.214312  
0.966166  0.317581  0.249232  
0.957369  0.529042  0.282818  
0.948329  0.484581  0.312659  
0.93789  1.06573  0.345031  
0.925667  1.52752  0.374731  
0.913546  1.61613  0.404363  
0.90143  1.53885  0.432722  
0.888338  3.66133  0.459127  
0.874955  2.95578  0.483109  
0.861339  1.34123  0.508125  
0.847308  4.44941  0.531747  
5.63185  0.000808983  0.00049406  
0.999879  0.0589721  0.03815  
0.994258  0.112659  0.0758822  
0.990403  0.126507  0.112484  
0.985769  0.0990536  0.148593  
0.979456  0.364098  0.186285  
0.972508  0.401249  0.223703  
0.964085  0.325812  0.259372  
0.95489  0.399794  0.292855  
0.943908  0.381177  0.325645  
0.93331  1.04117  0.357266  
0.921213  0.412454  0.387163  
0.907309  1.42056  0.418225  
0.894981  1.97207  0.444535  
0.880436  1.81452  0.472483  
0.86688  1.42218  0.497511  
0.852961  0.481384  0.520082  
0.837298  1.94096  0.545186  
0.823763  3.29368  0.567795  
5.4698  0.000673808  0.00148449  
1.00021  0.0582041  0.0398553  
0.993974  0.104037  0.0796207  
0.989961  0.134633  0.115719  
0.984955  0.197379  0.156061  
0.979015  0.126004  0.194316  
0.970734  0.34914  0.231817  
0.962426  0.324792  0.265215  
0.951298  0.314818  0.3031  
0.939926  0.326858  0.337502  
0.928307  0.337887  0.370063  
0.915245  0.957863  0.39949  
0.902529  0.87919  0.430995  
0.886071  0.494105  0.46078  
0.875033  1.044  0.486712  
0.857868  2.31841  0.513027  
0.84442  2.39589  0.537466  
0.827476  3.66402  0.562047  
0.813486  2.49326  0.581035  
0.797238  2.28252  0.603955  
5.4698  0.000673808  0.00148449  
1.00098  0.0574664  0.0433927  
0.993974  0.104037  0.0796207  
0.989206  0.0998443  0.123652  
0.984482  0.091488  0.1585  
0.978035  0.145999  0.200215  
0.968749  0.325865  0.240795  
0.95949  0.341402  0.279083  
0.947951  0.306788  0.314248  
0.93598  0.524534  0.349638  
0.92485  0.313103  0.380952  
0.90941  0.59996  0.412634  
0.895003  0.0698877  0.446851  
0.880829  1.60231  0.473959  
0.863746  0.587174  0.501524  
0.848905  1.75575  0.527436  
0.832569  2.0059  0.552088  
0.817602  1.75221  0.574614  
0.800793  3.53754  0.597652  
0.786682  3.2338  0.616604  
0.769872  3.78296  0.638579  
5.4698  0.000673808  0.00148449  
1.00098  0.0574664  0.0433927  
0.993974  0.104037  0.0796207  
0.988567  0.102681  0.127526  
0.982942  0.190926  0.170857  
0.978035  0.145999  0.200215  
0.965732  0.321739  0.251293  
0.955917  0.470781  0.289119  
0.944169  0.370189  0.325991  
0.932258  0.553717  0.358294  
0.917021  0.331263  0.39788  
0.903039  0.587021  0.428228  
0.886071  0.494105  0.46078  
0.871944  1.0724  0.491001  
0.853748  0.862839  0.519296  
0.837298  1.94096  0.545186  
0.825415  0.607873  0.568861  
0.805731  2.00464  0.593096  
0.789187  2.96216  0.612009  
0.773221  4.56985  0.635885  
0.756263  3.64241  0.653694  
0.740586  1.49881  0.672403  
5.4698  0.000673808  0.00148449  
1.00098  0.0574664  0.0433927  
0.994229  0.0923739  0.0789323  
0.988567  0.102681  0.127526  
0.98137  0.176713  0.178246  
0.976148  0.239427  0.217903  
0.963751  0.333845  0.260152  
0.952289  0.324827  0.29937  
0.939926  0.326858  0.337502  
0.924918  0.389893  0.377982  
0.90941  0.59996  0.412634  
0.895003  0.0698877  0.446851  
0.880709  0.361099  0.475447  
0.861916  1.13342  0.508363  
0.845744  0.880081  0.535228  
0.827505  1.12162  0.563765  
0.810705  1.53586  0.587224  
0.792562  2.11039  0.609832  
0.776899  1.07543  0.630975  
0.757094  0.413669  0.65288  
0.741041  1.57674  0.670834  
0.724005  3.77037  0.68902  
0.708633  8.44386  0.705104  
5.4698  0.000673808  0.00148449  
1.00098  0.0574664  0.0433927  
0.992974  0.0943931  0.091163  
0.987948  0.096939  0.139078  
0.980474  0.157503  0.182224  
0.973526  0.0793702  0.230843  
0.963426  0.315913  0.273785  
0.947951  0.306788  0.314248  
0.935019  0.305578  0.351035  
0.91921  0.504152  0.391845  
0.903039  0.587021  0.428228  
0.886071  0.494105  0.46078  
0.868979  0.208205  0.495191  
0.852961  0.481384  0.520082  
0.834501  1.06796  0.553243  
0.815245  0.60909  0.580162  
0.79481  0.835107  0.605859  
0.779398  1.48267  0.627582  
0.761456  2.34637  0.649588  
0.741041  1.57674  0.670834  
0.725775  2.88709  0.686553  
0.707544  5.24028  0.706329  
0.690101  3.14431  0.723588  
0.67561  2.79048  0.737042  
5.26664  0.000547436  0.00168077  
1.00098  0.0574664  0.0433927  
0.993695  0.0861324  0.094885  
0.987374  0.100799  0.145064  
0.97893  0.0881771  0.191879  
0.970469  0.0801318  0.242148  
0.95893  0.318749  0.283629  
0.94393  0.372168  0.329216  
0.929501  0.355614  0.371248  
0.911439  0.366272  0.409534  
0.895003  0.0698877  0.446851  
0.879918  0.308618  0.480165  
0.858437  0.22658  0.511654  
0.840721  0.852815  0.539631  
0.82015  0.315684  0.573048  
0.804146  1.05254  0.59967  
0.781653  1.42501  0.623143  
0.762046  0.194299  0.647701  
0.745577  1.6379  0.665295  
0.727503  2.09835  0.687469  
0.709207  2.13239  0.706517  
0.690101  3.14431  0.723588  
0.675219  3.20349  0.737898  
0.655118  3.56719  0.754029  
0.640891  3.2428  0.767006  
5.26664  0.000547436  0.00168077  
1.36373  0.0385006  0.0664044  
0.993695  0.0861324  0.094885  
0.985419  0.114082  0.151766  
0.978035  0.145999  0.200215  
0.96735  0.158283  0.251488  
0.955566  0.0901544  0.301549  
0.940512  0.309825  0.340582  
0.923068  0.374905  0.38624  
0.90415  0.303639  0.425375  
0.884618  0.369617  0.465321  
0.866449  0.485131  0.499491  
0.844676  0.149579  0.533509  
0.827147  0.485499  0.560967  
0.807091  0.971414  0.58986  
0.790219  0.728379  0.617759  
0.768528  1.15222  0.642492  
0.746953  0.184458  0.664975  
0.730584  1.68527  0.688699  
0.709207  2.13239  0.706517  
0.690424  2.60853  0.724489  
0.673257  3.05527  0.742478  
0.654758  0.394696  0.754774  
0.638487  3.78719  0.767648  
0.622127  3.70453  0.783265  
0.607144  5.43606  0.793142  
5.26664  0.000547436  0.00168077  
1.36373  0.0385006  0.0664044  
0.99525  0.0746409  0.0834015  
0.984482  0.091488  0.1585  
0.977804  0.138906  0.212593  
0.965548  0.167447  0.267626  
0.951574  0.0875362  0.306464  
0.933369  0.336891  0.359457  
0.914056  0.324091  0.404155  
0.895003  0.0698877  0.446851  
0.874319  0.347637  0.486488  
0.855659  0.166707  0.517833  
0.837456  0.524049  0.552285  
0.812898  0.0727745  0.583633  
0.791012  0.325906  0.612931  
0.769778  0.266084  0.641426  
0.750921  0.912123  0.66373  
0.731894  0.84508  0.684505  
0.709207  1.46293  0.706517  
0.692614  1.61145  0.728086  
0.669977  1.51551  0.744217  
0.650242  0.939197  0.759224  
0.636018  1.59674  0.773303  
0.617691  1.25093  0.785996  
0.601681  2.12621  0.798697  
0.586728  4.16801  0.808445  
0.571248  1.71636  0.820392  
5.26664  0.000547436  0.00168077  
1.36373  0.0385006  0.0664044  
0.99525  0.0746409  0.0834015  
0.984482  0.091488  0.1585  
0.975266  0.0786874  0.220882  
0.963639  0.154859  0.274898  
0.945278  0.180771  0.33093  
0.926639  0.313156  0.3754  
0.905355  0.364513  0.4242  
0.88485  0.30294  0.46591  
0.863436  0.375718  0.506229  
0.841448  0.0862608  0.540303  
0.82015  0.315684  0.573048  
0.798151  0.116573  0.60576  
0.775881  0.43576  0.635578  
0.749758  0.445159  0.662312  
0.731102  0.269906  0.68381  
0.71135  0.848215  0.70784  
0.69033  0.355959  0.729549  
0.669977  1.51551  0.744217  
0.648843  0.386671  0.760243  
0.628631  1.95063  0.775918  
0.610035  1.89265  0.791587  
0.598136  3.19562  0.803216  
0.578622  4.05299  0.814443  
0.562041  3.52785  0.827239  
0.547967  0.343389  0.835631  
0.534952  3.93828  0.848388  
5.26664  0.000547436  0.00168077  
1.36373  0.0385006  0.0664044  
0.99525  0.0746409  0.0834015  
0.981929  0.0821533  0.181406  
0.970469  0.0801318  0.242148  
0.958853  0.0717866  0.292865  
0.941467  0.16618  0.343036  
0.91621  0.0646139  0.400146  
0.896727  0.0551613  0.446204  
0.873138  0.315995  0.487215  
0.848236  0.163447  0.528203  
0.825996  0.416157  0.566537  
0.801967  0.194683  0.596685  
0.777544  0.070788  0.629467  
0.752862  0.43284  0.658252  
0.731102  0.269906  0.68381  
0.71135  0.848215  0.70784  
0.69033  0.355959  0.729549  
0.665894  1.02774  0.746902  
0.646816  0.83589  0.761966  
0.625121  1.26762  0.779369  
0.609748  0.114469  0.794287  
0.591014  2.13022  0.80779  
0.572757  1.90912  0.819361  
0.557628  2.47312  0.830272  
0.539959  2.35522  0.841539  
0.524622  3.44641  0.850892  
0.507427  1.73739  0.859851  
0.497449  4.12946  0.866614  
5.26664  0.000547436  0.00168077  
1.36373  0.0385006  0.0664044  
0.995646  0.0704437  0.0793102  
0.97893  0.0881771  0.191879  
0.970469  0.0801318  0.242148  
0.951574  0.0875362  0.306464  
0.931761  0.234529  0.370413  
0.905823  0.101297  0.422918  
0.883529  0.192888  0.46963  
0.858239  0.153827  0.512823  
0.836086  0.306671  0.553679  
0.809855  0.197491  0.591857  
0.782366  0.158254  0.624222  
0.762046  0.194299  0.647701  
0.733039  0.484234  0.681515  
0.710028  0.523002  0.705666  
0.68458  0.25388  0.731895  
0.659681  0.489496  0.751924  
0.64375  0.455742  0.7689  
0.622363  0.173252  0.784787  
0.601711  0.191097  0.797795  
0.583504  0.802661  0.813685  
0.565725  1.70176  0.825567  
0.547967  0.343389  0.835631  
0.528945  2.51457  0.848158  
0.514758  2.0587  0.858998  
0.501498  1.35028  0.86303  
0.482071  3.48789  0.874838  
0.473608  5.20895  0.877963  
0.460172  1.6363  0.885557  
3.40222  0.000323457  0.00207845  
1.36373  0.0385006  0.0664044  
0.995646  0.0704437  0.0793102  
0.97893  0.0881771  0.191879  
0.964135  0.0794591  0.266977  
0.943204  0.177818  0.335034  
0.920862  0.0689651  0.39373  
0.893413  0.0767241  0.447829  
0.869083  0.264096  0.494931  
0.841448  0.0862608  0.540303  
0.817829  0.168917  0.580263  
0.789566  0.131186  0.616344  
0.762046  0.194299  0.647701  
0.735215  0.422738  0.676881  
0.710028  0.523002  0.705666  
0.68458  0.25388  0.731895  
0.659681  0.489496  0.751924  
0.638351  0.146501  0.77124  
0.613806  0.0984722  0.789102  
0.5984  0.833823  0.803266  
0.573509  0.64998  0.820882  
0.555722  1.13605  0.8305  
0.539959  0.787323  0.841539  
0.525139  1.58311  0.853495  
0.501498  1.35028  0.86303  
0.491782  2.14801  0.870734  
0.474517  2.63601  0.87895  
0.460172  1.6363  0.885557  
0.448928  0.163897  0.891272  
0.436542  1.97768  0.897887  
0.42032  4.42615  0.903921  
3.40222  0.000323457  0.00207845  
1.35617  0.0446324  0.103359  
0.996684  0.0673432  0.0735544  
0.975266  0.0786874  0.220882  
0.958853  0.0717866  0.292865  
0.937886  0.122894  0.359291  
0.909723  0.178217  0.416218  
0.881772  0.0610015  0.471225  
0.853182  0.175172  0.51956  
0.822853  0.149876  0.568213  
0.794299  0.238036  0.608721  
0.762239  0.185029  0.647356  
0.735215  0.422738  0.676881  
0.714586  0.0752248  0.700785  
0.68458  0.25388  0.731895  
0.659681  0.489496  0.751924  
0.632377  0.180519  0.78024  
0.609748  0.114469  0.794287  
0.58788  0.614739  0.811559  
0.563294  0.555785  0.826766  
0.545477  0.393204  0.842027  
0.528913  0.0985542  0.848218  
0.507427  0.15437  0.859851  
0.483267  0.135963  0.87488  
0.478183  0.576608  0.878263  
0.460172  1.6363  0.885557  
0.448928  0.163897  0.891272  
0.434239  2.52186  0.899967  
0.423656  0.830087  0.906319  
0.410834  4.58805  0.911375  
0.394641  2.71413  0.915867  
0.388756  5.61253  0.920608  
3.40222  0.000323457  0.00207845  
1.36373  0.0385006  0.0664044  
0.999742  0.0641289  0.0521213  
0.970469  0.0801318  0.242148  
0.951574  0.0875362  0.306464  
0.925767  0.068088  0.383322  
0.893413  0.0767241  0.447829  
0.865048  0.196867  0.5014  
0.832775  0.185861  0.553929  
0.802978  0.267838  0.596406  
0.771509  0.220713  0.636728  
0.741836  0.226272  0.674947  
0.715187  0.330142  0.707132  
0.680953  0.0875843  0.735227  
0.650638  0.349312  0.759865  
0.623576  0.0947715  0.783494  
0.601711  0.191097  0.797795  
0.581329  0.537168  0.81784  
0.552167  0.0756294  0.833453  
0.533496  0.108999  0.846899  
0.515431  0.567639  0.859753  
0.498389  0.0827991  0.865822  
0.478921  0.0776362  0.876474  
0.465202  0.346402  0.885956  
0.448928  0.163897  0.891272  
0.434536  1.09714  0.900098  
0.42213  0.175353  0.907091  
0.405558  1.86741  0.912329  
0.394641  2.71413  0.915867  
0.380085  1.30592  0.923085  
0.372122  2.95937  0.926662  
0.362957  3.61572  0.930456  
0.353156  2.16242  0.935628  
3.40222  0.000323457  0.00207845  
1.29614  0.0367323  0.105578  
0.999742  0.0641289  0.0521213  
0.970469  0.0801318  0.242148  
0.945501  0.105867  0.327871  
0.912865  0.061953  0.409613  
0.879074  0.176976  0.478438  
0.845144  0.18388  0.533262  
0.811216  0.0802193  0.586004  
0.776488  0.105791  0.629741  
0.742929  0.224247  0.672776  
0.715248  0.162352  0.712752  
0.679297  0.114146  0.735815  
0.650638  0.349312  0.759865  
0.620784  0.0956586  0.784327  
0.596403  0.444317  0.810982  
0.568216  0.362047  0.82677  
0.54453  0.508306  0.842709  
0.524065  0.10416  0.853743  
0.503227  0.0781751  0.864851  
0.483267  0.135963  0.87488  
0.465558  0.354105  0.885577  
0.448928  0.163897  0.891272  
0.434393  0.577334  0.902278  
0.414815  0.429896  0.907347  
0.404213  0.470917  0.912361  
0.392212  0.972511  0.919614  
0.375252  0.921125  0.924934  
0.36395  1.3033  0.930442  
0.356672  2.13473  0.933243  
0.34652  3.35673  0.938233  
0.33602  3.72877  0.940473  
0.324385  4.37898  0.943441  
0.315022  3.84248  0.948207  
3.40222  0.000323457  0.00207845  
1.2775  0.0299886  0.122937  
1.00002  0.0606763  0.056259  
0.960645  0.0865368  0.286537  
0.935141  0.123738  0.369536  
0.893413  0.0767241  0.447829  
0.856877  0.137546  0.515143  
0.822853  0.149876  0.568213  
0.783757  0.148296  0.623459  
0.749868  0.125534  0.670188  
0.715248  0.162352  0.712752  
0.668408  0.0730239  0.742551  
0.638351  0.146501  0.77124  
0.61292  0.144706  0.792128  
0.577271  0.0759095  0.816581  
0.552167  0.0756294  0.833453  
0.528913  0.0985542  0.848218  
0.510638  0.354019  0.861654  
0.488601  0.0927813  0.874816  
0.465558  0.354105  0.885577  
0.448928  0.163897  0.891272  
0.431118  0.0915966  0.899676  
0.414815  0.429896  0.907347  
0.398296  0.0930588  0.918594  
0.381224  0.109966  0.923884  
0.370931  0.854725  0.9275  
0.361912  0.392499  0.931588  
0.344539  1.29555  0.941381  
0.331712  0.98053  0.942769  
0.326442  0.81876  0.943513  
0.314004  1.76543  0.947268  
0.302735  1.31429  0.950903  
0.300497  0.331483  0.952033  
0.291909  2.57924  0.956583  
0.28406  6.21144  0.958029  
3.40222  0.000323457  0.00207845  
1.26922  0.0248968  0.131038  
1.00002  0.0606763  0.056259  
0.951574  0.0875362  0.306464  
0.916622  0.0958949  0.39982  
0.874703  0.118397  0.485729  
0.831474  0.11418  0.556112  
0.793271  0.0741931  0.612808  
0.753357  0.117133  0.664417  
0.715248  0.162352  0.712752  
0.679297  0.114146  0.735815  
0.638351  0.146501  0.77124  
0.606154  0.0745803  0.799109  
0.575183  0.125676  0.826599  
0.539805  0.12259  0.839919  
0.516616  0.114771  0.855667  
0.490841  0.0760704  0.870405  
0.470684  0.334146  0.882623  
0.448928  0.163897  0.891272  
0.431118  0.0915966  0.899676  
0.40603  0.407723  0.910871  
0.397764  0.291051  0.920906  
0.381224  0.109966  0.923884  
0.364894  0.0849841  0.929608  
0.349157  0.282353  0.941848  
0.326442  0.81876  0.943513  
0.326442  0.81876  0.943513  
0.312844  0.331139  0.948098  
0.300497  0.331483  0.952033  
0.298123  0.436485  0.953101  
0.287862  0.378214  0.956848  
0.279045  0.409627  0.960812  
0.268377  2.74481  0.961804  
0.26147  1.12158  0.963186  
0.255772  3.85891  0.964953  
0.25191  3.60941  0.966934  
3.40222  0.000323457  0.00207845  
1.26922  0.0248968  0.131038  
1.00002  0.0606763  0.056259  
0.942435  0.070964  0.344451  
0.893413  0.0767241  0.447829  
0.859734  0.132333  0.532815  
0.803794  0.121258  0.594877  
0.757341  0.0631053  0.654784  
0.715248  0.162352  0.712752  
0.656838  0.0973043  0.754283  
0.625224  0.0674875  0.782517  
0.577271  0.0759095  0.816581  
0.556894  0.104323  0.83104  
0.523661  0.0960412  0.850358  
0.493777  0.195494  0.869363  
0.473833  0.111786  0.880167  
0.448928  0.163897  0.891272  
0.428433  0.174353  0.90546  
0.404429  0.223439  0.914846  
0.38063  0.135301  0.923664  
0.364894  0.0849841  0.929608  
0.357864  0.162493  0.936643  
0.344841  0.347026  0.942812  
0.323028  0.328427  0.945775  
0.313597  0.326521  0.947567  
0.300497  0.331483  0.952033  
0.293047  0.492692  0.955772  
0.286602  0.624095  0.958982  
0.276785  0.338637  0.961269  
0.267902  0.356428  0.962206  
0.259369  0.351981  0.964729  
0.247991  0.365177  0.968354  
0.245565  1.34965  0.969443  
0.239469  2.20585  0.973228  
0.229675  3.42944  0.980974  
0.224373  4.67324  0.975167  
0.223617  2.89227  0.993212  
3.40222  0.000323457  0.00207845  
1.24648  0.0197863  0.161451  
1.00002  0.0606763  0.056259  
0.942435  0.070964  0.344451  
0.872825  0.101577  0.499879  
0.811216  0.0802193  0.586004  
0.757669  0.0620495  0.653507  
0.715248  0.162352  0.712752  
0.656838  0.0973043  0.754283  
0.61292  0.144706  0.792128  
0.577271  0.0759095  0.816581  
0.538315  0.0972964  0.841774  
0.505318  0.0885957  0.864039  
0.473833  0.111786  0.879566  
0.448928  0.163897  0.891272  
0.42698  0.283289  0.910373  
0.403949  0.23386  0.915038  
0.38063  0.135301  0.923664  
0.364894  0.0849841  0.929608  
0.349142  0.114995  0.937593  
0.323028  0.328427  0.945775  
0.313597  0.347595  0.947567  
0.300497  0.331483  0.952033  
0.293145  0.440806  0.955754  
0.282712  0.41422  0.960499  
0.272011  0.321655  0.961619  
0.261851  0.336122  0.962972  
0.248444  0.380878  0.968185  
0.244824  0.729143  0.970818  
0.2387  0.454581  0.976749  
0.231773  0.606808  0.989052  
0.226128  0.862778  0.994885  
0.226128  0.862778  0.994885  
0.224366  1.53938  0.99135  
0.22449  2.50066  0.993595  
0.221849  2.79649  0.999118  
0.222406  4.80677  0.99664  
0.222527  4.2046  0.996083  
3.40222  0.000323457  0.00207845  
1.246  0.0226587  0.186731  
1.00002  0.0606763  0.056259  
0.891589  0.0686187  0.453931  
0.872825  0.101577  0.499879  
0.769459  0.0846125  0.638448  
0.702532  0.0932413  0.713082  
0.656838  0.0973043  0.754283  
0.599625  0.0896382  0.80132  
0.556894  0.104323  0.83104  
0.515617  0.126357  0.859326  
0.476851  0.10337  0.877999  
0.448928  0.163897  0.891272  
0.406099  0.116687  0.916317  
0.387101  0.180008  0.921551  
0.369138  0.233482  0.927003  
0.352236  0.110683  0.933673  
0.334386  0.112548  0.945543  
0.313392  0.139527  0.947636  
0.300975  0.214449  0.953245  
0.289318  0.0846244  0.959288  
0.272011  0.321655  0.961619  
0.261851  0.336122  0.962972  
0.252452  0.124923  0.966833  
0.245214  0.325329  0.972196  
0.238257  0.33125  0.981238  
0.231228  0.459279  0.989806  
0.229534  0.445157  0.994957  
0.229534  0.445157  0.994957  
0.228782  0.695354  0.994829  
0.22869  0.821635  0.999825  
0.226128  0.862778  0.994885  
0.226128  0.862778  0.994885  
0.22541  1.43569  0.99503  
0.224366  1.53938  0.99135  
0.224366  1.53938  0.99135  
0.223617  2.89227  0.993212  
0.222406  4.80677  0.99664  
0.222406  4.80677  0.99664  
3.40222  0.000323457  0.00207845  
1.246  0.0226587  0.186731  
1.0787  0.0587839  0.442072  
0.891589  0.0686187  0.453931  
0.793514  0.0669589  0.613622  
0.702532  0.0932413  0.713082  
0.627993  0.0665542  0.779983  
0.568601  0.127793  0.824448  
0.532137  0.0748751  0.848217  
0.48643  0.115195  0.876176  
0.436169  0.10097  0.899739  
0.406099  0.116687  0.916317  
0.388719  0.130088  0.925164  
0.352236  0.110683  0.933673  
0.333183  0.109423  0.943964  
0.314046  0.145203  0.947497  
0.300844  0.169373  0.953428  
0.280333  0.16431  0.960729  
0.252452  0.124923  0.966833  
0.252452  0.124923  0.966833  
0.243744  0.0760128  0.972314  
0.239005  0.152577  0.988646  
0.238746  0.24606  0.994308  
0.237508  0.336787  0.99019  
0.236898  0.364117  0.985212  
0.235986  0.398133  0.990015  
0.229534  0.445157  0.994957  
0.23004  0.507172  0.995113  
0.229534  0.445157  0.994957  
0.229343  0.634686  0.995406  
0.228782  0.695354  0.994829  
0.226128  0.862778  0.994885  
0.226128  0.862778  0.994885  
0.228525  0.953961  0.998767  
0.22541  1.43569  0.99503  
0.224366  1.53938  0.99135  
0.224366  1.53938  0.99135  
0.22346  3.96416  0.994601  
0.222406  4.80677  0.99664  
0.221849  2.79649  0.999118  
3.40222  0.000323457  0.00207845  
1.21287  0.0294695  0.291902  
1.0693  0.0563542  0.51859  
0.757669  0.0620495  0.653507  
0.757669  0.0620495  0.653507  
0.627993  0.0665542  0.779983  
0.552167  0.0756294  0.833453  
0.499661  0.0850503  0.866419  
0.436169  0.10097  0.899739  
0.391345  0.115912  0.925646  
0.36875  0.0906383  0.930636  
0.333183  0.109423  0.943964  
0.311898  0.0805812  0.951435  
0.291502  0.102723  0.959911  
0.276296  0.138935  0.963645  
0.260319  0.0805219  0.963706  
0.243379  0.160201  0.973353  
0.239005  0.152577  0.988646  
0.239005  0.152577  0.988646  
0.240162  0.120032  0.980498  
0.238955  0.222005  0.992772  
0.238746  0.24606  0.994308  
0.238746  0.24606  0.994308  
0.238322  0.239202  0.994408  
0.237175  0.344936  0.986914  
0.236483  0.380307  0.986942  
0.235908  0.431099  0.992187  
0.231228  0.459279  0.989806  
0.229534  0.445157  0.994957  
0.229534  0.445157  0.994957  
0.229343  0.634686  0.995406  
0.228782  0.695354  0.994829  
0.226128  0.862778  0.994885  
0.226128  0.862778  0.994885  
0.226128  0.862778  0.994885  
0.22541  1.43569  0.99503  
0.224366  1.53938  0.99135  
0.224483  2.51561  0.993299  
0.22346  3.96416  0.994601  
0.222406  4.80677  0.99664  
0.222527  4.2046  0.996083  
3.40222  0.000323457  0.00207845  
1.21287  0.0294695  0.291902  
1.07419  0.0516084  0.491439  
0.757669  0.0620495  0.653507  
0.627993  0.0665542  0.779983  
0.532137  0.0748751  0.848217  
0.476934  0.0783018  0.93885  
0.331068  0.0795482  0.945526  
0.331068  0.0795482  0.945526  
0.307961  0.0883344  0.952717  
0.291854  0.0832632  0.961053  
0.260319  0.0805219  0.963706  
0.24027  0.0862581  0.98316  
0.239553  0.101427  0.984311  
0.240162  0.120032  0.980498  
0.239553  0.101427  0.984311  
0.24002  0.142613  0.98821  
0.239976  0.11971  0.981214  
0.239005  0.152577  0.988646  
0.239005  0.152577  0.988646  
0.239412  0.21796  0.992012  
0.238746  0.24606  0.994308  
0.238322  0.239202  0.994408  
0.238322  0.239202  0.994408  
0.238257  0.33125  0.981238  
0.236898  0.364117  0.985212  
0.235986  0.398133  0.990015  
0.23515  0.441726  0.995511  
0.230432  0.487607  0.991088  
0.229534  0.445157  0.994957  
0.229534  0.445157  0.994957  
0.228782  0.695354  0.994829  
0.228782  0.695354  0.994829  
0.226128  0.862778  0.994885  
0.226128  0.862778  0.994885  
0.226128  0.862778  0.994885  
0.22541  1.43569  0.99503  
0.224366  1.53938  0.99135  
0.224366  1.53938  0.99135  
0.221849  2.79649  0.999118  
0.222406  4.80677  0.99664  
0.222406  4.80677  0.99664  
3.40222  0.000323457  0.00207845  
1.21287  0.0294695  0.291902  
1.07419  0.0516084  0.491439  
0.680504  0.0605111  0.913812  
0.623875  0.0645899  0.976342  
0.533079  0.0719845  0.985882  
0.406265  0.0735551  0.969513  
0.302583  0.0737456  0.974333  
0.302583  0.0737456  0.974333  
0.274429  0.0745858  0.989771  
0.260319  0.0805219  0.963706  
0.24027  0.0862581  0.98316  
0.24027  0.0862581  0.98316  
0.239553  0.101427  0.984311  
0.24027  0.0862581  0.98316  
0.239502  0.106558  0.984965  
0.239502  0.106558  0.984965  
0.239005  0.152577  0.988646  
0.239502  0.106558  0.984965  
0.239553  0.101427  0.984311  
0.239005  0.152577  0.988646  
0.238955  0.222005  0.992772  
0.238322  0.239202  0.994408  
0.238322  0.239202  0.994408  
0.238322  0.239202  0.994408  
0.237508  0.336787  0.99019  
0.236898  0.364117  0.985212  
0.235986  0.398133  0.990015  
0.231228  0.459279  0.989806  
0.229534  0.445157  0.994957  
0.229975  0.556483  0.990891  
0.229343  0.634686  0.995406  
0.228782  0.695354  0.994829  
0.22869  0.821635  0.999825  
0.226128  0.862778  0.994885  
0.226128  0.862778  0.994885  
0.226128  0.862778  0.994885  
0.225011  1.60725  0.995653  
0.225011  1.60725  0.995653  
0.221849  2.79649  0.999118  
0.221849  2.79649  0.999118  
0.221849  2.79649  0.999118  
0.222406  4.80677  0.99664  
3.08112  0.00010014  0.00817177  
1.21842  0.0279415  0.274207  
1.07419  0.0516084  0.491439  
0.680504  0.0605111  0.913812  
0.623875  0.0645899  0.976342  
0.53566  0.070056  0.909611  
0.406265  0.0735551  0.969513  
0.302583  0.0737456  0.974333  
0.302583  0.0737456  0.974333  
0.274429  0.0745858  0.989771  
0.262294  0.0786006  0.995679  
0.24027  0.0862581  0.98316  
0.24027  0.0862581  0.98316  
0.239553  0.101427  0.984311  
0.239553  0.101427  0.984311  
0.239976  0.11971  0.981214  
0.240162  0.120032  0.980498  
0.239005  0.152577  0.988646  
0.239005  0.152577  0.988646  
0.239502  0.106558  0.984965  
0.239442  0.178872  0.990174  
0.239412  0.21796  0.992012  
0.238746  0.24606  0.994308  
0.238322  0.239202  0.994408  
0.238559  0.27172  0.996001  
0.238555  0.323733  0.997026  
0.236929  0.352229  0.98829  
0.236368  0.393069  0.98786  
0.235908  0.431099  0.992187  
0.229534  0.445157  0.994957  
0.229534  0.445157  0.994957  
0.229534  0.445157  0.994957  
0.229343  0.634686  0.995406  
0.229343  0.634686  0.995406  
0.22869  0.821635  0.999825  
0.228525  0.953961  0.998767  
0.226128  0.862778  0.994885  
0.226128  0.862778  0.994885  
0.224366  1.53938  0.99135  
0.225011  1.60725  0.995653  
0.221849  2.79649  0.999118  
0.222527  4.2046  0.996083  
0.222406  4.80677  0.99664  
0.221849  2.79649  0.999118  
3.08112  0.00010014  0.00817177  
1.21842  0.0279415  0.274207  
1.07419  0.0516084  0.491439  
0.680504  0.0605111  0.913812  
0.623875  0.0645899  0.976342  
0.536061  0.0694143  0.897544  
0.406265  0.0735551  0.969513  
0.302583  0.0737456  0.974333  
0.302583  0.0737456  0.974333  
0.274429  0.0745858  0.989771  
0.262976  0.0765982  0.994872  
0.260319  0.0805219  0.963706  
0.24027  0.0862581  0.98316  
0.24027  0.0862581  0.98316  
0.239502  0.106558  0.984965  
0.239553  0.101427  0.984311  
0.239502  0.106558  0.984965  
0.239502  0.106558  0.984965  
0.239005  0.152577  0.988646  
0.239976  0.11971  0.981214  
0.239976  0.11971  0.981214  
0.239502  0.106558  0.984965  
0.238955  0.222005  0.992772  
0.238322  0.239202  0.994408  
0.238322  0.239202  0.994408  
0.238559  0.27172  0.996001  
0.23772  0.331948  0.982955  
0.236898  0.364117  0.985212  
0.235986  0.398133  0.990015  
0.23515  0.441726  0.995511  
0.230432  0.487607  0.991088  
0.229534  0.445157  0.994957  
0.229975  0.556483  0.990891  
0.229343  0.634686  0.995406  
0.229343  0.634686  0.995406  
0.226128  0.862778  0.994885  
0.226128  0.862778  0.994885  
0.226128  0.862778  0.994885  
0.227348  1.40744  0.990223  
0.224366  1.53938  0.99135  
0.225011  1.60725  0.995653  
0.223617  2.89227  0.993212  
0.221849  2.79649  0.999118  
0.222406  4.80677  0.99664  
0.221849  2.79649  0.999118  
