9.61075  1.67743  0.0876345  
9.11887  0.591785  0.103837  
2.97837  1.8097  0.163908  
11.9266  0.231284  0.110209  
2.97837  1.8097  0.163908  
2.52496  0.135464  0.187792  
11.9266  0.231284  0.110209  
3.31031  0.753845  0.114034  
2.52496  0.135464  0.187792  
2.06306  3.53956  0.239324  
11.9266  0.231284  0.110209  
3.31031  0.753845  0.114034  
2.52496  0.135464  0.187792  
2.06306  3.53956  0.239324  
1.61394  0.967925  0.255898  
11.9266  0.231284  0.110209  
3.31031  0.753845  0.114034  
1.97338  0.480265  0.207774  
1.46833  0.398255  0.24226  
1.61394  0.967925  0.255898  
1.32372  3.27751  0.257281  
7.88422  0.104358  0.12112  
2.76503  0.29005  0.18631  
1.97338  0.480265  0.207774  
1.97338  0.480265  0.207774  
1.61394  0.967925  0.255898  
1.32372  3.27751  0.257281  
1.00616  1.92507  0.264009  
7.88422  0.104358  0.12112  
2.76503  0.29005  0.18631  
1.97338  0.480265  0.207774  
1.80387  0.0962707  0.238643  
1.46833  0.398255  0.24226  
1.00616  1.92507  0.264009  
1.00616  1.92507  0.264009  
1.00616  1.92507  0.264009  
7.88422  0.104358  0.12112  
2.76503  0.29005  0.18631  
1.97338  0.480265  0.207774  
1.80387  0.0962707  0.238643  
1.46833  0.398255  0.24226  
1.00616  1.92507  0.264009  
1.00616  1.92507  0.264009  
1.00616  1.92507  0.264009  
0.998771  2.02386  0.281281  
7.88422  0.104358  0.12112  
2.76503  0.29005  0.18631  
1.97338  0.480265  0.207774  
1.80387  0.0962707  0.238643  
1.46833  0.398255  0.24226  
1.18909  1.18714  0.274209  
1.00616  1.92507  0.264009  
0.994844  2.17366  0.277213  
0.994844  2.17366  0.277213  
0.955225  2.34602  0.321826  
6.29354  0.142492  0.131008  
2.76503  0.29005  0.18631  
1.97338  0.480265  0.207774  
1.46833  0.398255  0.24226  
1.34697  0.398115  0.262549  
1.09218  0.864727  0.267497  
1.10482  1.64331  0.273155  
0.994844  2.17366  0.277213  
0.960071  2.73355  0.309665  
0.950997  0.877709  0.319688  
0.933738  2.43332  0.353965  
7.88422  0.104358  0.12112  
2.76503  0.29005  0.18631  
1.97338  0.480265  0.207774  
1.34697  0.398115  0.262549  
1.34697  0.398115  0.262549  
1.34697  0.398115  0.262549  
1.09218  0.864727  0.267497  
0.967483  0.762055  0.306421  
0.967483  0.762055  0.306421  
0.944926  1.70526  0.336568  
0.933591  3.17533  0.361211  
0.929485  3.35276  0.375597  
7.88422  0.104358  0.12112  
2.76503  0.29005  0.18631  
1.97338  0.480265  0.207774  
1.32282  0.49024  0.253538  
1.34697  0.398115  0.262549  
1.09218  0.864727  0.267497  
1.02482  0.526131  0.299264  
0.967483  0.762055  0.306421  
0.950997  0.877709  0.319688  
0.944926  1.70526  0.336568  
0.9298  0.183237  0.362756  
0.923215  1.70656  0.391783  
0.909473  3.25069  0.412143  
6.61067  0.107957  0.138693  
2.52496  0.135464  0.187792  
2.25669  0.0955488  0.220836  
1.46833  0.398255  0.24226  
1.32282  0.49024  0.253538  
1.32282  0.49024  0.253538  
1.09218  0.864727  0.267497  
0.996977  0.792051  0.307969  
0.967483  0.762055  0.306421  
0.9367  0.241349  0.351667  
0.926615  2.16899  0.376732  
0.921629  4.50285  0.405645  
0.908343  1.52599  0.42815  
0.896802  3.82853  0.44081  
11.7224  0.102186  0.139943  
2.54011  0.186363  0.200857  
2.25669  0.0955488  0.220836  
1.34697  0.398115  0.262549  
1.32282  0.49024  0.253538  
1.02482  0.526131  0.299264  
1.02482  0.526131  0.299264  
0.967483  0.762055  0.306421  
0.953712  0.599218  0.324924  
0.9298  0.183237  0.362756  
0.919898  1.15026  0.385829  
0.909473  3.25069  0.412143  
0.900769  4.14481  0.440626  
0.896802  5.41795  0.44081  
0.876094  0.507828  0.479757  
11.7224  0.102186  0.139943  
2.54011  0.186363  0.200857  
1.80387  0.0962707  0.238643  
1.80387  0.0962707  0.238643  
1.32282  0.49024  0.253538  
1.02482  0.526131  0.299264  
1.02482  0.526131  0.299264  
0.95625  0.452864  0.314649  
0.950997  0.877709  0.319688  
0.9367  0.241349  0.351667  
0.91969  0.587355  0.394225  
0.91194  2.04028  0.417033  
0.908343  1.52599  0.42815  
0.882981  1.84577  0.471176  
0.872318  4.06884  0.489236  
0.86452  1.47066  0.509621  
11.7224  0.102186  0.139943  
2.54011  0.186363  0.200857  
1.80387  0.0962707  0.238643  
1.75531  0.181057  0.274207  
1.41303  0.146234  0.289699  
1.02482  0.526131  0.299264  
0.953712  0.599218  0.324924  
0.953712  0.599218  0.324924  
0.9367  0.241349  0.351667  
0.930647  0.923129  0.37669  
0.91969  0.587355  0.394225  
0.908343  1.52599  0.42815  
0.893853  0.655013  0.46185  
0.876094  0.507828  0.479757  
0.86452  1.47066  0.509621  
0.86452  1.47066  0.509621  
0.838968  3.73894  0.548289  
11.7224  0.102186  0.139943  
2.25669  0.0955488  0.220836  
2.25669  0.0955488  0.220836  
1.75531  0.181057  0.274207  
1.31152  0.336334  0.27866  
1.02482  0.526131  0.299264  
1.02482  0.526131  0.299264  
0.953712  0.599218  0.324924  
0.9367  0.241349  0.351667  
0.930647  0.923129  0.37669  
0.91969  0.587355  0.394225  
0.908343  1.52599  0.42815  
0.882981  1.84577  0.471176  
0.876094  0.507828  0.479757  
0.86452  1.47066  0.509621  
0.838968  3.73894  0.548289  
0.826615  1.19883  0.563929  
0.8239  2.22999  0.573285  
6.03826  0.0950338  0.155724  
2.54011  0.186363  0.200857  
2.246  0.163918  0.258467  
1.45916  0.0891896  0.273741  
1.34697  0.398115  0.262549  
1.32282  0.49024  0.253538  
0.95625  0.452864  0.314649  
0.953712  0.599218  0.324924  
0.9367  0.241349  0.351667  
0.91969  0.587355  0.394225  
0.91969  0.587355  0.394225  
0.893853  0.655013  0.46185  
0.876094  0.507828  0.479757  
0.86452  1.47066  0.509621  
0.855823  2.15672  0.533602  
0.838968  3.73894  0.548289  
0.8239  2.22999  0.573285  
0.802125  3.48703  0.607187  
0.792511  3.44388  0.613217  
6.03826  0.0950338  0.155724  
2.54011  0.186363  0.200857  
2.246  0.163918  0.258467  
1.45916  0.0891896  0.273741  
1.31152  0.336334  0.27866  
1.31152  0.336334  0.27866  
0.9367  0.241349  0.351667  
0.961784  0.573139  0.351507  
0.9367  0.241349  0.351667  
0.91969  0.587355  0.394225  
0.91969  0.587355  0.394225  
0.893853  0.655013  0.46185  
0.874208  0.147782  0.495133  
0.86452  1.47066  0.509621  
0.855823  2.15672  0.533602  
0.826241  1.20958  0.565926  
0.801038  2.59931  0.597933  
0.792511  3.44388  0.613217  
0.782817  1.323  0.628134  
0.766379  3.19815  0.647083  
6.03826  0.0950338  0.155724  
2.25669  0.0955488  0.220836  
2.246  0.163918  0.258467  
1.45916  0.0891896  0.273741  
1.31152  0.336334  0.27866  
1.18943  0.350483  0.352642  
1.18943  0.350483  0.352642  
0.961784  0.573139  0.351507  
0.91969  0.587355  0.394225  
0.91969  0.587355  0.394225  
0.899424  0.282862  0.446645  
0.876094  0.507828  0.479757  
0.874208  0.147782  0.495133  
0.846186  0.162851  0.535816  
0.826615  1.19883  0.563929  
0.8239  2.22999  0.573285  
0.801038  2.59931  0.597933  
0.781825  1.38757  0.62511  
0.766379  3.19815  0.647083  
0.748081  7.15451  0.665795  
0.739908  2.74406  0.678479  
6.03826  0.0950338  0.155724  
2.90703  0.0973091  0.198419  
1.75531  0.181057  0.274207  
1.41303  0.146234  0.289699  
1.185  0.139399  0.316343  
1.35226  0.34975  0.377496  
1.18943  0.350483  0.352642  
0.921012  0.146066  0.397287  
0.921012  0.146066  0.397287  
0.91969  0.587355  0.394225  
0.893853  0.655013  0.46185  
0.876094  0.507828  0.479757  
0.874208  0.147782  0.495133  
0.846186  0.162851  0.535816  
0.826241  1.20958  0.565926  
0.826241  1.20958  0.565926  
0.793733  2.31106  0.616873  
0.766379  3.19815  0.647083  
0.75563  3.61824  0.656039  
0.739908  2.74406  0.678479  
0.716609  3.22194  0.697053  
0.705639  0.491136  0.710853  
6.03826  0.0950338  0.155724  
2.90703  0.0973091  0.198419  
1.75531  0.181057  0.274207  
1.41303  0.146234  0.289699  
1.185  0.139399  0.316343  
1.18943  0.350483  0.352642  
0.929135  0.0959272  0.38208  
0.921012  0.146066  0.397287  
0.921012  0.146066  0.397287  
0.899424  0.282862  0.446645  
0.883995  0.353531  0.468349  
0.871274  0.413154  0.496934  
0.846186  0.162851  0.535816  
0.830462  1.05764  0.565368  
0.826241  1.20958  0.565926  
0.781825  1.38757  0.62511  
0.781825  1.38757  0.62511  
0.761726  1.98188  0.647866  
0.739908  2.74406  0.678479  
0.716609  3.22194  0.697053  
0.70884  2.6509  0.70638  
0.705639  0.491136  0.710853  
0.672295  4.23527  0.747125  
6.03826  0.0950338  0.155724  
2.25669  0.0955488  0.220836  
1.45916  0.0891896  0.273741  
1.41303  0.146234  0.289699  
1.4042  0.114134  0.343043  
0.929135  0.0959272  0.38208  
0.921012  0.146066  0.397287  
0.929135  0.0959272  0.38208  
0.916064  0.355099  0.428011  
0.898497  0.334613  0.442483  
0.874208  0.147782  0.495133  
0.871274  0.413154  0.496934  
0.845717  0.165769  0.537352  
0.846186  0.162851  0.535816  
0.820332  0.233241  0.607913  
0.781825  1.38757  0.62511  
0.779603  0.284636  0.627701  
0.738529  1.61355  0.680547  
0.718199  2.19903  0.697121  
0.70884  2.6509  0.70638  
0.705639  0.491136  0.710853  
0.672295  4.23527  0.747125  
0.664468  1.90916  0.753514  
0.648629  2.72985  0.762535  
3.32718  0.093925  0.196834  
2.25669  0.0955488  0.220836  
1.75531  0.181057  0.274207  
1.41303  0.146234  0.289699  
1.41303  0.146234  0.289699  
1.185  0.139399  0.316343  
0.941443  0.108475  0.352351  
0.921012  0.146066  0.397287  
0.898497  0.334613  0.442483  
0.883995  0.353531  0.468349  
0.871274  0.413154  0.496934  
0.846186  0.162851  0.535816  
0.846186  0.162851  0.535816  
0.820332  0.233241  0.607913  
0.820332  0.233241  0.607913  
0.778175  0.742751  0.666144  
0.747092  0.543914  0.690005  
0.738529  1.61355  0.680547  
0.705639  0.491136  0.710853  
0.700547  1.85083  0.720961  
0.664468  1.90916  0.753514  
0.664468  1.90916  0.753514  
0.648629  2.72985  0.762535  
0.61802  3.68583  0.789315  
0.613377  2.26774  0.797709  
3.32718  0.093925  0.196834  
2.25669  0.0955488  0.220836  
1.41303  0.146234  0.289699  
1.41303  0.146234  0.289699  
1.41303  0.146234  0.289699  
1.185  0.139399  0.316343  
0.921012  0.146066  0.397287  
0.921012  0.146066  0.397287  
0.898497  0.334613  0.442483  
0.869644  0.297838  0.494334  
0.869644  0.297838  0.494334  
0.845717  0.165769  0.537352  
0.842669  0.397138  0.597626  
0.820332  0.233241  0.607913  
0.778175  0.742751  0.666144  
0.778175  0.742751  0.666144  
0.747092  0.543914  0.690005  
0.705639  0.491136  0.710853  
0.705639  0.491136  0.710853  
0.695661  0.324967  0.733765  
0.66288  2.18837  0.760657  
0.648629  2.72985  0.762535  
0.61802  3.68583  0.789315  
0.613377  2.26774  0.797709  
0.567418  2.355  0.825137  
0.567418  2.355  0.825137  
3.32718  0.093925  0.196834  
2.25669  0.0955488  0.220836  
1.45916  0.0891896  0.273741  
1.185  0.139399  0.316343  
1.185  0.139399  0.316343  
0.921012  0.146066  0.397287  
0.929135  0.0959272  0.38208  
0.917396  0.10638  0.404403  
0.883995  0.353531  0.468349  
0.869644  0.297838  0.494334  
0.845717  0.165769  0.537352  
0.845717  0.165769  0.537352  
0.820332  0.233241  0.607913  
0.785646  0.142581  0.635014  
0.753155  0.305474  0.667123  
0.747092  0.543914  0.690005  
0.705639  0.491136  0.710853  
0.705639  0.491136  0.710853  
0.695661  0.324967  0.733765  
0.673691  1.33867  0.77004  
0.64692  0.91333  0.779724  
0.613377  2.26774  0.797709  
0.613377  2.26774  0.797709  
0.567418  2.355  0.825137  
0.567418  2.355  0.825137  
0.556336  0.730378  0.832434  
0.552062  3.51041  0.836998  
3.32718  0.093925  0.196834  
2.25669  0.0955488  0.220836  
1.90482  0.100008  0.301377  
1.45916  0.0891896  0.273741  
0.929135  0.0959272  0.38208  
0.921012  0.146066  0.397287  
0.929135  0.0959272  0.38208  
0.907201  0.267523  0.44586  
0.883995  0.353531  0.468349  
0.860967  0.10372  0.51511  
0.829009  0.215258  0.563908  
0.807518  0.238203  0.600708  
0.785646  0.142581  0.635014  
0.753155  0.305474  0.667123  
0.747092  0.543914  0.690005  
0.705639  0.491136  0.710853  
0.705639  0.491136  0.710853  
0.695661  0.324967  0.733765  
0.64692  0.91333  0.779724  
0.64692  0.91333  0.779724  
0.600437  1.65569  0.816375  
0.600437  1.65569  0.816375  
0.567418  2.355  0.825137  
0.567418  2.355  0.825137  
0.552062  3.51041  0.836998  
0.524076  1.43152  0.853975  
0.524076  1.43152  0.853975  
0.493088  1.81119  0.869446  
3.32718  0.093925  0.196834  
2.57117  0.0945005  0.255733  
1.77864  0.111402  0.312957  
0.941443  0.108475  0.352351  
0.929135  0.0959272  0.38208  
0.941443  0.108475  0.352351  
0.917396  0.10638  0.404403  
0.887943  0.234383  0.465815  
0.869644  0.297838  0.494334  
0.845717  0.165769  0.537352  
0.8205  0.288181  0.571005  
0.807518  0.238203  0.600708  
0.785646  0.142581  0.635014  
0.753155  0.305474  0.667123  
0.747092  0.543914  0.690005  
0.695661  0.324967  0.733765  
0.670747  0.16334  0.750378  
0.670747  0.16334  0.750378  
0.64692  0.91333  0.779724  
0.599662  0.331684  0.803494  
0.599662  0.331684  0.803494  
0.57456  1.66086  0.82518  
0.556336  0.730378  0.832434  
0.524076  1.43152  0.853975  
0.524076  1.43152  0.853975  
0.514311  1.5193  0.863085  
0.504993  1.42178  0.872634  
0.485646  0.309731  0.881266  
0.474653  2.42577  0.886037  
3.32718  0.093925  0.196834  
2.57117  0.0945005  0.255733  
1.45916  0.0891896  0.273741  
1.185  0.139399  0.316343  
1.185  0.139399  0.316343  
0.929135  0.0959272  0.38208  
0.921012  0.146066  0.397287  
0.887443  0.220891  0.467061  
0.860967  0.10372  0.51511  
0.8205  0.288181  0.571005  
0.807518  0.238203  0.600708  
0.807518  0.238203  0.600708  
0.747092  0.543914  0.690005  
0.747092  0.543914  0.690005  
0.695661  0.324967  0.733765  
0.670747  0.16334  0.750378  
0.670747  0.16334  0.750378  
0.599662  0.331684  0.803494  
0.599662  0.331684  0.803494  
0.599662  0.331684  0.803494  
0.572968  0.983627  0.838095  
0.556336  0.730378  0.832434  
0.545818  1.06347  0.853542  
0.524076  1.43152  0.853975  
0.493088  1.81119  0.869446  
0.488719  1.5782  0.873916  
0.477136  0.604403  0.88134  
0.459049  0.723388  0.88865  
0.443461  1.3176  0.897721  
0.431711  2.94336  0.902649  
4.01577  0.0854905  0.273122  
2.57117  0.0945005  0.255733  
1.41816  0.115198  0.339986  
0.934665  0.102957  0.364669  
1.11461  0.0957029  0.423815  
0.929135  0.0959272  0.38208  
0.890341  0.209644  0.466279  
0.860967  0.10372  0.51511  
0.846186  0.162851  0.535816  
0.807518  0.238203  0.600708  
0.807518  0.238203  0.600708  
0.753155  0.305474  0.667123  
0.700323  0.466233  0.723413  
0.691632  0.154736  0.728956  
0.682335  0.392739  0.748434  
0.670747  0.16334  0.750378  
0.599662  0.331684  0.803494  
0.599662  0.331684  0.803494  
0.599662  0.331684  0.803494  
0.536362  0.502057  0.848898  
0.536362  0.502057  0.848898  
0.513632  0.369787  0.862916  
0.513632  0.369787  0.862916  
0.488719  1.5782  0.873916  
0.485646  0.309731  0.881266  
0.459049  0.723388  0.88865  
0.457768  1.45766  0.890846  
0.431711  2.94336  0.902649  
0.431711  2.94336  0.902649  
0.417976  0.166414  0.908249  
0.407271  2.64498  0.921754  
3.32718  0.093925  0.196834  
2.57117  0.0945005  0.255733  
1.42864  0.09541  0.303673  
0.920992  0.0829876  0.401336  
1.11461  0.0957029  0.423815  
0.917396  0.10638  0.404403  
0.893334  0.211371  0.483523  
0.846186  0.162851  0.535816  
0.8205  0.288181  0.571005  
0.807518  0.238203  0.600708  
0.753155  0.305474  0.667123  
0.753155  0.305474  0.667123  
0.691632  0.154736  0.728956  
0.682335  0.392739  0.748434  
0.670747  0.16334  0.750378  
0.599662  0.331684  0.803494  
0.599662  0.331684  0.803494  
0.599662  0.331684  0.803494  
0.534131  0.665069  0.847447  
0.534131  0.665069  0.847447  
0.513632  0.369787  0.862916  
0.490794  0.186158  0.875562  
0.490794  0.186158  0.875562  
0.477136  0.604403  0.88134  
0.459049  0.723388  0.88865  
0.417976  0.166414  0.908249  
0.417976  0.166414  0.908249  
0.417976  0.166414  0.908249  
0.402723  0.448822  0.921517  
0.402723  0.448822  0.921517  
0.354307  0.996189  0.939048  
0.349931  0.921951  0.937081  
3.32718  0.093925  0.196834  
2.57117  0.0945005  0.255733  
1.42864  0.09541  0.303673  
0.912091  0.0840476  0.413866  
0.941443  0.108475  0.352351  
0.917396  0.10638  0.404403  
0.860967  0.10372  0.51511  
0.829009  0.215258  0.563908  
0.807518  0.238203  0.600708  
0.755162  0.157411  0.665805  
0.753155  0.305474  0.667123  
0.691632  0.154736  0.728956  
0.682335  0.392739  0.748434  
0.670747  0.16334  0.750378  
0.599662  0.331684  0.803494  
0.599662  0.331684  0.803494  
0.577175  0.298578  0.828451  
0.536362  0.502057  0.848898  
0.536362  0.502057  0.848898  
0.513632  0.369787  0.862916  
0.490794  0.186158  0.875562  
0.446685  0.288785  0.897441  
0.431222  0.134719  0.908733  
0.417976  0.166414  0.908249  
0.417976  0.166414  0.908249  
0.417976  0.166414  0.908249  
0.402723  0.448822  0.921517  
0.352922  0.694773  0.935183  
0.349931  0.921951  0.937081  
0.368034  2.91865  0.933393  
0.349931  0.921951  0.937081  
0.349931  0.921951  0.937081  
0.343095  1.50503  0.940149  
3.32718  0.093925  0.196834  
2.98173  0.077956  0.361732  
1.56293  0.0988591  0.398702  
0.943743  0.116312  0.352424  
0.941443  0.108475  0.352351  
0.921012  0.146066  0.397287  
0.860967  0.10372  0.51511  
0.860967  0.10372  0.51511  
0.807518  0.238203  0.600708  
0.755162  0.157411  0.665805  
0.691632  0.154736  0.728956  
0.691632  0.154736  0.728956  
0.647036  0.350665  0.800522  
0.599662  0.331684  0.803494  
0.599662  0.331684  0.803494  
0.565256  0.19931  0.839295  
0.536362  0.502057  0.848898  
0.516809  0.508765  0.858194  
0.490794  0.186158  0.875562  
0.477136  0.604403  0.88134  
0.446685  0.288785  0.897441  
0.446685  0.288785  0.897441  
0.431222  0.134719  0.908733  
0.414569  0.461676  0.913627  
0.402723  0.448822  0.921517  
0.349931  0.921951  0.937081  
0.349931  0.921951  0.937081  
0.349931  0.921951  0.937081  
0.349931  0.921951  0.937081  
0.343095  1.50503  0.940149  
0.32438  1.42963  0.945536  
0.32438  1.42963  0.945536  
0.321452  0.360884  0.94882  
0.307697  2.65459  0.951348  
2.98173  0.077956  0.361732  
2.98173  0.077956  0.361732  
1.56293  0.0988591  0.398702  
1.11461  0.0957029  0.423815  
1.11461  0.0957029  0.423815  
0.860967  0.10372  0.51511  
0.860967  0.10372  0.51511  
0.755162  0.157411  0.665805  
0.755162  0.157411  0.665805  
0.691632  0.154736  0.728956  
0.682461  0.105756  0.73819  
0.581346  0.0900271  0.814054  
0.599662  0.331684  0.803494  
0.577175  0.298578  0.828451  
0.565256  0.19931  0.839295  
0.500693  0.086009  0.865856  
0.500693  0.086009  0.865856  
0.490794  0.186158  0.875562  
0.469601  0.0706497  0.883875  
0.446685  0.288785  0.897441  
0.431222  0.134719  0.908733  
0.414569  0.461676  0.913627  
0.388262  0.474128  0.92376  
0.342172  0.0737133  0.939599  
0.342407  0.266875  0.943918  
0.349931  0.921951  0.937081  
0.349931  0.921951  0.937081  
0.324609  0.108484  0.946617  
0.32438  1.42963  0.945536  
0.321452  0.360884  0.94882  
0.302092  0.13503  0.954539  
0.302092  0.13503  0.954539  
0.281098  2.73641  0.960046  
0.281098  2.73641  0.960046  
0.281098  2.73641  0.960046  
2.98173  0.077956  0.361732  
2.98173  0.077956  0.361732  
1.11461  0.0957029  0.423815  
1.11461  0.0957029  0.423815  
0.846493  0.0777884  0.531118  
0.796222  0.0794184  0.611222  
0.755162  0.157411  0.665805  
0.755162  0.157411  0.665805  
0.691632  0.154736  0.728956  
0.682461  0.105756  0.73819  
0.574208  0.0968815  0.821763  
0.565256  0.19931  0.839295  
0.565256  0.19931  0.839295  
0.546678  0.213869  0.862769  
0.500693  0.086009  0.865856  
0.490794  0.186158  0.875562  
0.469601  0.0706497  0.883875  
0.446685  0.288785  0.897441  
0.434402  0.203394  0.901858  
0.369239  0.13814  0.931242  
0.388262  0.474128  0.92376  
0.342172  0.0737133  0.939599  
0.347545  0.234161  0.943215  
0.342407  0.266875  0.943918  
0.342407  0.266875  0.943918  
0.324609  0.108484  0.946617  
0.321452  0.360884  0.94882  
0.309778  0.294748  0.953715  
0.302092  0.13503  0.954539  
0.285731  0.230549  0.960992  
0.285731  0.230549  0.960992  
0.266015  0.543017  0.964055  
0.268521  0.0649975  0.965777  
0.251087  2.22255  0.969579  
0.251087  2.22255  0.969579  
0.251087  2.22255  0.969579  
8.38782  0.0598421  0.420223  
2.98173  0.077956  0.361732  
1.11461  0.0957029  0.423815  
1.11461  0.0957029  0.423815  
0.82273  0.10049  0.56846  
0.760755  0.088136  0.647286  
0.755162  0.157411  0.665805  
0.691632  0.154736  0.728956  
0.689804  0.117531  0.732289  
0.565122  0.0980441  0.827768  
0.54093  0.163088  0.842373  
0.546678  0.213869  0.862769  
0.500693  0.086009  0.865856  
0.500693  0.086009  0.865856  
0.469601  0.0706497  0.883875  
0.446685  0.288785  0.897441  
0.434402  0.203394  0.901858  
0.365981  0.076943  0.931598  
0.353796  0.0510663  0.935648  
0.377362  0.168192  0.939756  
0.347545  0.234161  0.943215  
0.342407  0.266875  0.943918  
0.324609  0.108484  0.946617  
0.324943  0.192188  0.946831  
0.309778  0.294748  0.953715  
0.302092  0.13503  0.954539  
0.285731  0.230549  0.960992  
0.266015  0.543017  0.964055  
0.266015  0.543017  0.964055  
0.265609  0.328884  0.968997  
0.229743  0.100702  0.973752  
0.249725  1.35628  0.972977  
0.22605  0.715237  0.976659  
0.231881  2.19498  0.973092  
0.231881  2.19498  0.973092  
0.222065  2.89301  0.975372  
0.222065  2.89301  0.975372  
8.38782  0.0598421  0.420223  
2.0874  0.0582403  0.492667  
1.11461  0.0957029  0.423815  
0.846493  0.0777884  0.531118  
0.796222  0.0794184  0.611222  
0.738849  0.0867783  0.674832  
0.689804  0.117531  0.732289  
0.682461  0.105756  0.73819  
0.565122  0.0980441  0.827768  
0.528278  0.0971941  0.848762  
0.500693  0.086009  0.865856  
0.500693  0.086009  0.865856  
0.481858  0.20823  0.880005  
0.434402  0.203394  0.901858  
0.434402  0.203394  0.901858  
0.381015  0.0753449  0.926383  
0.376702  0.114187  0.926808  
0.353796  0.0510663  0.935648  
0.353796  0.0510663  0.935648  
0.337313  0.309861  0.944612  
0.309778  0.294748  0.953715  
0.309778  0.294748  0.953715  
0.302092  0.13503  0.954539  
0.285731  0.230549  0.960992  
0.268521  0.0649975  0.965777  
0.268521  0.0649975  0.965777  
0.253032  0.282078  0.972957  
0.225419  0.43506  0.975688  
0.22092  0.617383  0.975498  
0.22605  0.715237  0.976659  
0.22605  0.715237  0.976659  
0.22605  0.715237  0.976659  
0.204315  0.40679  0.979138  
0.204315  0.40679  0.979138  
0.1993  0.662294  0.980796  
0.1993  0.662294  0.980796  
0.175579  1.84091  0.984444  
0.176625  1.99013  0.984452  
7.57572  0.039616  0.438005  
1.99249  0.0366531  0.515255  
1.0066  0.0522532  0.600535  
0.846493  0.0777884  0.531118  
0.735789  0.0794536  0.681551  
0.689804  0.117531  0.732289  
0.682461  0.105756  0.73819  
0.593342  0.0593847  0.807611  
0.593317  0.0593847  0.807611  
0.492358  0.0807601  0.870989  
0.492358  0.0807601  0.870989  
0.469601  0.0706497  0.883875  
0.428641  0.130994  0.913609  
0.381015  0.0753449  0.926383  
0.381015  0.0753449  0.926383  
0.353796  0.0510663  0.935648  
0.305467  0.156118  0.952088  
0.291094  0.0987217  0.961385  
0.269487  0.042935  0.962895  
0.288079  0.109036  0.963797  
0.288079  0.109036  0.963797  
0.254643  0.0958566  0.97034  
0.230564  0.0406083  0.972719  
0.230506  0.142677  0.976389  
0.230506  0.142677  0.976389  
0.230506  0.142677  0.976389  
0.230506  0.142677  0.976389  
0.204315  0.40679  0.979138  
0.204315  0.40679  0.979138  
0.204315  0.40679  0.979138  
0.1993  0.662294  0.980796  
0.193689  0.128728  0.980856  
0.170278  0.158909  0.985671  
0.162647  0.297626  0.98687  
0.162647  0.297626  0.98687  
0.162647  0.297626  0.98687  
0.171616  1.89084  0.985551  
0.162647  0.297626  0.98687  
0.148286  2.25855  0.989127  
7.67545  0.0295558  0.460329  
1.54768  0.0398678  0.560279  
1.02296  0.0390762  0.625339  
0.858976  0.0221332  0.697738  
0.700362  0.073285  0.716523  
0.608365  0.078086  0.792971  
0.593342  0.0593847  0.807611  
0.492358  0.0807601  0.870989  
0.492358  0.0807601  0.870989  
0.398295  0.0891863  0.916413  
0.428641  0.130994  0.913609  
0.381015  0.0753449  0.926383  
0.376702  0.114187  0.926808  
0.342548  0.0735899  0.940023  
0.28838  0.0817626  0.958816  
0.267021  0.0719824  0.963764  
0.288079  0.109036  0.963797  
0.268521  0.0649975  0.965777  
0.268521  0.0649975  0.965777  
0.254643  0.0958566  0.97034  
0.228475  0.0796531  0.976335  
0.230506  0.142677  0.976389  
0.210945  0.0774395  0.977332  
0.210945  0.0774395  0.977332  
0.210945  0.0774395  0.977332  
0.193689  0.128728  0.980856  
0.193689  0.128728  0.980856  
0.169887  0.104129  0.985264  
0.18133  0.207624  0.985736  
0.162647  0.297626  0.98687  
0.162647  0.297626  0.98687  
0.162647  0.297626  0.98687  
0.162647  0.297626  0.98687  
0.153955  0.334134  0.989919  
0.153955  0.334134  0.989919  
0.151827  0.799758  0.989953  
0.131193  0.711169  0.991424  
0.130621  1.87069  0.991714  
0.12474  1.74064  0.992261  
0.12474  1.74064  0.992261  
5.11893  0.0280076  0.469169  
1.24915  0.0329791  0.578997  
0.86665  0.0338255  0.694542  
0.883864  0.0669848  0.740033  
0.593342  0.0593847  0.807611  
0.593342  0.0593847  0.807611  
0.448895  0.0703195  0.897188  
0.427852  0.0869122  0.904331  
0.381015  0.0753449  0.926383  
0.381015  0.0753449  0.926383  
0.342548  0.0735899  0.940023  
0.294169  0.0581324  0.958065  
0.28838  0.0817626  0.958816  
0.28838  0.0817626  0.958816  
0.268521  0.0649975  0.965777  
0.254643  0.0958566  0.97034  
0.228475  0.0796531  0.976335  
0.228475  0.0796531  0.976335  
0.210945  0.0774395  0.977332  
0.210945  0.0774395  0.977332  
0.193726  0.117618  0.981376  
0.193726  0.117618  0.981376  
0.175998  0.0846746  0.984732  
0.175998  0.0846746  0.984732  
0.165358  0.153682  0.987421  
0.165358  0.153682  0.987421  
0.161403  0.0712318  0.987981  
0.13926  0.133778  0.990262  
0.134101  0.0400594  0.991213  
0.132595  0.0762458  0.9914  
0.12801  0.09471  0.991881  
0.1277  0.0754753  0.991916  
0.1277  0.0754753  0.991916  
0.1277  0.0754753  0.991916  
0.116752  0.274257  0.993094  
0.116635  0.120424  0.993668  
0.116635  0.120424  0.993668  
0.11611  1.08123  0.993649  
0.11611  1.08123  0.993649  
0.117607  2.05595  0.993146  
0.109104  0.181219  0.993918  
5.06398  0.0251083  0.540758  
1.24915  0.0329791  0.578997  
0.858976  0.0221332  0.697738  
0.593342  0.0593847  0.807611  
0.593317  0.0593847  0.807611  
0.400619  0.0498861  0.915854  
0.341838  0.0650042  0.939698  
0.341838  0.0650042  0.939698  
0.342548  0.0735899  0.940023  
0.28838  0.0817626  0.958816  
0.268521  0.0649975  0.965777  
0.223414  0.0388883  0.974213  
0.228475  0.0796531  0.976335  
0.228475  0.0796531  0.976335  
0.191268  0.0757035  0.982032  
0.175998  0.0846746  0.984732  
0.175998  0.0846746  0.984732  
0.175998  0.0846746  0.984732  
0.151488  0.0395524  0.988216  
0.146701  0.0799247  0.989043  
0.133515  0.083281  0.991186  
0.133515  0.083281  0.991186  
0.133854  0.100035  0.991379  
0.133854  0.100035  0.991379  
0.133854  0.100035  0.991379  
0.12801  0.09471  0.991881  
0.125232  0.15209  0.99213  
0.116635  0.120424  0.993668  
0.116635  0.120424  0.993668  
0.116635  0.120424  0.993668  
0.103623  0.0339737  0.994657  
0.109104  0.181219  0.993918  
0.109104  0.181219  0.993918  
0.103623  0.0339737  0.994657  
0.103623  0.0339737  0.994657  
0.0985969  0.370746  0.995402  
0.0985969  0.370746  0.995402  
0.0886334  0.116038  0.996326  
0.096141  0.904094  0.995349  
0.0877084  0.391541  0.997109  
0.0911077  1.70743  0.9963  
0.0911077  1.70743  0.9963  
3.05452  0.00686516  0.597446  
0.858976  0.0221332  0.697738  
0.221618  0.040063  0.974822  
0.221618  0.040063  0.974822  
0.221618  0.040063  0.974822  
0.221618  0.040063  0.974822  
0.221618  0.040063  0.974822  
0.237025  0.0462753  0.971896  
0.221552  0.040063  0.974822  
0.221552  0.040063  0.974822  
0.160091  0.0504806  0.987094  
0.160091  0.0504806  0.987094  
0.160091  0.0504806  0.987094  
0.135838  0.030027  0.99095  
0.13512  0.0479578  0.991754  
0.12165  0.0554164  0.992452  
0.12165  0.0554164  0.992452  
0.113559  0.0638388  0.99342  
0.110992  0.0479405  0.993738  
0.110795  0.0433296  0.993862  
0.110795  0.0433296  0.993862  
0.110795  0.0433296  0.993862  
0.104796  0.0796389  0.9944  
0.103091  0.0390097  0.995386  
0.088571  0.0350498  0.996464  
0.088571  0.0350498  0.996464  
0.0833062  0.0452985  0.997781  
0.0833062  0.0452985  0.997781  
0.0812363  0.0382628  0.998371  
0.0796771  0.0351278  0.998781  
0.078097  0.048044  0.999439  
0.0781545  0.0506767  0.999531  
0.0775016  0.0787035  0.999945  
0.0775067  0.0785974  0.999943  
0.0775141  0.0784914  0.999942  
0.0774977  0.0789161  0.999948  
0.0774998  0.0787566  0.999946  
0.0774977  0.0789161  0.999948  
0.0773976  0.426912  0.999977  
0.0773976  0.426912  0.999977  
0.0771084  0.996646  0.999702  
0.0766201  1.73054  0.999753  
0.076519  2.51328  0.999663  
3.05452  0.00686516  0.597446  
0.0834992  0.0203931  0.998179  
0.0834992  0.0203931  0.998179  
0.0834992  0.0203931  0.998179  
0.0834992  0.0203931  0.998179  
0.0834992  0.0203931  0.998179  
0.0930669  0.022439  0.997426  
0.106113  0.0245454  0.996476  
0.0888564  0.0246884  0.996329  
0.0888564  0.0246884  0.996329  
0.0888564  0.0246884  0.996329  
0.0888564  0.0246884  0.996329  
0.0888564  0.0246884  0.996329  
0.0930669  0.022439  0.997426  
0.0815209  0.0261472  0.998208  
0.0790515  0.0295733  0.999085  
0.0789581  0.0328876  0.999364  
0.0789581  0.0328876  0.999364  
0.0785161  0.0394457  0.999353  
0.0785161  0.0394457  0.999353  
0.078097  0.048044  0.999439  
0.078097  0.048044  0.999439  
0.078097  0.048044  0.999439  
0.078097  0.048044  0.999439  
0.078097  0.048044  0.999439  
0.078097  0.048044  0.999439  
0.0774977  0.0789161  0.999948  
0.0774977  0.0789161  0.999948  
0.0774977  0.0789161  0.999948  
0.0774977  0.0789161  0.999948  
0.0774977  0.0789161  0.999948  
0.0774977  0.0789161  0.999948  
0.0774977  0.0789161  0.999948  
0.0774977  0.0789161  0.999948  
0.0774977  0.0789161  0.999948  
0.0774977  0.0789161  0.999948  
0.0774977  0.0789161  0.999948  
0.0774977  0.0789161  0.999948  
0.0774977  0.0789161  0.999948  
0.0773976  0.426912  0.999977  
0.0773976  0.426912  0.999977  
0.0771084  0.996646  0.999702  
0.0766201  1.73054  0.999753  
0.076519  2.51328  0.999663  
5.45004  0.00434531  0.761694  
0.0814202  0.020136  0.99974  
0.0814202  0.020136  0.99974  
0.0814202  0.020136  0.99974  
0.0814202  0.020136  0.99974  
0.0814202  0.020136  0.99974  
0.0814202  0.020136  0.99974  
0.0814202  0.020136  0.99974  
0.0814202  0.020136  0.99974  
0.0814202  0.020136  0.99974  
0.0814202  0.020136  0.99974  
0.0814202  0.020136  0.99974  
0.0801927  0.0216185  0.998744  
0.0798056  0.0242547  0.998796  
0.0797204  0.0277655  0.998956  
0.0790515  0.0295733  0.999085  
0.0789581  0.0328876  0.999364  
0.0789581  0.0328876  0.999364  
0.0785161  0.0394457  0.999353  
0.0785161  0.0394457  0.999353  
0.0785161  0.0394457  0.999353  
0.078097  0.048044  0.999439  
0.078097  0.048044  0.999439  
0.078097  0.048044  0.999439  
0.078097  0.048044  0.999439  
0.078097  0.048044  0.999439  
0.0775141  0.0784914  0.999942  
0.0774977  0.0789161  0.999948  
0.0774977  0.0789161  0.999948  
0.0774977  0.0789161  0.999948  
0.0774977  0.0789161  0.999948  
0.0774977  0.0789161  0.999948  
0.0774977  0.0789161  0.999948  
0.0774977  0.0789161  0.999948  
0.0774977  0.0789161  0.999948  
0.0774977  0.0789161  0.999948  
0.0774977  0.0789161  0.999948  
0.0774977  0.0789161  0.999948  
0.0774977  0.0789161  0.999948  
0.0774977  0.0789161  0.999948  
0.0773976  0.426912  0.999977  
0.0773976  0.426912  0.999977  
0.0771084  0.996646  0.999702  
0.0766201  1.73054  0.999753  
0.076519  2.51328  0.999663  
