1  0.000102425  
1  0.00510493  
1  0.010132  
1  0.0153249  
1  0.020543  
1  0.0250576  
1  0.0250576  
1  0.0250576  
1  0.143912  
1  0.14406  
1  0.144227  
1  0.144391  
1  0.144556  
1  0.144729  
1  0.144902  
1  0.14508  
1  0.145262  
1  0.14546  
1  0.145672  
1  0.145862  
1  0.146085  
1  0.146314  
1  0.146564  
1  0.146817  
1  0.147057  
1  0.147324  
0.999999  0.150355  
0.999999  0.157032  
0.999994  0.16381  
1  0.170653  
0.999998  0.1776  
0.999999  0.184576  
1  0.191579  
1  0.194977  
0.98441  0.287245  
0.98441  0.287245  
0.98441  0.287245  
0.98441  0.287245  
0.98441  0.287245  
0.98441  0.287245  
0.98441  0.287245  
0.98441  0.287245  
0.98441  0.287245  
0.98441  0.287245  
0.98441  0.287245  
0.983896  0.287428  
0.974526  0.291983  
0.966763  0.297682  
0.960244  0.305179  
0.959319  0.308756  
0.959319  0.308756  
0.959319  0.308756  
0.959319  0.308756  
0.902996  0.345882  
0.902996  0.345882  
0.902996  0.345882  
0.893471  0.350851  
0.887879  0.356085  
0.881276  0.361968  
0.878284  0.3694  
0.878284  0.3694  
0.878335  0.369527  
0.878234  0.369274  
0.822806  0.40475  
0.822806  0.40475  
0.822806  0.40475  
0.817602  0.406061  
0.811677  0.410232  
0.803718  0.417254  
0.79869  0.422169  
0.797651  0.4248  
0.797651  0.4248  
0.797651  0.4248  
0.797651  0.4248  
0.741243  0.463615  
0.741243  0.463615  
0.741243  0.463615  
0.737099  0.465053  
0.728858  0.469951  
0.722505  0.475123  
0.716752  0.482363  
0.716752  0.482363  
0.716516  0.483838  
0.716516  0.483838  
0.660292  0.522393  
0.660292  0.522393  
0.660292  0.522393  
0.660292  0.522393  
0.658171  0.523072  
0.651992  0.527441  
0.644427  0.53227  
0.637467  0.536979  
0.635502  0.54275  
0.635502  0.54275  
0.635502  0.54275  
0.635502  0.54275  
0.583039  0.581588  
0.583039  0.581588  
0.582649  0.581812  
0.582649  0.581812  
0.576061  0.582534  
0.568844  0.586542  
0.561341  0.592192  
0.556782  0.596957  
0.554774  0.604156  
0.554774  0.604156  
0.554774  0.604156  
0.499447  0.639856  
0.499447  0.639856  
0.499447  0.639856  
0.499447  0.639856  
0.499447  0.639856  
0.496563  0.640602  
0.489115  0.644206  
0.482063  0.648983  
0.477428  0.65324  
0.473915  0.661183  
0.473816  0.659471  
0.473816  0.659471  
0.419583  0.699048  
0.419583  0.699048  
0.419583  0.699048  
0.419583  0.699048  
0.419583  0.699048  
0.419583  0.699048  
0.412979  0.700987  
0.407744  0.703774  
0.401268  0.708462  
0.396162  0.714004  
0.392557  0.719144  
0.392557  0.719144  
0.392557  0.719144  
0.336804  0.757512  
0.336804  0.757512  
0.336804  0.757512  
0.336804  0.757512  
0.336804  0.757512  
0.336804  0.757512  
0.334928  0.757908  
0.32871  0.762078  
0.322427  0.766246  
0.316143  0.770464  
0.31207  0.777863  
0.31207  0.777863  
0.257409  0.816406  
0.257409  0.816406  
0.257409  0.816406  
0.257409  0.816406  
0.257409  0.816406  
0.257409  0.816406  
0.257409  0.816406  
0.257409  0.816406  
0.252048  0.818541  
0.24669  0.820723  
0.240617  0.8248  
0.23544  0.829734  
0.23222  0.83994  
0.231727  0.843712  
0.176038  0.875063  
0.176044  0.875066  
0.176042  0.875065  
0.176039  0.875063  
0.176039  0.875063  
0.176038  0.875063  
0.176042  0.875065  
0.176039  0.875063  
0.172438  0.87574  
0.168506  0.879923  
0.162574  0.88211  
0.157279  0.886581  
0.15125  0.891895  
0.14999  0.893776  
0.0929225  0.93418  
0.0929225  0.93418  
0.0929225  0.93418  
0.0929225  0.93418  
0.0929225  0.93418  
0.0929225  0.93418  
0.0929225  0.93418  
0.0929225  0.93418  
0.0929225  0.93418  
0.0929225  0.93418  
0.0867463  0.93693  
0.0805701  0.9418  
0.0767013  0.94589  
0.0701127  0.950892  
0.0141098  0.994016  
0.0141098  0.994016  
0.0127535  0.994004  
0.0141098  0.994016  
0.0127623  0.99423  
0.0141098  0.994016  
0.0127535  0.994004  
0.0134434  0.994278  
0.0127623  0.99423  
0.0127565  0.994079  
0.0127623  0.99423  
0.0100498  0.995166  
0.00205727  0.999916  
1.66996e-021  1  
