1.02621  0.0549649  
1.0262  0.0560789  
1.0262  0.0576437  
1.0262  0.0597932  
1.0262  0.0601923  
1.0262  0.0601923  
1.0262  0.0601923  
1.0262  0.0668023  
1.0262  0.0668023  
1.0262  0.0702757  
1.0262  0.0705547  
1.0262  0.0705547  
1.0262  0.0741893  
1.0262  0.0741893  
1.0262  0.0741893  
1.0262  0.0784776  
1.0262  0.0784776  
1.0262  0.0784776  
1.0262  0.0796648  
1.0262  0.0784776  
1.0262  0.0784776  
1.0262  0.0883226  
1.0262  0.0784776  
1.0262  0.0784776  
1.0262  0.0784776  
1.02619  0.0976007  
1.02619  0.0976007  
1.02618  0.101951  
1.02618  0.102416  
1.02618  0.102416  
1.02618  0.103533  
1.02618  0.103533  
1.02618  0.111397  
1.02618  0.112904  
1.02618  0.112904  
1.02618  0.112904  
1.02618  0.113625  
1.02618  0.113625  
1.02618  0.12189  
1.02618  0.111397  
1.02618  0.12189  
1.02618  0.112904  
1.02618  0.105929  
1.02618  0.12189  
1.02618  0.113625  
1.02618  0.113625  
1.02618  0.12189  
1.02618  0.113625  
1.02618  0.112904  
1.02618  0.113625  
1.02618  0.14093  
1.02618  0.14093  
1.02618  0.12189  
1.02618  0.118344  
1.02618  0.111397  
1.02618  0.12189  
1.02618  0.105929  
1.02618  0.118344  
1.02618  0.103429  
1.02618  0.111397  
1.02618  0.14093  
1.02618  0.105929  
1.02618  0.16653  
1.02618  0.16653  
1.02618  0.16653  
1.02618  0.16653  
1.02618  0.16653  
1.02618  0.181073  
1.02618  0.181073  
1.02618  0.182954  
1.02618  0.181073  
1.02618  0.14093  
1.02618  0.181073  
1.02618  0.194352  
1.02618  0.194352  
1.02618  0.14093  
1.02618  0.14093  
1.02618  0.197674  
1.02618  0.204577  
1.02618  0.204577  
1.02618  0.204577  
1.02618  0.210449  
1.02618  0.210435  
1.02618  0.199966  
1.02618  0.210449  
1.02618  0.217135  
1.02618  0.205427  
1.02618  0.199966  
1.02618  0.221995  
1.02618  0.226417  
1.02618  0.182954  
1.02618  0.182954  
1.02618  0.182954  
1.02618  0.226417  
1.02618  0.182954  
1.02618  0.207672  
1.02618  0.244213  
1.02618  0.244213  
1.02618  0.205427  
1.02618  0.205427  
1.02618  0.254173  
1.02618  0.226417  
1.02618  0.234954  
1.02618  0.259093  
1.02618  0.234954  
1.02618  0.242943  
1.02618  0.267283  
1.02618  0.267283  
1.02618  0.267042  
1.02618  0.206058  
1.02618  0.279931  
1.02618  0.267283  
1.02618  0.182954  
1.02618  0.267283  
1.02618  0.267804  
1.02618  0.267283  
1.02618  0.267283  
1.02618  0.267283  
1.02618  0.206058  
1.02618  0.267224  
1.02618  0.301599  
1.02618  0.267283  
1.02618  0.267283  
1.02618  0.296371  
1.02618  0.267224  
1.02618  0.267804  
1.02618  0.301599  
1.02618  0.286911  
1.02618  0.234954  
1.02618  0.267224  
1.02618  0.301599  
1.02618  0.205427  
1.02618  0.263625  
1.02618  0.267042  
1.02618  0.267042  
1.02618  0.205427  
1.02618  0.301599  
1.02618  0.301599  
1.02618  0.234954  
1.02618  0.301599  
1.02618  0.286911  
1.02618  0.267283  
1.02618  0.178435  
1.02618  0.284747  
1.02618  0.267224  
1.02618  0.286911  
1.02618  0.234954  
1.02618  0.267804  
1.02618  0.207672  
1.02618  0.267804  
1.02618  0.242943  
1.02618  0.334524  
1.02618  0.267224  
1.02618  0.267224  
1.02618  0.290604  
1.02618  0.234954  
1.02618  0.377011  
1.02618  0.409259  
1.02618  0.409259  
1.02618  0.409259  
1.02618  0.409259  
1.02618  0.306388  
1.02618  0.178435  
1.02618  0.263625  
1.02618  0.409259  
1.02618  0.286911  
1.02618  0.409259  
1.02618  0.286911  
1.02618  0.436796  
1.02618  0.263625  
1.02618  0.286911  
1.02618  0.290604  
1.02618  0.178435  
1.02618  0.337708  
1.02618  0.290604  
1.02618  0.263625  
1.02618  0.377011  
1.02618  0.263625  
1.02618  0.178435  
1.02618  0.337708  
1.02618  0.337708  
1.02618  0.337708  
1.02618  0.337708  
1.02618  0.290604  
1.02618  0.498321  
1.02618  0.290604  
1.02618  0.377011  
1.02618  0.290604  
1.02618  0.290604  
1.02618  0.263625  
1.02618  0.417542  
1.02618  0.32669  
1.02618  0.290604  
1.02618  0.498321  
1.02618  0.377011  
1.02618  0.498321  
1.02618  0.306388  
1.02618  0.377011  
1.02618  0.377011  
1.02618  0.337708  
1.02618  0.337708  
1.02618  0.290604  
1.02618  0.498321  
1.02618  0.382999  
1.02618  0.498321  
1.02618  0.382999  
1.02618  0.297098  
1.02618  0.498321  
1.02618  0.417542  
1.02618  0.340287  
1.02618  0.290604  
0.679488  0.60055  
0.723636  0.600547  
0.701228  0.60055  
0.713018  0.600549  
0.723636  0.600547  
0.723636  0.600547  
0.709216  0.600549  
0.723636  0.600547  
0.713018  0.600549  
0.723636  0.600547  
0.682617  0.600549  
0.797873  0.600546  
0.681196  0.600551  
0.723636  0.600547  
0.685551  0.600549  
0.797873  0.600546  
0.766013  0.600545  
0.685085  0.600546  
0.701228  0.60055  
0.766013  0.600545  
0.7069  0.600549  
0.685085  0.600546  
0.678109  0.600549  
0.766013  0.600545  
0.682617  0.600549  
0.682805  0.60055  
0.766013  0.600545  
0.797873  0.600546  
0.723636  0.600547  
0.723636  0.600547  
0.723636  0.600547  
0.797873  0.600546  
0.682617  0.600549  
0.797873  0.600546  
0.797873  0.600546  
0.723636  0.600547  
0.682805  0.60055  
0.7069  0.600549  
0.766013  0.600545  
0.766013  0.600545  
0.723636  0.600547  
0.685085  0.600546  
0.682617  0.600549  
0.685551  0.600549  
0.685085  0.600546  
0.685085  0.600546  
0.72277  0.60055  
0.678109  0.600549  
0.713018  0.600549  
0.7069  0.600549  
0.682617  0.600549  
0.685551  0.600549  
0.677259  0.60055  
0.677259  0.60055  
0.677259  0.60055  
0.678109  0.600549  
0.682617  0.600549  
0.682617  0.600549  
0.677259  0.60055  
0.675141  0.60055  
0.677259  0.60055  
0.672376  0.600564  
0.672155  0.600566  
0.66796  0.600624  
0.654944  0.601143  
0.654944  0.601143  
0.654944  0.601143  
0.654473  0.602029  
0.650935  0.607159  
0.650935  0.607159  
0.650935  0.60809  
0.650935  0.615219  
0.650935  0.615219  
0.650935  0.615219  
0.650935  0.617271  
0.650935  0.62931  
0.650935  0.62931  
0.650935  0.623884  
0.650935  0.62931  
0.650935  0.62931  
0.650935  0.62931  
0.650935  0.65083  
0.650935  0.657131  
0.650935  0.657131  
0.650935  0.663114  
0.650935  0.663114  
0.650935  0.663114  
0.650935  0.678264  
0.650935  0.678264  
0.650935  0.685528  
0.650935  0.684901  
0.650935  0.682761  
0.650935  0.685528  
0.650935  0.703482  
0.650935  0.697463  
0.650935  0.710684  
0.650935  0.697463  
0.650935  0.685528  
0.650935  0.697463  
0.650935  0.714245  
0.650935  0.685528  
0.650935  0.697991  
0.650935  0.722683  
0.650935  0.710684  
0.650935  0.722683  
0.650935  0.697463  
0.650935  0.722683  
0.650935  0.723208  
0.650935  0.722683  
0.650935  0.714245  
0.650935  0.714245  
0.650935  0.752317  
0.650935  0.697463  
0.650935  0.697463  
0.650935  0.752317  
0.650935  0.697463  
0.650935  0.703482  
0.650935  0.685528  
0.650935  0.781905  
0.650935  0.811317  
0.650935  0.811317  
0.650935  0.714245  
0.650935  0.752317  
0.650935  0.811317  
0.650935  0.722683  
0.650935  0.752317  
0.650935  0.714245  
0.650935  0.722683  
0.650935  0.781905  
0.650935  0.703482  
0.650935  0.714245  
0.650935  0.697991  
0.650935  0.771985  
0.650935  0.811317  
0.650935  0.697991  
0.650935  0.697991  
0.650935  0.710684  
0.650935  0.896062  
0.650935  0.896062  
0.650935  0.697991  
0.650935  0.896062  
0.650935  0.896062  
0.650935  0.896062  
0.650935  0.781905  
0.650935  0.940445  
0.650935  0.940445  
0.650935  0.896062  
0.650935  0.940445  
0.650935  0.940445  
0.650935  0.940445  
0.650935  0.781905  
0.650935  0.940445  
0.142377  1.02348  
0.142377  1.02348  
0.151267  1.02348  
0.17819  1.02348  
0.142377  1.02348  
0.16514  1.02348  
0.16514  1.02348  
0.16514  1.02348  
0.151267  1.02348  
0.134301  1.02348  
0.167834  1.02348  
0.13067  1.02348  
0.167834  1.02348  
0.12357  1.02348  
0.151267  1.02348  
0.153436  1.02348  
0.125229  1.02348  
0.167834  1.02348  
0.16514  1.02348  
0.17819  1.02348  
0.134301  1.02348  
0.142377  1.02348  
0.13067  1.02348  
0.17819  1.02348  
0.151267  1.02348  
0.125229  1.02348  
0.13067  1.02348  
0.132506  1.02348  
0.151267  1.02348  
0.143081  1.02348  
0.16514  1.02348  
0.133989  1.02348  
0.139958  1.02348  
0.139958  1.02348  
0.13348  1.02348  
0.142701  1.02348  
0.13833  1.02348  
0.17819  1.02348  
0.153436  1.02348  
0.13348  1.02348  
0.143081  1.02348  
0.122058  1.02348  
0.151267  1.02348  
0.143081  1.02348  
0.123945  1.02348  
0.177236  1.02348  
0.143081  1.02348  
0.13348  1.02348  
0.156952  1.02348  
0.17819  1.02348  
0.177864  1.02348  
0.177236  1.02348  
0.177864  1.02348  
0.156952  1.02348  
0.151362  1.02348  
0.13348  1.02348  
0.13348  1.02348  
0.13348  1.02348  
0.177236  1.02348  
0.123945  1.02348  
0.151362  1.02348  
0.134301  1.02348  
0.177055  1.02348  
0.122058  1.02348  
0.143665  1.02348  
0.177864  1.02348  
0.177864  1.02348  
0.125229  1.02348  
0.177864  1.02348  
0.13348  1.02348  
0.13038  1.02348  
0.139958  1.02348  
0.151362  1.02348  
0.177864  1.02348  
0.156952  1.02348  
0.13348  1.02348  
0.123945  1.02348  
0.13833  1.02348  
0.133989  1.02348  
0.177236  1.02348  
0.13348  1.02348  
0.133201  1.02348  
0.151362  1.02348  
0.145057  1.02348  
0.177236  1.02348  
0.156952  1.02348  
0.151362  1.02348  
0.151362  1.02348  
0.13833  1.02348  
0.13833  1.02348  
0.113396  1.02348  
0.13348  1.02348  
0.122058  1.02348  
0.151362  1.02348  
0.130672  1.02348  
0.154224  1.02348  
0.154224  1.02348  
0.13348  1.02348  
0.151362  1.02348  
0.154224  1.02348  
0.177236  1.02348  
0.154224  1.02348  
0.143665  1.02348  
0.12113  1.02348  
0.154224  1.02348  
0.173999  1.02348  
0.0920842  1.02348  
0.145057  1.02348  
0.149341  1.02348  
0.151362  1.02348  
0.177055  1.02348  
0.173999  1.02348  
0.0920842  1.02348  
0.151362  1.02348  
0.177055  1.02348  
0.173999  1.02348  
0.143665  1.02348  
0.151362  1.02348  
0.12113  1.02348  
0.114791  1.02348  
0.173999  1.02348  
0.113396  1.02348  
0.12759  1.02348  
0.0895529  1.02348  
0.140232  1.02348  
0.114791  1.02348  
0.0895529  1.02348  
0.151362  1.02348  
0.116272  1.02348  
0.113396  1.02348  
0.0800343  1.02348  
0.114791  1.02348  
0.121044  1.02348  
0.0886619  1.02348  
0.149341  1.02348  
0.0886619  1.02348  
0.10502  1.02348  
0.121044  1.02348  
0.104906  1.02348  
0.12759  1.02348  
0.114791  1.02348  
0.0895529  1.02348  
0.10502  1.02348  
0.114791  1.02348  
0.0800343  1.02348  
0.0800343  1.02348  
0.12759  1.02348  
0.104324  1.02348  
0.135504  1.02348  
0.135504  1.02348  
0.0895529  1.02348  
0.0920842  1.02348  
0.106013  1.02348  
0.121044  1.02348  
0.12759  1.02348  
0.104324  1.02348  
0.10502  1.02348  
0.138018  1.02348  
0.0800343  1.02348  
0.10502  1.02348  
0.0800343  1.02348  
0.114585  1.02348  
0.10502  1.02348  
0.114585  1.02348  
0.12759  1.02348  
0.135504  1.02348  
0.135504  1.02348  
0.135504  1.02348  
0.135504  1.02348  
0.131972  1.02348  
0.10502  1.02348  
0.121044  1.02348  
0.0800343  1.02348  
0.114585  1.02348  
0.12759  1.02348  
0.121044  1.02348  
0.121044  1.02348  
0.114585  1.02348  
0.114585  1.02348  
0.106858  1.02348  
0.106013  1.02348  
0.106013  1.02348  
0.106013  1.02348  
0.114585  1.02348  
0.106858  1.02348  
0.106858  1.02348  
0.106858  1.02348  
0.0839386  1.02348  
0.0839386  1.02348  
0.0782739  1.02348  
0.0515845  1.02348  
0.0423124  1.02348  
0.0839386  1.02348  
0.079223  1.02348  
0.0839386  1.02348  
0.0782739  1.02348  
0.0839386  1.02348  
0.0782739  1.02348  
0.0782739  1.02348  
0.0839386  1.02348  
0.0782739  1.02348  
0.079223  1.02348  
0.0776614  1.02348  
0.0570988  1.02348  
0.0515845  1.02348  
0.0515845  1.02348  
0.0570988  1.02348  
0.0570988  1.02348  
0.0570988  1.02348  
0.0570988  1.02348  
0.0515845  1.02348  
0.0515845  1.02348  
0.0606808  1.02348  
0.0570988  1.02348  
0.0545182  1.02348  
0.0516783  1.02348  
0.0515845  1.02348  
0.0446187  1.02348  
0.0375892  1.02348  
0.0482898  1.02348  
0.0423124  1.02348  
0.0375892  1.02348  
0.0375892  1.02348  
0.0375892  1.02348  
0.0375892  1.02348  
0.0375892  1.02348  
0.0227965  1.02348  
0.0290566  1.02348  
0.0242191  1.02348  
0.0242191  1.02348  
0.0242191  1.02348  
0.0242191  1.02348  
0.0242191  1.02348  
0.0227965  1.02348  
0.0227965  1.02348  
0.0225974  1.02348  
0.0210522  1.02385  
