1  0.000102853  
1  0.00504604  
1  0.0101568  
1  0.0153163  
1  0.0205352  
1  0.0250089  
1  0.0250077  
1  0.0250077  
1  0.14392  
1  0.144066  
1  0.144231  
1  0.144388  
1  0.144555  
1  0.144729  
1  0.144897  
1  0.145084  
1  0.145277  
1  0.145464  
1  0.145657  
1  0.145876  
1  0.14608  
1  0.14631  
1  0.14654  
1  0.146798  
1  0.147061  
1  0.147352  
1  0.150292  
1  0.156979  
1  0.163774  
0.999998  0.170615  
1  0.177518  
1  0.184881  
1  0.191631  
1  0.195275  
0.984455  0.287245  
0.984455  0.287245  
0.984455  0.287245  
0.984455  0.287245  
0.984455  0.287245  
0.984455  0.287245  
0.984455  0.287245  
0.984455  0.287245  
0.984455  0.287245  
0.984455  0.287245  
0.984455  0.287245  
0.983629  0.287406  
0.97423  0.292259  
0.966319  0.298512  
0.960403  0.303735  
0.959056  0.308837  
0.959056  0.308837  
0.959056  0.308837  
0.959056  0.308837  
0.904002  0.34603  
0.904002  0.34603  
0.904002  0.34603  
0.895186  0.350682  
0.887898  0.356097  
0.879959  0.361763  
0.878172  0.367232  
0.878172  0.367232  
0.878172  0.367232  
0.878172  0.367232  
0.820912  0.405015  
0.820912  0.405015  
0.820912  0.405015  
0.819456  0.406585  
0.810887  0.411065  
0.803351  0.416453  
0.79792  0.423205  
0.797386  0.424405  
0.797386  0.424405  
0.797386  0.424405  
0.797386  0.424405  
0.741304  0.463933  
0.741304  0.463933  
0.741304  0.463933  
0.737466  0.464623  
0.728623  0.470012  
0.722429  0.475708  
0.716796  0.481987  
0.716795  0.481988  
0.716795  0.481988  
0.716795  0.481988  
0.659947  0.522418  
0.659947  0.522418  
0.659947  0.522418  
0.659947  0.522418  
0.659201  0.522548  
0.651552  0.526865  
0.644085  0.532066  
0.638906  0.538085  
0.636185  0.543695  
0.635747  0.547282  
0.635747  0.547282  
0.635747  0.547282  
0.580257  0.580974  
0.580257  0.580974  
0.580257  0.580974  
0.580257  0.580974  
0.575485  0.581883  
0.56967  0.587059  
0.561634  0.591938  
0.556423  0.597188  
0.554374  0.600756  
0.554374  0.600756  
0.554374  0.600756  
0.498056  0.639986  
0.498056  0.639986  
0.498056  0.639986  
0.498056  0.639986  
0.498056  0.639986  
0.497153  0.640257  
0.489543  0.644034  
0.483581  0.648812  
0.47762  0.653622  
0.473813  0.659892  
0.473813  0.659892  
0.473813  0.659892  
0.419913  0.698992  
0.419913  0.698992  
0.419913  0.698992  
0.419913  0.698992  
0.419913  0.698992  
0.419913  0.698992  
0.413645  0.699713  
0.407959  0.703933  
0.401358  0.708252  
0.395541  0.713242  
0.392963  0.719559  
0.392963  0.719559  
0.392963  0.719559  
0.337049  0.757556  
0.337049  0.757556  
0.337049  0.757556  
0.337049  0.757556  
0.337049  0.757556  
0.337049  0.757556  
0.333915  0.758135  
0.328766  0.761111  
0.321814  0.766253  
0.315769  0.770835  
0.312062  0.777634  
0.311948  0.778074  
0.255227  0.816368  
0.255376  0.816298  
0.255376  0.816298  
0.255318  0.816331  
0.255303  0.816337  
0.255288  0.816344  
0.255303  0.816337  
0.255318  0.816331  
0.252592  0.817772  
0.246122  0.821155  
0.240845  0.825394  
0.235886  0.831789  
0.230928  0.83825  
0.230928  0.83825  
0.177322  0.875524  
0.177321  0.875525  
0.177323  0.875523  
0.177322  0.875525  
0.177323  0.875523  
0.177321  0.875525  
0.177322  0.875524  
0.177322  0.875524  
0.173756  0.876051  
0.1686  0.879917  
0.161609  0.883184  
0.156234  0.886727  
0.150768  0.892688  
0.150034  0.896937  
0.09101  0.934593  
0.09101  0.934593  
0.0910101  0.934593  
0.09101  0.934593  
0.09101  0.934593  
0.0910027  0.934578  
0.09101  0.934593  
0.0910101  0.934593  
0.0910101  0.934593  
0.0910027  0.934578  
0.0869856  0.937632  
0.0823779  0.942329  
0.0758262  0.946733  
0.0715714  0.951304  
0.0152088  0.992945  
0.0152182  0.992945  
0.0152088  0.992945  
0.0151927  0.992945  
0.0151927  0.992945  
0.0152133  0.992945  
0.0152133  0.992945  
0.0152088  0.992945  
0.0151765  0.992945  
0.0152088  0.992945  
0.0151817  0.992946  
0.00580935  0.996088  
0.00338633  0.997619  
2.81504e-020  1  
