1  3.90799e-014  
1  3.60822e-014  
1  3.29736e-014  
1  3.70814e-014  
1  3.70814e-014  
1  3.29736e-014  
1  3.70814e-014  
1  3.29736e-014  
1  3.29736e-014  
1  3.60822e-014  
1  3.60822e-014  
1  3.70814e-014  
1  3.90799e-014  
1  3.29736e-014  
1  3.70814e-014  
1  3.29736e-014  
1  3.29736e-014  
1  3.60822e-014  
1  3.70814e-014  
1  3.60822e-014  
1  3.70814e-014  
1  3.70814e-014  
1  3.29736e-014  
1  3.29736e-014  
1  3.70814e-014  
1  3.60822e-014  
1  3.29736e-014  
1  3.29736e-014  
1  3.29736e-014  
0.950054  0.0500521  
0.950052  0.0500543  
0.950052  0.0500543  
0.950052  0.0500543  
0.950052  0.0500543  
0.950052  0.0500538  
0.950052  0.0500543  
0.950052  0.0500543  
0.950052  0.0500543  
0.950052  0.0500538  
0.950052  0.0500543  
0.950052  0.0500543  
0.950052  0.0500543  
0.950052  0.0500538  
0.950052  0.0500543  
0.950052  0.0500543  
0.950052  0.0500538  
0.950052  0.0500543  
0.950052  0.0500543  
0.950052  0.0500543  
0.950052  0.0500543  
0.950052  0.0500543  
0.950052  0.0500543  
0.950052  0.0500538  
0.950052  0.0500543  
0.950052  0.0500543  
0.950052  0.0500543  
0.950052  0.0500545  
0.950052  0.0500543  
0.900125  0.100127  
0.900125  0.100127  
0.900125  0.100132  
0.900125  0.100132  
0.900125  0.100132  
0.900125  0.100132  
0.900125  0.100132  
0.900125  0.100132  
0.900125  0.100132  
0.900125  0.100132  
0.900125  0.100132  
0.900125  0.100132  
0.900125  0.100132  
0.900125  0.100132  
0.900125  0.100132  
0.900125  0.100132  
0.900125  0.100132  
0.900125  0.100132  
0.900125  0.100132  
0.900125  0.100132  
0.900125  0.100132  
0.900125  0.100132  
0.900125  0.100132  
0.900125  0.100132  
0.900125  0.100132  
0.900125  0.100132  
0.900125  0.100132  
0.900125  0.100132  
0.850194  0.150204  
0.850194  0.150204  
0.850194  0.150204  
0.850194  0.150204  
0.850194  0.150206  
0.850194  0.150206  
0.850194  0.150206  
0.850194  0.150206  
0.850194  0.150206  
0.850194  0.150206  
0.850194  0.150206  
0.850194  0.150206  
0.850194  0.150206  
0.850194  0.150206  
0.850194  0.150206  
0.850194  0.150206  
0.850194  0.150206  
0.850194  0.150206  
0.850194  0.150206  
0.850194  0.150206  
0.850194  0.150206  
0.850194  0.150206  
0.850194  0.150206  
0.850194  0.150206  
0.850194  0.150206  
0.850194  0.150206  
0.850194  0.150206  
0.850194  0.150206  
0.850194  0.150206  
0.800305  0.200295  
0.800305  0.200295  
0.800305  0.200295  
0.800305  0.200295  
0.800305  0.200295  
0.800294  0.200311  
0.800294  0.200311  
0.800294  0.200311  
0.800294  0.200311  
0.800294  0.200311  
0.800294  0.200311  
0.800294  0.200311  
0.800294  0.200311  
0.800294  0.200311  
0.800294  0.200311  
0.800294  0.200311  
0.800294  0.200311  
0.800294  0.200311  
0.800294  0.200311  
0.800294  0.200311  
0.800294  0.200311  
0.800294  0.200311  
0.800294  0.200311  
0.800294  0.200311  
0.800294  0.200311  
0.800294  0.200311  
0.800294  0.200311  
0.800294  0.200311  
0.75019  0.250181  
0.75019  0.250181  
0.75019  0.250181  
0.75019  0.250181  
0.75019  0.250181  
0.75019  0.250181  
0.75019  0.250181  
0.75018  0.25019  
0.750182  0.250191  
0.750182  0.250191  
0.750182  0.250181  
0.750182  0.250191  
0.750182  0.250191  
0.750182  0.250181  
0.750171  0.25018  
0.750171  0.25018  
0.750183  0.250185  
0.75018  0.25019  
0.750171  0.25018  
0.750171  0.25018  
0.75018  0.25019  
0.750171  0.25018  
0.75018  0.25019  
0.750171  0.25018  
0.750183  0.250187  
0.75018  0.25019  
0.750182  0.250191  
0.75018  0.25019  
0.750182  0.250181  
0.70022  0.30021  
0.70022  0.30021  
0.700224  0.30021  
0.70022  0.30021  
0.70022  0.30021  
0.70022  0.30021  
0.70022  0.30021  
0.700224  0.30021  
0.700216  0.300221  
0.700216  0.300221  
0.700216  0.300221  
0.700216  0.300221  
0.700216  0.300221  
0.700216  0.300221  
0.700216  0.300221  
0.700216  0.300221  
0.700216  0.300221  
0.700216  0.300221  
0.700216  0.300221  
0.700216  0.300221  
0.700216  0.300221  
0.700216  0.300221  
0.700216  0.300221  
0.700216  0.300221  
0.700216  0.300221  
0.700216  0.300221  
0.700216  0.300221  
0.700216  0.300221  
0.650199  0.350187  
0.650199  0.350187  
0.650199  0.350187  
0.650199  0.350187  
0.650199  0.350187  
0.650199  0.350187  
0.650199  0.350187  
0.650199  0.350187  
0.650199  0.350187  
0.650199  0.350187  
0.650192  0.350204  
0.650192  0.350204  
0.650192  0.350204  
0.650193  0.350203  
0.650193  0.350203  
0.650193  0.350203  
0.650192  0.350204  
0.650192  0.350203  
0.650192  0.350204  
0.650192  0.350204  
0.650192  0.350204  
0.650192  0.350204  
0.650193  0.350203  
0.650193  0.350203  
0.650192  0.350204  
0.650192  0.350204  
0.650192  0.350204  
0.650193  0.350203  
0.650192  0.350204  
0.600204  0.400194  
0.600204  0.400194  
0.600204  0.400194  
0.600204  0.400194  
0.600204  0.400194  
0.600204  0.400194  
0.600204  0.400194  
0.600204  0.400194  
0.600204  0.400194  
0.600204  0.400194  
0.600204  0.400194  
0.600201  0.400214  
0.6002  0.400198  
0.600201  0.400214  
0.6002  0.400198  
0.600201  0.400214  
0.600201  0.400214  
0.6002  0.400198  
0.600201  0.400214  
0.6002  0.400198  
0.600201  0.400214  
0.600201  0.400214  
0.600201  0.400214  
0.600201  0.400214  
0.600201  0.400214  
0.6002  0.400198  
0.600201  0.400214  
0.6002  0.400198  
0.550159  0.450155  
0.550159  0.450155  
0.550159  0.450155  
0.550159  0.450155  
0.550159  0.450155  
0.550159  0.450155  
0.550159  0.450155  
0.550159  0.450155  
0.550159  0.450155  
0.550159  0.450155  
0.550159  0.450155  
0.550159  0.450155  
0.550159  0.450155  
0.550159  0.450161  
0.550158  0.450168  
0.550158  0.450168  
0.550158  0.450168  
0.550158  0.450163  
0.550159  0.450161  
0.550158  0.450163  
0.550158  0.450168  
0.550158  0.450163  
0.550158  0.450168  
0.550158  0.450163  
0.550159  0.450161  
0.550158  0.450163  
0.550158  0.450168  
0.550159  0.450161  
0.550158  0.450163  
0.500149  0.500142  
0.500149  0.500142  
0.500148  0.500145  
0.500148  0.500144  
0.500149  0.500142  
0.500148  0.500145  
0.500148  0.500144  
0.500148  0.500145  
0.500149  0.500142  
0.500148  0.500145  
0.500149  0.500142  
0.500149  0.500142  
0.500148  0.500145  
0.500148  0.500144  
0.500145  0.500149  
0.500145  0.500151  
0.500145  0.500149  
0.500145  0.500151  
0.500145  0.500149  
0.500145  0.500149  
0.500145  0.500154  
0.500145  0.500154  
0.500145  0.500151  
0.500145  0.500151  
0.500145  0.500151  
0.500145  0.500154  
0.500145  0.500149  
0.500145  0.500149  
0.450134  0.550128  
0.450129  0.550124  
0.450129  0.550125  
0.450129  0.550124  
0.450134  0.550128  
0.450131  0.550126  
0.450129  0.550125  
0.450134  0.550126  
0.450134  0.550128  
0.450135  0.550128  
0.450135  0.550128  
0.450131  0.550126  
0.450131  0.550126  
0.450129  0.550124  
0.450129  0.550125  
0.450131  0.550126  
0.450129  0.550125  
0.450129  0.550125  
0.450133  0.550128  
0.450133  0.550141  
0.450129  0.550124  
0.450133  0.550128  
0.450133  0.550141  
0.450129  0.550124  
0.450131  0.550126  
0.450131  0.550126  
0.450129  0.550124  
0.450133  0.550127  
0.450133  0.550127  
0.400118  0.600119  
0.400125  0.600118  
0.400125  0.60012  
0.400125  0.60012  
0.400125  0.60012  
0.400118  0.600119  
0.400118  0.600119  
0.400125  0.600118  
0.400125  0.600118  
0.400125  0.600118  
0.400118  0.600119  
0.400125  0.600118  
0.400118  0.600119  
0.400125  0.60012  
0.400125  0.60012  
0.400125  0.60012  
0.400125  0.600118  
0.400118  0.600119  
0.400121  0.600127  
0.400121  0.600127  
0.400121  0.600127  
0.400121  0.600127  
0.400121  0.600124  
0.400121  0.600124  
0.400121  0.600124  
0.400121  0.600127  
0.400121  0.600124  
0.400121  0.600124  
0.350263  0.650254  
0.350263  0.650254  
0.350263  0.650254  
0.350263  0.650254  
0.350263  0.650254  
0.350263  0.650254  
0.350263  0.650254  
0.350263  0.650254  
0.350263  0.650254  
0.350263  0.650254  
0.350263  0.650254  
0.350263  0.650254  
0.350263  0.650254  
0.350263  0.650254  
0.350263  0.650254  
0.350263  0.650254  
0.350263  0.650254  
0.350263  0.650254  
0.350263  0.650254  
0.350247  0.650259  
0.350247  0.650259  
0.350247  0.650259  
0.350247  0.650259  
0.350247  0.650259  
0.350247  0.650259  
0.350247  0.650259  
0.350247  0.650259  
0.350247  0.650259  
0.350247  0.650259  
0.300295  0.700282  
0.300295  0.700282  
0.300295  0.700282  
0.300295  0.700282  
0.300295  0.700282  
0.300295  0.700282  
0.300295  0.700282  
0.300295  0.700282  
0.300295  0.700282  
0.300295  0.700282  
0.300295  0.700282  
0.300295  0.700282  
0.300295  0.700282  
0.300295  0.700282  
0.300295  0.700282  
0.300295  0.700282  
0.300295  0.700282  
0.300295  0.700282  
0.300295  0.700282  
0.300295  0.700282  
0.300267  0.700284  
0.300267  0.700284  
0.300267  0.700284  
0.300267  0.700284  
0.300267  0.700284  
0.300267  0.700284  
0.300267  0.700284  
0.300267  0.700284  
0.250224  0.750213  
0.250224  0.750213  
0.250224  0.750213  
0.250224  0.750213  
0.250224  0.750213  
0.250224  0.750213  
0.250224  0.750213  
0.250224  0.750213  
0.250224  0.750213  
0.250224  0.750213  
0.250224  0.750213  
0.250224  0.750213  
0.250224  0.750213  
0.250224  0.750213  
0.250224  0.750213  
0.250224  0.750213  
0.250224  0.750213  
0.250224  0.750213  
0.250224  0.750213  
0.250224  0.750213  
0.250224  0.750213  
0.250224  0.750213  
0.25021  0.750222  
0.25021  0.750222  
0.25021  0.750222  
0.25021  0.750222  
0.25021  0.750222  
0.25021  0.750222  
0.25021  0.750222  
0.200158  0.80015  
0.200158  0.80015  
0.200158  0.80015  
0.200158  0.80015  
0.200158  0.80015  
0.200158  0.80015  
0.200158  0.80015  
0.200158  0.80015  
0.200158  0.80015  
0.200158  0.80015  
0.200158  0.80015  
0.200158  0.80015  
0.200158  0.80015  
0.200158  0.80015  
0.200158  0.80015  
0.200158  0.80015  
0.200158  0.80015  
0.200158  0.80015  
0.200158  0.80015  
0.200158  0.80015  
0.200158  0.80015  
0.200158  0.80015  
0.200158  0.80015  
0.200143  0.800152  
0.200143  0.800152  
0.200143  0.800152  
0.200143  0.800152  
0.200143  0.800152  
0.15022  0.850207  
0.15022  0.850207  
0.15022  0.850207  
0.15022  0.850207  
0.15022  0.850207  
0.15022  0.850207  
0.15022  0.850207  
0.15022  0.850207  
0.15022  0.850207  
0.15022  0.850207  
0.15022  0.850207  
0.15022  0.850207  
0.15022  0.850207  
0.15022  0.850207  
0.15022  0.850207  
0.15022  0.850207  
0.15022  0.850207  
0.15022  0.850207  
0.15022  0.850207  
0.15022  0.850207  
0.15022  0.850207  
0.15022  0.850207  
0.150218  0.850207  
0.15022  0.850207  
0.15022  0.850207  
0.150216  0.850215  
0.150216  0.850215  
0.150216  0.850215  
0.150216  0.850215  
0.100419  0.900407  
0.100417  0.900407  
0.100419  0.900407  
0.100418  0.900407  
0.100417  0.900407  
0.10042  0.900407  
0.100417  0.900407  
0.10042  0.900407  
0.100418  0.900407  
0.100417  0.900407  
0.100417  0.900407  
0.100418  0.900407  
0.100419  0.900407  
0.100419  0.900407  
0.100419  0.900407  
0.100417  0.900407  
0.100419  0.900407  
0.100419  0.900407  
0.100418  0.900407  
0.100418  0.900407  
0.10042  0.900407  
0.100417  0.900407  
0.100417  0.900407  
0.100419  0.900407  
0.100418  0.900407  
0.100412  0.900439  
0.100412  0.900439  
0.100412  0.900439  
0.0510698  0.951013  
0.0510698  0.951013  
0.0510698  0.951013  
0.0510698  0.951013  
0.0510772  0.951013  
0.0510698  0.951013  
0.0510725  0.951013  
0.0510772  0.951013  
0.0510698  0.951013  
0.0510725  0.951013  
0.0510698  0.951013  
0.0510772  0.951013  
0.0510698  0.951013  
0.0510725  0.951013  
0.0510772  0.951013  
0.0510772  0.951013  
0.0510698  0.951013  
0.0510772  0.951013  
0.0510725  0.951013  
0.0510725  0.951013  
0.0510772  0.951013  
0.0510698  0.951013  
0.0510772  0.951013  
0.0510772  0.951013  
0.0510772  0.951013  
0.0510698  0.951013  
0.0510725  0.951013  
0.0510676  0.951068  
5.34416e-017  1  
8.82039e-018  1  
1.65578e-017  1  
1.65578e-017  1  
1.65578e-017  1  
8.82039e-018  1  
8.82039e-018  1  
2.99445e-018  1  
1.5733e-017  1  
1.5733e-017  1  
1.65578e-017  1  
8.82039e-018  1  
1.5733e-017  1  
1.5733e-017  1  
2.99445e-018  1  
2.99445e-018  1  
1.65578e-017  1  
5.34416e-017  1  
2.99445e-018  1  
1.65578e-017  1  
8.82039e-018  1  
8.82039e-018  1  
2.99445e-018  1  
5.34416e-017  1  
1.5733e-017  1  
5.34416e-017  1  
2.99445e-018  1  
1.5733e-017  1  
5.34416e-017  1  
5.34416e-017  1  
