0.707371  0.709549  0.000172657  
4.10586  0.000587469  0.000315902  
0.00815123  1.05211  0.00051402  
4.10586  0.000587469  0.000315902  
0.707371  0.709549  0.000172657  
0.00815123  1.05211  0.00051402  
4.10586  0.000587469  0.000315902  
0.896551  0.445947  0.00957228  
0.00730807  0.999898  0.0222662  
0.000688654  1.05211  0.000514895  
4.10586  0.000587469  0.000315902  
0.95192  0.316397  0.0104846  
0.707371  0.709549  0.000172657  
0.00459943  0.999727  0.0244403  
0.00133798  1.05211  0.000514948  
4.10586  0.000587469  0.000315902  
0.972754  0.237757  0.00385552  
0.869748  0.502145  0.0362226  
0.556795  0.834474  0.0295986  
0.00459943  0.999727  0.0244403  
0.000688654  1.05211  0.000514895  
4.10586  0.000587469  0.000315902  
0.982186  0.191283  0.00654214  
0.894565  0.447118  0.0292884  
0.707371  0.709549  0.000172657  
0.00442753  0.998794  0.0511736  
0.00459943  0.999727  0.0244403  
0.000688654  1.07507  0.000514895  
4.10586  0.000587469  0.000315902  
0.987339  0.160764  0.0262156  
0.930211  0.371317  0.0305559  
0.866628  0.502339  0.0491253  
0.601549  0.801887  0.052783  
0.00442753  0.998794  0.0511736  
0.00459943  0.999727  0.0244403  
0.000688654  1.05211  0.000514895  
4.10586  0.000587469  0.000315902  
0.990743  0.137537  0.0263109  
0.95192  0.316397  0.0104846  
0.866628  0.502339  0.0491253  
0.707371  0.709549  0.000172657  
0.515301  0.858187  0.0590972  
0.0179912  0.998709  0.0548074  
0.00459943  0.999727  0.0244403  
0.000688654  1.07507  0.000514895  
4.10586  0.000587469  0.000315902  
0.993273  0.122219  0.00925556  
0.961993  0.272564  0.050829  
0.894565  0.447118  0.0292884  
0.863757  0.499107  0.0961423  
0.625755  0.782423  0.0406942  
0.00531499  0.996866  0.0820424  
0.0179912  0.998709  0.0562124  
0.00459943  0.999727  0.0244403  
0.000688654  1.05211  0.000514895  
4.10586  0.000587469  0.000315902  
0.99501  0.105885  0.00837487  
0.970077  0.242169  0.0393709  
0.919078  0.39145  0.0799732  
0.863757  0.499107  0.0961423  
0.707371  0.709549  0.000172657  
0.55096  0.832366  0.0708365  
0.0126635  0.996225  0.087916  
0.0125821  0.998567  0.0586509  
0.00557668  0.999714  0.0286387  
0.000688654  1.05211  0.000514895  
4.10586  0.000587469  0.000315902  
0.995496  0.0982184  0.0102831  
0.977192  0.21624  0.0428387  
0.93692  0.35088  0.0476285  
0.86793  0.496339  0.0657334  
0.703236  0.708341  0.127927  
0.639911  0.769772  0.0571952  
0.50174  0.867016  0.0114416  
0.0212268  0.996133  0.0903196  
0.0135595  0.998365  0.0588965  
0.0077629  0.999671  0.030253  
0.000688654  1.07507  0.000514895  
4.10586  0.000587469  0.000315902  
0.996555  0.0904525  0.0302384  
0.98024  0.195969  0.0474731  
0.949797  0.312139  0.0770696  
0.892595  0.444535  0.106555  
0.862823  0.49936  0.102129  
0.703236  0.708341  0.127927  
0.581614  0.810021  0.116205  
0.0113935  0.99269  0.121801  
0.0116295  0.995702  0.093411  
0.0188993  0.998307  0.061172  
0.0077629  0.999671  0.030253  
0.000688654  1.07507  0.000514895  
4.04375  0.00119448  0.000615863  
0.997212  0.081488  0.0140357  
0.983313  0.17599  0.0564382  
0.958483  0.283648  0.074407  
0.911102  0.405198  0.103143  
0.862823  0.49936  0.102129  
0.701959  0.702714  0.14282  
0.648588  0.753302  0.129054  
0.527876  0.846183  0.126233  
0.0150217  0.99217  0.127183  
0.0148923  0.995498  0.0961949  
0.0154706  0.998076  0.0639515  
0.0077629  0.999671  0.030253  
0.000688654  1.05211  0.000514895  
4.04375  0.00119448  0.000615863  
0.997391  0.0737339  0.0137747  
0.985748  0.162011  0.0629098  
0.962729  0.259379  0.0877928  
0.924839  0.368437  0.11364  
0.872839  0.481403  0.13781  
0.859012  0.493551  0.15596  
0.701959  0.702714  0.14282  
0.596795  0.794781  0.130538  
0.499721  0.85849  0.147938  
0.0123748  0.991444  0.131772  
0.0179275  0.995254  0.0990861  
0.0129223  0.998067  0.0651483  
0.0077629  0.999671  0.030253  
0.000688654  1.05211  0.000514895  
4.04375  0.00119448  0.000615863  
0.99791  0.0657719  0.012182  
0.987555  0.147178  0.0650959  
0.96871  0.238283  0.0999708  
0.93807  0.339054  0.123606  
0.887725  0.440694  0.153588  
0.859012  0.493551  0.15596  
0.699272  0.700032  0.188225  
0.653628  0.746425  0.154442  
0.547554  0.826968  0.170868  
0.00941963  0.986187  0.166524  
0.00805887  0.991068  0.135601  
0.0106767  0.994907  0.102604  
0.0139893  0.997845  0.0670261  
0.0137463  0.999521  0.0340172  
0.000688654  1.05211  0.000514895  
4.10586  0.000587469  0.000315902  
0.99791  0.0657719  0.012182  
0.989215  0.138755  0.0672019  
0.971627  0.219501  0.0961749  
0.943678  0.313948  0.113124  
0.905991  0.402404  0.149172  
0.858889  0.493205  0.181134  
0.85253  0.493229  0.20978  
0.699272  0.700032  0.188225  
0.608621  0.781546  0.168371  
0.512323  0.852794  0.13052  
0.0171665  0.984773  0.175833  
0.0110712  0.99025  0.141033  
0.0100658  0.994464  0.106352  
0.0160285  0.997715  0.0701888  
0.00622676  0.999498  0.034739  
0.000688654  1.05211  0.000514895  
4.10586  0.000587469  0.000315902  
0.998374  0.0563453  0.0223228  
0.990033  0.130535  0.0633268  
0.973502  0.208281  0.104723  
0.950044  0.284578  0.129713  
0.915651  0.376658  0.165743  
0.86751  0.469945  0.179395  
0.851629  0.487728  0.215379  
0.696868  0.696278  0.222671  
0.652502  0.738496  0.189714  
0.566254  0.805811  0.205176  
0.496553  0.855734  0.16188  
0.0222282  0.983797  0.181327  
0.0195096  0.989598  0.145384  
0.0114918  0.994039  0.109901  
0.0132122  0.997427  0.0729303  
0.00364338  0.999475  0.0368831  
0.000688654  1.05211  0.000514895  
4.10586  0.000587469  0.000315902  
0.998374  0.0563453  0.0223228  
0.991568  0.120231  0.0760329  
0.977394  0.191971  0.105553  
0.952627  0.272357  0.141016  
0.922597  0.354314  0.171641  
0.883016  0.440871  0.181718  
0.849456  0.489036  0.222501  
0.844142  0.487923  0.259752  
0.693086  0.692481  0.239622  
0.610547  0.771314  0.228529  
0.52908  0.834012  0.216802  
0.0157932  0.975749  0.221294  
0.0056558  0.982504  0.187253  
0.0194735  0.988656  0.151573  
0.0170463  0.993626  0.114012  
0.0145395  0.997392  0.0764339  
0.00276364  0.999331  0.0384222  
0.000688654  1.07507  0.000514895  
4.10586  0.000587469  0.000315902  
0.998446  0.0547929  0.0265665  
0.992059  0.113855  0.0637173  
0.978544  0.179645  0.111775  
0.958739  0.254969  0.151248  
0.93121  0.330439  0.182261  
0.892514  0.411647  0.205016  
0.848688  0.493633  0.230787  
0.839803  0.480486  0.265832  
0.693086  0.692481  0.239622  
0.651511  0.720513  0.251402  
0.572574  0.794865  0.22244  
0.498491  0.845088  0.233415  
0.0210078  0.974282  0.232276  
0.0218448  0.98145  0.194262  
0.00437619  0.98776  0.157861  
0.0148534  0.993237  0.117498  
0.0226989  0.997153  0.0789529  
0.0026435  0.999291  0.0393132  
0.000688654  1.07507  0.000514895  
4.10586  0.000587469  0.000315902  
0.998635  0.0525621  0.0237663  
0.992303  0.108126  0.0819097  
0.979726  0.172335  0.112048  
0.961897  0.229435  0.15498  
0.93522  0.305965  0.187984  
0.901219  0.381062  0.207821  
0.861256  0.459269  0.237689  
0.839803  0.480486  0.265832  
0.67644  0.677343  0.309084  
0.674144  0.690057  0.286238  
0.615101  0.751634  0.268666  
0.539679  0.812182  0.258896  
0.489643  0.838093  0.256603  
0.0136723  0.971265  0.241775  
0.031273  0.979575  0.203501  
0.00487417  0.987013  0.161974  
0.00253413  0.992646  0.123814  
0.00531499  0.996866  0.0820424  
0.00374232  0.999282  0.0414043  
0.000688654  1.07507  0.000514895  
4.10586  0.000587469  0.000315902  
0.99866  0.0496128  0.0262452  
0.99238  0.104288  0.0717098  
0.981154  0.157117  0.127542  
0.963702  0.218733  0.165964  
0.939176  0.287821  0.198837  
0.909522  0.358759  0.233668  
0.868584  0.433454  0.252295  
0.835554  0.487055  0.280508  
0.825632  0.478019  0.320392  
0.676763  0.676876  0.311174  
0.646013  0.70934  0.302327  
0.580363  0.773352  0.267292  
0.5023  0.824606  0.284964  
0.0367758  0.958267  0.291115  
0.0280882  0.968814  0.252671  
0.0212133  0.978022  0.211077  
0.0147131  0.985427  0.170974  
0.0188775  0.991925  0.129362  
0.00793238  0.996339  0.0866751  
0.00564478  0.999169  0.0429969  
0.000688654  1.0478  0.000514895  
4.13303  0.000556018  0.000314759  
0.998516  0.0424116  0.0444193  
0.992712  0.0976234  0.0845015  
0.980171  0.154133  0.130489  
0.964823  0.202666  0.171679  
0.941899  0.269295  0.212272  
0.914574  0.335563  0.241846  
0.876524  0.408999  0.263407  
0.833227  0.474227  0.298741  
0.824937  0.47604  0.335481  
0.663571  0.6722  0.347592  
0.676763  0.676876  0.311174  
0.612001  0.730379  0.322554  
0.543714  0.78801  0.321157  
0.489643  0.838093  0.256603  
0.0552125  0.955013  0.301531  
0.0302093  0.965806  0.263153  
0.0170302  0.975749  0.221294  
0.0123057  0.984126  0.178165  
0.0157863  0.991232  0.134396  
0.00793238  0.996339  0.0866751  
0.00564478  0.999169  0.0429969  
0.000696964  1.05211  0.000515386  
4.13494  0.000559901  0.000314902  
0.998516  0.0424116  0.0444193  
0.992415  0.0923697  0.0940484  
0.980811  0.14573  0.136549  
0.964504  0.199082  0.180326  
0.943506  0.258221  0.222087  
0.917367  0.322691  0.246693  
0.883304  0.386136  0.274886  
0.846731  0.439334  0.304864  
0.820659  0.48447  0.348907  
0.805627  0.462052  0.381007  
0.66906  0.669043  0.374101  
0.633084  0.695135  0.353531  
0.582256  0.753067  0.360643  
0.511593  0.798309  0.340961  
0.481299  0.818474  0.331692  
0.0209298  0.950843  0.3158  
0.0118026  0.961863  0.274361  
0.0364344  0.974355  0.230329  
0.0056558  0.982504  0.187253  
0.0110712  0.99025  0.141033  
0.0154931  0.995985  0.0925534  
0.00994001  0.99898  0.0474416  
0.000268183  1.10114  0.000618753  
4.13494  0.000559901  0.000314902  
0.998516  0.0424116  0.0444193  
0.99236  0.087122  0.0992129  
0.982128  0.139259  0.135371  
0.964645  0.192148  0.187166  
0.945579  0.241769  0.223792  
0.918238  0.299196  0.268528  
0.886811  0.360319  0.299113  
0.849824  0.417012  0.326557  
0.815139  0.46932  0.365246  
0.801096  0.463016  0.400717  
0.649552  0.649265  0.423254  
0.663513  0.664278  0.394544  
0.604932  0.718717  0.394585  
0.54132  0.762095  0.375114  
0.487019  0.808616  0.362207  
0.0474576  0.930265  0.370707  
0.0513077  0.945134  0.330459  
0.0307511  0.959144  0.287363  
0.0136723  0.971265  0.241775  
0.018273  0.981199  0.196192  
0.00846525  0.989572  0.1466  
0.0124268  0.99548  0.098057  
0.00929306  0.998871  0.0490086  
0.000696964  1.05211  0.000515386  
4.13494  0.000559901  0.000314902  
0.998576  0.0320224  0.0519002  
0.992336  0.0799364  0.102103  
0.982077  0.120312  0.152363  
0.965638  0.176191  0.199386  
0.945988  0.233267  0.234597  
0.921284  0.286802  0.28953  
0.889506  0.33639  0.318219  
0.855468  0.393855  0.356763  
0.817673  0.460516  0.382687  
0.79324  0.455557  0.416144  
0.776389  0.449502  0.452148  
0.649552  0.649265  0.423254  
0.622991  0.675583  0.423928  
0.568955  0.718547  0.416658  
0.514166  0.774357  0.3925  
0.468367  0.801347  0.383414  
0.0189346  0.922282  0.387246  
0.0118563  0.940542  0.34385  
0.0321483  0.954555  0.301286  
0.028087  0.967886  0.253156  
0.0215801  0.97891  0.205687  
0.00956899  0.988201  0.155137  
0.0229132  0.994896  0.104681  
0.0077737  0.998823  0.0514473  
0.000268183  1.10114  0.000618753  
4.13494  0.000559901  0.000314902  
0.99837  0.0352808  0.0551403  
0.992186  0.0755476  0.109277  
0.980872  0.122687  0.157298  
0.963897  0.168374  0.213183  
0.94426  0.211062  0.259748  
0.91979  0.254473  0.305869  
0.890905  0.31279  0.342719  
0.853414  0.379013  0.374057  
0.812604  0.434114  0.401135  
0.787732  0.453971  0.434609  
0.771316  0.442551  0.470384  
0.628983  0.628475  0.481897  
0.633579  0.64138  0.461702  
0.592273  0.685214  0.457161  
0.536441  0.73575  0.452273  
0.484785  0.770485  0.427847  
0.468367  0.801347  0.383414  
0.0636914  0.91718  0.406489  
0.0215793  0.935485  0.358988  
0.0209298  0.950843  0.3158  
0.0498228  0.964974  0.266971  
0.0128923  0.97647  0.216694  
0.0133178  0.987093  0.163859  
0.0094235  0.99422  0.110138  
0.00959221  0.99861  0.0544411  
0.000268183  1.10114  0.000618753  
4.13494  0.000559901  0.000314902  
0.998211  0.0326303  0.0567826  
0.991358  0.0750375  0.114916  
0.98048  0.12211  0.172769  
0.9627  0.157161  0.225948  
0.942472  0.212388  0.274538  
0.916318  0.251792  0.317069  
0.884778  0.304054  0.361701  
0.855492  0.343755  0.399516  
0.820962  0.401897  0.418018  
0.776389  0.449502  0.452148  
0.76038  0.445723  0.491226  
0.742071  0.43373  0.524148  
0.61673  0.615926  0.511817  
0.599145  0.65923  0.481569  
0.553586  0.686966  0.495188  
0.505092  0.738543  0.466991  
0.460338  0.76464  0.461963  
0.040547  0.887257  0.469483  
0.0596977  0.909211  0.424421  
0.0258705  0.928708  0.376159  
0.0513077  0.945134  0.330459  
0.0209935  0.960556  0.282459  
0.0200745  0.974896  0.22353  
0.0147131  0.985427  0.170974  
0.01012  0.993672  0.113513  
0.00767017  0.998528  0.0558425  
0.00062132  1.04906  0.000905259  
4.13494  0.000559901  0.000314902  
0.998211  0.0326303  0.0567826  
0.990873  0.068617  0.122741  
0.979144  0.115947  0.183041  
0.961874  0.152315  0.238717  
0.937417  0.200626  0.2912  
0.914317  0.24042  0.331585  
0.884024  0.294651  0.384754  
0.849151  0.337105  0.422432  
0.810657  0.384426  0.458733  
0.77535  0.431157  0.471852  
0.749463  0.429488  0.509209  
0.732374  0.425719  0.547893  
0.591202  0.60769  0.567532  
0.609627  0.610921  0.527443  
0.56521  0.652726  0.520854  
0.516852  0.692935  0.520921  
0.474579  0.745626  0.494908  
0.452861  0.759094  0.492364  
0.0227956  0.876134  0.491275  
0.0511649  0.896707  0.445504  
0.0542568  0.91804  0.401255  
0.0665174  0.938883  0.350058  
0.045935  0.955913  0.297212  
0.0136723  0.971265  0.241775  
0.018537  0.983465  0.183057  
0.00978829  0.992679  0.12373  
0.0108883  0.998185  0.0616218  
0.000268183  1.10114  0.000618753  
3.96351  0.000534903  0.000714498  
0.99781  0.0321318  0.0651415  
0.990416  0.068096  0.129298  
0.977308  0.105524  0.19039  
0.955648  0.152821  0.253996  
0.933261  0.18802  0.310495  
0.907829  0.222169  0.361093  
0.876827  0.276753  0.410414  
0.842674  0.307954  0.44865  
0.803824  0.360747  0.475531  
0.76175  0.404198  0.514435  
0.738268  0.42781  0.534877  
0.718099  0.409205  0.575993  
0.700972  0.409533  0.603683  
0.578181  0.587344  0.58228  
0.572493  0.616081  0.564706  
0.512437  0.660023  0.567968  
0.493583  0.693337  0.55491  
0.4494  0.738653  0.551945  
0.0321677  0.835559  0.558066  
0.0769687  0.860215  0.51659  
0.0710422  0.885544  0.471753  
0.0596977  0.909211  0.424421  
0.041912  0.929719  0.372537  
0.0209298  0.950843  0.3158  
0.0064359  0.967124  0.256626  
0.018273  0.981199  0.196192  
0.00903166  0.991725  0.130721  
0.0177774  0.998031  0.0659454  
0.000268183  1.10114  0.000618753  
3.96351  0.000534903  0.000714498  
0.997454  0.0340373  0.0682675  
0.989103  0.0645746  0.140284  
0.97515  0.0946109  0.207698  
0.95285  0.13961  0.271895  
0.929493  0.175585  0.331696  
0.900782  0.2211  0.386131  
0.86829  0.257991  0.432953  
0.835816  0.304318  0.466552  
0.798894  0.336118  0.514161  
0.763131  0.355051  0.541742  
0.725519  0.414142  0.56659  
0.702221  0.401095  0.600046  
0.683261  0.398  0.620521  
0.561317  0.561233  0.635049  
0.563361  0.575414  0.619369  
0.523124  0.605603  0.617483  
0.49268  0.651933  0.585521  
0.436416  0.70281  0.580983  
0.425587  0.706691  0.586339  
0.0232608  0.818445  0.580371  
0.0482114  0.845484  0.53902  
0.0449414  0.870492  0.498225  
0.0511649  0.896707  0.445504  
0.0200985  0.921923  0.394848  
0.0306192  0.944543  0.334331  
0.0118026  0.961863  0.274361  
0.0236497  0.978236  0.209586  
0.0110712  0.99025  0.141033  
0.0251526  0.997913  0.0694582  
0.000268183  1.10114  0.000618753  
3.55209  0.000468533  0.00131199  
0.99781  0.0321318  0.0651415  
0.988215  0.0647246  0.142359  
0.971497  0.0964579  0.222999  
0.949022  0.136925  0.285311  
0.924786  0.173921  0.346404  
0.892005  0.20402  0.410826  
0.857708  0.247608  0.463384  
0.828979  0.259713  0.500849  
0.786705  0.308875  0.540472  
0.745948  0.35498  0.571417  
0.709942  0.381651  0.596484  
0.683261  0.398  0.620521  
0.658915  0.369761  0.656728  
0.64206  0.376089  0.68941  
0.533373  0.541351  0.665251  
0.526763  0.556053  0.656045  
0.497483  0.607678  0.656537  
0.467269  0.636767  0.639874  
0.429004  0.679694  0.633561  
0.410445  0.678034  0.63771  
0.0513873  0.79292  0.611498  
0.104133  0.825416  0.573156  
0.0262893  0.852797  0.523205  
0.0770205  0.882832  0.475603  
0.0347032  0.909556  0.419368  
0.0215793  0.935485  0.358988  
0.0591521  0.957847  0.293664  
0.0200745  0.974896  0.22353  
0.00846525  0.989572  0.1466  
0.0198798  0.997405  0.0751051  
0.000586509  1.05873  0.00125395  
3.55209  0.000468533  0.00131199  
0.996511  0.0258982  0.0824553  
0.985671  0.0644295  0.162496  
0.968619  0.0931148  0.240956  
0.944229  0.133021  0.302987  
0.915475  0.158254  0.375904  
0.881709  0.203166  0.43833  
0.848083  0.227481  0.482926  
0.81066  0.266087  0.530273  
0.768436  0.297532  0.579382  
0.733577  0.321753  0.607987  
0.695735  0.3611  0.633282  
0.658915  0.369761  0.656728  
0.632066  0.364835  0.688946  
0.618737  0.347625  0.712068  
0.503917  0.509752  0.708165  
0.510265  0.510276  0.704388  
0.489258  0.553287  0.692541  
0.421508  0.596276  0.690028  
0.4302  0.616945  0.682566  
0.403563  0.654522  0.668362  
0.0622163  0.743325  0.68144  
0.0501426  0.768667  0.643858  
0.0422529  0.802694  0.601687  
0.0413491  0.83548  0.557569  
0.074369  0.866662  0.504587  
0.0511649  0.896707  0.445504  
0.0564491  0.925472  0.386017  
0.0409846  0.951252  0.312919  
0.0136723  0.971265  0.241775  
0.0124173  0.987129  0.163034  
0.0179028  0.997081  0.0811765  
0.000268183  1.10114  0.000618753  
3.55209  0.000468533  0.00131199  
0.996274  0.0297838  0.0851352  
0.984065  0.028584  0.177137  
0.962614  0.089361  0.259808  
0.937389  0.100691  0.33646  
0.905525  0.121265  0.410482  
0.867027  0.192286  0.474044  
0.830137  0.20306  0.526611  
0.781002  0.253195  0.577469  
0.751258  0.25953  0.61356  
0.705631  0.306841  0.647285  
0.673965  0.331953  0.667402  
0.638121  0.351997  0.691689  
0.605829  0.336469  0.728878  
0.587799  0.341665  0.744037  
0.560887  0.319529  0.773964  
0.470788  0.491752  0.746188  
0.470788  0.491752  0.746188  
0.438622  0.550919  0.741511  
0.409316  0.565792  0.736218  
0.395965  0.604135  0.731355  
0.386839  0.63548  0.704616  
0.124964  0.712204  0.716909  
0.0491421  0.747195  0.66749  
0.0360762  0.776672  0.63175  
0.0105577  0.813701  0.589145  
0.0482114  0.845484  0.538834  
0.0727948  0.881387  0.480618  
0.0506673  0.914022  0.411273  
0.0270208  0.94184  0.338412  
0.0149954  0.965421  0.262944  
0.0277557  0.984779  0.17646  
0.0147483  0.996497  0.0868131  
0.000581291  1.09537  0.0013511  
3.55209  0.000468533  0.00131199  
0.995396  0.0245518  0.0974307  
0.980304  0.0499483  0.195998  
0.957679  0.0836891  0.283311  
0.92799  0.101748  0.366382  
0.885745  0.140441  0.444295  
0.849223  0.162585  0.508398  
0.809558  0.205268  0.555825  
0.764366  0.229616  0.613278  
0.718075  0.250242  0.653767  
0.67558  0.269042  0.689291  
0.650216  0.28707  0.711556  
0.606758  0.333123  0.729498  
0.579592  0.349644  0.755066  
0.557862  0.304818  0.779969  
0.533379  0.327784  0.802069  
0.44751  0.451482  0.795231  
0.460643  0.462302  0.787402  
0.40222  0.495035  0.792633  
0.400824  0.502855  0.790901  
0.383616  0.547278  0.770211  
0.36493  0.585686  0.753658  
0.130481  0.649308  0.770895  
0.114971  0.678448  0.74652  
0.0966522  0.716714  0.709149  
0.0491421  0.747195  0.66749  
0.0242818  0.781228  0.627101  
0.0746323  0.821651  0.574386  
0.0289172  0.861138  0.516987  
0.0518484  0.899521  0.44905  
0.0429834  0.931308  0.369486  
0.0159748  0.959834  0.286349  
0.0342657  0.981591  0.196152  
0.029749  0.995681  0.0973353  
0.000268183  1.10114  0.000618753  
3.55209  0.000468533  0.00131199  
0.994335  0.025062  0.10888  
0.977436  0.0481127  0.21567  
0.948809  0.0532135  0.315299  
0.913837  0.0515078  0.405403  
0.872865  0.13724  0.484535  
0.829068  0.170481  0.54736  
0.779278  0.190734  0.608509  
0.732803  0.217507  0.650657  
0.689813  0.229855  0.695834  
0.647409  0.260348  0.726467  
0.615114  0.2814  0.744815  
0.573505  0.298724  0.773741  
0.540634  0.306358  0.789864  
0.512181  0.30131  0.811466  
0.49304  0.289335  0.827013  
0.476801  0.291025  0.845488  
0.416106  0.416472  0.836937  
0.416106  0.416472  0.836937  
0.390725  0.446544  0.833169  
0.353836  0.486127  0.82658  
0.351022  0.498907  0.813028  
0.335814  0.537917  0.792283  
0.134772  0.615905  0.801243  
0.140985  0.635181  0.787528  
0.114971  0.678448  0.74652  
0.0931565  0.716714  0.709149  
0.0491421  0.747195  0.66749  
0.104543  0.793456  0.617336  
0.0413491  0.83548  0.557569  
0.0689595  0.876567  0.486261  
0.0648161  0.917298  0.403845  
0.0409846  0.951252  0.312919  
0.0304572  0.977257  0.216644  
0.0176403  0.994851  0.108236  
0.000268183  1.10114  0.000618753  
3.74894  0.000432604  0.0018804  
0.994335  0.025062  0.10888  
0.971178  0.0356496  0.237421  
0.935454  0.0655306  0.351034  
0.894196  0.0997515  0.444072  
0.847796  0.0985008  0.526964  
0.798144  0.131487  0.597391  
0.748483  0.175924  0.653211  
0.702345  0.197776  0.698335  
0.654383  0.183473  0.744509  
0.619194  0.191487  0.768341  
0.577788  0.242017  0.789036  
0.532591  0.270605  0.807885  
0.506605  0.279578  0.824654  
0.481844  0.293169  0.84219  
0.456251  0.275583  0.859493  
0.435386  0.26039  0.871587  
0.357161  0.360504  0.88134  
0.38135  0.378935  0.879714  
0.361825  0.393848  0.850804  
0.32978  0.408367  0.86805  
0.298483  0.435268  0.852928  
0.298483  0.435268  0.852928  
0.288194  0.453136  0.854972  
0.180162  0.571922  0.854985  
0.180934  0.598609  0.827017  
0.142418  0.629532  0.790983  
0.0995009  0.670485  0.755904  
0.106145  0.713502  0.710709  
0.0745813  0.756235  0.662591  
0.0203621  0.801262  0.600858  
0.0722326  0.852355  0.531294  
0.0518484  0.899521  0.44905  
0.0288052  0.939594  0.34989  
0.0136723  0.971265  0.241775  
0.0131704  0.993389  0.123502  
0.000581291  1.09537  0.0013511  
3.60754  0.000374918  0.00238146  
0.990828  0.0234489  0.135029  
0.962428  0.0271797  0.270544  
0.919815  0.0755374  0.393268  
0.868867  0.0806678  0.494204  
0.814583  0.0620257  0.578036  
0.757848  0.146359  0.652297  
0.704429  0.0931428  0.706621  
0.651287  0.152469  0.747733  
0.606179  0.176537  0.7828  
0.57235  0.158233  0.813261  
0.519071  0.219092  0.833418  
0.495957  0.218224  0.849592  
0.462018  0.239247  0.863165  
0.435386  0.26039  0.871587  
0.413216  0.232978  0.887712  
0.393561  0.224355  0.893474  
0.371277  0.217436  0.910183  
0.331541  0.332682  0.897051  
0.331541  0.332682  0.897051  
0.299253  0.361662  0.891483  
0.254031  0.389143  0.892305  
0.271285  0.401808  0.889085  
0.255392  0.417172  0.881367  
0.255392  0.417172  0.881367  
0.13683  0.523109  0.887004  
0.0771846  0.525566  0.864759  
0.174677  0.594747  0.853193  
0.134772  0.615905  0.801243  
0.134272  0.665209  0.757668  
0.106145  0.713502  0.710709  
0.0296613  0.764199  0.647124  
0.0490358  0.821003  0.581985  
0.0449414  0.870492  0.498225  
0.0189346  0.922282  0.387246  
0.0428726  0.964864  0.272132  
0.0110712  0.99025  0.141033  
0.000268183  1.10114  0.000618753  
3.5397  0.000355748  0.00266118  
0.990828  0.0234489  0.135029  
0.948943  0.0401491  0.315537  
0.894481  0.0612419  0.448214  
0.833556  0.0684862  0.552949  
0.76508  0.111972  0.638372  
0.704429  0.0931428  0.706621  
0.646331  0.12105  0.75934  
0.601634  0.122143  0.801541  
0.555575  0.0639291  0.8334  
0.513499  0.16403  0.85533  
0.463888  0.193568  0.870908  
0.441782  0.199801  0.885506  
0.407526  0.208588  0.89327  
0.379023  0.21868  0.901145  
0.362585  0.212705  0.9118  
0.342895  0.186625  0.922765  
0.324755  0.192388  0.930341  
0.311366  0.183587  0.936638  
0.28679  0.294995  0.933911  
0.280815  0.300606  0.941506  
0.25042  0.294326  0.942074  
0.245028  0.347464  0.919987  
0.245028  0.347464  0.919987  
0.232734  0.313943  0.945185  
0.177714  0.430006  0.933585  
0.177714  0.430006  0.933585  
0.177714  0.430006  0.933585  
0.0771846  0.525566  0.864759  
0.143331  0.567111  0.857965  
0.134772  0.615905  0.801243  
0.112938  0.656616  0.767733  
0.106145  0.713502  0.710709  
0.0501426  0.768667  0.643858  
0.0413491  0.83548  0.557569  
0.0110076  0.899597  0.445536  
0.0409846  0.951252  0.312919  
0.0124173  0.987129  0.163034  
0.000581291  1.09537  0.0013511  
3.47377  0.000343028  0.00296037  
0.984843  0.0247796  0.172695  
0.928447  0.0478509  0.370248  
0.858548  0.0489921  0.513979  
0.781157  0.05783  0.624754  
0.704429  0.0931428  0.706621  
0.64221  0.111579  0.767288  
0.580293  0.0915648  0.814986  
0.529996  0.105994  0.84654  
0.484857  0.143247  0.871294  
0.431982  0.153303  0.891823  
0.40649  0.154483  0.904139  
0.364533  0.163365  0.918128  
0.353793  0.16987  0.922575  
0.328123  0.181135  0.930842  
0.311366  0.183587  0.936638  
0.294494  0.181525  0.944334  
0.278777  0.161204  0.948315  
0.262413  0.16099  0.955749  
0.249655  0.143326  0.958189  
0.219922  0.241171  0.952453  
0.219922  0.241171  0.952453  
0.21504  0.24611  0.957874  
0.205542  0.223307  0.963338  
0.190795  0.223444  0.966187  
0.190795  0.223444  0.966187  
0.185346  0.232707  0.967861  
0.165752  0.398397  0.970329  
0.165752  0.398397  0.970329  
0.165752  0.398397  0.970329  
0.0771846  0.525566  0.864759  
0.0771846  0.525566  0.864759  
0.0978982  0.580646  0.859093  
0.0781366  0.646763  0.779422  
0.0931565  0.716714  0.709149  
0.0794736  0.788119  0.631068  
0.0353447  0.868609  0.521129  
0.0242028  0.934046  0.373628  
0.0102569  0.98288  0.190506  
0.000581291  1.09537  0.0013511  
3.47377  0.000343028  0.00296037  
0.977861  0.0232723  0.210005  
0.903208  0.0467339  0.430566  
0.814583  0.0620257  0.578036  
0.708816  0.0728087  0.70244  
0.625074  0.0850064  0.778077  
0.555575  0.0639291  0.8334  
0.493143  0.0879692  0.870857  
0.447158  0.110862  0.893032  
0.405293  0.117279  0.910822  
0.369612  0.119536  0.923429  
0.328757  0.124668  0.93677  
0.314409  0.124094  0.942311  
0.289011  0.131409  0.949257  
0.260578  0.145751  0.957866  
0.254415  0.149246  0.958525  
0.237872  0.135605  0.962853  
0.223842  0.125636  0.967659  
0.21541  0.11539  0.970905  
0.20514  0.124667  0.973024  
0.1923  0.195011  0.969183  
0.175099  0.202834  0.97298  
0.175099  0.202834  0.97298  
0.169578  0.195183  0.974262  
0.161824  0.184439  0.977786  
0.14598  0.181037  0.981261  
0.14598  0.181037  0.981261  
0.136652  0.187732  0.982907  
0.136652  0.187732  0.982907  
0.131597  0.297264  0.984483  
0.129137  0.351783  0.986454  
0.126694  0.368574  0.987198  
0.11865  0.324464  0.988495  
0.0771846  0.525566  0.864759  
0.0771846  0.525566  0.864759  
0.063373  0.625485  0.793993  
0.0798488  0.718342  0.720663  
0.0203621  0.801262  0.600858  
0.0449019  0.902689  0.452696  
0.0136723  0.971265  0.241775  
0.000581291  1.09537  0.0013511  
3.47377  0.000343028  0.00296037  
0.977861  0.0232723  0.210005  
0.856518  0.0356881  0.5169  
0.71489  0.0503833  0.700828  
0.592292  0.0592638  0.807782  
0.513186  0.0608645  0.857767  
0.448336  0.0636596  0.895921  
0.392704  0.0682537  0.919696  
0.349815  0.0671141  0.937109  
0.313203  0.0811071  0.947776  
0.281589  0.0805717  0.958943  
0.262245  0.0867249  0.962445  
0.236822  0.0984634  0.969285  
0.220308  0.097529  0.971381  
0.208513  0.0893879  0.97455  
0.187656  0.110996  0.976824  
0.178796  0.106766  0.979266  
0.170944  0.104916  0.98175  
0.159829  0.0940586  0.983452  
0.15379  0.0853021  0.985382  
0.146392  0.0804758  0.986859  
0.140241  0.0826866  0.9874  
0.126604  0.133295  0.988559  
0.126604  0.133295  0.988559  
0.120469  0.155103  0.990346  
0.117827  0.124331  0.990987  
0.1073  0.197697  0.990686  
0.1073  0.197697  0.990686  
0.105862  0.131193  0.9915  
0.101706  0.202365  0.992285  
0.09896  0.116854  0.992857  
0.0953507  0.116207  0.993075  
0.0923609  0.0993724  0.993877  
0.0893417  0.146487  0.994758  
0.0869737  0.0974351  0.995326  
0.0843537  0.157622  0.995345  
0.0771846  0.525566  0.864759  
0.063373  0.625485  0.793993  
0.0536159  0.721817  0.701309  
0.0400528  0.838883  0.552073  
0.0121629  0.955487  0.300184  
0.000581291  1.09537  0.0013511  
3.5397  0.000355748  0.00266118  
0.977861  0.0232723  0.210005  
0.778811  0.0192773  0.774059  
0.572999  0.0240806  0.882538  
0.391446  0.0475777  0.921485  
0.369756  0.0207837  0.952767  
0.298295  0.0513574  0.95445  
0.276274  0.0503034  0.961918  
0.213053  0.0532992  0.977322  
0.213053  0.0532992  0.977322  
0.196159  0.0513723  0.981276  
0.177974  0.0630198  0.983118  
0.154287  0.0618076  0.986688  
0.150584  0.0597337  0.987537  
0.140796  0.0654941  0.988827  
0.131476  0.0650945  0.990491  
0.122281  0.0627528  0.990852  
0.114584  0.0704128  0.9919  
0.110364  0.0606387  0.992851  
0.103984  0.0601451  0.993515  
0.0973508  0.053373  0.994406  
0.0904702  0.0500397  0.995185  
0.0904702  0.0500397  0.995185  
0.086025  0.0464453  0.995354  
0.0825778  0.0488491  0.99602  
0.0762757  0.116516  0.996433  
0.0762757  0.116516  0.996433  
0.0725236  0.111801  0.996862  
0.0706993  0.115216  0.997026  
0.0650788  0.0361479  0.997591  
0.0650788  0.0361479  0.997591  
0.0636558  0.0725854  0.997703  
0.062226  0.0657689  0.99772  
0.0600678  0.063126  0.997929  
0.0579861  0.0260002  0.998198  
0.0545187  0.0580589  0.998349  
0.0545187  0.0580589  0.998349  
0.052194  0.0770872  0.998575  
0.052194  0.0770872  0.998575  
0.0512236  0.0208423  0.998636  
0.0248492  0.734303  0.692315  
0.00533257  0.909757  0.457323  
0.000581291  1.09537  0.0013511  
3.5397  0.000355748  0.00266118  
0.76563  0.010999  0.780026  
0.465365  0.0195356  0.929136  
0.318311  0.0235321  0.967164  
0.240063  0.0188705  0.982093  
0.18691  0.0165664  0.992858  
0.132464  0.0246321  0.994695  
0.132464  0.0246321  0.994695  
0.111613  0.0246321  0.995997  
0.0803084  0.0285726  0.997006  
0.0860468  0.0289949  0.99613  
0.0860468  0.0289949  0.99613  
0.0806479  0.0308153  0.996442  
0.0753112  0.0305362  0.99686  
0.0700966  0.0263761  0.997357  
0.0631992  0.0289423  0.997765  
0.0593225  0.0262844  0.998162  
0.0579861  0.0260002  0.998198  
0.0548111  0.0241738  0.99835  
0.0521661  0.0218296  0.998437  
0.0473305  0.0243477  0.99873  
0.0473305  0.0243477  0.99873  
0.0446554  0.0216419  0.998889  
0.0433324  0.0221641  0.999009  
0.0413253  0.016745  0.999071  
0.0385256  0.0178528  0.999243  
0.0374353  0.0157959  0.999268  
0.0367421  0.0161936  0.999393  
0.0345446  0.0179598  0.999414  
0.0340548  0.0601926  0.999424  
0.029373  0.018305  0.999566  
0.029373  0.018305  0.999566  
0.0312706  0.0861073  0.999501  
0.029373  0.018305  0.999566  
0.029373  0.018305  0.999566  
0.0283209  0.030877  0.999601  
0.0265105  0.00932394  0.999647  
0.0265105  0.00932394  0.999647  
0.0260231  0.161246  0.99983  
0.0226374  0.0884437  0.999883  
0.0226374  0.0884437  0.999883  
0.0226374  0.0884437  0.999883  
0.00664413  0.738908  0.690357  
0.000581291  1.09537  0.0013511  
1.68756  0.000103262  0.653482  
0.0140107  0.000447332  1.00045  
0.00953005  0.000592641  1.00057  
0.00914927  0.000592641  1.00057  
0.00829448  0.000720759  1.00058  
0.00829448  0.000720759  1.00058  
0.00715025  0.0010922  1.00041  
0.00715025  0.0010922  1.00041  
0.00715025  0.0010922  1.00041  
0.00715025  0.0010922  1.00041  
0.00715025  0.0010922  1.00041  
0.00715025  0.0010922  1.00041  
0.00715025  0.0010922  1.00041  
0.00715025  0.0010922  1.00041  
0.00715025  0.0010922  1.00041  
0.00715025  0.0010922  1.00041  
0.00715025  0.0010922  1.00041  
0.00715025  0.0010922  1.00041  
0.00715025  0.0010922  1.00041  
0.00715025  0.0010922  1.00041  
0.00715025  0.0010922  1.00041  
0.00715025  0.0010922  1.00041  
0.00715025  0.0010922  1.00041  
0.00715025  0.0010922  1.00041  
0.00715025  0.0010922  1.00041  
0.00715025  0.0010922  1.00041  
0.00715025  0.0010922  1.00041  
0.00715025  0.0010922  1.00041  
0.00715025  0.0010922  1.00041  
0.00715025  0.0010922  1.00041  
0.00715025  0.0010922  1.00041  
0.00715025  0.0010922  1.00041  
0.00715025  0.0010922  1.00041  
0.00715025  0.0010922  1.00041  
0.00715025  0.0010922  1.00041  
0.00715025  0.0010922  1.00041  
0.00384498  0.0286414  1.00066  
0.00384498  0.0286414  1.00066  
0.00384498  0.0286414  1.00066  
0.00384498  0.0286414  1.00066  
0.00384498  0.0286414  1.00066  
0.00384498  0.0286414  1.00066  
0.00161973  0.0612704  1.00256  
0.00161973  0.0612704  1.00256  
0.000581291  1.09537  0.0013511  
