0.99495  0.024345  
0.994951  0.024346  
0.99495  0.024345  
0.994951  0.024346  
0.994951  0.024346  
0.994951  0.024346  
0.994951  0.024346  
0.998442  0.0917019  
0.998442  0.0917019  
0.998444  0.091704  
0.998444  0.091704  
0.998444  0.091704  
0.998442  0.0917019  
0.998444  0.091704  
0.998442  0.0917019  
0.998444  0.091704  
0.998444  0.091704  
0.999877  0.0936791  
0.999877  0.0936791  
0.99887  0.156601  
0.99887  0.156601  
0.99887  0.156601  
0.99887  0.156601  
0.99887  0.156601  
0.99887  0.156601  
0.99887  0.156601  
0.99887  0.156601  
0.99887  0.156601  
0.995952  0.218815  
0.995952  0.218815  
0.995952  0.218815  
0.995952  0.218815  
0.995952  0.218815  
0.995952  0.218815  
0.995952  0.218815  
0.995952  0.218815  
0.998547  0.222379  
0.991345  0.280809  
0.991345  0.280809  
0.991345  0.280809  
0.991345  0.280809  
0.991345  0.280809  
0.991345  0.280809  
0.991345  0.280809  
0.991345  0.280809  
0.991345  0.280809  
0.991345  0.280809  
0.991345  0.280809  
0.961498  0.310306  
0.961498  0.310306  
0.961498  0.310306  
0.961498  0.310306  
0.961498  0.310306  
0.930657  0.341264  
0.930657  0.341264  
0.930657  0.341264  
0.888502  0.359361  
0.890714  0.362554  
0.888502  0.359361  
0.895314  0.369198  
0.895314  0.369198  
0.851428  0.387503  
0.851428  0.387503  
0.851428  0.387503  
0.851428  0.387503  
0.851428  0.387503  
0.851428  0.387503  
0.815241  0.420404  
0.817598  0.424461  
0.817598  0.424461  
0.817054  0.422982  
0.817054  0.422982  
0.772603  0.44991  
0.772603  0.44991  
0.778036  0.457534  
0.778036  0.457534  
0.728306  0.480559  
0.728306  0.480559  
0.728306  0.480559  
0.728306  0.480559  
0.728305  0.480559  
0.728305  0.480559  
0.728305  0.480559  
0.680198  0.51274  
0.680199  0.512739  
0.680199  0.512739  
0.680196  0.51274  
0.680198  0.51274  
0.680196  0.51274  
0.627939  0.546448  
0.627939  0.546448  
0.627939  0.546448  
0.627939  0.546448  
0.627937  0.546448  
0.627937  0.546448  
0.627937  0.546448  
0.627937  0.546448  
0.627937  0.546448  
0.585522  0.601136  
0.585522  0.601136  
0.585522  0.601136  
0.583912  0.602447  
0.583911  0.602448  
0.583911  0.602448  
0.583912  0.602447  
0.523566  0.643176  
0.523566  0.643176  
0.523566  0.643176  
0.52353  0.643234  
0.523566  0.643176  
0.523341  0.643673  
0.523341  0.643673  
0.523341  0.643673  
0.443934  0.679191  
0.443934  0.679191  
0.443934  0.679191  
0.443934  0.679191  
0.443934  0.679191  
0.443934  0.679191  
0.443934  0.679191  
0.443934  0.679191  
0.443934  0.679191  
0.443934  0.679191  
0.443934  0.679191  
0.443934  0.679191  
0.367399  0.744394  
0.367399  0.744394  
0.367399  0.744394  
0.367399  0.744394  
0.367399  0.744394  
0.367399  0.744394  
0.367399  0.744394  
0.367399  0.744394  
0.367399  0.744394  
0.366938  0.744692  
0.366938  0.744692  
0.366938  0.744692  
0.366938  0.744692  
0.259865  0.819525  
0.259703  0.819284  
0.259865  0.819525  
0.26047  0.820662  
0.259421  0.818861  
0.260043  0.819544  
0.259908  0.81949  
0.259703  0.819284  
0.259908  0.81949  
0.259865  0.819525  
0.260418  0.820056  
0.258923  0.818264  
0.260043  0.819544  
0.260135  0.819633  
0.259421  0.818861  
0.259865  0.819525  
0.259781  0.819839  
0.258923  0.818264  
0.257258  0.933551  
0.251198  0.940018  
0.244125  0.945597  
0.23884  0.950541  
0.230125  0.955652  
0.224592  0.958529  
0.219266  0.96263  
0.212499  0.964476  
0.202507  0.967949  
0.198237  0.969767  
0.191655  0.971461  
0.185784  0.972932  
0.17927  0.974766  
0.172965  0.976332  
0.166016  0.978312  
0.159017  0.97944  
0.150372  0.980713  
0.147229  0.981635  
0.139031  0.982544  
0.134448  0.983539  
0.126109  0.984527  
0.121385  0.985439  
0.116027  0.986079  
0.110242  0.986794  
0.0994618  0.988243  
0.09389  0.989578  
0.0901473  0.989592  
0.0848474  0.989956  
0.0795476  0.990562  
0.0726907  0.991866  
0.069203  0.992346  
0.063724  0.992621  
0.052766  0.994464  
0.0507747  0.994516  
0.0467922  0.994843  
0.0388272  0.996619  
0.0236585  0.99729  
0.0236585  0.99729  
0.0236585  0.99729  
0.0203532  0.997713  
0.0108269  0.998981  
4.323e-009  1  
4.323e-009  1  
4.323e-009  1  
