1.21843  0.000969258  4.88453e-005  
1.21843  0.000969258  4.88453e-005  
0.000201588  2.24454  0.000139456  
1.21843  0.000969258  4.88453e-005  
0.728642  0.727558  0.0150627  
0.000201588  2.24454  0.000139456  
1.21843  0.000969258  4.88453e-005  
1.02291  0.214805  0.0226832  
0.0874034  1.00366  0.0235557  
0.000201588  2.24454  0.000139456  
1.21843  0.000969258  4.88453e-005  
1.02125  0.214889  0.023274  
0.722026  0.721905  0.033225  
0.0845331  1.00313  0.0246821  
0.000200907  2.23818  0.000159974  
1.21843  0.000969258  4.88453e-005  
1.02125  0.214889  0.023274  
0.890154  0.544009  0.0372337  
0.540922  0.889943  0.0269045  
0.0845331  1.00313  0.0246821  
0.000200907  2.23818  0.000159974  
1.21854  0.000629379  3.75326e-005  
1.00581  0.110817  0.0278996  
1.00178  0.0755476  0.0418946  
0.722026  0.721905  0.033225  
0.0519299  1.00014  0.0482127  
0.0845331  1.00313  0.0246821  
0.000200907  2.23818  0.000159974  
1.21854  0.000629379  3.75326e-005  
1.00581  0.110817  0.0278996  
1.00178  0.0755476  0.0418946  
0.890154  0.544009  0.0372337  
0.528741  0.881204  0.057546  
0.0519299  1.00014  0.0482127  
0.0609863  1.00142  0.0268932  
0.000200907  2.23818  0.000159974  
1.21854  0.000629379  3.75326e-005  
1.00581  0.110817  0.0278996  
1.00178  0.0755476  0.0418946  
0.891016  0.543926  0.0369188  
0.717142  0.71715  0.0796975  
0.528741  0.881204  0.057546  
0.0519299  1.00014  0.0482127  
0.0609863  1.00142  0.0268932  
0.000362527  2.23477  0.000282405  
1.21869  0.00036667  6.43556e-005  
1.00581  0.110817  0.0278996  
1.00178  0.0755476  0.0418946  
1.00178  0.0755476  0.0418946  
0.711026  0.710754  0.0881422  
0.526464  0.878384  0.0966819  
0.0658123  0.999242  0.074346  
0.0519299  1.00014  0.0482127  
0.0609942  1.00141  0.0280976  
0.000362527  2.23477  0.000282405  
1.21869  0.00036667  6.43556e-005  
1.00548  0.109805  0.0291209  
1.00178  0.0755476  0.0418946  
1.00178  0.0755476  0.0418946  
0.890154  0.544009  0.0372337  
0.711026  0.710754  0.0881422  
0.52271  0.875954  0.10155  
0.0754228  0.999089  0.0863528  
0.0519299  1.00014  0.0482127  
0.0596564  1.0013  0.0291169  
0.000362527  2.23477  0.000282405  
1.21869  0.00036667  6.43556e-005  
1.00548  0.109805  0.0291209  
1.00178  0.0755476  0.0418946  
1.00178  0.0755476  0.0418946  
0.879292  0.526579  0.108253  
0.711026  0.710754  0.0881422  
0.711353  0.711494  0.0865483  
0.52223  0.876762  0.101275  
0.0774741  0.998918  0.0891292  
0.0575583  0.999884  0.0604998  
0.0596564  1.0013  0.0291169  
0.000362527  2.23477  0.000282405  
1.21869  0.00036667  6.43556e-005  
1.00548  0.109805  0.0291209  
1.00178  0.0755476  0.0418946  
1.00178  0.0755476  0.0418946  
0.999094  0.114143  0.124785  
0.873444  0.520117  0.132887  
0.711026  0.710754  0.0881422  
0.524884  0.874102  0.136517  
0.0861572  0.996239  0.122429  
0.0774741  0.998918  0.0891292  
0.0581809  0.99977  0.0610035  
0.0586648  1.00125  0.0309046  
0.000362527  2.23477  0.000282405  
1.21869  0.00036667  6.43556e-005  
1.21631  0.024244  0.0392181  
1.00178  0.0755476  0.0418946  
1.00178  0.0755476  0.0418946  
0.999094  0.114143  0.124785  
0.873444  0.520117  0.132887  
0.711026  0.710754  0.0881422  
0.711026  0.710754  0.0881422  
0.524884  0.874102  0.136517  
0.0861572  0.996239  0.122429  
0.0774741  0.998918  0.0891292  
0.0581809  0.99977  0.0610035  
0.0569497  1.00112  0.0321689  
0.000362527  2.23477  0.000282405  
1.21869  0.00036667  6.43556e-005  
1.21631  0.024244  0.0392717  
1.00178  0.0755476  0.0418946  
1.00048  0.0999232  0.0943215  
0.998878  0.119138  0.129449  
0.873594  0.520036  0.124546  
0.872051  0.525168  0.160485  
0.711026  0.710754  0.0881422  
0.524884  0.874102  0.136517  
0.52223  0.876762  0.101275  
0.0914737  0.996125  0.128981  
0.0712637  0.997637  0.0976894  
0.0581809  0.99977  0.0610035  
0.0569497  1.00112  0.0321689  
0.000353833  2.21327  0.000333733  
1.21869  0.00036667  6.43556e-005  
1.00178  0.0755476  0.0418946  
1.00178  0.0755476  0.0418946  
1.00048  0.0999232  0.0943215  
0.998878  0.119138  0.129449  
0.99409  0.133012  0.169695  
0.872051  0.525168  0.160485  
0.711026  0.710754  0.0881422  
0.711026  0.710754  0.0881422  
0.524884  0.874102  0.136517  
0.121595  0.993991  0.163084  
0.0965967  0.995552  0.137121  
0.0712637  0.997637  0.0976894  
0.0581809  0.99977  0.0610035  
0.0569497  1.00112  0.0321689  
0.000353833  2.21327  0.000333733  
1.21869  0.00036667  6.43556e-005  
1.00178  0.0755476  0.0418946  
1.00178  0.0755476  0.0418946  
0.998876  0.0983264  0.107044  
0.998876  0.0991975  0.109077  
0.991583  0.11849  0.17306  
0.873444  0.520117  0.132887  
0.872051  0.525168  0.160485  
0.711026  0.710754  0.0881422  
0.524647  0.866178  0.217362  
0.524884  0.874102  0.136517  
0.124289  0.992327  0.17468  
0.100449  0.995168  0.138712  
0.0800888  0.997572  0.104031  
0.0575583  0.999884  0.0604998  
0.0537255  1.00084  0.0346182  
0.000349155  2.20907  0.000359524  
1.21911  6.26508e-005  0.000232381  
1.0012  0.0663147  0.0393208  
1.00178  0.0755476  0.0418946  
0.998876  0.0991975  0.109077  
0.994495  0.103848  0.145207  
0.991583  0.11849  0.17306  
0.873594  0.520036  0.124546  
0.872051  0.525168  0.160485  
0.711353  0.711494  0.0865483  
0.711131  0.71218  0.181467  
0.522399  0.864146  0.218798  
0.522545  0.876183  0.0949786  
0.124289  0.992327  0.17468  
0.109887  0.995007  0.14665  
0.0796144  0.997264  0.110522  
0.0663475  0.999498  0.0719501  
0.0523129  1.00077  0.036179  
0.000349155  2.20907  0.000359524  
1.21911  6.26508e-005  0.000232381  
1.21564  0.00438368  0.0455977  
1.00178  0.0755476  0.0418946  
0.998876  0.0988783  0.107044  
0.994495  0.103848  0.145207  
0.986532  0.0963246  0.188914  
0.982458  0.126202  0.227205  
0.872051  0.525168  0.160485  
0.687921  0.687838  0.257302  
0.711353  0.711494  0.0865483  
0.687539  0.687853  0.257636  
0.522399  0.864146  0.218798  
0.165178  0.98814  0.227345  
0.141344  0.991612  0.188409  
0.112338  0.994718  0.151304  
0.0821127  0.996931  0.112375  
0.0676307  0.999271  0.0766773  
0.0523129  1.00077  0.036179  
0.000349155  2.20907  0.000359524  
1.21911  6.26508e-005  0.000232381  
1.21564  0.00438368  0.0455977  
1.00178  0.0755476  0.0418946  
0.997934  0.0975388  0.119461  
0.994324  0.112586  0.155555  
0.986532  0.0963246  0.188914  
0.982458  0.126202  0.227205  
0.873594  0.520036  0.124546  
0.847927  0.506253  0.276451  
0.687921  0.687838  0.257302  
0.687539  0.687853  0.257636  
0.515996  0.852651  0.272486  
0.521602  0.863596  0.235942  
0.178551  0.987041  0.235156  
0.146211  0.990903  0.197124  
0.116193  0.994388  0.157895  
0.0871089  0.996701  0.116711  
0.0676307  0.999271  0.0766773  
0.0469619  1.00034  0.0391964  
0.000392404  1.40062  0.0003909  
1.21911  7.31199e-005  0.000232385  
1.21564  0.00438368  0.0455977  
1.00032  0.0837193  0.0812644  
0.997934  0.0975388  0.119461  
0.994165  0.121849  0.165307  
0.986532  0.0963246  0.188914  
0.975625  0.108826  0.243329  
0.847927  0.506253  0.276451  
0.847927  0.506253  0.276451  
0.687492  0.686835  0.292251  
0.687539  0.687853  0.257636  
0.68673  0.68779  0.307479  
0.513344  0.850581  0.275406  
0.513344  0.850581  0.275406  
0.182351  0.986162  0.241238  
0.150227  0.990145  0.201376  
0.121595  0.993991  0.163084  
0.0861572  0.996239  0.122429  
0.0670824  0.999112  0.0813666  
0.0479319  1.00032  0.0400478  
0.000392404  1.40062  0.0003909  
1.21911  7.31199e-005  0.000232385  
1.21564  0.00438368  0.0455977  
1.00032  0.0837193  0.0812644  
0.997934  0.0975388  0.119461  
0.99409  0.133012  0.169695  
0.981856  0.100763  0.21424  
0.974604  0.114907  0.252609  
0.964298  0.117583  0.291748  
0.846095  0.506417  0.287235  
0.846095  0.506417  0.287235  
0.687492  0.686835  0.292251  
0.68673  0.68779  0.307479  
0.506916  0.840668  0.314708  
0.513344  0.850581  0.275406  
0.212493  0.977657  0.294657  
0.184995  0.985091  0.250609  
0.159602  0.988989  0.213181  
0.12439  0.99356  0.170867  
0.0914737  0.996125  0.128981  
0.0670824  0.999112  0.0813666  
0.0479319  1.00032  0.0400478  
0.000392404  1.40062  0.0003909  
1.21911  7.31864e-005  0.000232384  
1.21562  0.0380683  0.0549465  
1.00032  0.0837193  0.0812644  
0.997934  0.0975388  0.119461  
0.989203  0.0966821  0.174938  
0.981192  0.110543  0.220573  
0.972547  0.123744  0.261967  
0.962811  0.130871  0.300265  
0.847927  0.506253  0.276451  
0.837575  0.512479  0.342849  
0.685082  0.686301  0.373752  
0.686949  0.686836  0.293177  
0.685082  0.686301  0.373752  
0.510403  0.839977  0.33797  
0.506916  0.840668  0.314708  
0.220887  0.976397  0.303746  
0.190385  0.982137  0.264721  
0.163014  0.988635  0.222419  
0.124289  0.992327  0.17468  
0.100138  0.995755  0.13414  
0.0774797  0.999004  0.0908249  
0.0469619  1.00034  0.0391964  
0.000392404  1.40062  0.0003909  
1.21911  7.31864e-005  0.000232384  
1.21527  0.0235481  0.057505  
1.00032  0.0837193  0.0812644  
0.997934  0.0975388  0.119461  
0.988705  0.108599  0.185505  
0.979318  0.113187  0.2303  
0.969759  0.108685  0.265916  
0.956868  0.126832  0.315317  
0.941884  0.118599  0.356789  
0.835408  0.514188  0.356034  
0.828809  0.514848  0.393009  
0.684194  0.686215  0.381454  
0.684194  0.686215  0.381454  
0.51201  0.834985  0.36166  
0.510403  0.839977  0.33797  
0.506916  0.840668  0.314708  
0.235939  0.974693  0.324069  
0.204755  0.980677  0.27996  
0.167989  0.987209  0.233936  
0.141344  0.991612  0.188409  
0.100449  0.995168  0.138712  
0.0674423  0.998242  0.0912187  
0.0469619  1.00034  0.0391964  
0.000392404  1.40062  0.0003909  
1.21911  7.31199e-005  0.000232385  
1.21527  0.0235481  0.057505  
1.00032  0.0837193  0.0812644  
0.995012  0.105944  0.145184  
0.986532  0.0963246  0.188914  
0.975625  0.108826  0.243329  
0.968079  0.136108  0.284416  
0.952948  0.123904  0.326946  
0.940291  0.130363  0.366222  
0.846095  0.506417  0.287235  
0.822725  0.510265  0.404138  
0.685962  0.68415  0.393608  
0.683153  0.685673  0.396308  
0.6823  0.68547  0.42763  
0.51201  0.834985  0.36166  
0.506916  0.840668  0.314708  
0.280893  0.962793  0.383379  
0.244928  0.97054  0.337592  
0.201425  0.978687  0.286439  
0.183442  0.985255  0.246066  
0.141344  0.991612  0.188409  
0.106877  0.994753  0.148194  
0.0712637  0.997637  0.0976894  
0.0469619  1.00034  0.0391964  
0.000347271  1.40075  0.000394016  
1.21911  7.31199e-005  0.000232385  
1.21527  0.0235481  0.057505  
1.00032  0.0837193  0.0812644  
0.995012  0.105944  0.145184  
0.986532  0.0963246  0.188914  
0.974604  0.114907  0.252609  
0.962811  0.130871  0.300265  
0.948365  0.146367  0.34812  
0.935025  0.159317  0.388145  
0.847927  0.506253  0.276451  
0.817067  0.509768  0.427619  
0.817067  0.509768  0.427619  
0.685962  0.68415  0.393608  
0.682248  0.685337  0.464916  
0.535409  0.819482  0.467188  
0.530468  0.83033  0.425104  
0.506916  0.840668  0.314708  
0.285572  0.958799  0.396032  
0.244264  0.968485  0.344283  
0.220887  0.976397  0.303746  
0.180195  0.983997  0.256229  
0.150227  0.990145  0.201376  
0.118966  0.994521  0.156024  
0.0776929  0.997582  0.104229  
0.0469619  1.00034  0.0391964  
0.000326498  1.40089  0.000408418  
1.21911  7.31199e-005  0.000232385  
1.21481  0.0296762  0.0670651  
1.00178  0.0755476  0.0418946  
0.992885  0.114059  0.164882  
0.98165  0.100875  0.21529  
0.969759  0.108685  0.265916  
0.955941  0.119476  0.317576  
0.940774  0.125933  0.361461  
0.923837  0.141108  0.409786  
0.905405  0.13865  0.447497  
0.817067  0.509768  0.427619  
0.817067  0.509768  0.427619  
0.685962  0.68415  0.393608  
0.682248  0.685337  0.464916  
0.681871  0.685664  0.471167  
0.535409  0.819482  0.467188  
0.51201  0.834985  0.36166  
0.330758  0.939885  0.470263  
0.295996  0.952883  0.417192  
0.261281  0.964339  0.368294  
0.235939  0.974693  0.324069  
0.190385  0.982137  0.264721  
0.158117  0.988762  0.21778  
0.112156  0.993985  0.157603  
0.077225  0.997623  0.104349  
0.0469619  1.00034  0.0391964  
0.000326498  1.40089  0.000408418  
1.21911  7.31199e-005  0.000232385  
1.21439  0.0271544  0.0711045  
1.00178  0.0755476  0.0418946  
0.990936  0.104679  0.171061  
0.979318  0.113187  0.2303  
0.965419  0.101861  0.280113  
0.9526  0.13502  0.334045  
0.933709  0.118099  0.378503  
0.915493  0.117253  0.418366  
0.88608  0.0984434  0.473082  
0.847927  0.506253  0.276451  
0.803275  0.521056  0.501485  
0.790755  0.531641  0.566083  
0.685637  0.682969  0.561462  
0.680797  0.68561  0.543724  
0.567203  0.810693  0.562061  
0.55707  0.81663  0.519968  
0.506916  0.840668  0.314708  
0.34824  0.93427  0.495603  
0.31432  0.949098  0.442477  
0.27701  0.958144  0.392389  
0.237458  0.969793  0.340007  
0.201425  0.978687  0.286439  
0.166454  0.987686  0.230125  
0.112156  0.993985  0.157603  
0.077225  0.997623  0.104349  
0.0217559  1.21574  0.0547132  
0.000326498  1.40089  0.000408418  
1.21911  7.31199e-005  0.000232385  
1.21439  0.0271544  0.0711045  
1.00178  0.0755476  0.0418946  
0.988959  0.11286  0.184236  
0.977847  0.122819  0.243018  
0.962811  0.130871  0.300265  
0.943383  0.116076  0.352144  
0.9185  0.0967611  0.40629  
0.905405  0.13865  0.447497  
0.878622  0.101143  0.488802  
0.852384  0.128084  0.537683  
0.803275  0.521056  0.501485  
0.790755  0.531641  0.566083  
0.774975  0.542058  0.632374  
0.681833  0.681098  0.579934  
0.680797  0.68561  0.543724  
0.563717  0.802479  0.595295  
0.535409  0.819482  0.467188  
0.388122  0.910003  0.559794  
0.351003  0.924861  0.519615  
0.330758  0.939885  0.470263  
0.296193  0.953373  0.415964  
0.261205  0.965895  0.362835  
0.212085  0.978081  0.30163  
0.163014  0.988635  0.222419  
0.112156  0.993985  0.157603  
0.0740143  0.997732  0.100743  
0.0255087  1.21408  0.0737186  
0.000326498  1.40089  0.000408418  
1.21911  7.31199e-005  0.000232385  
1.21439  0.0243796  0.0809474  
1.00227  0.0748973  0.0314285  
0.987897  0.110237  0.189309  
0.973175  0.117227  0.257702  
0.955941  0.119476  0.317576  
0.938952  0.100986  0.358783  
0.914936  0.118739  0.421308  
0.88608  0.0984434  0.473082  
0.86751  0.148907  0.519846  
0.840067  0.111508  0.554681  
0.815915  0.144195  0.596507  
0.786601  0.127869  0.630985  
0.756303  0.525162  0.65119  
0.685632  0.675824  0.643239  
0.68055  0.685767  0.644956  
0.595948  0.789022  0.671588  
0.563717  0.802479  0.595295  
0.51201  0.834985  0.36166  
0.411661  0.901775  0.599931  
0.392495  0.917835  0.549961  
0.34824  0.93427  0.495603  
0.300938  0.951517  0.430473  
0.243397  0.968251  0.352246  
0.201425  0.978687  0.286439  
0.158117  0.988762  0.21778  
0.112156  0.993985  0.157603  
0.0674423  0.998242  0.0912187  
0.027164  1.21377  0.0787929  
0.000326498  1.40089  0.000408418  
1.21911  7.31199e-005  0.000232385  
1.21439  0.0243796  0.0809474  
1.00227  0.0748973  0.0314285  
0.988705  0.108599  0.185505  
0.969759  0.108685  0.265916  
0.951075  0.135154  0.339389  
0.929024  0.122574  0.391123  
0.905405  0.13865  0.447497  
0.874403  0.127004  0.500557  
0.852384  0.128084  0.537683  
0.824249  0.151463  0.586311  
0.799832  0.181703  0.627959  
0.778421  0.164609  0.649821  
0.740571  0.536733  0.691182  
0.717928  0.163345  0.713709  
0.681833  0.681098  0.579934  
0.635154  0.428465  0.756923  
0.595336  0.784009  0.706149  
0.549477  0.823148  0.482877  
0.462736  0.860469  0.682024  
0.433244  0.887234  0.625512  
0.388935  0.907846  0.568987  
0.338855  0.939056  0.487402  
0.2884  0.955732  0.416801  
0.240382  0.969185  0.345629  
0.193162  0.98182  0.272972  
0.150227  0.990145  0.201376  
0.106877  0.994753  0.148194  
0.0674423  0.998242  0.0912187  
0.027164  1.21377  0.0787929  
0.000326498  1.40089  0.000408418  
1.21911  7.31199e-005  0.000232385  
1.21259  0.03129  0.088886  
1.0012  0.0663147  0.0393208  
0.98165  0.100875  0.21529  
0.965419  0.101861  0.280113  
0.938952  0.100986  0.358783  
0.914936  0.118739  0.421308  
0.88608  0.0984434  0.473082  
0.859617  0.12493  0.524831  
0.829663  0.145173  0.576748  
0.802176  0.166785  0.620399  
0.778421  0.164609  0.649821  
0.746255  0.155361  0.683944  
0.717928  0.163345  0.713709  
0.688422  0.16902  0.743777  
0.635154  0.428465  0.756923  
0.63073  0.424915  0.757359  
0.537804  0.683925  0.788361  
0.537804  0.683925  0.788361  
0.51201  0.834985  0.36166  
0.462736  0.860469  0.682024  
0.416004  0.891474  0.611152  
0.364103  0.923019  0.530388  
0.327429  0.941221  0.472209  
0.27701  0.958144  0.392389  
0.232265  0.973741  0.32543  
0.180195  0.983997  0.256229  
0.144968  0.990034  0.202424  
0.104307  0.994927  0.145717  
0.0674423  0.998242  0.0912187  
0.027647  1.21332  0.0871222  
0.000326498  1.40089  0.000408418  
1.21911  7.33195e-005  0.000232382  
1.21112  0.0021557  0.0997941  
1.0012  0.0663147  0.0393208  
0.989203  0.0966821  0.174938  
0.955941  0.119476  0.317576  
0.933709  0.118099  0.378503  
0.905405  0.13865  0.447497  
0.874403  0.127004  0.500557  
0.840067  0.111508  0.554681  
0.813082  0.166458  0.606725  
0.778693  0.155116  0.647549  
0.746255  0.155361  0.683944  
0.717928  0.163345  0.713709  
0.688422  0.16902  0.743777  
0.635154  0.428465  0.756923  
0.611947  0.431057  0.7839  
0.590273  0.585671  0.788789  
0.550597  0.542638  0.80453  
0.537804  0.683925  0.788361  
0.51961  0.647746  0.822028  
0.474283  0.828681  0.832117  
0.451238  0.878401  0.779393  
0.411661  0.901775  0.599931  
0.347492  0.926303  0.514947  
0.31497  0.947599  0.450511  
0.268451  0.961965  0.382561  
0.223564  0.974808  0.319547  
0.180195  0.983997  0.256229  
0.141095  0.990634  0.195244  
0.100449  0.995168  0.138712  
0.0654764  0.998673  0.083712  
0.0297416  1.2125  0.094873  
0.000326498  1.40089  0.000408418  
1.21911  7.33195e-005  0.000232382  
1.21112  0.0021557  0.0997941  
1.0012  0.0663147  0.0393208  
0.973752  0.0973974  0.248841  
0.953209  0.126867  0.328424  
0.9185  0.0967611  0.40629  
0.885765  0.137324  0.483187  
0.852384  0.128084  0.537683  
0.817521  0.154176  0.594781  
0.781199  0.144143  0.641318  
0.746255  0.155361  0.683944  
0.717928  0.163345  0.713709  
0.685491  0.166793  0.747355  
0.63073  0.424915  0.757359  
0.611947  0.431057  0.7839  
0.573166  0.377718  0.790189  
0.552864  0.365124  0.805536  
0.52517  0.334724  0.818489  
0.502979  0.316745  0.831628  
0.477089  0.28643  0.842256  
0.466247  0.460543  0.852558  
0.433159  0.435308  0.854501  
0.433159  0.435308  0.854501  
0.393641  0.907145  0.577723  
0.347492  0.926303  0.514947  
0.304431  0.949357  0.439811  
0.25322  0.965673  0.365959  
0.216977  0.976847  0.301115  
0.171548  0.986558  0.23418  
0.131307  0.992877  0.177555  
0.0955348  0.99567  0.133219  
0.0643998  0.999362  0.0725785  
0.0171079  1.21062  0.108389  
0.000326498  1.40089  0.000408418  
1.21911  7.33195e-005  0.000232382  
1.20992  0.0349667  0.112278  
1.0012  0.0663147  0.0393208  
0.989203  0.0966821  0.174938  
0.938952  0.100986  0.358783  
0.905405  0.13865  0.447497  
0.871575  0.167178  0.516455  
0.829663  0.145173  0.576748  
0.791154  0.144122  0.628355  
0.755137  0.132355  0.669701  
0.717928  0.163345  0.713709  
0.682178  0.177606  0.751302  
0.65647  0.137592  0.767411  
0.576439  0.379548  0.790673  
0.573166  0.377718  0.790189  
0.542208  0.359385  0.817372  
0.516399  0.330317  0.825516  
0.477089  0.28643  0.842256  
0.466247  0.460543  0.852558  
0.433159  0.435308  0.854501  
0.433159  0.435308  0.854501  
0.361937  0.495525  0.883657  
0.367028  0.680679  0.883079  
0.367028  0.680679  0.883079  
0.367028  0.680679  0.883079  
0.337396  0.939281  0.477186  
0.293512  0.954098  0.425234  
0.243397  0.968251  0.352246  
0.202519  0.978985  0.285048  
0.166454  0.987686  0.230125  
0.131307  0.992877  0.177555  
0.0955348  0.99567  0.133219  
0.05504  0.999607  0.0629372  
0.0258804  1.20876  0.119368  
0.000326498  1.40089  0.000408418  
1.21911  7.33195e-005  0.000232382  
1.20682  0.019481  0.131769  
1.0012  0.0663147  0.0393208  
1.00227  0.0748973  0.0314285  
0.933709  0.118099  0.378503  
0.885765  0.137324  0.483187  
0.840067  0.111508  0.554681  
0.796296  0.134096  0.619096  
0.757587  0.15758  0.67032  
0.717928  0.163345  0.713709  
0.680211  0.172603  0.754148  
0.64636  0.203829  0.790348  
0.607752  0.187252  0.815007  
0.52517  0.334724  0.818489  
0.52517  0.334724  0.818489  
0.502979  0.316745  0.831628  
0.477089  0.28643  0.842256  
0.44285  0.267528  0.866712  
0.433159  0.435308  0.854501  
0.361937  0.495525  0.883657  
0.361937  0.495525  0.883657  
0.361937  0.495525  0.883657  
0.361937  0.495525  0.883657  
0.352955  0.651241  0.891029  
0.340166  0.578146  0.927827  
0.33125  0.597551  0.934655  
0.324083  0.537685  0.93675  
0.27701  0.958144  0.392389  
0.242639  0.970449  0.336814  
0.202519  0.978985  0.285048  
0.158992  0.98788  0.223627  
0.124273  0.993699  0.170476  
0.0912809  0.996113  0.128219  
0.05504  0.999607  0.0629372  
0.0258804  1.20876  0.119368  
0.000326498  1.40089  0.000408418  
1.21911  7.33195e-005  0.000232382  
1.20682  0.019481  0.131769  
1.1786  0.0183149  0.262078  
1.00227  0.0748973  0.0314285  
0.933709  0.118099  0.378503  
0.852384  0.128084  0.537683  
0.811216  0.129505  0.599952  
0.757587  0.15758  0.67032  
0.717928  0.163345  0.713709  
0.663862  0.158224  0.764055  
0.627887  0.145408  0.791629  
0.598392  0.198026  0.826778  
0.55772  0.138508  0.841325  
0.477089  0.28643  0.842256  
0.477089  0.28643  0.842256  
0.44285  0.267528  0.866712  
0.428572  0.263648  0.879084  
0.410307  0.261909  0.893903  
0.386508  0.384134  0.900846  
0.372845  0.370975  0.908148  
0.366742  0.242493  0.919844  
0.352879  0.353954  0.920932  
0.336793  0.332769  0.933007  
0.324083  0.537685  0.93675  
0.314136  0.318858  0.943141  
0.302557  0.306693  0.944035  
0.290791  0.363666  0.949236  
0.28114  0.41867  0.952369  
0.27237  0.65027  0.956155  
0.232265  0.973741  0.32543  
0.193162  0.98182  0.272972  
0.158992  0.98788  0.223627  
0.124273  0.993699  0.170476  
0.0866224  0.997477  0.111792  
0.05504  0.999607  0.0629372  
0.0149445  1.20595  0.145073  
0.000326498  1.40089  0.000408418  
1.21911  7.33195e-005  0.000232382  
1.20107  0.0211332  0.168618  
1.15283  0.0334161  0.329247  
1.00227  0.0748973  0.0314285  
0.955941  0.119476  0.317576  
0.811216  0.129505  0.599952  
0.771374  0.147715  0.652285  
0.717928  0.163345  0.713709  
0.663862  0.158224  0.764055  
0.626154  0.105869  0.787059  
0.581265  0.17251  0.830586  
0.531614  0.135761  0.857194  
0.502498  0.173686  0.88092  
0.482465  0.172136  0.892061  
0.44285  0.267528  0.866712  
0.410307  0.261909  0.893903  
0.397328  0.267561  0.91027  
0.373059  0.241827  0.914415  
0.343284  0.222474  0.929316  
0.342196  0.227398  0.931027  
0.324994  0.212201  0.937704  
0.314136  0.318858  0.943141  
0.299797  0.438683  0.946907  
0.28114  0.41867  0.952369  
0.277224  0.505901  0.954564  
0.266777  0.39238  0.957815  
0.253815  0.253428  0.961015  
0.24951  0.563116  0.962826  
0.239439  0.66898  0.965427  
0.233483  0.58449  0.967124  
0.225341  0.869336  0.9694  
0.183727  0.983123  0.256468  
0.153394  0.989992  0.209543  
0.114433  0.994279  0.157951  
0.0866224  0.997477  0.111792  
0.05504  0.999607  0.0629372  
0.0217751  1.20504  0.157522  
0.000212223  1.72797  0.00147323  
1.21911  7.33195e-005  0.000232382  
1.19901  0.0249348  0.17432  
1.13844  0.0154698  0.355205  
1.00227  0.0748973  0.0314285  
0.941863  0.0193893  0.634896  
0.811216  0.129505  0.599952  
0.699907  0.139308  0.728597  
0.65647  0.137592  0.767411  
0.626154  0.105869  0.787059  
0.55772  0.138508  0.841325  
0.522091  0.187472  0.872552  
0.482465  0.172136  0.892061  
0.440708  0.147457  0.910384  
0.418614  0.12167  0.916249  
0.395119  0.118098  0.925793  
0.366742  0.242493  0.919844  
0.343284  0.222474  0.929316  
0.324994  0.212201  0.937704  
0.305641  0.195838  0.943573  
0.291161  0.183992  0.94803  
0.280874  0.178658  0.952421  
0.272118  0.274041  0.956409  
0.253815  0.253428  0.961015  
0.249227  0.31013  0.96301  
0.239864  0.306421  0.965001  
0.22803  0.288301  0.968698  
0.223742  0.148235  0.971293  
0.213245  0.443822  0.973  
0.207241  0.466591  0.974192  
0.201066  0.619313  0.975659  
0.19552  0.32653  0.977079  
0.188219  0.471303  0.978888  
0.182134  0.438749  0.980321  
0.144968  0.990034  0.202424  
0.114433  0.994279  0.157951  
0.0845214  0.997617  0.110567  
0.05504  0.999607  0.0629372  
0.0106446  1.19404  0.19374  
0.000212223  1.72797  0.00147323  
1.21911  7.33195e-005  0.000232382  
1.19038  0.0156265  0.225419  
1.09391  0.0183223  0.439483  
0.984148  0.0163544  0.591168  
0.883856  0.0519418  0.698614  
0.770703  0.0725086  0.777292  
0.626154  0.105869  0.787059  
0.546082  0.133214  0.848717  
0.531614  0.135761  0.857194  
0.462491  0.1502  0.899226  
0.440708  0.147457  0.910384  
0.418614  0.12167  0.916249  
0.385642  0.0999289  0.928255  
0.355304  0.105618  0.940637  
0.291161  0.183992  0.94803  
0.305641  0.195838  0.943573  
0.291161  0.183992  0.94803  
0.278772  0.184381  0.955749  
0.263635  0.168243  0.958471  
0.245352  0.158245  0.964508  
0.241647  0.155528  0.965734  
0.22721  0.146129  0.969519  
0.21718  0.144696  0.973134  
0.205934  0.25493  0.974845  
0.195334  0.125889  0.977262  
0.195334  0.125889  0.977262  
0.188206  0.275209  0.979286  
0.180833  0.225028  0.980852  
0.173119  0.251294  0.982178  
0.168367  0.484419  0.983301  
0.164044  0.325546  0.984826  
0.15781  0.320191  0.98516  
0.154036  0.601382  0.986038  
0.148494  0.562083  0.987243  
0.142659  0.23759  0.987939  
0.11231  0.994772  0.152017  
0.0647911  0.999103  0.0765861  
0.05504  0.999607  0.0629372  
0.0289792  1.18688  0.222316  
0.000139571  1.71136  0.00151049  
1.21937  7.15245e-005  0.000225735  
1.1786  0.0183149  0.262078  
1.04589  0.0246147  0.512174  
0.904181  0.0377324  0.679458  
0.770703  0.0725086  0.777292  
0.670711  0.0588231  0.83844  
0.574431  0.0245395  0.884565  
0.52217  0.110494  0.907959  
0.391156  0.0998667  0.926168  
0.395119  0.118098  0.925793  
0.355304  0.105618  0.940637  
0.342211  0.118149  0.947393  
0.317083  0.0934708  0.95266  
0.295591  0.0928512  0.959694  
0.275701  0.101416  0.966882  
0.22721  0.146129  0.969519  
0.234337  0.150465  0.96759  
0.22721  0.146129  0.969519  
0.21353  0.13977  0.973576  
0.195334  0.125889  0.977262  
0.195334  0.125889  0.977262  
0.183321  0.121788  0.98087  
0.174683  0.171614  0.983656  
0.167745  0.169953  0.984068  
0.158044  0.100796  0.985206  
0.15551  0.195172  0.985862  
0.150676  0.279708  0.986744  
0.143872  0.260818  0.987662  
0.140112  0.272229  0.988465  
0.135026  0.229016  0.989205  
0.130733  0.262648  0.990122  
0.127007  0.376734  0.990597  
0.123472  0.31915  0.990992  
0.119255  0.295888  0.991674  
0.115469  0.324901  0.992198  
0.112944  0.332141  0.992743  
0.109979  0.410391  0.993131  
0.0785428  0.998255  0.716996  
0.05504  0.999607  0.0629372  
0.0290931  1.17819  0.262141  
0.000139571  1.71136  0.00151049  
1.21937  7.15245e-005  0.000225735  
1.13844  0.0154698  0.355205  
0.941863  0.0193893  0.634896  
0.777997  0.0237853  0.771929  
0.6237  0.0362026  0.862965  
0.522623  0.0751538  0.905713  
0.447871  0.0427859  0.930973  
0.394677  0.0748889  0.948596  
0.299675  0.086271  0.958154  
0.299675  0.086271  0.958154  
0.287728  0.079356  0.973753  
0.241883  0.0952638  0.974727  
0.241883  0.0952638  0.974727  
0.215199  0.0972617  0.981343  
0.194503  0.0600209  0.982641  
0.194503  0.0600209  0.982641  
0.183819  0.0715878  0.985414  
0.163657  0.11737  0.986612  
0.163657  0.11737  0.986612  
0.148978  0.0981037  0.987118  
0.136214  0.135901  0.99005  
0.136214  0.135901  0.99005  
0.133891  0.132576  0.989627  
0.128407  0.158622  0.991184  
0.12064  0.174163  0.991545  
0.118882  0.117834  0.991986  
0.112398  0.114013  0.992898  
0.108289  0.17685  0.993382  
0.104921  0.103566  0.993732  
0.102507  0.184806  0.994011  
0.0991326  0.269941  0.994311  
0.0962074  0.174104  0.994721  
0.0920196  0.254719  0.995163  
0.0901054  0.280413  0.995391  
0.0872009  0.209315  0.995589  
0.0845256  0.181809  0.99592  
0.0824031  0.197048  0.996077  
0.080286  0.372619  0.996321  
0.0783332  0.195243  0.996535  
0.0378534  1.02024  0.687091  
0.0198528  1.14002  0.352309  
0.000139571  1.71136  0.00151049  
1.21911  7.33195e-005  0.000232382  
1.04589  0.0246147  0.512174  
0.777997  0.0237853  0.771929  
0.574431  0.0245395  0.884565  
0.447871  0.0427859  0.930973  
0.304243  0.0495341  0.976724  
0.304243  0.0495341  0.976724  
0.272395  0.0539051  0.981872  
0.185835  0.0570122  0.984212  
0.185835  0.0570122  0.984212  
0.194503  0.0600209  0.982641  
0.171039  0.062365  0.987227  
0.163105  0.0544398  0.988  
0.146996  0.0541474  0.990597  
0.135051  0.0522028  0.992109  
0.131948  0.0626399  0.993131  
0.10745  0.0704088  0.993506  
0.10745  0.0704088  0.993506  
0.10745  0.0704088  0.993506  
0.086883  0.0853573  0.99589  
0.0892254  0.088289  0.995545  
0.0892254  0.088289  0.995545  
0.0892254  0.088289  0.995545  
0.0836807  0.0835867  0.995958  
0.0807214  0.0820919  0.996373  
0.0790437  0.0970128  0.996578  
0.076057  0.094216  0.996839  
0.0737576  0.0522178  0.997345  
0.0668331  0.130857  0.997457  
0.068366  0.14682  0.997346  
0.0658922  0.130051  0.997499  
0.0642681  0.114474  0.997659  
0.0617651  0.152773  0.997891  
0.0603922  0.137275  0.997964  
0.0585186  0.121643  0.99807  
0.0570268  0.118576  0.998138  
0.0555011  0.09973  0.998354  
0.0533232  0.163232  0.9984  
0.0523617  0.108019  0.998535  
0.0497272  0.20962  0.998607  
0.0494239  0.101246  0.998669  
0.0198528  1.14002  0.352309  
0.000139571  1.71136  0.00151049  
1.21937  7.15245e-005  0.000225735  
0.861085  0.00106163  0.710761  
0.476861  0.0161018  0.953059  
0.278715  0.0216135  0.991366  
0.21171  0.0117883  0.992494  
0.180526  0.016524  0.996497  
0.154732  0.0269866  0.998406  
0.127842  0.0242385  0.998497  
0.0852258  0.0282162  0.998378  
0.0852258  0.0282162  0.998378  
0.0852258  0.0282162  0.998378  
0.0852258  0.0282162  0.998378  
0.0758567  0.0282162  0.998378  
0.0758567  0.0282162  0.998378  
0.0582377  0.0285206  0.998698  
0.0582377  0.0285206  0.998698  
0.0582377  0.0285206  0.998698  
0.0582377  0.0285206  0.998698  
0.0516338  0.0382312  0.998855  
0.0516338  0.0382312  0.998855  
0.0487055  0.0379931  0.99906  
0.0453985  0.0184659  0.999143  
0.0453985  0.0184659  0.999143  
0.0384876  0.0377961  0.99923  
0.0384876  0.0377961  0.99923  
0.0384876  0.0377961  0.99923  
0.037918  0.0533918  0.999237  
0.034105  0.0585455  0.999473  
0.034105  0.0585455  0.999473  
0.0344043  0.0568404  0.999348  
0.0310565  0.0603946  0.999497  
0.0310565  0.0603946  0.999497  
0.0310565  0.0603946  0.999497  
0.0299696  0.0474471  0.999575  
0.0288855  0.0583894  0.99959  
0.0271367  0.0603812  0.99959  
0.0271367  0.0603812  0.99959  
0.0262518  0.0901341  0.999626  
0.0262518  0.0901341  0.999626  
0.0238132  0.0469175  0.999745  
0.0238132  0.0469175  0.999745  
0.0232952  0.0867507  0.99975  
0.0232952  0.0867507  0.99975  
0.000139571  1.71136  0.00151049  
0.887213  0.000116713  0.693063  
0.0622622  0.0103437  0.999734  
0.0622622  0.0103437  0.999734  
0.0622622  0.0103437  0.999734  
0.0622622  0.0103437  0.999734  
0.0622622  0.0103437  0.999734  
0.0622622  0.0103437  0.999734  
0.042944  0.0105762  0.999745  
0.042944  0.0105762  0.999745  
0.042944  0.0105762  0.999745  
0.0374533  0.0112883  0.999784  
0.0374533  0.0112883  0.999784  
0.0374533  0.0112883  0.999784  
0.0308158  0.0141446  0.999948  
0.0308158  0.0141446  0.999948  
0.0235667  0.0156016  0.999898  
0.0260394  0.0149158  0.999908  
0.0235667  0.0156016  0.999898  
0.0235667  0.0156016  0.999898  
0.0184734  0.0172574  0.999998  
0.0184734  0.0172574  0.999998  
0.0184734  0.0172574  0.999998  
0.0184734  0.0172574  0.999998  
0.00947448  0.00886085  1  
0.00947448  0.00886085  1  
0.00947448  0.00886085  1  
0.00947448  0.00886085  1  
0.00947448  0.00886085  1  
0.00947448  0.00886085  1  
0.00947448  0.00886085  1  
0.00947448  0.00886085  1  
0.00947448  0.00918884  1  
0.00947448  0.00918884  1  
0.00947448  0.00918884  1  
0.00947448  0.00918884  1  
0.00947448  0.00918884  1  
0.00947448  0.00918884  1  
0.00947448  0.00918884  1  
0.00947448  0.00918884  1  
0.00947448  0.00918884  1  
0.00947448  0.0813504  1  
0.00846204  0.116086  0.999991  
0.00846204  0.116086  0.999991  
0.00846204  0.116086  0.999991  
0.000139571  1.71136  0.00151049  
