4.5154  0.0126814  
4.5154  0.0126814  
4.26245  0.0150283  
1.91083  0.0193446  
1.91083  0.0193446  
1.91083  0.0193446  
1.91083  0.0193446  
1.6191  0.0213658  
1.6379  0.023449  
1.56233  0.0249785  
1.30498  0.0249707  
1.30498  0.0249707  
1.12847  0.02575  
1.08  0.0264117  
1.08  0.0264117  
0.997314  0.0278687  
0.997314  0.0278687  
0.987459  0.0298535  
0.987426  0.0302925  
0.986771  0.0333263  
0.984795  0.0335064  
0.983377  0.0353215  
0.980561  0.0379992  
0.980561  0.0379992  
0.979598  0.0404892  
0.977105  0.0433775  
0.975199  0.0445571  
0.971254  0.0459557  
0.971254  0.0459557  
0.969768  0.0492345  
0.969289  0.0518167  
0.967512  0.0536774  
0.967512  0.0536774  
0.967469  0.0557835  
0.967469  0.0557835  
0.967469  0.0557835  
0.967227  0.0614661  
0.966971  0.064571  
0.966938  0.0654777  
0.966923  0.0678376  
0.966906  0.0698262  
0.966881  0.071036  
0.966881  0.071036  
0.966855  0.0747912  
0.966854  0.0758982  
0.966836  0.0789942  
0.966829  0.0812636  
0.966836  0.0789942  
0.966829  0.0812636  
0.966829  0.0842076  
0.966802  0.087054  
0.966808  0.090769  
0.966802  0.087054  
0.966802  0.087054  
0.966802  0.087054  
0.966802  0.087054  
0.966802  0.087054  
0.966778  0.102111  
0.966778  0.102111  
0.966778  0.101389  
0.966778  0.102387  
0.966778  0.102387  
0.966778  0.102111  
0.966778  0.102111  
0.966778  0.102387  
0.966778  0.102387  
0.966778  0.102111  
0.966778  0.102111  
0.966778  0.102111  
0.966778  0.102111  
0.966778  0.102111  
0.966778  0.102111  
0.966778  0.101389  
0.966778  0.101389  
0.966778  0.102111  
0.966778  0.101389  
0.966778  0.102111  
0.966778  0.102111  
0.966778  0.102387  
0.966778  0.102111  
0.966778  0.102111  
0.966778  0.102111  
0.966778  0.150279  
0.966778  0.102111  
0.966778  0.102111  
0.966778  0.150279  
0.966778  0.102111  
0.966778  0.101389  
0.966778  0.101389  
0.966778  0.102387  
0.966778  0.102111  
0.733245  0.171825  
0.733245  0.171825  
0.733245  0.171825  
0.733245  0.171825  
0.733245  0.171825  
0.733245  0.171825  
0.733245  0.171825  
0.733245  0.171825  
0.733245  0.171825  
0.733245  0.171825  
0.733245  0.171825  
0.733245  0.171825  
0.733245  0.171825  
0.733245  0.171825  
0.733245  0.171825  
0.733245  0.171825  
0.733245  0.171825  
0.733245  0.171825  
0.733245  0.171825  
0.733245  0.171825  
0.733245  0.171825  
0.733245  0.171825  
0.733245  0.171825  
0.72671  0.171825  
0.720452  0.171825  
0.710185  0.171825  
0.703285  0.171825  
0.695612  0.171826  
0.687228  0.171827  
0.681616  0.171828  
0.675307  0.17183  
0.668702  0.171833  
0.661588  0.171839  
0.658237  0.172081  
0.656307  0.173628  
0.654152  0.174246  
0.654152  0.174246  
0.654152  0.174246  
0.654152  0.174246  
0.654152  0.174246  
0.654152  0.174246  
0.650661  0.184713  
0.635903  0.184713  
0.635903  0.184713  
0.632652  0.18474  
0.63131  0.185462  
0.630697  0.187006  
0.630007  0.188994  
0.627957  0.190522  
0.623551  0.191411  
0.622741  0.192134  
0.620587  0.192866  
0.620319  0.194478  
0.619313  0.19543  
0.613314  0.196456  
0.613322  0.197572  
0.610243  0.19835  
0.606045  0.199752  
0.605635  0.200798  
0.605635  0.200798  
0.605635  0.200798  
0.603642  0.20409  
0.604248  0.207001  
0.603422  0.208323  
0.603422  0.208323  
0.603268  0.21254  
0.603268  0.21254  
0.603208  0.216386  
0.603208  0.216386  
0.602775  0.218968  
0.602775  0.218968  
0.602775  0.218968  
0.60256  0.224696  
0.60256  0.224696  
0.60256  0.224696  
0.602527  0.23044  
0.602102  0.230253  
0.602102  0.230253  
0.602102  0.230253  
0.601841  0.238355  
0.601841  0.238355  
0.601841  0.238355  
0.602102  0.230253  
0.602102  0.230253  
0.602102  0.230253  
0.602125  0.248753  
0.601532  0.251929  
0.601359  0.252428  
0.601532  0.251929  
0.601359  0.252428  
0.601409  0.258184  
0.601168  0.26158  
0.601264  0.261431  
0.60134  0.261845  
0.601264  0.261431  
0.601264  0.261431  
0.601264  0.261431  
0.601168  0.26158  
0.601168  0.26158  
0.601168  0.26158  
0.60134  0.261845  
0.60124  0.283504  
0.601203  0.269598  
0.601203  0.269598  
0.601188  0.283873  
0.60116  0.280223  
0.601168  0.26158  
0.601188  0.283873  
0.60124  0.283504  
0.601227  0.301204  
0.600834  0.302978  
0.60116  0.280223  
0.601188  0.283873  
0.600834  0.302978  
0.60116  0.280223  
0.600756  0.311997  
0.600808  0.317049  
0.601168  0.26158  
0.600756  0.311997  
0.600756  0.311997  
0.600756  0.311997  
0.600756  0.311997  
0.600766  0.328467  
0.600756  0.311997  
0.600808  0.317049  
0.601116  0.326038  
0.600766  0.328467  
0.600808  0.317049  
0.600834  0.343912  
0.600808  0.317049  
0.600766  0.328467  
0.600808  0.317049  
0.600766  0.328467  
0.600766  0.328467  
0.600834  0.302978  
0.575326  0.362297  
0.575326  0.362297  
0.575326  0.362297  
0.575326  0.362297  
0.575326  0.362297  
0.575326  0.362297  
0.559645  0.362337  
0.559645  0.362337  
0.559645  0.362337  
0.559645  0.362337  
0.539778  0.362347  
0.539778  0.362347  
0.539778  0.362347  
0.539778  0.362347  
0.539778  0.362347  
0.491981  0.36238  
0.485869  0.362393  
0.495665  0.362392  
0.491981  0.36238  
0.485869  0.362393  
0.485869  0.362393  
0.478792  0.362411  
0.495665  0.362392  
0.495665  0.362392  
0.491981  0.36238  
0.448735  0.362136  
0.447865  0.362147  
0.447865  0.362147  
0.448735  0.362136  
0.485869  0.362393  
0.485869  0.362393  
0.448735  0.362136  
0.447865  0.362147  
0.448735  0.362136  
0.447865  0.362147  
0.458262  0.362431  
0.458262  0.362431  
0.447865  0.362147  
0.448735  0.362136  
0.447268  0.362537  
0.447865  0.362147  
0.448735  0.362136  
0.447268  0.362537  
0.42429  0.362533  
0.42534  0.362699  
0.42429  0.362533  
0.436189  0.36255  
0.421346  0.362619  
0.422097  0.362693  
0.422097  0.362693  
0.422097  0.362693  
0.422097  0.362693  
0.413648  0.362869  
0.413648  0.362869  
0.413648  0.362869  
0.409711  0.363756  
0.409711  0.364102  
0.403416  0.364378  
0.403416  0.364378  
0.403416  0.364378  
0.401791  0.365622  
0.398841  0.367079  
0.395499  0.367809  
0.395499  0.367809  
0.394578  0.369149  
0.393675  0.371111  
0.393298  0.371197  
0.392744  0.373597  
0.390903  0.375686  
0.387855  0.376634  
0.387855  0.376634  
0.387284  0.378913  
0.386134  0.379992  
0.382676  0.382672  
0.382676  0.382672  
0.381079  0.384105  
0.380709  0.384708  
0.380001  0.385943  
0.378982  0.388208  
0.378234  0.391356  
0.37736  0.392508  
0.374126  0.393455  
0.373825  0.393922  
0.372519  0.395801  
0.372519  0.395801  
0.369197  0.39873  
0.369197  0.39873  
0.367658  0.400844  
0.367248  0.402679  
0.3655  0.404005  
0.363736  0.405784  
0.363148  0.406673  
0.361731  0.408278  
0.361174  0.410024  
0.359497  0.411412  
0.359298  0.412353  
0.357924  0.414422  
0.356396  0.415705  
0.355086  0.41723  
0.354332  0.417868  
0.352985  0.419441  
0.351588  0.421598  
0.351588  0.421598  
0.350057  0.424884  
0.348906  0.425806  
0.347251  0.427509  
0.346512  0.429233  
0.34501  0.429828  
0.34402  0.431208  
0.343071  0.432341  
0.341738  0.434442  
0.340438  0.435554  
0.33896  0.437785  
0.338681  0.439679  
0.337546  0.439831  
0.335922  0.441933  
0.335186  0.443786  
0.333573  0.444631  
0.332743  0.445646  
0.331649  0.448656  
0.330944  0.448957  
0.328787  0.451722  
0.328044  0.453052  
0.327423  0.455005  
0.326274  0.45613  
0.324511  0.45732  
0.322806  0.459563  
0.322398  0.460859  
0.321207  0.462209  
0.319211  0.464149  
0.3191  0.464153  
0.317593  0.466782  
0.316101  0.468535  
0.315145  0.469689  
0.314805  0.470955  
0.312941  0.47269  
0.312812  0.474086  
0.310785  0.476718  
0.310341  0.478145  
0.309452  0.47852  
0.306566  0.482507  
0.306566  0.482507  
0.306074  0.485293  
0.304184  0.487169  
0.303  0.487666  
0.303  0.487666  
0.302469  0.493142  
0.299169  0.493347  
0.299169  0.493347  
0.298051  0.496349  
0.296808  0.496656  
0.295887  0.499296  
0.294201  0.500931  
0.293989  0.503704  
0.292702  0.504368  
0.290612  0.505453  
0.289088  0.507188  
0.288405  0.508403  
0.286233  0.510608  
0.286233  0.510608  
0.28491  0.513053  
0.284092  0.513511  
0.281978  0.516672  
0.281708  0.518188  
0.279326  0.5218  
0.279326  0.5218  
0.278081  0.522818  
0.277447  0.52579  
0.27535  0.526483  
0.274469  0.52739  
0.272401  0.531391  
0.272401  0.531391  
0.270934  0.535097  
0.270934  0.535097  
0.268908  0.539453  
0.268564  0.540336  
0.268267  0.541897  
0.266505  0.545484  
0.265104  0.545748  
0.265104  0.545748  
0.263769  0.552791  
0.263617  0.555214  
0.263617  0.555214  
0.263401  0.562926  
0.263401  0.562926  
0.263401  0.562926  
0.263275  0.573447  
0.263275  0.573447  
0.263097  0.582525  
0.263146  0.586778  
0.262964  0.575202  
0.263084  0.565267  
0.262964  0.575202  
0.263052  0.590093  
0.263052  0.590093  
0.262892  0.597268  
0.262901  0.607539  
0.262901  0.607539  
0.262901  0.607539  
0.262953  0.635381  
0.262958  0.635401  
0.262892  0.597268  
0.262958  0.635401  
0.262953  0.635381  
0.262892  0.597268  
0.262953  0.635381  
0.262965  0.63405  
0.262892  0.597268  
0.262854  0.649942  
0.262953  0.635381  
0.262892  0.597268  
0.263006  0.655949  
0.26286  0.687286  
0.262854  0.649942  
0.26287  0.699014  
0.26287  0.699014  
0.262843  0.729762  
0.262843  0.729762  
0.262854  0.649942  
0.262843  0.729762  
0.262843  0.729762  
0.26286  0.687286  
0.262843  0.729762  
0.262843  0.729762  
0.26286  0.687286  
0.26287  0.699014  
0.262964  0.575202  
0.262843  0.729762  
0.262843  0.729762  
0.262843  0.729762  
0.262843  0.729762  
0.262953  0.635381  
0.262843  0.729762  
0.262843  0.729762  
0.199018  0.856145  
0.164059  0.856215  
0.162841  0.855987  
0.201567  0.856191  
0.164059  0.856215  
0.19399  0.856226  
0.199018  0.856145  
0.199018  0.856145  
0.164059  0.856215  
0.179948  0.856248  
0.162841  0.855987  
0.201567  0.856191  
0.199018  0.856145  
0.180162  0.856263  
0.14592  0.856049  
0.199018  0.856145  
0.162841  0.855987  
0.122739  0.856256  
0.134468  0.856123  
0.180162  0.856263  
0.14592  0.856049  
0.162841  0.855987  
0.138833  0.856034  
0.201567  0.856191  
0.138833  0.856034  
0.201567  0.856191  
0.132066  0.85611  
0.138833  0.856034  
0.14592  0.856049  
0.132066  0.85611  
0.162841  0.855987  
0.134468  0.856123  
0.132066  0.85611  
0.138833  0.856034  
0.14592  0.856049  
0.138833  0.856034  
0.127861  0.856164  
0.162841  0.855987  
0.148322  0.856244  
0.12542  0.85611  
0.138833  0.856034  
0.134542  0.85607  
0.126852  0.856291  
0.134542  0.85607  
0.134468  0.856123  
0.148322  0.856244  
0.126852  0.856291  
0.121747  0.856249  
0.127861  0.856164  
0.134468  0.856123  
0.122739  0.856256  
0.134542  0.85607  
0.126852  0.856291  
0.132066  0.85611  
0.134542  0.85607  
0.121747  0.856249  
0.134542  0.85607  
0.126852  0.856291  
0.12542  0.85611  
0.127861  0.856164  
0.132066  0.85611  
0.122739  0.856256  
0.12542  0.85611  
0.122739  0.856256  
0.122244  0.85631  
0.122244  0.85631  
0.120094  0.856293  
0.113364  0.856367  
0.110593  0.856342  
0.110593  0.856342  
0.109596  0.856391  
0.109596  0.856391  
0.109596  0.856391  
0.106639  0.856464  
0.104342  0.856631  
0.104342  0.856631  
0.0991779  0.85927  
0.0991779  0.85927  
0.0991779  0.85927  
0.0975475  0.859373  
0.0928505  0.860618  
0.0928505  0.860618  
0.0928505  0.860618  
0.0882946  0.863818  
0.0882946  0.863818  
0.0862261  0.863828  
0.0828001  0.864413  
0.0828001  0.864413  
0.0822474  0.865398  
0.080223  0.867146  
0.079163  0.867301  
0.0753456  0.867528  
0.0753456  0.867528  
0.0741455  0.871504  
0.0730506  0.873495  
0.0706864  0.874808  
0.069157  0.875479  
0.0682123  0.878883  
0.0647142  0.880553  
0.0647142  0.880553  
0.0625218  0.881334  
0.0601326  0.886376  
0.0601326  0.886376  
0.0585316  0.890426  
0.0575768  0.892724  
0.055348  0.894876  
0.0541609  0.898881  
0.0509954  0.903156  
0.0509954  0.903156  
0.0490268  0.90643  
0.0483681  0.908838  
0.0463663  0.912973  
0.0456962  0.915648  
0.0429954  0.921618  
0.0420512  0.923436  
0.0404681  0.924322  
0.03876  0.925383  
0.0371463  0.928274  
0.0360936  0.932427  
0.0344767  0.93863  
0.0302988  0.942957  
0.0302988  0.942957  
0.0296143  0.943027  
0.0267091  0.949583  
0.0267091  0.949583  
0.0239535  0.954997  
0.0232622  0.957004  
0.0208856  0.96034  
0.0202567  0.962015  
0.0183035  0.96456  
0.016661  0.96787  
0.013904  0.974748  
0.0129432  0.977366  
0.0115225  0.980106  
0.0101053  0.98042  
0.00886966  0.984967  
0.00438735  0.99334  
0.00438735  0.99334  
0.00388652  0.994222  
0.00263458  4.44269  
