3.37524  1.46463  0.000510287  
3.38602  0.0118635  0.000689202  
0.999831  3.16656  0.0230743  
3.38602  0.0118635  0.000689202  
0.999908  0.642275  0.0241245  
0.999112  2.27691  0.0435354  
3.39737  0.00165749  0.00054508  
0.999943  0.255524  0.0226763  
0.999185  1.65239  0.0459704  
0.997634  4.42468  0.0730152  
3.39737  0.00165749  0.00054508  
0.999943  0.255524  0.0226763  
0.999304  0.148263  0.0498124  
0.998216  1.74984  0.0704427  
0.995426  2.18007  0.099015  
3.39737  0.00165749  0.00054508  
1.00019  0.193438  0.0109073  
0.999019  0.133399  0.05112  
0.99746  0.924015  0.074665  
0.995022  1.26613  0.100283  
0.992222  1.98039  0.127308  
3.39737  0.00165749  0.00054508  
1.00011  0.189387  0.00458216  
0.999019  0.133399  0.05112  
0.99746  0.924015  0.074665  
0.995022  1.26613  0.100283  
0.991753  0.766941  0.130076  
0.988402  2.1674  0.1544  
3.39737  0.00165749  0.00054508  
1.0003  0.110801  0.0149955  
0.999019  0.133399  0.05112  
0.997454  0.468271  0.0793795  
0.995022  1.26613  0.100283  
0.991788  0.328039  0.132551  
0.987843  1.9004  0.159  
0.982975  11.0892  0.186151  
3.73205  0.00187794  0.00031701  
1.0003  0.110801  0.0149955  
0.999019  0.133399  0.05112  
0.996777  0.0568625  0.083074  
0.994788  0.289499  0.108748  
0.991126  0.29767  0.136776  
0.986812  2.28002  0.163939  
0.982328  1.68432  0.19042  
0.976759  2.42332  0.217141  
3.39737  0.00165749  0.00054508  
1.0003  0.110801  0.0149955  
0.99875  0.268935  0.0547786  
0.996742  0.0795948  0.0856232  
0.99464  0.260632  0.111635  
0.990685  0.266414  0.139899  
0.986112  0.488609  0.167053  
0.981235  3.3959  0.195689  
0.975907  2.82533  0.218986  
0.968557  3.16651  0.249512  
3.39737  0.00165749  0.00054508  
1.00006  0.0831591  0.00300925  
0.998779  0.231675  0.0590538  
0.996648  0.105947  0.0868392  
0.99363  0.400335  0.116922  
0.990195  0.412671  0.142702  
0.985005  1.18915  0.173704  
0.97988  0.457744  0.201991  
0.974237  2.03226  0.225982  
0.966985  2.02046  0.255373  
0.960372  3.68151  0.281175  
3.73205  0.00187794  0.00031701  
0.99986  0.0993818  0.0229661  
0.998884  0.120101  0.0582689  
0.996742  0.0795948  0.0856232  
0.99305  0.0642608  0.119958  
0.989321  0.51336  0.148977  
0.984202  0.400723  0.179631  
0.978969  1.4163  0.208417  
0.972699  2.15057  0.23384  
0.965987  2.56666  0.263358  
0.95815  1.59363  0.290352  
0.949873  0.652469  0.315332  
3.39737  0.00165749  0.00054508  
1.00006  0.0831591  0.00300925  
0.998661  0.166088  0.0617977  
0.996175  0.174974  0.0911392  
0.992409  0.0426518  0.124736  
0.988702  0.475997  0.152882  
0.983521  0.505169  0.182758  
0.977734  0.666356  0.213964  
0.971582  1.41698  0.240297  
0.963348  1.50174  0.269915  
0.955488  0.933995  0.297954  
0.946041  2.77509  0.325914  
0.937241  2.55054  0.3522  
3.73205  0.00187794  0.00031701  
1.00006  0.0831591  0.00300925  
0.998577  0.0247849  0.0569697  
0.996175  0.174974  0.0911392  
0.992409  0.0426518  0.124736  
0.987989  0.0988044  0.156452  
0.982399  0.562952  0.190269  
0.975978  0.561444  0.220931  
0.970664  1.36901  0.246739  
0.960686  1.82493  0.279504  
0.954337  2.75431  0.303489  
0.943464  1.89505  0.333341  
0.933407  3.90581  0.361422  
0.923343  0.334822  0.387978  
3.39737  0.00165749  0.00054508  
1.00007  0.0465904  0.0130024  
0.997911  0.118111  0.0669421  
0.996134  0.161526  0.0987334  
0.991788  0.328039  0.132551  
0.986928  0.398681  0.16256  
0.982251  0.25428  0.192751  
0.974785  0.701821  0.227723  
0.967725  0.212452  0.25417  
0.959658  0.978775  0.286695  
0.949873  0.652469  0.315332  
0.939904  0.622816  0.34483  
0.929379  2.56816  0.370288  
0.917963  2.18591  0.39829  
0.907786  2.06547  0.422556  
3.39737  0.00165749  0.00054508  
0.999796  0.0388318  0.0235443  
0.997911  0.118111  0.0669421  
0.995263  0.248508  0.102224  
0.991115  0.348289  0.135179  
0.98608  0.254918  0.168957  
0.97988  0.457744  0.201991  
0.972938  0.476964  0.233652  
0.964785  0.721445  0.265832  
0.956723  0.694919  0.2937  
0.947285  0.921613  0.322406  
0.936681  1.80244  0.353397  
0.924953  2.51004  0.383194  
0.912768  2.8169  0.410362  
0.901524  2.48013  0.435799  
0.888658  1.95612  0.460134  
3.73205  0.00187794  0.00031701  
0.999702  0.0468825  0.0328666  
0.997778  0.0616  0.0713616  
0.994767  0.0389557  0.106257  
0.990183  0.0367071  0.141558  
0.985047  0.397481  0.174262  
0.978157  0.452106  0.2094  
0.971974  0.714018  0.240144  
0.963096  0.290654  0.272335  
0.956426  0.474698  0.297928  
0.945043  0.286878  0.330363  
0.931484  2.02806  0.366145  
0.920375  2.74982  0.393576  
0.907903  1.75205  0.420354  
0.895701  4.1166  0.447301  
0.882836  2.70853  0.470624  
0.869276  2.29777  0.497061  
3.73205  0.00187794  0.00031701  
0.999702  0.0468825  0.0328666  
0.997778  0.0616  0.0713616  
0.994188  0.200277  0.110569  
0.990183  0.0367071  0.141558  
0.984155  0.165639  0.182297  
0.97728  0.302582  0.215051  
0.968639  0.292185  0.250304  
0.959844  0.178734  0.282692  
0.951458  0.930316  0.309981  
0.939517  0.678743  0.348271  
0.927657  1.2182  0.376585  
0.915112  2.06065  0.405224  
0.903156  2.80612  0.434081  
0.888282  1.32336  0.460689  
0.874895  1.4089  0.48715  
0.860296  1.92411  0.510605  
0.846614  2.86302  0.534467  
3.73205  0.00187794  0.00031701  
0.999702  0.0468825  0.0328666  
0.997778  0.0616  0.0713616  
0.994327  0.0799598  0.109071  
0.989665  0.113786  0.149711  
0.982423  0.304976  0.189022  
0.975509  0.423046  0.225275  
0.967708  0.116845  0.258451  
0.956723  0.694919  0.2937  
0.947029  0.564105  0.326344  
0.934549  0.451829  0.358293  
0.923305  0.64632  0.387437  
0.907903  1.75205  0.420354  
0.89583  2.08248  0.447007  
0.882051  2.58106  0.475503  
0.866633  2.16232  0.500507  
0.853208  1.91625  0.525392  
0.837758  4.17836  0.548016  
0.821843  3.3708  0.570863  
3.73205  0.00187794  0.00031701  
0.999702  0.0468825  0.0328666  
0.99718  0.107574  0.0772725  
0.993689  0.109715  0.116142  
0.987989  0.0988044  0.156452  
0.982251  0.25428  0.192751  
0.97361  0.16402  0.230929  
0.964457  0.216347  0.269477  
0.955801  0.593976  0.303676  
0.942812  0.0958599  0.337089  
0.929695  0.565387  0.370186  
0.915814  0.098302  0.402946  
0.903851  0.070899  0.431036  
0.888282  1.32336  0.460689  
0.874491  0.306917  0.486802  
0.858775  1.68637  0.514485  
0.843606  2.05116  0.538636  
0.82917  0.952303  0.56212  
0.813048  1.24607  0.585402  
0.79647  3.2063  0.60698  
3.73205  0.00187794  0.00031701  
0.999702  0.0468825  0.0328666  
0.996777  0.0568625  0.083074  
0.99305  0.0642608  0.119958  
0.987603  0.124575  0.16328  
0.979831  0.0320954  0.202961  
0.971146  0.276399  0.242334  
0.961878  0.285558  0.280994  
0.950407  0.194608  0.317115  
0.937358  0.374278  0.349281  
0.925729  0.529844  0.385029  
0.909787  0.255748  0.418162  
0.896584  0.439737  0.447118  
0.880245  1.24932  0.476148  
0.865268  0.820328  0.50221  
0.848898  1.21986  0.531146  
0.832427  2.81005  0.555533  
0.816724  2.70855  0.579432  
0.800556  0.062533  0.601481  
0.786308  1.66929  0.620144  
0.768891  1.53707  0.640808  
6.43671  0.000724989  0.00316289  
0.999702  0.0468825  0.0328666  
0.996742  0.0795948  0.0856232  
0.992495  0.128809  0.125706  
0.986263  0.08094  0.171934  
0.9783  0.111355  0.209869  
0.968639  0.292185  0.250304  
0.957963  0.440566  0.29022  
0.945023  0.329178  0.329304  
0.931963  0.192102  0.36464  
0.917532  0.310199  0.399063  
0.903851  0.070899  0.431036  
0.890573  0.928676  0.465486  
0.873772  0.328827  0.491313  
0.855635  0.928418  0.522319  
0.839642  1.79528  0.54541  
0.822084  1.31826  0.573324  
0.805339  3.09436  0.594175  
0.787992  0.97984  0.617143  
0.770839  3.5727  0.638914  
0.756129  0.763932  0.655475  
0.74156  1.70821  0.674783  
6.43671  0.000724989  0.00316289  
0.999131  0.0268103  0.0449349  
0.99651  0.0339201  0.0897012  
0.991522  0.0541704  0.132815  
0.98437  0.136263  0.179825  
0.975639  0.0520095  0.221723  
0.965125  0.0654465  0.263075  
0.956133  0.263826  0.298384  
0.941866  0.434644  0.340756  
0.928583  0.423719  0.377867  
0.914042  0.17346  0.410229  
0.897628  0.17101  0.442824  
0.880181  0.376148  0.477842  
0.861794  1.04793  0.511056  
0.844878  1.31813  0.539495  
0.826585  1.7524  0.564541  
0.810756  1.93377  0.58848  
0.792817  1.32841  0.611163  
0.77496  3.40717  0.634911  
0.758354  3.20717  0.654971  
0.74156  1.70821  0.674783  
0.724422  3.41601  0.690454  
0.706841  1.22343  0.70901  
6.14646  0.000760909  0.00320402  
0.999131  0.0268103  0.0449349  
0.996136  0.0432849  0.0920319  
0.990183  0.0367071  0.141558  
0.982866  0.0604413  0.187476  
0.97397  0.17293  0.231366  
0.962507  0.0925263  0.272951  
0.950407  0.194608  0.317115  
0.935165  0.0529127  0.35603  
0.920567  0.22862  0.395887  
0.903851  0.070899  0.431036  
0.887148  0.0615183  0.464002  
0.870052  0.420079  0.495244  
0.852386  0.0779041  0.526359  
0.834175  0.510589  0.556046  
0.814151  0.290391  0.581433  
0.796561  0.409637  0.60713  
0.77893  2.06193  0.629831  
0.759156  2.14819  0.651914  
0.743999  0.220028  0.670667  
0.724422  3.41601  0.690454  
0.706841  1.22343  0.70901  
0.690535  1.27628  0.72495  
0.675281  2.50271  0.739088  
6.43671  0.000724989  0.00316289  
0.999111  0.0197711  0.0468322  
0.996136  0.0432849  0.0920319  
0.990183  0.0367071  0.141558  
0.981821  0.0696238  0.193164  
0.970788  0.100359  0.242411  
0.959037  0.104175  0.284773  
0.945023  0.329178  0.329304  
0.92984  0.134953  0.372131  
0.914042  0.17346  0.410229  
0.897628  0.17101  0.442824  
0.877895  0.26699  0.480451  
0.857896  0.143963  0.517665  
0.84001  0.615591  0.545976  
0.820628  0.91297  0.574442  
0.800556  0.062533  0.601481  
0.783394  0.51132  0.623363  
0.76417  1.08124  0.649818  
0.743999  0.220028  0.670667  
0.727339  2.60739  0.69004  
0.706841  1.22343  0.70901  
0.690535  1.27628  0.72495  
0.673103  2.10385  0.741264  
0.656014  2.40584  0.757278  
0.640968  1.19021  0.768584  
6.43671  0.000724989  0.00316289  
0.999111  0.0197711  0.0468322  
0.996136  0.0432849  0.0920319  
0.988927  0.0955529  0.15632  
0.979831  0.0320954  0.202961  
0.969879  0.0785221  0.248629  
0.956133  0.263826  0.298384  
0.940753  0.0871405  0.342774  
0.922966  0.228343  0.387679  
0.905345  0.144741  0.426944  
0.885482  0.350643  0.467464  
0.86685  0.0827474  0.50137  
0.847007  0.509509  0.537279  
0.826394  0.155777  0.566511  
0.807967  0.246999  0.592498  
0.785108  0.208537  0.621352  
0.765334  0.808422  0.645843  
0.746372  0.710709  0.668713  
0.7277  0.878316  0.690577  
0.707312  1.8851  0.709173  
0.688678  1.6642  0.726538  
0.671196  1.74933  0.744168  
0.654744  2.591  0.758094  
0.638062  1.79846  0.771211  
0.620982  0.437337  0.785543  
0.605759  4.35809  0.797656  
6.14646  0.000760909  0.00320402  
0.998825  0.0292591  0.0535275  
0.994983  0.0341178  0.107636  
0.987367  0.0516125  0.164759  
0.979831  0.0320954  0.202961  
0.965125  0.0654465  0.263075  
0.950407  0.194608  0.317115  
0.934442  0.138633  0.364037  
0.91511  0.195938  0.406954  
0.897628  0.17101  0.442824  
0.876649  0.0872093  0.484662  
0.856463  0.147352  0.520849  
0.834175  0.510589  0.556046  
0.811761  0.529611  0.586026  
0.790484  0.214753  0.616541  
0.772009  0.285073  0.6401  
0.747971  0.342727  0.666203  
0.729841  1.29767  0.686629  
0.706171  1.22602  0.709742  
0.688678  1.6642  0.726538  
0.670697  0.500179  0.745551  
0.65008  1.0945  0.761419  
0.633505  2.62087  0.774979  
0.61653  0.961202  0.788114  
0.599063  3.05499  0.801111  
0.583898  1.71644  0.813303  
0.570179  4.55081  0.823509  
6.43671  0.000724989  0.00316289  
0.998719  0.0227097  0.0559112  
0.994983  0.0341178  0.107636  
0.985317  0.122405  0.174531  
0.974879  0.0699569  0.229652  
0.961248  0.124689  0.278702  
0.943573  0.0558604  0.331985  
0.925599  0.124879  0.382329  
0.905345  0.144741  0.426944  
0.887148  0.0615183  0.464002  
0.864934  0.166866  0.50693  
0.841165  0.173704  0.54482  
0.819616  0.311773  0.579102  
0.795995  0.308213  0.608534  
0.774624  0.544332  0.638397  
0.753998  0.261135  0.667166  
0.731102  0.176005  0.687799  
0.710099  0.203085  0.708485  
0.687088  0.0887599  0.731545  
0.668914  0.36136  0.746737  
0.648649  1.06704  0.763658  
0.632401  1.74135  0.777196  
0.609606  2.64443  0.793435  
0.594578  0.879898  0.805205  
0.57646  3.58161  0.817358  
0.561424  0.930752  0.827819  
0.545653  4.00318  0.838869  
0.532578  4.54562  0.847444  
6.43671  0.000724989  0.00316289  
0.998344  0.0247403  0.0616001  
0.995854  0.0551571  0.0985254  
0.985455  0.0815109  0.173659  
0.970788  0.100359  0.242411  
0.958181  0.183668  0.297629  
0.937902  0.24752  0.350565  
0.917559  0.0704215  0.400878  
0.897628  0.17101  0.442824  
0.873772  0.328827  0.491313  
0.849565  0.207029  0.530121  
0.826394  0.155777  0.566511  
0.800556  0.062533  0.601481  
0.779527  0.163775  0.629656  
0.756435  0.307214  0.657804  
0.730457  0.176324  0.685467  
0.707728  0.147368  0.71007  
0.687088  0.0887599  0.731545  
0.6652  0.118026  0.749606  
0.645863  0.928212  0.767907  
0.623968  1.39275  0.783247  
0.607655  1.31807  0.796258  
0.588225  0.832907  0.809672  
0.57193  1.79934  0.822264  
0.554509  2.25135  0.834166  
0.538969  1.9578  0.84263  
0.524249  2.4462  0.852329  
0.508806  1.67529  0.861384  
0.495602  3.3932  0.869766  
6.43671  0.000724989  0.00316289  
0.998344  0.0247403  0.0616001  
0.991765  0.0409462  0.131494  
0.981821  0.0696238  0.193164  
0.96805  0.0737498  0.255931  
0.950923  0.0495619  0.312177  
0.92984  0.134953  0.372131  
0.908666  0.145301  0.420673  
0.885629  0.237398  0.469325  
0.858347  0.0981407  0.516151  
0.833038  0.129351  0.556754  
0.808276  0.105991  0.592947  
0.784646  0.161035  0.62386  
0.75716  0.0900156  0.65626  
0.730457  0.176324  0.685467  
0.707728  0.147368  0.71007  
0.685751  0.644677  0.732451  
0.662226  0.480911  0.751198  
0.639997  0.35616  0.771116  
0.617973  1.09084  0.787403  
0.599326  0.708486  0.801242  
0.581699  1.47994  0.816861  
0.56266  0.530908  0.827466  
0.542672  0.57159  0.840559  
0.528658  2.31039  0.849787  
0.514102  1.4418  0.860002  
0.49859  0.893513  0.867234  
0.48554  2.03147  0.874887  
0.471973  2.3422  0.881918  
0.460086  1.68338  0.88944  
6.43671  0.000724989  0.00316289  
0.998344  0.0247403  0.0616001  
0.991765  0.0409462  0.131494  
0.980322  0.0512187  0.206032  
0.96264  0.116685  0.27502  
0.944364  0.163128  0.332798  
0.921835  0.121612  0.392397  
0.898071  0.266419  0.447231  
0.866964  0.128624  0.500572  
0.842284  0.222929  0.542213  
0.816455  0.162791  0.58458  
0.789728  0.25437  0.618248  
0.759004  0.23154  0.654708  
0.734598  0.381183  0.684554  
0.707728  0.147368  0.71007  
0.684736  0.649938  0.733292  
0.660097  0.347313  0.754454  
0.634054  0.687334  0.774112  
0.614623  0.263668  0.791788  
0.595468  0.235489  0.806115  
0.574551  0.935262  0.820498  
0.554081  0.15023  0.833154  
0.537219  1.21572  0.844848  
0.520254  1.65978  0.854509  
0.504393  0.846966  0.86409  
0.489033  0.496771  0.873996  
0.474255  2.56133  0.881825  
0.460086  1.68338  0.88944  
0.446355  5.29684  0.895867  
0.434351  2.19151  0.902574  
0.422338  1.33528  0.90658  
5.41511  0.00082642  0.00335305  
0.999111  0.0197711  0.0468322  
0.991765  0.0409462  0.131494  
0.97515  0.0448979  0.224193  
0.958305  0.0808264  0.291363  
0.935386  0.143722  0.359511  
0.908666  0.145301  0.420673  
0.883597  0.1649  0.476972  
0.853665  0.182774  0.525632  
0.824471  0.208885  0.570254  
0.795474  0.0950144  0.610935  
0.764475  0.273621  0.649674  
0.737851  0.103031  0.680623  
0.707728  0.147368  0.71007  
0.681503  0.102551  0.735097  
0.655568  0.259961  0.757116  
0.632356  0.27444  0.776762  
0.604646  0.22862  0.799645  
0.583348  0.0741328  0.814122  
0.56266  0.530908  0.827466  
0.542672  0.57159  0.840559  
0.527431  0.391018  0.85156  
0.508338  0.522745  0.86242  
0.492698  0.461772  0.871377  
0.476673  0.829372  0.880644  
0.459857  0.507228  0.889011  
0.44531  2.04974  0.896836  
0.434351  2.19151  0.902574  
0.420999  0.402868  0.908439  
0.408512  1.92263  0.913023  
0.396282  3.27745  0.91881  
0.385962  1.09333  0.923792  
5.41511  0.00082642  0.00335305  
0.999111  0.0197711  0.0468322  
0.987367  0.0516125  0.164759  
0.970788  0.100359  0.242411  
0.95311  0.0654735  0.309473  
0.925599  0.124879  0.382329  
0.898627  0.0811151  0.443259  
0.866488  0.0703676  0.502884  
0.834418  0.0619899  0.554177  
0.800556  0.062533  0.601481  
0.77221  0.206479  0.640128  
0.738791  0.233924  0.678155  
0.707728  0.147368  0.71007  
0.678472  0.0481866  0.736769  
0.650442  0.422765  0.761084  
0.623788  0.321043  0.782516  
0.600504  0.58833  0.803174  
0.575619  0.581306  0.821361  
0.554081  0.15023  0.833154  
0.535526  0.117538  0.847691  
0.512678  0.253549  0.860502  
0.496946  0.17189  0.869431  
0.479261  0.365736  0.879316  
0.459857  0.507228  0.889011  
0.44754  0.0756748  0.895215  
0.430766  1.01102  0.903734  
0.416938  1.31639  0.91048  
0.405782  1.16236  0.91493  
0.393624  0.972004  0.920025  
0.380838  1.94913  0.925024  
0.369994  0.0238071  0.929381  
0.360958  2.57246  0.933655  
0.350934  3.24917  0.937676  
5.41511  0.00082642  0.00335305  
0.999111  0.0197711  0.0468322  
0.987367  0.0516125  0.164759  
0.970901  0.0306625  0.242088  
0.942218  0.061611  0.338975  
0.914626  0.090691  0.412489  
0.879323  0.19154  0.481542  
0.848474  0.0602439  0.532025  
0.813307  0.226423  0.590275  
0.777624  0.097494  0.62996  
0.742632  0.142122  0.673303  
0.707728  0.147368  0.71007  
0.676347  0.349439  0.739648  
0.646254  0.208391  0.765128  
0.61787  0.041814  0.787282  
0.591611  0.123401  0.807666  
0.568177  0.399792  0.827291  
0.541941  0.330068  0.843507  
0.520116  0.0994599  0.856349  
0.501728  0.494359  0.867482  
0.482917  0.465429  0.879018  
0.464532  0.482028  0.887475  
0.44754  0.0756748  0.895215  
0.431239  0.847991  0.904027  
0.41414  0.830979  0.910762  
0.401961  0.928611  0.917028  
0.389259  0.58215  0.921921  
0.374297  0.370479  0.928045  
0.363815  1.53892  0.931915  
0.353644  0.471581  0.935867  
0.344104  1.50786  0.939728  
0.331461  1.74907  0.944211  
0.323601  3.59283  0.946798  
0.3159  1.69834  0.949587  
5.41511  0.00082642  0.00335305  
0.999111  0.0197711  0.0468322  
0.987367  0.0516125  0.164759  
0.963191  0.0643838  0.270993  
0.931208  0.0897246  0.370135  
0.898627  0.0811151  0.443259  
0.858347  0.0981407  0.516151  
0.824746  0.193153  0.57227  
0.777624  0.097494  0.62996  
0.743782  0.0901264  0.670989  
0.709953  0.0805705  0.709045  
0.675284  0.27977  0.743242  
0.641793  0.316113  0.770135  
0.608512  0.184777  0.796623  
0.581815  0.0659817  0.816541  
0.555516  0.43492  0.833751  
0.527431  0.391018  0.85156  
0.507302  0.114533  0.863841  
0.485483  0.349803  0.875173  
0.464949  0.064254  0.88659  
0.44754  0.0756748  0.895215  
0.426451  0.209524  0.906471  
0.411013  0.67628  0.91241  
0.39781  0.0767721  0.917748  
0.384622  0.638557  0.924131  
0.369994  0.0238071  0.929381  
0.358446  0.71918  0.934004  
0.346113  1.32973  0.938975  
0.335855  1.39934  0.942424  
0.325664  0.508769  0.947078  
0.3159  1.69834  0.949587  
0.306467  2.50711  0.952809  
0.296796  2.04507  0.95499  
0.289531  4.2628  0.957811  
0.281867  3.11505  0.960061  
6.43933  0.000741913  0.00340439  
0.999111  0.0197711  0.0468322  
0.980322  0.0512187  0.206032  
0.954521  0.0638695  0.29992  
0.91671  0.0797836  0.403676  
0.875957  0.0739614  0.485955  
0.83601  0.162967  0.554631  
0.796188  0.152728  0.61305  
0.749912  0.169663  0.667226  
0.710335  0.198135  0.710204  
0.671235  0.0642103  0.743454  
0.632356  0.27444  0.776762  
0.598645  0.23468  0.801977  
0.568263  0.324366  0.824956  
0.541941  0.330068  0.843507  
0.513385  0.0479781  0.858892  
0.48919  0.341986  0.876258  
0.467115  0.275499  0.886044  
0.44754  0.0756748  0.895215  
0.426451  0.209524  0.906471  
0.41119  0.252791  0.912988  
0.394878  0.236206  0.9205  
0.378161  0.21931  0.926434  
0.36264  0.257018  0.932819  
0.350083  0.634925  0.937597  
0.336965  0.4096  0.941746  
0.325831  0.20832  0.945713  
0.31515  0.768406  0.949947  
0.306304  0.9978  0.953683  
0.293701  0.798567  0.956155  
0.287538  1.46114  0.958704  
0.278833  0.856506  0.960573  
0.270071  1.18178  0.963576  
0.262238  3.60527  0.965612  
0.255228  2.82593  0.967699  
0.248415  4.73682  0.969245  
6.43933  0.000741913  0.00340439  
0.999111  0.0197711  0.0468322  
0.973699  0.0551569  0.23254  
0.942211  0.068134  0.343837  
0.898627  0.0811151  0.443259  
0.848474  0.0602439  0.532025  
0.800556  0.062533  0.601481  
0.758267  0.16987  0.655466  
0.712767  0.076527  0.706139  
0.6652  0.118026  0.749606  
0.624318  0.130413  0.782863  
0.588514  0.174339  0.812859  
0.556987  0.127367  0.836436  
0.520878  0.0894354  0.854997  
0.496114  0.0454215  0.86964  
0.469071  0.0482612  0.883804  
0.445884  0.0900114  0.896509  
0.426451  0.209524  0.906471  
0.405184  0.163271  0.915561  
0.382381  0.2485  0.924522  
0.369994  0.0238071  0.929381  
0.356713  0.471092  0.934891  
0.341255  0.401544  0.941194  
0.328499  0.443413  0.94535  
0.312643  0.293425  0.950367  
0.302789  0.135912  0.953731  
0.292482  0.642065  0.956824  
0.283574  0.563791  0.959313  
0.274255  0.420281  0.962264  
0.265814  0.465158  0.964276  
0.257082  0.202215  0.967431  
0.24981  1.20611  0.969279  
0.238835  1.03246  0.971433  
0.234124  1.63624  0.972667  
0.228461  1.76919  0.973794  
0.221597  2.86607  0.975722  
0.21576  1.94013  0.976825  
6.43933  0.000741913  0.00340439  
0.996885  0.0149608  0.0814362  
0.963525  0.0321052  0.270184  
0.931802  0.0812118  0.369361  
0.875957  0.0739614  0.485955  
0.8255  0.10424  0.57119  
0.779328  0.0881294  0.63245  
0.710881  0.16403  0.717953  
0.65453  0.150605  0.757973  
0.613144  0.157678  0.793736  
0.574052  0.103449  0.825688  
0.536867  0.174421  0.847666  
0.504413  0.103155  0.865642  
0.469071  0.0482612  0.883804  
0.445884  0.0900114  0.896509  
0.420816  0.181371  0.908324  
0.39781  0.0767721  0.917748  
0.378161  0.21931  0.926434  
0.36264  0.257018  0.932819  
0.341729  0.0674597  0.939942  
0.328911  0.158682  0.944975  
0.315187  0.230781  0.950188  
0.302789  0.135912  0.953731  
0.289617  0.161171  0.958318  
0.279728  0.090747  0.961206  
0.268745  0.167696  0.963555  
0.259032  0.0784903  0.96676  
0.250731  0.10754  0.968377  
0.236372  0.0579472  0.972156  
0.232801  0.679402  0.972763  
0.226015  0.513332  0.9748  
0.219163  0.371175  0.975966  
0.211347  0.114572  0.97763  
0.206689  0.761705  0.97869  
0.201488  0.619502  0.980289  
0.194642  0.498531  0.98129  
0.188086  0.0546228  0.982372  
0.184085  2.35849  0.983161  
6.43933  0.000741913  0.00340439  
0.996885  0.0149608  0.0814362  
0.963525  0.0321052  0.270184  
0.903851  0.070899  0.431036  
0.840743  0.0926712  0.546167  
0.779328  0.0881294  0.63245  
0.720265  0.119917  0.70494  
0.648578  0.0787605  0.764696  
0.592407  0.160477  0.807686  
0.554969  0.0944754  0.834424  
0.511968  0.145124  0.861835  
0.479629  0.161818  0.879911  
0.445884  0.0900114  0.896509  
0.419766  0.155484  0.909742  
0.391088  0.168677  0.921584  
0.369994  0.0238071  0.929381  
0.351634  0.130095  0.937935  
0.331188  0.14434  0.944188  
0.315187  0.230781  0.950188  
0.300637  0.154441  0.954283  
0.280556  0.134041  0.960307  
0.272485  0.158133  0.962554  
0.262045  0.142887  0.965288  
0.251696  0.12764  0.968072  
0.241039  0.145971  0.97064  
0.232223  0.109534  0.973385  
0.224702  0.33748  0.975319  
0.213627  0.338228  0.977312  
0.207666  0.15926  0.978323  
0.202329  0.0815124  0.97994  
0.194443  0.233737  0.981166  
0.188086  0.0546228  0.982372  
0.183649  0.526739  0.983236  
0.178495  0.170206  0.984082  
0.173544  0.0370676  0.985206  
0.167543  1.29654  0.986412  
0.1633  0.756257  0.986932  
0.158084  1.36833  0.987645  
0.155487  2.6354  0.988116  
6.43933  0.000741913  0.00340439  
0.996885  0.0149608  0.0814362  
0.963525  0.0321052  0.270184  
0.875957  0.0739614  0.485955  
0.779328  0.0881294  0.63245  
0.687088  0.0887599  0.731545  
0.633406  0.104507  0.777622  
0.581348  0.0850799  0.816223  
0.529082  0.0675282  0.852263  
0.487452  0.14513  0.874931  
0.445633  0.103883  0.89793  
0.412737  0.128801  0.913819  
0.381514  0.0688336  0.926894  
0.358939  0.176405  0.934857  
0.331188  0.14434  0.944188  
0.313443  0.149971  0.950327  
0.297773  0.0911643  0.955245  
0.280593  0.0610651  0.961172  
0.264357  0.108731  0.964798  
0.250982  0.150295  0.96836  
0.241039  0.145971  0.97064  
0.229632  0.0354984  0.973827  
0.221288  0.241597  0.975813  
0.21235  0.232192  0.977712  
0.200306  0.0541094  0.979862  
0.195883  0.0882207  0.981152  
0.18627  0.0672936  0.982588  
0.181728  0.0562523  0.983898  
0.174167  0.0977224  0.984935  
0.168093  0.0853001  0.985987  
0.162864  0.251238  0.986822  
0.158183  0.173323  0.987696  
0.153051  0.239092  0.988338  
0.148314  0.319134  0.989222  
0.143386  0.165718  0.989937  
0.141173  0.305436  0.990243  
0.136453  0.757396  0.990767  
0.132379  2.41241  0.991421  
0.129715  0.31881  0.991701  
0.126562  0.681149  0.99233  
6.43933  0.000741913  0.00340439  
0.996885  0.0149608  0.0814362  
0.963525  0.0321052  0.270184  
0.800556  0.062533  0.601481  
0.75696  0.0306614  0.775074  
0.586557  0.0832208  0.815628  
0.554969  0.0944754  0.834424  
0.49011  0.088988  0.873088  
0.436024  0.0794145  0.901016  
0.403201  0.096999  0.915523  
0.369994  0.0238071  0.929381  
0.330698  0.0817659  0.945209  
0.314809  0.122609  0.951513  
0.291846  0.138914  0.958172  
0.272882  0.0639001  0.963738  
0.256154  0.0477648  0.968229  
0.241039  0.145971  0.97064  
0.227369  0.124191  0.974746  
0.216131  0.0719289  0.977452  
0.2031  0.0314019  0.979673  
0.195883  0.0882207  0.981152  
0.18627  0.0672936  0.982588  
0.178495  0.170206  0.984082  
0.170394  0.0713569  0.985615  
0.164421  0.221231  0.987342  
0.157339  0.0270282  0.987723  
0.151543  0.158337  0.988692  
0.146353  0.0260205  0.989621  
0.138835  0.0780008  0.990493  
0.135343  0.0821287  0.991099  
0.131547  0.235047  0.991804  
0.127623  0.196967  0.992053  
0.122203  0.154704  0.99263  
0.118968  0.266132  0.993099  
0.11675  0.493058  0.993447  
0.113366  0.414314  0.993625  
0.109886  0.782534  0.994203  
0.107165  1.1601  0.994388  
0.104226  1.55455  0.994698  
0.101952  0.238667  0.994878  
0.0985793  0.238024  0.995212  
6.43933  0.000741913  0.00340439  
0.996885  0.0149608  0.0814362  
0.934325  0.00878187  0.624066  
0.748681  0.01852  0.792939  
0.529082  0.0675282  0.852263  
0.529082  0.0675282  0.852263  
0.436024  0.0794145  0.901016  
0.369994  0.0238071  0.929381  
0.352284  0.0576366  0.938153  
0.317647  0.0770746  0.951945  
0.285495  0.0458297  0.95927  
0.264225  0.0834257  0.966738  
0.240071  0.0833328  0.970966  
0.222326  0.0449356  0.975676  
0.207889  0.09454  0.979106  
0.192282  0.0292791  0.98145  
0.183034  0.0791712  0.983748  
0.170394  0.0713569  0.985615  
0.162792  0.0829197  0.986969  
0.146031  0.0172513  0.989473  
0.146031  0.0172513  0.989473  
0.139928  0.0241396  0.990301  
0.129539  0.0518786  0.991956  
0.125851  0.127447  0.992246  
0.123329  0.0734131  0.992634  
0.118673  0.169399  0.993238  
0.11373  0.0435645  0.993652  
0.109707  0.0266817  0.994226  
0.104836  0.0639657  0.994828  
0.101952  0.238667  0.994878  
0.0985762  0.0913106  0.99523  
0.0952756  0.0249881  0.995691  
0.0918703  0.213825  0.995943  
0.0887531  0.200858  0.99619  
0.0877264  0.104665  0.996358  
0.0836334  0.10139  0.996827  
0.0826676  0.568263  0.99678  
0.0797616  0.169551  0.997002  
0.0782743  0.252937  0.997144  
0.0755799  1.39285  0.997332  
0.0740135  2.62167  0.997462  
0.0712745  4.44774  0.997603  
6.43933  0.000741913  0.00340439  
1.0499  0.000804891  0.514633  
0.748681  0.01852  0.792939  
0.553316  0.0448983  0.898494  
0.369994  0.0238071  0.929381  
0.369994  0.0238071  0.929381  
0.268296  0.0346774  0.964024  
0.268296  0.0346774  0.964024  
0.222326  0.0449356  0.975676  
0.192282  0.0292791  0.98145  
0.192282  0.0292791  0.98145  
0.170362  0.0489911  0.986084  
0.162864  0.0525001  0.987196  
0.143528  0.0284227  0.989672  
0.139928  0.0241396  0.990301  
0.129539  0.0518786  0.991956  
0.121182  0.0269962  0.993003  
0.115958  0.0195311  0.99333  
0.107522  0.0309092  0.994459  
0.103027  0.0394005  0.995015  
0.0989719  0.0588735  0.995225  
0.091242  0.0420546  0.996126  
0.0890018  0.0484507  0.996235  
0.0851651  0.0499674  0.996854  
0.0815656  0.0584231  0.996888  
0.0792566  0.0850583  0.997456  
0.0761681  0.107704  0.997357  
0.072528  0.0263076  0.997741  
0.0681109  0.0855489  0.997844  
0.0681109  0.0855489  0.997844  
0.0641362  0.117018  0.998374  
0.0641362  0.117018  0.998374  
0.0614403  0.175982  0.998438  
0.056288  0.0569041  0.998636  
0.056288  0.0569041  0.998636  
0.056288  0.0569041  0.998636  
0.0540518  0.16964  0.99871  
0.0516784  0.295754  0.998981  
0.0516784  0.295754  0.998981  
0.0492164  0.0214959  0.999053  
0.0487572  0.801216  0.999055  
0.0455496  0.176663  0.999229  
0.0459288  2.0919  0.999122  
6.43933  0.000741913  0.00340439  
0.748681  0.01852  0.792939  
0.435252  0.0125117  0.955229  
0.301425  0.0159153  0.97386  
0.234564  0.00918839  0.981838  
0.195462  0.0253415  0.986992  
0.135903  0.00539038  0.994143  
0.135903  0.00539038  0.994143  
0.123489  0.0218859  0.994847  
0.108101  0.00222295  0.996146  
0.0896795  0.0086807  0.997313  
0.0896795  0.0086807  0.997313  
0.082477  0.0143405  0.998233  
0.0738807  0.0291463  0.998477  
0.0659679  0.0213435  0.998688  
0.0659679  0.0213435  0.998688  
0.0579194  0.0286356  0.998635  
0.0579194  0.0286356  0.998635  
0.051041  0.0334828  0.999178  
0.051041  0.0334828  0.999178  
0.0480695  0.0125401  0.999366  
0.0471538  0.0130916  0.999389  
0.0443561  0.0382222  0.999675  
0.042869  0.00596155  0.999539  
0.0415011  0.0286506  0.999715  
0.0414383  0.0331705  0.999474  
0.035862  0.042085  0.999795  
0.035862  0.042085  0.999795  
0.0306913  0.0223258  0.999962  
0.0337786  0.0352151  0.99983  
0.0337786  0.0352151  0.99983  
0.0286737  0.0520755  0.999998  
0.0286737  0.0520755  0.999998  
0.0306913  0.0223258  0.999962  
0.0286737  0.0520755  0.999998  
0.0286737  0.0520755  0.999998  
0.028326  0.0778983  0.99997  
0.0286737  0.0520755  0.999998  
0.0314828  0.0852195  0.999921  
0.028326  0.0778983  0.99997  
0.028326  0.0778983  0.99997  
0.0314828  0.0852195  0.999921  
0.031198  1.23428  0.999909  
0.0228309  2.33792  0.999918  
3.95031  0.000264453  0.581509  
0.0659616  0.00109189  0.998891  
0.0659616  0.00109189  0.998891  
0.0659616  0.00109189  0.998891  
0.04923  0.00173199  0.999567  
0.04923  0.00173199  0.999567  
0.04923  0.00173199  0.999567  
0.04923  0.00173199  0.999567  
0.04923  0.00173199  0.999567  
0.0489111  0.0115268  0.999661  
0.0489111  0.0115268  0.999661  
0.0489111  0.0115268  0.999661  
0.0489111  0.0115268  0.999661  
0.0489111  0.0115268  0.999661  
0.0471538  0.0130916  0.999389  
0.0471538  0.0130916  0.999389  
0.0471538  0.0130916  0.999389  
0.0471538  0.0130916  0.999389  
0.0463012  0.0149518  0.999414  
0.0455118  0.0181207  0.99944  
0.0463012  0.0149518  0.999414  
0.0337786  0.0352151  0.99983  
0.0337786  0.0352151  0.99983  
0.0337786  0.0352151  0.99983  
0.0306913  0.0223258  0.999962  
0.0337786  0.0352151  0.99983  
0.0306913  0.0223258  0.999962  
0.0337786  0.0352151  0.99983  
0.035862  0.042085  0.999795  
0.0286737  0.0520755  0.999998  
0.0286737  0.0520755  0.999998  
0.0337786  0.0352151  0.99983  
0.0314828  0.0852195  0.999921  
0.0286737  0.0520755  0.999998  
0.028326  0.0778983  0.99997  
0.0286737  0.0520755  0.999998  
0.0306913  0.0223258  0.999962  
0.0314828  0.0852195  0.999921  
0.0286737  0.0520755  0.999998  
0.028326  0.0778983  0.99997  
0.0314828  0.0852195  0.999921  
0.0314828  0.0852195  0.999921  
0.028326  0.0778983  0.99997  
0.031198  1.23428  0.999909  
0.0227854  2.99925  0.999948  
