0.998576  0.0293389  
0.998576  0.0293389  
0.998576  0.0293389  
0.998576  0.0293389  
0.998576  0.0293389  
0.998576  0.0293389  
0.998576  0.0293389  
0.998576  0.0293389  
0.999797  0.0935673  
0.999797  0.0935673  
0.999797  0.0935673  
0.999797  0.0935673  
0.999797  0.0935673  
0.999797  0.0935673  
0.999797  0.0935673  
0.999797  0.0935673  
0.999797  0.0935673  
0.999797  0.0935673  
0.999996  0.0938403  
0.998965  0.156732  
0.998986  0.15676  
0.99892  0.15667  
0.998937  0.156693  
0.998937  0.156693  
0.998955  0.156718  
0.998955  0.156718  
0.99892  0.15667  
0.999096  0.156912  
0.995204  0.217785  
0.995204  0.217785  
0.995204  0.217785  
0.995204  0.217785  
0.995204  0.217785  
0.995204  0.217785  
0.995204  0.217785  
0.995204  0.217785  
0.995204  0.217785  
0.992689  0.282671  
0.992689  0.282671  
0.992689  0.282671  
0.992689  0.282672  
0.992689  0.282671  
0.992689  0.282672  
0.992689  0.282671  
0.992689  0.282671  
0.992689  0.282671  
0.992689  0.282672  
0.992689  0.282672  
0.961815  0.31098  
0.962849  0.312455  
0.96285  0.312456  
0.962849  0.312455  
0.92692  0.336024  
0.927436  0.336772  
0.92692  0.336024  
0.926919  0.336027  
0.891373  0.363114  
0.891373  0.363114  
0.891372  0.363121  
0.891372  0.363121  
0.891372  0.363121  
0.891372  0.363121  
0.8591  0.397356  
0.8591  0.397356  
0.859035  0.398769  
0.859035  0.398769  
0.859035  0.398769  
0.822341  0.429325  
0.822341  0.429325  
0.822087  0.431496  
0.822087  0.431496  
0.774826  0.452767  
0.774826  0.452767  
0.774951  0.45291  
0.774886  0.452849  
0.774951  0.45291  
0.725089  0.476273  
0.725151  0.476345  
0.725089  0.476273  
0.727335  0.479503  
0.727367  0.479534  
0.727335  0.479503  
0.727335  0.479503  
0.678914  0.511089  
0.678914  0.511089  
0.678914  0.511089  
0.678914  0.511089  
0.679013  0.511239  
0.679011  0.511234  
0.629165  0.548088  
0.629165  0.548088  
0.629166  0.548089  
0.629165  0.548088  
0.629166  0.548089  
0.629165  0.548088  
0.629167  0.54809  
0.629166  0.548089  
0.575386  0.588656  
0.580341  0.596384  
0.580334  0.596373  
0.575386  0.588656  
0.580334  0.596373  
0.580334  0.596373  
0.580334  0.596373  
0.512461  0.629344  
0.512463  0.629345  
0.512461  0.629344  
0.51246  0.629341  
0.512461  0.629344  
0.512463  0.629345  
0.512461  0.629344  
0.512463  0.629345  
0.51246  0.629341  
0.512461  0.629344  
0.448992  0.686678  
0.448995  0.686684  
0.448996  0.686686  
0.448992  0.686678  
0.448995  0.686684  
0.448992  0.686677  
0.448996  0.686685  
0.448992  0.686677  
0.448996  0.686685  
0.448994  0.686682  
0.363657  0.73963  
0.363657  0.73963  
0.363657  0.739629  
0.363656  0.739629  
0.363657  0.739629  
0.363657  0.739629  
0.363658  0.739631  
0.363657  0.739629  
0.363656  0.739629  
0.363657  0.739629  
0.363616  0.739688  
0.363616  0.739688  
0.363616  0.739688  
0.363616  0.739688  
0.259827  0.819265  
0.259801  0.819267  
0.259827  0.819265  
0.25978  0.819268  
0.259804  0.819267  
0.259781  0.819268  
0.259782  0.819268  
0.25978  0.819268  
0.259804  0.819267  
0.259798  0.819267  
0.259801  0.819267  
0.259798  0.819267  
0.259796  0.819267  
0.259796  0.819267  
0.259621  0.819702  
0.25961  0.819684  
0.259621  0.819702  
0.25961  0.819684  
0.257399  0.933564  
0.250618  0.939354  
0.245763  0.945834  
0.235134  0.952802  
0.231744  0.955851  
0.225457  0.959402  
0.218571  0.961639  
0.213106  0.964337  
0.205224  0.966932  
0.19923  0.969369  
0.19306  0.97102  
0.186576  0.97402  
0.174549  0.975758  
0.168152  0.977151  
0.16621  0.978276  
0.160181  0.979298  
0.152645  0.980129  
0.147203  0.981227  
0.14113  0.982954  
0.133077  0.98338  
0.125623  0.984678  
0.11805  0.985639  
0.114065  0.98751  
0.110116  0.987537  
0.103988  0.987631  
0.0964636  0.988496  
0.0872197  0.989563  
0.0817145  0.990253  
0.0762092  0.991225  
0.073158  0.991641  
0.0683401  0.992189  
0.0586702  0.99312  
0.0571502  0.993325  
0.049802  0.994419  
0.0427255  0.995005  
0.0389217  0.996127  
0.0356489  0.996883  
0.0289211  0.996925  
0.0198445  0.998997  
0.0198445  0.998997  
0.00309796  0.999667  
0.00309796  0.999667  
0.00309796  0.999667  
2.62102e-033  1  
