0.604934  0.627907  
0.604934  0.627907  
0.387239  0.628216  
0.385032  0.628282  
0.378277  0.628736  
0.375477  0.629634  
0.37364  0.630201  
0.371745  0.630872  
0.371162  0.631334  
0.369702  0.632119  
0.368592  0.632692  
0.367579  0.633339  
0.367008  0.633733  
0.366055  0.634564  
0.365493  0.635084  
0.364917  0.635585  
0.364154  0.636255  
0.363248  0.637063  
0.362915  0.637276  
0.362173  0.638181  
0.361376  0.638822  
0.360761  0.63948  
0.360097  0.640212  
0.359454  0.640692  
0.358944  0.641385  
0.358462  0.642069  
0.357762  0.642626  
0.356949  0.643315  
0.356578  0.643898  
0.356079  0.644434  
0.355399  0.644979  
0.354592  0.645722  
0.354092  0.646395  
0.35356  0.646969  
0.352731  0.64749  
0.352322  0.648119  
0.351592  0.648911  
0.351058  0.649459  
0.350654  0.649946  
0.349875  0.650599  
0.349514  0.651348  
0.348365  0.651986  
0.348052  0.652404  
0.346845  0.653303  
0.346384  0.653882  
0.345969  0.654573  
0.345264  0.655158  
0.3448  0.655493  
0.34398  0.656325  
0.343431  0.657008  
0.342725  0.657653  
0.342115  0.658139  
0.341554  0.658874  
0.340722  0.659406  
0.340128  0.659981  
0.339746  0.660549  
0.338945  0.661247  
0.338275  0.661843  
0.337528  0.662648  
0.336998  0.663259  
0.336635  0.663774  
0.335844  0.664505  
0.335349  0.665093  
0.334671  0.665734  
0.333839  0.666354  
0.333306  0.666987  
0.332711  0.667564  
0.332067  0.668207  
0.331529  0.668846  
0.330858  0.669456  
0.330203  0.670084  
0.329578  0.670665  
0.329001  0.671279  
0.328311  0.671847  
0.327832  0.672562  
0.327114  0.673045  
0.326362  0.673831  
0.326035  0.674236  
0.325309  0.675087  
0.324777  0.675377  
0.324087  0.676055  
0.323471  0.676778  
0.322761  0.677566  
0.322085  0.678182  
0.321625  0.678874  
0.320811  0.679486  
0.320342  0.680018  
0.319573  0.680657  
0.319176  0.681351  
0.318379  0.681996  
0.318049  0.682459  
0.317277  0.68314  
0.316697  0.683785  
0.315934  0.684456  
0.315234  0.685125  
0.31482  0.685555  
0.314092  0.68631  
0.313577  0.686911  
0.312846  0.687583  
0.312505  0.688077  
0.311592  0.688714  
0.310996  0.689524  
0.310463  0.689898  
0.309928  0.690572  
0.309273  0.691386  
0.308597  0.691987  
0.3082  0.692431  
0.307371  0.693206  
0.30681  0.693866  
0.306393  0.69445  
0.305904  0.695046  
0.304711  0.695793  
0.304299  0.696384  
0.303814  0.696994  
0.303028  0.697629  
0.302624  0.698185  
0.302057  0.698811  
0.301556  0.699518  
0.300765  0.700128  
0.300152  0.70074  
0.299586  0.701347  
0.298913  0.702022  
0.298557  0.702456  
0.2975  0.703194  
0.297057  0.703732  
0.296626  0.704154  
0.295932  0.704789  
0.295193  0.705581  
0.294209  0.706416  
0.294109  0.707089  
0.293476  0.707411  
0.293074  0.707958  
0.29215  0.708828  
0.291983  0.709677  
0.29078  0.710119  
0.290315  0.71054  
0.290007  0.71131  
0.289368  0.712121  
0.288577  0.712758  
0.28786  0.712967  
0.287004  0.713946  
0.286845  0.714474  
0.28595  0.715216  
0.285503  0.715857  
0.284698  0.716254  
0.284162  0.717103  
0.283686  0.717735  
0.282957  0.718378  
0.281729  0.719037  
0.281729  0.719037  
0.281315  0.720323  
0.280982  0.720691  
0.27994  0.721454  
0.279649  0.721554  
0.278731  0.722768  
0.27832  0.723071  
0.276975  0.723723  
0.276467  0.724432  
0.276248  0.724609  
0.27554  0.725339  
0.27511  0.726347  
0.273991  0.726947  
0.273819  0.727753  
0.273183  0.728418  
0.272816  0.728674  
0.271469  0.729416  
0.270705  0.730058  
0.270568  0.730786  
0.269885  0.731318  
0.269418  0.732202  
0.268235  0.732548  
0.268107  0.733125  
0.267842  0.733823  
0.266932  0.734503  
0.266047  0.735288  
0.265676  0.735922  
0.264731  0.736502  
0.264249  0.737141  
0.263885  0.737903  
0.263091  0.738222  
0.262493  0.739145  
0.261991  0.739464  
0.261479  0.740319  
0.260575  0.740941  
0.259967  0.74175  
0.259706  0.741852  
0.258635  0.742874  
0.258198  0.743607  
0.257823  0.744032  
0.257001  0.744667  
0.256077  0.74495  
0.255498  0.745824  
0.254415  0.746232  
0.254201  0.746557  
0.254056  0.747102  
0.252453  0.748286  
0.252453  0.748286  
0.251744  0.74957  
0.250726  0.75006  
0.250003  0.750865  
0.249605  0.751087  
0.248484  0.752138  
0.248484  0.752138  
0.247749  0.753119  
0.247199  0.753507  
0.246314  0.754338  
0.24572  0.75502  
0.245127  0.755501  
0.244566  0.756328  
0.244122  0.7569  
0.243108  0.757464  
0.242598  0.758078  
0.242015  0.758657  
0.241395  0.759394  
0.240801  0.759974  
0.240065  0.760565  
0.239139  0.761286  
0.238932  0.761813  
0.238223  0.762425  
0.237916  0.76272  
0.236762  0.763722  
0.236615  0.764062  
0.235264  0.764936  
0.234833  0.765272  
0.234514  0.765794  
0.233804  0.766723  
0.233264  0.76722  
0.232632  0.768137  
0.231869  0.768618  
0.231181  0.76926  
0.23047  0.76995  
0.229962  0.770515  
0.229289  0.771136  
0.228762  0.771776  
0.228134  0.772298  
0.227595  0.773077  
0.226909  0.773766  
0.226011  0.774272  
0.225637  0.774876  
0.225158  0.77543  
0.224538  0.776087  
0.223792  0.776741  
0.223035  0.777353  
0.222417  0.777915  
0.221976  0.77871  
0.221164  0.779073  
0.220619  0.779781  
0.219937  0.78041  
0.219401  0.781039  
0.218551  0.781668  
0.21797  0.782383  
0.217372  0.78284  
0.216876  0.783651  
0.216171  0.784221  
0.21539  0.784771  
0.214852  0.785466  
0.214305  0.786063  
0.213647  0.786673  
0.213114  0.78726  
0.212466  0.787945  
0.211874  0.788514  
0.211295  0.789234  
0.210696  0.789841  
0.210017  0.790439  
0.209288  0.790905  
0.208681  0.791521  
0.20812  0.79219  
0.207415  0.792832  
0.206829  0.793465  
0.206354  0.794266  
0.205504  0.794734  
0.204973  0.795422  
0.204416  0.796056  
0.203717  0.796646  
0.203036  0.797221  
0.202487  0.797931  
0.201826  0.798524  
0.20111  0.799208  
0.200549  0.799771  
0.200011  0.800206  
0.199374  0.80083  
0.198628  0.801551  
0.198093  0.802149  
0.197412  0.802934  
0.196913  0.803526  
0.196273  0.80415  
0.195605  0.804767  
0.19493  0.805346  
0.194355  0.805915  
0.193652  0.806711  
0.193183  0.807274  
0.192437  0.807808  
0.191712  0.808493  
0.191071  0.809175  
0.190617  0.809673  
0.19003  0.810254  
0.189293  0.810938  
0.188599  0.811464  
0.187991  0.812247  
0.187391  0.812826  
0.186781  0.813516  
0.186318  0.81395  
0.185582  0.814673  
0.184932  0.815236  
0.184307  0.815831  
0.183657  0.816502  
0.183056  0.817112  
0.182523  0.817546  
0.181814  0.818391  
0.181154  0.819059  
0.180571  0.819685  
0.17994  0.820236  
0.179382  0.820973  
0.17867  0.82147  
0.17815  0.822218  
0.177516  0.822627  
0.17686  0.82336  
0.176261  0.824123  
0.175445  0.824817  
0.174821  0.825368  
0.17449  0.825697  
0.173859  0.82663  
0.173199  0.827228  
0.172568  0.827832  
0.171921  0.828418  
0.171324  0.829091  
0.170705  0.829682  
0.170096  0.830144  
0.169375  0.830911  
0.168766  0.831429  
0.168166  0.832185  
0.167543  0.832839  
0.166881  0.833422  
0.166352  0.834001  
0.165695  0.834625  
0.165024  0.835243  
0.164467  0.835705  
0.163524  0.836633  
0.16317  0.837067  
0.162613  0.837793  
0.161967  0.838442  
0.16126  0.838907  
0.160719  0.839588  
0.160048  0.840202  
0.159301  0.840909  
0.15877  0.841403  
0.158209  0.842094  
0.157555  0.842789  
0.156939  0.843451  
0.156338  0.844021  
0.155589  0.844613  
0.155197  0.84538  
0.154298  0.845804  
0.153705  0.846493  
0.153012  0.847186  
0.152553  0.847719  
0.151706  0.848447  
0.151312  0.848948  
0.150748  0.849435  
0.149999  0.850302  
0.14945  0.85077  
0.148781  0.851353  
0.148084  0.852084  
0.147537  0.852653  
0.146943  0.853323  
0.146331  0.853964  
0.145667  0.854673  
0.145071  0.855147  
0.144467  0.855735  
0.143899  0.856491  
0.143231  0.856975  
0.142518  0.857585  
0.141999  0.858335  
0.141351  0.858902  
0.140586  0.859538  
0.140034  0.86014  
0.139499  0.860798  
0.138802  0.86148  
0.138186  0.862066  
0.137596  0.862639  
0.136911  0.863367  
0.136266  0.86385  
0.135561  0.864568  
0.135165  0.865124  
0.13438  0.86577  
0.133848  0.866286  
0.133273  0.867095  
0.132531  0.867615  
0.131914  0.868345  
0.131425  0.868935  
0.130771  0.869554  
0.129955  0.870167  
0.129611  0.870762  
0.128829  0.871366  
0.128185  0.872066  
0.127591  0.872537  
0.12704  0.87332  
0.126399  0.873863  
0.125772  0.874427  
0.12505  0.87512  
0.124446  0.875691  
0.123937  0.876428  
0.123254  0.87694  
0.12252  0.87785  
0.12205  0.878232  
0.121349  0.878869  
0.120682  0.879504  
0.120174  0.88003  
0.119467  0.880791  
0.118888  0.881275  
0.118324  0.882005  
0.1177  0.882457  
0.117074  0.88328  
0.116388  0.88381  
0.115732  0.884346  
0.115152  0.885078  
0.114519  0.885555  
0.11389  0.886283  
0.113259  0.886884  
0.112682  0.887692  
0.111847  0.888377  
0.111202  0.889033  
0.11081  0.889456  
0.110199  0.89001  
0.109648  0.890933  
0.108859  0.89137  
0.108137  0.892126  
0.107716  0.892738  
0.10705  0.893389  
0.106446  0.893754  
0.105809  0.894616  
0.105006  0.895248  
0.104323  0.895955  
0.103902  0.896521  
0.103416  0.89716  
0.102739  0.898083  
0.101935  0.898306  
0.101592  0.898984  
0.100907  0.89954  
0.100197  0.900127  
0.0993445  0.900961  
0.0990588  0.901634  
0.0984177  0.902194  
0.0978411  0.902805  
0.0972765  0.903583  
0.0965165  0.904018  
0.0958242  0.904699  
0.0951959  0.905313  
0.094561  0.905972  
0.0939664  0.90671  
0.0934289  0.907181  
0.092747  0.907996  
0.0922109  0.908348  
0.0916042  0.909  
0.0906594  0.909881  
0.090377  0.910424  
0.0897366  0.910614  
0.0891551  0.911712  
0.0882417  0.912199  
0.0879456  0.91316  
0.0872659  0.913613  
0.0866105  0.914323  
0.0859971  0.91484  
0.0854775  0.915584  
0.0847916  0.915918  
0.0841363  0.916608  
0.0834452  0.917251  
0.0826209  0.917921  
0.0821974  0.918736  
0.0816741  0.919316  
0.0810005  0.919847  
0.0803702  0.920488  
0.0796572  0.921213  
0.0791078  0.921659  
0.0784679  0.922304  
0.0778348  0.922753  
0.0769083  0.923733  
0.0765886  0.924129  
0.0759813  0.924785  
0.0753815  0.925263  
0.0746733  0.92587  
0.0740793  0.926693  
0.0735191  0.927156  
0.0727538  0.927895  
0.0722894  0.928404  
0.0715163  0.929119  
0.0709746  0.929605  
0.0703322  0.930135  
0.0696955  0.930806  
0.0691151  0.931356  
0.0684032  0.931958  
0.0678234  0.932539  
0.0671672  0.933161  
0.0666137  0.93373  
0.0659633  0.934353  
0.06521  0.935081  
0.06469  0.935683  
0.0640924  0.936219  
0.0634458  0.93683  
0.062788  0.937453  
0.0621706  0.938044  
0.0615589  0.938659  
0.0608383  0.939352  
0.0603372  0.939824  
0.0597185  0.940433  
0.0590566  0.941172  
0.0584776  0.941727  
0.0578106  0.942301  
0.0571979  0.943017  
0.0565883  0.943624  
0.055904  0.94416  
0.0553321  0.944759  
0.054646  0.945453  
0.0540274  0.946058  
0.0534398  0.946665  
0.0528068  0.94746  
0.0521744  0.947919  
0.0515385  0.948666  
0.0509749  0.94915  
0.050283  0.949819  
0.049706  0.950358  
0.0490888  0.951004  
0.04843  0.951714  
0.0478618  0.952417  
0.0471801  0.952933  
0.0466081  0.953559  
0.045967  0.954156  
0.0453515  0.954805  
0.0446803  0.955452  
0.0441286  0.9561  
0.043472  0.956616  
0.0428551  0.95729  
0.0422208  0.957925  
0.0416454  0.958522  
0.0409735  0.959175  
0.0403896  0.959718  
0.0397306  0.96035  
0.039129  0.961022  
0.0384982  0.961651  
0.0378462  0.96221  
0.0372488  0.962822  
0.0366298  0.963465  
0.0359262  0.964136  
0.0353758  0.964734  
0.0347717  0.965326  
0.0340948  0.965974  
0.0335342  0.966601  
0.0329189  0.967253  
0.0322113  0.967912  
0.0316578  0.968417  
0.0310515  0.969137  
0.0304221  0.969805  
0.0297209  0.970381  
0.0291682  0.970936  
0.0285248  0.971775  
0.0278271  0.972257  
0.0272718  0.972841  
0.0266672  0.973464  
0.0260667  0.974124  
0.0254031  0.974706  
0.0248169  0.975339  
0.0241941  0.976046  
0.0234652  0.976709  
0.0229335  0.977309  
0.0222671  0.97797  
0.0216595  0.978494  
0.0210624  0.979196  
0.0204223  0.979821  
0.0197892  0.980412  
0.0191426  0.98109  
0.0185235  0.981663  
0.0179469  0.982234  
0.0173571  0.983022  
0.0166919  0.983542  
0.0160934  0.984205  
0.0154512  0.984772  
0.0148198  0.985339  
0.0142428  0.986065  
0.013512  0.986747  
0.0129549  0.987281  
0.012335  0.987958  
0.0116808  0.988547  
0.0109813  0.989374  
0.0104834  0.989823  
0.00984616  0.990332  
0.00903037  0.991192  
0.00856868  0.991684  
0.00783073  0.992551  
0.00712233  0.99306  
0.00670957  0.993661  
0.00613678  0.994116  
0.00548091  0.994953  
0.00451397  0.995837  
0.00410076  0.996186  
0.0035199  0.996926  
0.00293236  0.997631  
0.00228938  0.99832  
0.00175727  0.999281  
0.00114662  0.99998  
0.000548746  1.1393  
