2.27677  0.0265336  0.0003178  
2.44505  0.0012092  0.00036277  
0.00917727  7.13254  0.000797417  
2.44505  0.0012092  0.00036277  
0.756614  0.756351  0.0102545  
0.00917727  7.13254  0.000797417  
2.44505  0.0012092  0.00036277  
1.05626  0.338055  0.0154798  
0.0719321  1.00245  0.0106223  
0.00917727  7.13254  0.000797417  
2.44505  0.0012092  0.00036277  
1.05626  0.338055  0.0154798  
0.709665  0.709881  0.035222  
0.0719321  1.00245  0.0106223  
0.00101981  6.42729  0.000868632  
2.44505  0.0012092  0.00036277  
1.21664  0.0272891  0.0302925  
0.900381  0.555359  0.022354  
0.515041  0.873942  0.0254218  
0.0719321  1.00245  0.0106223  
0.00101981  6.42729  0.000868632  
2.41671  0.000364452  0.000376579  
1.21664  0.0272891  0.0302925  
1.00191  0.0834156  0.0518356  
0.709665  0.709881  0.035222  
0.0433422  0.999997  0.0428802  
0.0719321  1.00245  0.0106223  
0.00101981  6.42729  0.000868632  
2.41671  0.000364452  0.000376579  
1.21664  0.0272891  0.0302925  
1.00191  0.0834156  0.0518356  
0.872519  0.513295  0.0608362  
0.515392  0.87358  0.0651772  
0.0433422  0.999997  0.0428802  
0.0719321  1.00245  0.0106223  
0.00101981  6.42729  0.000868632  
2.31063  0.000487295  0.000398378  
1.21664  0.0272891  0.0302925  
1.00191  0.0834156  0.0518356  
0.872519  0.513295  0.0608362  
0.709665  0.709881  0.035222  
0.515392  0.87358  0.0651772  
0.0433422  0.999997  0.0428802  
0.0719321  1.00245  0.0106223  
0.00101981  6.42729  0.000868632  
2.31063  0.000487295  0.000398378  
1.21664  0.0272891  0.0302925  
1.00191  0.0834156  0.0518356  
1.00191  0.0834156  0.0518356  
0.872519  0.513295  0.0608362  
0.515392  0.87358  0.0651772  
0.0574447  0.998458  0.0802592  
0.0433422  0.999997  0.0428802  
0.0719321  1.00245  0.0106223  
0.00101981  6.42729  0.000868632  
2.28333  0.000524039  0.00035084  
1.21664  0.0272891  0.0302925  
1.00191  0.0834156  0.0518356  
0.999359  0.0821169  0.0876871  
0.872519  0.513295  0.0608362  
0.709446  0.709301  0.0904593  
0.515392  0.87358  0.0651772  
0.0574447  0.998458  0.0802592  
0.0433422  0.999997  0.0428802  
0.0719321  1.00245  0.0106223  
0.00101981  6.42729  0.000868632  
2.28333  0.000524039  0.00035084  
1.21664  0.0272891  0.0302925  
1.00191  0.0834156  0.0576456  
0.999359  0.0821169  0.0876871  
0.872803  0.513295  0.0608362  
0.709446  0.709301  0.0904593  
0.709446  0.709301  0.0904593  
0.514682  0.874262  0.0254325  
0.0574447  0.998458  0.0802592  
0.0433422  0.999997  0.0428802  
0.0719321  1.00245  0.0106223  
0.00245467  6.41971  0.000347352  
2.28333  0.000524039  0.00035084  
1.21664  0.0272891  0.0302925  
1.00191  0.0834156  0.0576456  
0.999359  0.0821169  0.0876871  
0.996884  0.0880195  0.117199  
0.868507  0.510839  0.123257  
0.709446  0.709301  0.0904593  
0.515392  0.87358  0.0651772  
0.0770206  0.996019  0.117691  
0.0574447  0.998458  0.0802592  
0.0433422  0.999997  0.0428802  
0.0719321  1.00245  0.0106223  
0.00101981  6.42729  0.000868632  
2.27752  0.000290199  0.000426039  
1.21664  0.0272891  0.0302925  
1.00191  0.0834156  0.0576456  
0.997873  0.0702375  0.094195  
0.995048  0.0756288  0.125572  
0.868507  0.510839  0.123257  
0.709446  0.709301  0.0904593  
0.709446  0.709301  0.0904593  
0.515392  0.87358  0.0651772  
0.0813081  0.995898  0.119836  
0.0574447  0.998458  0.0802592  
0.0433422  0.999997  0.0428802  
0.0719321  1.00245  0.0106223  
0.00101981  6.42729  0.000868632  
2.27752  0.000290199  0.000426039  
1.21648  0.00866085  0.0397906  
1.00191  0.0834156  0.0576456  
0.997873  0.0702375  0.094195  
0.994505  0.0780381  0.130803  
0.868507  0.510839  0.123257  
0.865747  0.513037  0.161288  
0.705682  0.706213  0.162043  
0.521912  0.873137  0.153713  
0.514682  0.874262  0.0258111  
0.0830804  0.995205  0.129849  
0.0690074  0.997353  0.0987004  
0.0499716  0.999132  0.0663825  
0.0719321  1.00245  0.0106223  
0.00101981  6.42729  0.000868632  
2.27752  0.000290199  0.000426039  
1.21648  0.00866085  0.0397906  
1.00061  0.0754961  0.0684735  
0.997873  0.0702375  0.094195  
0.994505  0.0780381  0.130803  
0.989425  0.0822207  0.166623  
0.865747  0.513037  0.161288  
0.705682  0.706213  0.162043  
0.705682  0.706213  0.162043  
0.517178  0.86681  0.178239  
0.11274  0.991697  0.169019  
0.0879167  0.994665  0.135786  
0.0690074  0.997353  0.0987004  
0.0499716  0.999132  0.0663825  
0.0719321  1.00245  0.0106223  
0.00101981  6.42729  0.000868632  
2.27752  0.000290199  0.000426039  
1.21601  0.0221727  0.0424344  
1.00061  0.0754961  0.0684735  
0.997873  0.0702375  0.094195  
0.994505  0.0780381  0.130803  
0.98761  0.0795029  0.17607  
0.865747  0.513037  0.161288  
0.864536  0.519697  0.208999  
0.705682  0.706213  0.162043  
0.523319  0.86663  0.203592  
0.517178  0.86681  0.178239  
0.11796  0.990906  0.176572  
0.0893432  0.994532  0.137568  
0.0690074  0.997353  0.0987004  
0.0499716  0.999132  0.0663825  
0.0719321  1.00245  0.0106223  
0.00101981  6.42729  0.000868632  
2.27752  0.000290199  0.000426039  
1.21601  0.0221727  0.0424344  
1.00061  0.0754961  0.0684735  
0.997476  0.0857507  0.110613  
0.993559  0.0786213  0.139741  
0.98761  0.0795029  0.17607  
0.868507  0.510839  0.123257  
0.864536  0.519697  0.208999  
0.702242  0.702634  0.219865  
0.702242  0.702634  0.219865  
0.523319  0.86663  0.203592  
0.514682  0.874262  0.0254325  
0.120231  0.990378  0.180694  
0.0963576  0.993915  0.145439  
0.0748425  0.996778  0.11033  
0.050362  0.998579  0.0724477  
0.0408804  1.00001  0.0392837  
0.00101981  6.42729  0.000868632  
2.27752  0.000290199  0.000426039  
1.2158  0.0207283  0.045817  
1.00061  0.0754961  0.0684735  
0.996591  0.0722415  0.111428  
0.993559  0.0786213  0.139741  
0.98558  0.0853187  0.188793  
0.980654  0.0908688  0.214432  
0.864536  0.519697  0.208999  
0.861674  0.524364  0.264869  
0.702242  0.702634  0.219865  
0.51492  0.859925  0.235299  
0.517998  0.860431  0.229631  
0.139034  0.985597  0.221638  
0.124295  0.990037  0.186806  
0.094694  0.993505  0.147681  
0.0711648  0.996416  0.112183  
0.050362  0.998579  0.0724477  
0.0408804  1.00001  0.0392837  
0.0010243  6.4273  0.000883688  
2.27752  0.000290199  0.000426039  
1.2158  0.0207283  0.045817  
1.00006  0.083369  0.0798928  
0.996403  0.0812235  0.119111  
0.991824  0.0867593  0.154907  
0.984592  0.0865121  0.194322  
0.976248  0.0886839  0.23364  
0.868507  0.510839  0.123257  
0.856863  0.519549  0.270195  
0.692108  0.692021  0.276808  
0.692108  0.692021  0.276808  
0.522329  0.856856  0.269728  
0.514682  0.874262  0.0254325  
0.156415  0.984262  0.233776  
0.128265  0.988218  0.197355  
0.0986253  0.992875  0.15699  
0.0748095  0.995916  0.118699  
0.050362  0.998579  0.0724477  
0.0408804  1.00001  0.0392837  
0.0010243  6.4273  0.000883688  
2.27752  0.000290199  0.000426039  
1.2158  0.0207283  0.045817  
1.00006  0.083369  0.0798928  
0.996403  0.0812235  0.119111  
0.990421  0.0863974  0.163546  
0.984592  0.0865121  0.194322  
0.97544  0.101376  0.241602  
0.868507  0.510839  0.123257  
0.856863  0.519549  0.270195  
0.68566  0.684955  0.310285  
0.692108  0.692021  0.276808  
0.68566  0.684955  0.310285  
0.522329  0.856856  0.269728  
0.514682  0.874262  0.0254325  
0.167372  0.982855  0.245113  
0.133749  0.987957  0.20177  
0.111301  0.992022  0.165379  
0.0813081  0.995898  0.119836  
0.0574447  0.998458  0.0802592  
0.0408804  1.00001  0.0392837  
0.00103159  6.42731  0.000908008  
2.27752  0.000290199  0.000426039  
1.2157  0.0140348  0.0510863  
0.998837  0.0681203  0.0835389  
0.995277  0.0776971  0.124853  
0.989412  0.0861775  0.168394  
0.981696  0.0974916  0.213181  
0.97085  0.0806028  0.25219  
0.963177  0.097171  0.284793  
0.850772  0.52033  0.295551  
0.832187  0.49988  0.332851  
0.684208  0.683352  0.322095  
0.684208  0.683352  0.322095  
0.52123  0.848881  0.33048  
0.522329  0.856856  0.269728  
0.196755  0.97502  0.293854  
0.168357  0.980851  0.253873  
0.140437  0.986797  0.212001  
0.107696  0.99139  0.171848  
0.0830804  0.995205  0.129849  
0.0574447  0.998458  0.0802592  
0.0433422  0.999997  0.0428802  
0.00103159  6.42731  0.000908008  
2.27752  0.000290199  0.000426039  
1.2157  0.0140348  0.0510863  
0.998692  0.0709328  0.0885877  
0.995277  0.0776971  0.124853  
0.98761  0.0795029  0.17607  
0.980654  0.0908688  0.214432  
0.97085  0.0806028  0.25219  
0.956944  0.083873  0.302158  
0.868507  0.510839  0.123257  
0.830227  0.49636  0.333643  
0.681731  0.680547  0.369058  
0.683509  0.68229  0.340606  
0.681731  0.680547  0.369058  
0.519121  0.844325  0.340521  
0.514682  0.874262  0.0254325  
0.20759  0.972897  0.308628  
0.177356  0.979959  0.266132  
0.147543  0.985528  0.221964  
0.116892  0.990564  0.179351  
0.0865197  0.994796  0.134152  
0.0649819  0.997988  0.0892288  
0.0433422  0.999997  0.0428802  
0.00103159  6.42731  0.000908008  
2.27752  0.000290199  0.000426039  
1.21541  0.0287008  0.0561054  
0.997873  0.0702375  0.094195  
0.993559  0.0786213  0.139741  
0.986573  0.0843954  0.183479  
0.97757  0.0954239  0.232229  
0.965522  0.0857045  0.274264  
0.955491  0.0978903  0.311893  
0.830305  0.494804  0.33843  
0.830227  0.49636  0.333643  
0.830227  0.49636  0.333643  
0.680154  0.678989  0.378514  
0.680154  0.678989  0.378514  
0.521838  0.830918  0.396089  
0.521327  0.841348  0.348165  
0.243275  0.962944  0.362778  
0.216225  0.970215  0.31971  
0.184928  0.978073  0.278108  
0.156415  0.984262  0.233776  
0.122291  0.989434  0.188232  
0.0959516  0.994212  0.141689  
0.0596374  0.997462  0.0938964  
0.0436646  0.999997  0.0428802  
0.00103159  6.42731  0.000908008  
2.27752  0.000290199  0.000426039  
1.21511  0.0293543  0.0599994  
0.997402  0.0691973  0.0993857  
0.993559  0.0786213  0.139741  
0.985443  0.0968285  0.195645  
0.97544  0.101376  0.241602  
0.963177  0.097171  0.284793  
0.953987  0.134829  0.328584  
0.936339  0.125361  0.371333  
0.830227  0.49636  0.333643  
0.830227  0.49636  0.333643  
0.669456  0.667579  0.412238  
0.680154  0.678989  0.378514  
0.669456  0.667579  0.412238  
0.525651  0.829092  0.414096  
0.517998  0.860431  0.229631  
0.256819  0.958276  0.380511  
0.22651  0.967255  0.335653  
0.192431  0.975727  0.291449  
0.160154  0.982853  0.24486  
0.128265  0.988218  0.197355  
0.0983765  0.993502  0.148798  
0.0596374  0.997462  0.0938964  
0.0433422  0.999997  0.0428802  
0.00103159  6.42731  0.000908008  
2.27752  0.000290199  0.000426039  
1.21475  0.0183391  0.0622625  
0.997402  0.0691973  0.0993857  
0.991824  0.0867593  0.154907  
0.985033  0.116738  0.206481  
0.97544  0.101376  0.241602  
0.956944  0.083873  0.302158  
0.948323  0.139908  0.346187  
0.931237  0.123807  0.385981  
0.830305  0.494804  0.33843  
0.829932  0.528859  0.420754  
0.799032  0.485912  0.439951  
0.663667  0.664521  0.448326  
0.663667  0.664521  0.448326  
0.541739  0.823379  0.473048  
0.527268  0.82752  0.43454  
0.514682  0.874262  0.0254325  
0.267699  0.95349  0.402084  
0.237584  0.963806  0.355146  
0.208051  0.972953  0.306456  
0.163685  0.980703  0.252184  
0.137186  0.987407  0.20722  
0.101454  0.99277  0.155661  
0.0676317  0.996973  0.103755  
0.0433422  0.999997  0.0428802  
0.0010365  6.53118  0.000924266  
2.31843  0.000185709  0.000614548  
1.215  0.0333063  0.0639695  
0.997402  0.0691973  0.0993857  
0.990421  0.0863974  0.163546  
0.980654  0.0908688  0.214432  
0.970058  0.102674  0.265156  
0.955491  0.0978903  0.311893  
0.940671  0.13351  0.364611  
0.924449  0.140097  0.404408  
0.905626  0.154503  0.449803  
0.799032  0.485912  0.439951  
0.791973  0.488129  0.477581  
0.663667  0.664521  0.448326  
0.663667  0.664521  0.448326  
0.663667  0.664521  0.448326  
0.527761  0.809093  0.486292  
0.521426  0.833464  0.384155  
0.31715  0.938071  0.466224  
0.283608  0.948766  0.420632  
0.259185  0.961187  0.373365  
0.216038  0.970194  0.322572  
0.181655  0.97927  0.269286  
0.145257  0.985954  0.219141  
0.107917  0.991829  0.164976  
0.0697888  0.996376  0.109808  
0.0433422  0.999997  0.0428802  
0.0010365  6.53118  0.000924266  
2.31843  0.000185709  0.000614548  
1.21482  0.0129797  0.0683368  
0.996591  0.0722415  0.111428  
0.988527  0.0865664  0.174348  
0.981948  0.0918301  0.209305  
0.965522  0.0857045  0.274264  
0.950654  0.133438  0.335945  
0.931411  0.10463  0.379028  
0.915968  0.152064  0.427382  
0.890968  0.123861  0.470344  
0.799032  0.485912  0.439951  
0.790696  0.504451  0.503301  
0.784294  0.518578  0.557421  
0.661215  0.662129  0.527183  
0.661215  0.662129  0.527183  
0.531451  0.787709  0.558927  
0.527519  0.800309  0.515611  
0.514682  0.874262  0.0254325  
0.333345  0.929774  0.493312  
0.29658  0.94396  0.442584  
0.265383  0.956023  0.389863  
0.22651  0.967255  0.335653  
0.183934  0.976256  0.285754  
0.154768  0.984554  0.230882  
0.108731  0.991016  0.173567  
0.0768808  0.996138  0.115083  
0.0436646  0.999997  0.0428802  
0.0010365  6.53118  0.000924266  
2.31843  0.000185709  0.000614548  
1.21436  0.00885711  0.0718104  
0.996591  0.0722415  0.111428  
0.987569  0.0858335  0.180181  
0.976396  0.100343  0.237339  
0.962055  0.106503  0.293806  
0.947284  0.115321  0.34022  
0.924449  0.140097  0.404408  
0.905238  0.129913  0.444347  
0.885558  0.176268  0.496821  
0.862399  0.17675  0.537442  
0.790696  0.504451  0.503301  
0.775091  0.509887  0.574951  
0.664899  0.658882  0.602753  
0.661215  0.662129  0.527183  
0.658753  0.662552  0.569953  
0.537543  0.782062  0.588472  
0.520068  0.79609  0.521418  
0.344293  0.899854  0.547603  
0.324352  0.918147  0.514439  
0.31715  0.938071  0.466224  
0.280688  0.949776  0.415795  
0.240915  0.962997  0.358245  
0.200666  0.973168  0.301022  
0.15454  0.982517  0.241757  
0.116892  0.990564  0.179351  
0.0697459  0.996376  0.109808  
0.0436646  0.999997  0.0428802  
0.0010365  6.53118  0.000924266  
2.10476  0.000155471  0.0007821  
1.21436  0.00885711  0.0718104  
0.996591  0.0722415  0.111428  
0.985443  0.0968285  0.195645  
0.972406  0.112333  0.25987  
0.955491  0.0978903  0.311893  
0.93534  0.106053  0.370461  
0.91266  0.109043  0.423972  
0.890968  0.123861  0.470344  
0.868834  0.173607  0.522765  
0.84806  0.178433  0.561464  
0.791973  0.488129  0.477581  
0.764289  0.516162  0.600823  
0.72106  0.481078  0.640912  
0.664899  0.658882  0.602753  
0.658753  0.662552  0.569953  
0.577854  0.776865  0.664709  
0.537543  0.782062  0.588472  
0.519121  0.844325  0.340521  
0.39278  0.894215  0.591222  
0.324319  0.904211  0.541767  
0.32487  0.929505  0.489549  
0.29377  0.944786  0.43894  
0.250247  0.959726  0.3783  
0.200666  0.973168  0.301022  
0.15454  0.982517  0.241757  
0.108731  0.991016  0.173567  
0.0697459  0.996376  0.109808  
0.0133422  1.21499  0.0591  
0.0010365  6.53118  0.000924266  
2.10476  0.000155471  0.0007821  
1.21366  0.0351273  0.0829388  
0.997954  0.0696678  0.0950543  
0.982816  0.101005  0.210012  
0.969012  0.122201  0.275386  
0.947507  0.103098  0.336881  
0.930899  0.156834  0.398384  
0.905238  0.129913  0.444347  
0.87549  0.144034  0.504589  
0.857133  0.19681  0.548966  
0.814367  0.0732262  0.584929  
0.794751  0.176177  0.632551  
0.72106  0.481078  0.640912  
0.72106  0.481078  0.640912  
0.70343  0.4792  0.697048  
0.655891  0.659197  0.665684  
0.536876  0.721779  0.734401  
0.570946  0.752239  0.71356  
0.527867  0.793929  0.550986  
0.427802  0.85355  0.671386  
0.381804  0.873717  0.618425  
0.383728  0.897287  0.576961  
0.324352  0.918147  0.514439  
0.288016  0.94561  0.435887  
0.240915  0.962997  0.358245  
0.192032  0.973833  0.298573  
0.148501  0.983799  0.231292  
0.108731  0.991016  0.173567  
0.0697459  0.996376  0.109808  
0.0133422  1.21499  0.0591  
0.000730786  6.53033  0.000623078  
2.10476  0.000155471  0.0007821  
1.21366  0.0351273  0.0829388  
0.997954  0.0696678  0.0950543  
0.985443  0.0968285  0.195645  
0.966446  0.140969  0.292238  
0.941078  0.112191  0.356567  
0.916385  0.131076  0.422468  
0.890968  0.123861  0.470344  
0.8592  0.0728984  0.517075  
0.83599  0.177944  0.578797  
0.797806  0.166742  0.624325  
0.775346  0.179513  0.654704  
0.744452  0.188483  0.692878  
0.70343  0.4792  0.697048  
0.688129  0.133692  0.73759  
0.635681  0.419277  0.742521  
0.614982  0.400005  0.746841  
0.58423  0.593652  0.766176  
0.536876  0.721779  0.734401  
0.488898  0.822018  0.753752  
0.45271  0.838646  0.708776  
0.410923  0.860545  0.660439  
0.344293  0.899854  0.547603  
0.324319  0.904211  0.541767  
0.276249  0.951398  0.417477  
0.231393  0.965266  0.348871  
0.183934  0.976256  0.285754  
0.141446  0.985471  0.222763  
0.105798  0.991738  0.166079  
0.0676317  0.996973  0.103755  
0.0133422  1.21499  0.0591  
0.000730786  6.53033  0.000623078  
2.10476  0.000155471  0.0007821  
1.21108  0.0070681  0.100361  
0.997954  0.0696678  0.0950543  
0.985443  0.0968285  0.195645  
0.957226  0.126788  0.314651  
0.931237  0.123807  0.385981  
0.905238  0.129913  0.444347  
0.876393  0.174691  0.512858  
0.84806  0.178433  0.561464  
0.814367  0.0732262  0.584929  
0.784642  0.179271  0.643911  
0.751336  0.166966  0.67945  
0.71682  0.17538  0.719565  
0.635681  0.419277  0.742521  
0.635681  0.419277  0.742521  
0.614982  0.400005  0.746841  
0.524659  0.528721  0.770457  
0.524659  0.528721  0.770457  
0.524659  0.528721  0.770457  
0.499838  0.647837  0.809319  
0.386964  0.800694  0.814274  
0.432914  0.842496  0.684685  
0.390924  0.872752  0.629077  
0.344293  0.899854  0.547603  
0.311742  0.937033  0.472467  
0.265782  0.954641  0.404393  
0.215157  0.967653  0.33656  
0.181205  0.976995  0.28066  
0.139034  0.985597  0.221638  
0.101454  0.99277  0.155661  
0.0596374  0.997462  0.0938964  
0.0133422  1.21499  0.0591  
0.000730786  6.53033  0.000623078  
2.10476  0.000155471  0.0007821  
1.21094  0.0344228  0.106789  
0.997954  0.0696678  0.0950543  
0.985443  0.0968285  0.195645  
0.947284  0.115321  0.34022  
0.92053  0.140691  0.414706  
0.884506  0.113565  0.48115  
0.857081  0.168632  0.543076  
0.814367  0.0732262  0.584929  
0.785518  0.179271  0.643911  
0.751336  0.166966  0.67945  
0.71682  0.17538  0.719565  
0.688129  0.133692  0.73759  
0.618604  0.396877  0.744915  
0.60265  0.407708  0.780066  
0.573567  0.374155  0.787418  
0.513419  0.510057  0.79846  
0.512629  0.518461  0.791967  
0.49724  0.500322  0.817453  
0.447274  0.594361  0.822838  
0.324124  0.658646  0.821067  
0.397307  0.707852  0.814354  
0.152719  0.750457  0.802325  
0.0829182  0.864635  0.789387  
0.336664  0.903176  0.5487  
0.295985  0.940241  0.681616  
0.25575  0.95825  0.377488  
0.215157  0.967653  0.33656  
0.169998  0.979702  0.261553  
0.130379  0.987487  0.206095  
0.0967325  0.99329  0.149849  
0.0436646  0.999997  0.0428802  
0.0103465  1.21141  0.108877  
0.000730786  6.53033  0.000623078  
2.10476  0.000155471  0.0007821  
1.21005  0.0183233  0.121013  
0.997954  0.0696678  0.0950543  
0.988527  0.0865664  0.174348  
0.936301  0.115592  0.368632  
0.905238  0.129913  0.444347  
0.8592  0.0728984  0.517075  
0.828706  0.146051  0.579185  
0.788755  0.159369  0.634304  
0.751336  0.166966  0.67945  
0.71682  0.17538  0.719565  
0.674525  0.156422  0.753835  
0.650204  0.139903  0.772256  
0.573567  0.374155  0.787418  
0.573567  0.374155  0.787418  
0.537123  0.344961  0.810998  
0.498332  0.316779  0.838496  
0.482537  0.487924  0.82559  
0.468765  0.468235  0.848244  
0.154751  0.552812  0.847217  
0.417203  0.565608  0.836336  
0.25806  0.612518  0.82887  
0.324124  0.658646  0.821067  
0.324124  0.658646  0.821067  
0.152719  0.750457  0.802325  
0.125818  0.875033  0.786177  
0.289549  0.943029  0.679617  
0.231138  0.95806  0.647029  
0.203644  0.970685  0.316929  
0.164542  0.980535  0.252683  
0.130379  0.987487  0.206095  
0.093612  0.993539  0.145707  
0.0436646  0.999997  0.0428802  
0.0103465  1.21141  0.108877  
0.000730786  6.53033  0.000623078  
2.10476  0.000155471  0.0007821  
1.21005  0.0183233  0.121013  
0.997954  0.0696678  0.0950543  
0.951252  0.0821088  0.31994  
0.933755  0.11592  0.377082  
0.884506  0.113565  0.48115  
0.857081  0.168632  0.543076  
0.801599  0.134022  0.613305  
0.758555  0.169082  0.673435  
0.71496  0.169726  0.721028  
0.674525  0.156422  0.753835  
0.636155  0.151296  0.786117  
0.605884  0.163952  0.813138  
0.577462  0.18517  0.836951  
0.537123  0.344961  0.810998  
0.498332  0.316779  0.838496  
0.473218  0.31646  0.864601  
0.422427  0.421768  0.871487  
0.431531  0.437131  0.863718  
0.410876  0.41493  0.875649  
0.134353  0.516937  0.866651  
0.1391  0.543275  0.850219  
0.154751  0.552812  0.847217  
0.25806  0.612518  0.82887  
0.25806  0.612518  0.82887  
0.25806  0.612518  0.82887  
0.152719  0.750457  0.802325  
0.125818  0.875033  0.786177  
0.231138  0.95806  0.647029  
0.198857  0.9727  0.630102  
0.162903  0.981475  0.25321  
0.125036  0.988849  0.19465  
0.0924738  0.993553  0.146591  
0.0436646  0.999997  0.0428802  
0.0103465  1.21141  0.108877  
0.000864663  6.55248  0.000556739  
2.10476  0.000155471  0.0007821  
1.20479  0.0184655  0.147956  
1.16989  0.047604  0.288666  
0.951252  0.0821088  0.31994  
0.933755  0.11592  0.377082  
0.8592  0.0728984  0.517075  
0.814367  0.0717677  0.584929  
0.769108  0.175433  0.662588  
0.71496  0.169726  0.721028  
0.668057  0.151853  0.758688  
0.628595  0.137682  0.789507  
0.586419  0.12783  0.819275  
0.559297  0.126218  0.838761  
0.515559  0.164188  0.871577  
0.471964  0.312714  0.86814  
0.453666  0.29886  0.873264  
0.446061  0.303883  0.885107  
0.37735  0.376527  0.889989  
0.379329  0.37885  0.88536  
0.37735  0.376527  0.889989  
0.315095  0.440688  0.895884  
0.102053  0.473856  0.886309  
0.163271  0.503298  0.878678  
0.12488  0.531396  0.856279  
0.154751  0.552812  0.847217  
0.25806  0.612518  0.82887  
0.25806  0.612518  0.82887  
0.144034  0.683397  0.836455  
0.152719  0.750457  0.802325  
0.125818  0.875033  0.786177  
0.18147  0.969008  0.637219  
0.154579  0.980798  0.606631  
0.120485  0.989197  0.192568  
0.087646  0.994521  0.135068  
0.0436646  0.999997  0.0428802  
0.0103465  1.21141  0.108877  
0.000730786  6.53033  0.000623078  
2.10476  0.000155471  0.0007821  
1.20112  0.0056641  0.163099  
1.15399  0.0138635  0.33048  
0.951252  0.0821088  0.31994  
0.8592  0.0728984  0.517075  
0.801599  0.134022  0.613305  
0.801599  0.134022  0.613305  
0.712575  0.164985  0.72105  
0.663385  0.146478  0.761813  
0.620563  0.138538  0.79567  
0.581081  0.151049  0.828308  
0.542454  0.113786  0.847388  
0.505136  0.124731  0.871817  
0.480812  0.129012  0.88599  
0.402246  0.261057  0.901423  
0.402246  0.261057  0.901423  
0.397309  0.261009  0.905578  
0.311464  0.312158  0.916292  
0.311464  0.312158  0.916292  
0.311464  0.312158  0.916292  
0.311464  0.312158  0.916292  
0.280983  0.400249  0.917663  
0.283194  0.410534  0.90948  
0.0861357  0.453824  0.895069  
0.102053  0.473856  0.886309  
0.163271  0.505945  0.878678  
0.1391  0.543275  0.850219  
0.154751  0.552812  0.847217  
0.154751  0.552812  0.847217  
0.144034  0.683397  0.836455  
0.152719  0.750457  0.802325  
0.125818  0.875033  0.786177  
0.146593  0.983599  0.615737  
0.11988  0.989763  0.186057  
0.087646  0.994521  0.135068  
0.0436646  0.999997  0.0428802  
0.0234201  1.20648  0.161825  
0.000730786  6.53033  0.000623078  
2.12541  0.000155471  0.0007821  
1.20112  0.0056641  0.163099  
1.1292  0.0119564  0.373223  
0.951252  0.0821088  0.31994  
0.8592  0.0728984  0.517075  
0.858789  0.064696  0.711695  
0.696318  0.112812  0.72659  
0.650204  0.139903  0.772256  
0.586419  0.12783  0.819275  
0.559297  0.126218  0.838761  
0.515559  0.164188  0.871577  
0.480812  0.129012  0.88599  
0.44438  0.137855  0.906089  
0.420671  0.129863  0.91633  
0.346622  0.220688  0.925653  
0.346622  0.220688  0.925653  
0.346622  0.220688  0.925653  
0.330339  0.236091  0.946523  
0.312984  0.2318  0.952913  
0.3009  0.299512  0.94828  
0.236447  0.316895  0.952013  
0.230214  0.326533  0.94399  
0.230214  0.326533  0.94399  
0.230214  0.326533  0.94399  
0.145088  0.384797  0.935145  
0.193723  0.426431  0.924008  
0.0861357  0.453824  0.895069  
0.102053  0.473856  0.886309  
0.134353  0.516937  0.866651  
0.154751  0.552812  0.847217  
0.154751  0.552812  0.847217  
0.144034  0.683397  0.836455  
0.152719  0.750457  0.802325  
0.0382836  0.960244  0.797011  
0.110013  0.991028  0.174809  
0.078767  0.99543  0.124303  
0.0436646  0.999997  0.0428802  
0.012545  1.19734  0.178943  
0.0007148  6.55735  0.000706445  
2.12541  0.000155471  0.0007821  
1.1863  0.01134  0.237639  
1.09633  0.00331122  0.441301  
0.951252  0.0821088  0.31994  
0.875402  0.0594547  0.700062  
0.773767  0.0224541  0.77282  
0.688733  0.00642771  0.827799  
0.586419  0.12783  0.819275  
0.542454  0.113786  0.847388  
0.487653  0.130777  0.882441  
0.44438  0.137855  0.906089  
0.408023  0.111062  0.919368  
0.379816  0.116426  0.932151  
0.352219  0.0978256  0.940945  
0.33515  0.0961153  0.947438  
0.315187  0.09993  0.95415  
0.299795  0.0930024  0.958889  
0.259768  0.168936  0.959996  
0.259768  0.168936  0.959996  
0.238176  0.241205  0.968007  
0.238176  0.241205  0.968007  
0.191728  0.254363  0.970149  
0.191728  0.254363  0.970149  
0.191728  0.254363  0.970149  
0.191728  0.254363  0.970149  
0.127008  0.345706  0.965773  
0.127008  0.345706  0.965773  
0.145088  0.384797  0.935145  
0.145088  0.384797  0.935145  
0.0861357  0.453824  0.895069  
0.13954  0.4816  0.887532  
0.134876  0.536247  0.855272  
0.134876  0.536247  0.855272  
0.0932255  0.659533  0.844726  
0.0751129  0.808338  0.818365  
0.0799277  0.986832  0.786415  
0.078767  0.99543  0.124303  
0.0436646  0.999997  0.0428802  
0.012545  1.19734  0.178943  
0.000730786  6.53033  0.000623078  
2.10476  0.000155471  0.0007821  
1.17348  0.0135841  0.287425  
1.04203  0.0109902  0.518417  
0.898613  0.0509456  0.68191  
0.773767  0.0224541  0.77282  
0.673614  0.00505728  0.837403  
0.578988  0.039705  0.881482  
0.514738  0.00764385  0.90679  
0.408023  0.111062  0.919368  
0.408023  0.111062  0.919368  
0.352219  0.0978256  0.940945  
0.343452  0.121213  0.946429  
0.315651  0.0998729  0.953752  
0.294999  0.0976281  0.960544  
0.275781  0.0910342  0.965287  
0.244716  0.0442845  0.970645  
0.227852  0.0472922  0.974796  
0.227852  0.0472922  0.974796  
0.208331  0.0704224  0.980444  
0.187918  0.0417047  0.983114  
0.187918  0.0417047  0.983114  
0.183911  0.0450084  0.984045  
0.177177  0.174512  0.985742  
0.159112  0.15765  0.988959  
0.161352  0.246911  0.988516  
0.152344  0.155439  0.989553  
0.149915  0.274434  0.989951  
0.138865  0.141798  0.991145  
0.138865  0.141798  0.991145  
0.127008  0.345706  0.965773  
0.0239688  0.378008  0.951621  
0.0116989  0.416261  0.94127  
0.0861357  0.453824  0.895069  
0.0865669  0.45399  0.89489  
0.0865669  0.45399  0.89489  
0.0932255  0.659533  0.844726  
0.0751129  0.808338  0.818365  
0.0769021  0.995432  0.123009  
0.0436646  0.999997  0.0428802  
0.0170435  1.17851  0.25423  
0.000730786  6.53033  0.000623078  
2.10476  0.000155471  0.0007821  
1.1292  0.0119564  0.373223  
0.942674  0.0169882  0.64047  
0.773767  0.0224541  0.77282  
0.636769  0.0357339  0.853658  
0.536394  0.0565759  0.899673  
0.455062  0.0278034  0.9278  
0.397367  0.066193  0.947135  
0.354833  0.00905488  0.956918  
0.283459  0.07723  0.961939  
0.283459  0.07723  0.961939  
0.262276  0.0876928  0.968672  
0.234624  0.0661081  0.97433  
0.222706  0.0509323  0.976121  
0.192545  0.066753  0.983705  
0.187918  0.0417047  0.983114  
0.183911  0.0450084  0.984045  
0.173698  0.0877903  0.988955  
0.161971  0.0742122  0.989545  
0.139303  0.0591398  0.991938  
0.139303  0.0591398  0.991938  
0.138865  0.141798  0.991145  
0.122514  0.0383694  0.993176  
0.122514  0.0383694  0.993176  
0.122514  0.0383694  0.993176  
0.118346  0.16009  0.993751  
0.109448  0.0799961  0.99458  
0.109448  0.0799961  0.99458  
0.101952  0.0743824  0.995124  
0.102045  0.123953  0.995355  
0.0993179  0.161432  0.995753  
0.0934915  0.196826  0.996144  
0.0923223  0.251525  0.996211  
0.0855427  0.358312  0.979065  
0.0690045  0.404355  0.944796  
0.0433841  0.461833  0.926401  
0.0604686  0.537942  0.898658  
0.0604686  0.537942  0.898658  
0.0604686  0.537942  0.898658  
0.0436646  0.999997  0.0428802  
0.0257451  1.14467  0.36188  
0.0007148  6.55735  0.000706445  
2.12541  0.000155471  0.0007821  
1.04203  0.0109902  0.518417  
0.773767  0.0224541  0.77282  
0.578988  0.039705  0.881482  
0.455062  0.0278034  0.9278  
0.376934  0.00228703  0.95093  
0.322697  0.0189463  0.964609  
0.227852  0.0472922  0.974796  
0.227852  0.0472922  0.974796  
0.211485  0.055096  0.97888  
0.197106  0.0468733  0.987932  
0.170698  0.0328806  0.990482  
0.163138  0.0369715  0.991477  
0.15116  0.0431391  0.992896  
0.139303  0.0591398  0.991938  
0.130745  0.0730449  0.994231  
0.110534  0.0493635  0.995041  
0.110534  0.0493635  0.995041  
0.110534  0.0493635  0.995041  
0.101952  0.0743824  0.995124  
0.0993082  0.0807922  0.99699  
0.0892059  0.0487172  0.997216  
0.0817661  0.0988062  0.996944  
0.0862046  0.103551  0.996477  
0.0817661  0.0988062  0.996944  
0.0785064  0.095442  0.997182  
0.0746516  0.102666  0.997468  
0.0736096  0.130998  0.997654  
0.0709117  0.119664  0.997701  
0.0684116  0.126954  0.998006  
0.0650061  0.124908  0.998197  
0.0638377  0.173839  0.998396  
0.0606092  0.0812324  0.99841  
0.0602693  0.148112  0.998511  
0.0587709  0.0687148  0.998569  
0.0569861  0.092032  0.998709  
0.053117  0.0791921  0.998862  
0.0239688  0.378008  0.951621  
0.0433841  0.461833  0.926401  
0.0190865  0.537942  0.898658  
0.0190865  0.537942  0.898658  
0.00977878  1.03402  0.530708  
0.000194955  5.86238  0.0139353  
2.10476  0.000155471  0.0007821  
0.740518  0.0042009  0.798749  
0.450978  0.00414782  0.928868  
0.322697  0.0189463  0.964609  
0.241509  0.0136104  0.990265  
0.195975  0.0136104  0.990284  
0.146553  0.00912881  0.994678  
0.139162  0.00864575  0.995125  
0.122109  0.0144732  0.99514  
0.102514  0.025027  0.996677  
0.0988914  0.014427  0.997654  
0.0890049  0.0260336  0.998177  
0.072523  0.0128645  0.998306  
0.072523  0.0128645  0.998306  
0.0676604  0.0225466  0.99862  
0.0596006  0.0304414  0.99915  
0.0596006  0.0304414  0.99915  
0.04889  0.0303284  0.999287  
0.04889  0.0303284  0.999287  
0.04889  0.0303284  0.999287  
0.04889  0.0303284  0.999287  
0.0427374  0.0213248  0.999326  
0.0427374  0.0213248  0.999326  
0.0427374  0.0213248  0.999326  
0.0398553  0.017201  0.999353  
0.0398553  0.017201  0.999353  
0.0370106  0.0134755  0.99941  
0.0370106  0.0134755  0.99941  
0.031895  0.0317026  0.999535  
0.031895  0.0317026  0.999535  
0.031895  0.0317026  0.999535  
0.031895  0.0317026  0.999535  
0.0309971  0.0302438  0.999682  
0.0281887  0.0371382  0.999706  
0.0281887  0.0371382  0.999706  
0.0281887  0.0371382  0.999706  
0.0274413  0.0317575  0.999792  
0.0257935  0.0582472  0.999805  
0.0252798  0.170442  0.999779  
0.0252907  0.0867675  0.999833  
0.025003  0.125466  0.999876  
0.0215672  0.443278  0.94918  
0.0190865  0.537942  0.898658  
0.000194955  5.86238  0.0139353  
1.74953  0.000150252  0.055056  
0.13549  0.00267441  0.999784  
0.00918638  0.00398997  0.999992  
0.00918638  0.00398997  0.999992  
0.00918638  0.00398997  0.999992  
0.00918638  0.00398997  0.999992  
0.00918638  0.00398997  0.999992  
0.00918638  0.00398997  0.999992  
0.00918638  0.00398997  0.999992  
0.00918638  0.00398997  0.999992  
0.00918638  0.00398997  0.999992  
0.00918638  0.00398997  0.999992  
0.00918638  0.00398997  0.999992  
0.00918638  0.00398997  0.999992  
0.00918638  0.00398997  0.999992  
0.00918638  0.00398997  0.999992  
0.00918638  0.00398997  0.999992  
0.00918638  0.00398997  0.999992  
0.00918638  0.00398997  0.999992  
0.00918638  0.00398997  0.999992  
0.00918638  0.00398997  0.999992  
0.00811505  0.0067324  0.999993  
0.00811505  0.0067324  0.999993  
0.00811505  0.0067324  0.999993  
0.00811505  0.0067324  0.999993  
0.00811505  0.0067324  0.999993  
0.00811505  0.0067324  0.999993  
0.00811505  0.0067324  0.999993  
0.00811505  0.0067324  0.999993  
0.00811505  0.0067324  0.999993  
0.00811505  0.0067324  0.999993  
0.00811505  0.0067324  0.999993  
0.00811505  0.0067324  0.999993  
0.00811505  0.0067324  0.999993  
0.00811505  0.0067324  0.999993  
0.00811505  0.0067324  0.999993  
0.00811505  0.0067324  0.999993  
0.00811505  0.0067324  0.999993  
0.00811505  0.0067324  0.999993  
0.00811505  0.0067324  0.999993  
0.00811505  0.0067324  0.999993  
0.00811505  0.0067324  0.999993  
0.00811505  0.0067324  0.999993  
0.00811505  0.0067324  0.999993  
0.000233023  2.28525  0.300827  
