1  0.542018  
1  0.542019  
1  0.542019  
1  0.542019  
1  0.542019  
1  0.542019  
1  0.542019  
1  0.542019  
1  0.542019  
1  0.542019  
1  0.542019  
1  0.542019  
1  0.542019  
1  0.542019  
1  0.542019  
1  0.542019  
1  0.542019  
1  0.542019  
1  0.542019  
1  0.542019  
1  0.542019  
1  0.542019  
1  0.542019  
1  0.542019  
1  0.542019  
1  0.542019  
1  0.542019  
1  0.542019  
1  0.542019  
1  0.542019  
0.989835  0.544091  
0.969513  0.547373  
0.949661  0.550254  
0.929809  0.553208  
0.912108  0.556355  
0.893907  0.559225  
0.878327  0.561773  
0.86149  0.564621  
0.844572  0.567455  
0.827655  0.570353  
0.812645  0.572925  
0.798067  0.575519  
0.782795  0.577708  
0.769765  0.58034  
0.754233  0.582796  
0.742242  0.585048  
0.72775  0.58713  
0.715524  0.589559  
0.702554  0.591725  
0.690768  0.593969  
0.680365  0.595941  
0.668019  0.597891  
0.658067  0.601149  
0.650121  0.603776  
0.641063  0.606578  
0.632271  0.609811  
0.624203  0.612421  
0.615303  0.615222  
0.606998  0.617914  
0.598758  0.620601  
0.591114  0.623172  
0.582934  0.625862  
0.575529  0.628462  
0.567524  0.631216  
0.560753  0.633871  
0.55264  0.636586  
0.545496  0.638981  
0.538045  0.641426  
0.531206  0.643833  
0.524204  0.646271  
0.517203  0.648731  
0.509848  0.651166  
0.5032  0.653713  
0.496573  0.65596  
0.489909  0.658213  
0.483536  0.660567  
0.476971  0.662924  
0.470333  0.665177  
0.46416  0.667549  
0.458094  0.669854  
0.452003  0.671899  
0.445845  0.674236  
0.439865  0.676425  
0.433885  0.678631  
0.427905  0.680854  
0.422155  0.682968  
0.416314  0.685048  
0.410636  0.687219  
0.40505  0.689303  
0.399463  0.691402  
0.393675  0.693637  
0.388318  0.695487  
0.382995  0.697525  
0.377593  0.699553  
0.372155  0.701534  
0.367137  0.703444  
0.361857  0.705442  
0.356833  0.707334  
0.351784  0.70959  
0.345962  0.711576  
0.341317  0.713153  
0.336477  0.71498  
0.332084  0.717439  
0.328141  0.72027  
0.324197  0.723116  
0.320296  0.725935  
0.316346  0.728813  
0.312533  0.731596  
0.308649  0.734443  
0.30474  0.737326  
0.300962  0.740107  
0.297144  0.742957  
0.293337  0.745771  
0.289572  0.748596  
0.285774  0.751445  
0.282039  0.754246  
0.278305  0.757067  
0.274567  0.759904  
0.270785  0.762781  
0.267134  0.765571  
0.263502  0.768357  
0.259854  0.771165  
0.256122  0.774048  
0.252531  0.776832  
0.248858  0.779691  
0.245324  0.782451  
0.241677  0.785311  
0.238101  0.788123  
0.234521  0.79095  
0.230977  0.793758  
0.227419  0.796587  
0.223848  0.799436  
0.22037  0.802223  
0.216822  0.805073  
0.21332  0.807898  
0.209811  0.810739  
0.20629  0.813597  
0.202856  0.816396  
0.199385  0.819235  
0.195908  0.822088  
0.19248  0.824914  
0.189046  0.827749  
0.18559  0.830614  
0.182208  0.833429  
0.178769  0.836299  
0.175404  0.839119  
0.172021  0.841968  
0.16862  0.844834  
0.16526  0.847678  
0.161858  0.850563  
0.158517  0.853412  
0.155184  0.856263  
0.151824  0.85915  
0.14847  0.86203  
0.145164  0.864896  
0.141803  0.867793  
0.138508  0.870657  
0.135203  0.873539  
0.131899  0.876431  
0.1286  0.879326  
0.125292  0.882239  
0.122025  0.885131  
0.118732  0.888047  
0.115469  0.890949  
0.112176  0.893887  
0.108916  0.896806  
0.105659  0.899732  
0.102415  0.902655  
0.0991787  0.905581  
0.095902  0.908553  
0.0926724  0.911492  
0.0894542  0.91443  
0.0862201  0.917393  
0.0829945  0.920357  
0.0797689  0.92333  
0.0765234  0.926334  
0.0733037  0.929322  
0.0701212  0.932281  
0.0669049  0.935285  
0.0637055  0.938282  
0.0604829  0.94131  
0.0572937  0.944317  
0.0540947  0.947344  
0.0508995  0.950374  
0.0477054  0.953415  
0.0445173  0.956461  
0.0413261  0.959517  
0.038146  0.962572  
0.0349609  0.965644  
0.0317724  0.968728  
0.0285955  0.97181  
0.0254128  0.974909  
0.0222355  0.97801  
0.019056  0.981126  
0.015879  0.984248  
0.0126998  0.987381  
0.00952397  0.990522  
0.00634589  0.993674  
0.00317314  0.996833  
5.94666e-005  0.999941  
