0.999968  0.164646  
0.999964  0.16464  
0.999963  0.164639  
0.999963  0.164639  
0.999965  0.164642  
0.999965  0.164642  
0.999963  0.164639  
1  0.16469  
0.999984  0.164668  
0.999963  0.164639  
0.999963  0.16464  
0.99999  0.164676  
0.999991  0.164678  
0.99999  0.164676  
0.999981  0.164664  
0.999991  0.164678  
0.999981  0.164664  
1  0.16469  
0.999985  0.164669  
0.999983  0.164666  
0.999979  0.16466  
0.999983  0.164667  
0.999983  0.164666  
0.999981  0.164664  
0.999983  0.164666  
0.999976  0.164656  
0.999983  0.164667  
0.999984  0.164667  
0.999979  0.164661  
0.999985  0.164669  
0.999981  0.164664  
0.999978  0.164659  
0.970982  0.294881  
0.970983  0.294881  
0.970982  0.29488  
0.970983  0.294881  
0.970983  0.294882  
0.970983  0.294882  
0.970982  0.294881  
0.970982  0.29488  
0.970982  0.294881  
0.970982  0.29488  
0.970983  0.294881  
0.970982  0.29488  
0.970982  0.29488  
0.970983  0.294882  
0.970984  0.294882  
0.970982  0.29488  
0.970983  0.294881  
0.970983  0.294881  
0.970983  0.294881  
0.970982  0.294881  
0.970983  0.294881  
0.970983  0.294881  
0.893393  0.358418  
0.893393  0.358418  
0.893393  0.358418  
0.893393  0.358418  
0.893393  0.358418  
0.893393  0.358418  
0.893393  0.358418  
0.893393  0.358418  
0.893393  0.358417  
0.893393  0.358417  
0.81115  0.415224  
0.81115  0.415224  
0.81115  0.415224  
0.81115  0.415224  
0.81115  0.415224  
0.81115  0.415224  
0.81115  0.415224  
0.81115  0.415224  
0.81115  0.415224  
0.81115  0.415224  
0.728987  0.472189  
0.728988  0.47219  
0.728988  0.47219  
0.728987  0.472189  
0.728988  0.47219  
0.728988  0.47219  
0.728988  0.47219  
0.728988  0.47219  
0.728988  0.47219  
0.728988  0.47219  
0.728988  0.472191  
0.652397  0.537025  
0.652397  0.537025  
0.652396  0.536591  
0.652396  0.536881  
0.652396  0.536808  
0.652396  0.536808  
0.652396  0.536591  
0.652396  0.536736  
0.652396  0.536736  
0.652295  0.536814  
0.652194  0.537036  
0.575347  0.602394  
0.575347  0.602319  
0.575347  0.602394  
0.576561  0.603109  
0.576561  0.603109  
0.575853  0.602796  
0.575853  0.602796  
0.575347  0.602319  
0.575347  0.602319  
0.575347  0.602319  
0.490273  0.654425  
0.490274  0.654428  
0.490269  0.654419  
0.490271  0.654422  
0.490272  0.654424  
0.490271  0.654422  
0.490271  0.654422  
0.490271  0.654422  
0.490273  0.654426  
0.490273  0.654426  
0.490272  0.654424  
0.490269  0.654419  
0.490273  0.654425  
0.413542  0.718298  
0.413541  0.718297  
0.413542  0.718298  
0.41365  0.718212  
0.413543  0.718299  
0.413542  0.718298  
0.41365  0.718212  
0.413541  0.718297  
0.413321  0.718485  
0.413321  0.718485  
0.413321  0.718485  
0.326456  0.768686  
0.326456  0.768686  
0.326456  0.768686  
0.326456  0.768686  
0.326456  0.768686  
0.326456  0.768686  
0.326456  0.768686  
0.326456  0.768686  
0.326456  0.768686  
0.326456  0.768686  
0.326375  0.768782  
0.326375  0.768782  
0.326375  0.768782  
0.326375  0.768782  
0.252655  0.836008  
0.252657  0.836008  
0.252657  0.836008  
0.252651  0.836005  
0.252651  0.836008  
0.252651  0.836005  
0.252655  0.836008  
0.252655  0.836008  
0.252655  0.836008  
0.252141  0.837928  
0.252141  0.837928  
0.164483  0.886025  
0.164483  0.886025  
0.164484  0.886025  
0.164484  0.886025  
0.164484  0.886025  
0.164483  0.886025  
0.164484  0.886025  
0.164483  0.886025  
0.164483  0.886025  
0.164483  0.886025  
0.164482  0.886026  
0.164484  0.886025  
0.164484  0.886025  
0.164391  0.886113  
0.164391  0.886113  
0.093187  0.956317  
0.0931757  0.956324  
0.093187  0.956317  
0.0931851  0.95632  
0.0931851  0.95632  
0.0931804  0.956324  
0.0931805  0.956319  
0.0931821  0.956321  
0.093187  0.956317  
0.093187  0.956317  
0.0931805  0.956319  
0.0931804  0.956324  
0.0930569  0.956428  
0.00348353  1.00483  
0.00348353  1.00483  
0.00347973  1.00486  
0.003481  1.00485  
0.00348289  1.00484  
0.00348353  1.00483  
0.003481  1.00485  
0.00348353  1.00483  
0.003481  1.00485  
0.00348353  1.00483  
0.00348226  1.00484  
0.00347878  1.00487  
0.00348226  1.00484  
0.00348289  1.00484  
0.003481  1.00485  
0.00348353  1.00483  
4.27987e-005  1.11461  
