0.957205  0.105787  
0.957205  0.105788  
0.957205  0.105787  
0.957205  0.105787  
0.957205  0.105787  
0.957205  0.105787  
0.957205  0.105787  
0.957205  0.105787  
0.957205  0.105787  
0.957205  0.105787  
0.957205  0.105788  
0.957205  0.105788  
0.957205  0.105788  
0.957205  0.105788  
0.957205  0.105787  
0.957205  0.105787  
0.957205  0.105787  
0.957205  0.105788  
0.957205  0.105787  
0.957205  0.105787  
0.997304  0.160933  
0.997304  0.160933  
0.997304  0.160934  
0.997304  0.160933  
0.997304  0.160934  
0.997304  0.160933  
0.997304  0.160933  
0.997304  0.160933  
0.97105  0.294974  
0.97105  0.294973  
0.97105  0.294974  
0.97105  0.294974  
0.97105  0.294974  
0.97105  0.294973  
0.97105  0.294973  
0.97105  0.294974  
0.97105  0.294973  
0.97105  0.294974  
0.97105  0.294973  
0.97105  0.294973  
0.97105  0.294973  
0.97105  0.294973  
0.971049  0.294973  
0.97105  0.294973  
0.97105  0.294973  
0.97105  0.294974  
0.97105  0.294974  
0.97105  0.294973  
0.97105  0.294973  
0.971049  0.294973  
0.97105  0.294974  
0.97105  0.294974  
0.97105  0.294973  
0.97105  0.294973  
0.97105  0.294973  
0.97105  0.294974  
0.97105  0.294973  
0.917723  0.391504  
0.917723  0.391504  
0.917724  0.391506  
0.917723  0.391504  
0.917723  0.391505  
0.917723  0.391504  
0.917724  0.391507  
0.917723  0.391504  
0.831877  0.44378  
0.831879  0.443782  
0.831879  0.443783  
0.831879  0.443782  
0.831878  0.443781  
0.831877  0.443781  
0.831877  0.443781  
0.831877  0.44378  
0.831877  0.443781  
0.831879  0.443782  
0.831878  0.443781  
0.831877  0.443781  
0.831879  0.443783  
0.650276  0.533989  
0.650265  0.533975  
0.650265  0.533975  
0.650277  0.533991  
0.650265  0.533975  
0.650277  0.533991  
0.650273  0.533986  
0.65027  0.533981  
0.650265  0.533975  
0.650275  0.533987  
0.650272  0.533984  
0.65027  0.533981  
0.650277  0.53399  
0.650275  0.533987  
0.650272  0.533984  
0.650264  0.533973  
0.650264  0.533973  
0.571349  0.595476  
0.571351  0.595479  
0.571354  0.595483  
0.57135  0.595478  
0.571352  0.59548  
0.571351  0.595479  
0.571349  0.595476  
0.571348  0.595475  
0.571354  0.595483  
0.571348  0.595475  
0.57135  0.595477  
0.571352  0.59548  
0.571349  0.595476  
0.57135  0.595478  
0.516971  0.691054  
0.518826  0.693622  
0.516971  0.691054  
0.518014  0.692505  
0.518014  0.692505  
0.518826  0.693622  
0.51858  0.693287  
0.51858  0.693287  
0.430048  0.741097  
0.430369  0.74154  
0.428609  0.739113  
0.429151  0.739891  
0.429572  0.740468  
0.428715  0.739288  
0.430065  0.741136  
0.429956  0.740963  
0.429233  0.739986  
0.429193  0.739929  
0.43025  0.741403  
0.428715  0.739288  
0.429193  0.739929  
0.429193  0.739929  
0.429193  0.739929  
0.375105  0.836445  
0.375682  0.83725  
0.375398  0.836845  
0.375398  0.836845  
0.37539  0.836841  
0.37554  0.837051  
0.375105  0.836445  
0.37539  0.836841  
0.290357  0.889107  
0.290543  0.889361  
0.290357  0.889107  
0.290499  0.889306  
0.29057  0.889403  
0.290499  0.889306  
0.29064  0.88951  
0.290543  0.889361  
0.290642  0.889496  
0.291138  0.89019  
0.290604  0.889459  
0.29057  0.889403  
0.290604  0.889459  
0.206335  0.943765  
0.2063  0.94372  
0.206333  0.943767  
0.2063  0.94372  
0.206334  0.943765  
0.206334  0.943766  
0.206333  0.943767  
0.206327  0.943764  
0.206335  0.943765  
0.206334  0.943765  
0.206334  0.943765  
0.206333  0.943767  
0.106378  0.97645  
0.106379  0.976451  
0.106373  0.976445  
0.106373  0.976445  
0.106377  0.97645  
0.106377  0.97645  
0.106377  0.97645  
0.106366  0.976447  
0.106377  0.97645  
0.106376  0.976457  
0.106366  0.976447  
0.106377  0.976453  
0.106378  0.976449  
0.106374  0.976457  
0.106378  0.97645  
0.106373  0.976459  
0.0343776  1.04732  
0.0344538  1.0473  
0.0343776  1.04732  
0.0343726  1.04732  
0.0343876  1.04732  
0.0344538  1.0473  
0.0344538  1.0473  
0.0344538  1.0473  
0.0343876  1.04732  
0.0343915  1.04732  
0.0343925  1.04732  
0.0343915  1.04732  
0.0342011  1.04738  
0.000431955  1.16952  
0.000431955  1.16952  
0.000431955  1.16952  
0.00147967  1.17078  
0.000431955  1.16952  
1.16686e-005  1.33357  
