1.94667  0.12501  
1.64701  0.12501  
1.94667  0.12501  
1.94667  0.12501  
1.64701  0.12501  
1.64701  0.12501  
1.64701  0.12501  
1.64701  0.12501  
1.4434  0.12501  
1.64701  0.12501  
1.4434  0.12501  
1.28014  0.12501  
1.16262  0.125013  
1.07734  0.125027  
1.01578  0.125087  
1.00185  0.125333  
1.00035  0.126129  
0.99772  0.12792  
0.996543  0.130309  
0.994479  0.131922  
0.992753  0.133282  
0.991314  0.13525  
0.988884  0.136921  
0.987031  0.138847  
0.986706  0.140228  
0.983883  0.141928  
0.982608  0.143927  
0.980715  0.145236  
0.978847  0.146759  
0.977525  0.148284  
0.975282  0.15041  
0.974567  0.151818  
0.972348  0.153955  
0.970008  0.155884  
0.968492  0.157401  
0.966899  0.158856  
0.96498  0.161126  
0.96389  0.162646  
0.961283  0.164124  
0.959392  0.166159  
0.958031  0.167587  
0.956426  0.169632  
0.954979  0.171282  
0.953366  0.172936  
0.95225  0.174692  
0.950225  0.175671  
0.94825  0.17812  
0.945734  0.17972  
0.944464  0.181569  
0.942807  0.183195  
0.941381  0.184894  
0.939664  0.186395  
0.938136  0.188173  
0.935839  0.189986  
0.934047  0.191945  
0.932476  0.192906  
0.931477  0.194681  
0.928863  0.196987  
0.927625  0.197895  
0.926103  0.199702  
0.924376  0.201271  
0.92375  0.203199  
0.921029  0.205398  
0.919596  0.207125  
0.916914  0.209137  
0.915277  0.210298  
0.914532  0.21198  
0.91129  0.21417  
0.910668  0.215214  
0.909142  0.217587  
0.906771  0.218886  
0.905002  0.22052  
0.903942  0.221351  
0.901617  0.224238  
0.899967  0.225951  
0.898287  0.228014  
0.896229  0.229027  
0.895012  0.230977  
0.892901  0.232579  
0.890985  0.234335  
0.889469  0.236311  
0.88746  0.238175  
0.886246  0.23949  
0.884042  0.24163  
0.882659  0.243194  
0.881493  0.244908  
0.879415  0.246204  
0.877896  0.247508  
0.875964  0.250228  
0.873517  0.251765  
0.872046  0.253489  
0.870684  0.255246  
0.868656  0.256977  
0.867703  0.25758  
0.865352  0.260003  
0.863447  0.261784  
0.861264  0.263885  
0.859883  0.265561  
0.858089  0.267041  
0.857166  0.268732  
0.854934  0.270446  
0.8539  0.271681  
0.851934  0.273965  
0.850881  0.274832  
0.848136  0.277488  
0.847147  0.278902  
0.844358  0.280923  
0.844037  0.281789  
0.841319  0.284514  
0.839873  0.28602  
0.837709  0.287756  
0.836244  0.289595  
0.835532  0.290406  
0.832743  0.292617  
0.831815  0.29435  
0.829526  0.296111  
0.827569  0.298129  
0.825728  0.299845  
0.824704  0.300918  
0.822401  0.303233  
0.821087  0.304499  
0.819748  0.306625  
0.81755  0.308325  
0.816166  0.309759  
0.814165  0.311651  
0.812809  0.313521  
0.811108  0.314774  
0.809486  0.316522  
0.807145  0.318686  
0.806274  0.319951  
0.804212  0.322278  
0.802713  0.323456  
0.800671  0.325668  
0.798632  0.327081  
0.797242  0.328904  
0.795503  0.330763  
0.793179  0.3322  
0.79165  0.333751  
0.790366  0.335334  
0.788666  0.337059  
0.787176  0.339108  
0.785123  0.340487  
0.783201  0.342344  
0.78147  0.343961  
0.780273  0.34574  
0.778962  0.347353  
0.777184  0.348465  
0.775324  0.350677  
0.77337  0.352652  
0.771749  0.354758  
0.770656  0.356241  
0.768459  0.35835  
0.766413  0.359811  
0.76514  0.361446  
0.763723  0.363047  
0.76283  0.364375  
0.760581  0.365986  
0.759447  0.368022  
0.757461  0.370958  
0.755982  0.372324  
0.753998  0.37323  
0.751521  0.375399  
0.751521  0.375399  
0.748143  0.378295  
0.748143  0.378295  
0.746809  0.381711  
0.74461  0.385324  
0.74461  0.385324  
0.740537  0.387454  
0.740537  0.387454  
0.740537  0.387454  
0.696971  0.378129  
0.697616  0.380459  
0.699421  0.383349  
0.69633  0.384229  
0.700786  0.389475  
0.695932  0.38971  
0.702652  0.395668  
0.705506  0.397304  
0.697084  0.398217  
0.701597  0.401353  
0.695102  0.40106  
0.695539  0.402846  
0.692139  0.403249  
0.689811  0.404387  
0.689071  0.406828  
0.688163  0.407582  
0.680742  0.409203  
0.680742  0.409203  
0.676005  0.41  
0.671857  0.410581  
0.669159  0.414981  
0.669159  0.414981  
0.667807  0.415443  
0.667025  0.41801  
0.661076  0.41783  
0.664647  0.421939  
0.65731  0.421354  
0.658426  0.424468  
0.653953  0.425238  
0.653282  0.425555  
0.649793  0.426895  
0.64777  0.428705  
0.645842  0.428919  
0.643202  0.430717  
0.638923  0.431489  
0.637239  0.434142  
0.634591  0.434533  
0.632651  0.436221  
0.632238  0.437959  
0.629768  0.439731  
0.628832  0.440913  
0.628205  0.441545  
0.626468  0.444494  
0.625724  0.447017  
0.624716  0.448385  
0.624142  0.449339  
0.62199  0.452179  
0.62199  0.452179  
0.621523  0.455905  
0.620797  0.457619  
0.619933  0.461303  
0.619933  0.461303  
0.619933  0.461303  
0.619933  0.461303  
0.619011  0.470068  
0.619011  0.470068  
0.549177  0.458008  
0.549211  0.458008  
0.549177  0.458008  
0.549211  0.458008  
0.548985  0.460772  
0.548985  0.460772  
0.548985  0.460772  
0.549177  0.458008  
0.548985  0.460772  
0.549211  0.458008  
0.548985  0.460772  
0.548985  0.460772  
0.544286  0.463189  
0.544286  0.463189  
0.546047  0.466471  
0.542838  0.468182  
0.545959  0.472632  
0.544541  0.475437  
0.544541  0.475437  
0.54399  0.478187  
0.544409  0.479994  
0.538329  0.479978  
0.538122  0.480976  
0.536185  0.482836  
0.533644  0.484066  
0.531443  0.485281  
0.530262  0.486249  
0.527027  0.48681  
0.526337  0.488276  
0.521502  0.487718  
0.520148  0.491387  
0.517487  0.491855  
0.517487  0.491855  
0.516462  0.495625  
0.508867  0.494524  
0.508867  0.494524  
0.508721  0.498355  
0.508721  0.498355  
0.504753  0.4998  
0.50218  0.500456  
0.4996  0.502003  
0.4996  0.502003  
0.497622  0.504008  
0.496278  0.507064  
0.496278  0.507064  
0.49346  0.509149  
0.491035  0.510427  
0.489207  0.512248  
0.488047  0.513507  
0.487072  0.514458  
0.485378  0.516934  
0.484618  0.518574  
0.483364  0.520015  
0.48136  0.520364  
0.48032  0.522165  
0.477938  0.523979  
0.476803  0.525653  
0.475869  0.526717  
0.473787  0.528839  
0.471535  0.529925  
0.470432  0.531331  
0.469494  0.533643  
0.467898  0.534109  
0.46592  0.535398  
0.464041  0.536771  
0.462799  0.538863  
0.461431  0.539645  
0.459449  0.541897  
0.458853  0.543786  
0.456855  0.544711  
0.456421  0.546187  
0.453237  0.548636  
0.452098  0.549894  
0.450049  0.551884  
0.449158  0.552451  
0.448024  0.553401  
0.44679  0.554507  
0.445052  0.557277  
0.441395  0.559338  
0.441395  0.559338  
0.440025  0.560573  
0.438197  0.563209  
0.436692  0.564764  
0.436379  0.56525  
0.433915  0.567551  
0.432334  0.568476  
0.43208  0.569314  
0.429622  0.571753  
0.427875  0.572976  
0.426502  0.574321  
0.425027  0.576875  
0.424437  0.578489  
0.421888  0.580694  
0.421519  0.579851  
0.418737  0.582955  
0.418425  0.583866  
0.415241  0.586011  
0.414592  0.586539  
0.41378  0.589134  
0.411911  0.591183  
0.409483  0.592296  
0.40907  0.593913  
0.407727  0.59444  
0.405258  0.597236  
0.404987  0.598337  
0.401448  0.600554  
0.401448  0.600554  
0.400397  0.602456  
0.397072  0.605691  
0.397072  0.605691  
0.395734  0.60692  
0.393766  0.609662  
0.393766  0.609662  
0.391291  0.613173  
0.389196  0.613551  
0.387837  0.615382  
0.386844  0.616918  
0.383994  0.617573  
0.382498  0.619132  
0.382498  0.619132  
0.380143  0.622397  
0.378495  0.622683  
0.377775  0.625519  
0.375935  0.626522  
0.374443  0.628342  
0.372913  0.629505  
0.371728  0.631478  
0.370475  0.6321  
0.365807  0.635171  
0.365807  0.635171  
0.365807  0.635171  
0.364709  0.640473  
0.361404  0.641363  
0.359236  0.642506  
0.359236  0.642506  
0.357485  0.644758  
0.357374  0.645404  
0.355454  0.649158  
0.351895  0.650217  
0.351895  0.650217  
0.3504  0.65276  
0.346611  0.654996  
0.346611  0.654996  
0.345039  0.656293  
0.343796  0.657552  
0.342347  0.659211  
0.341548  0.660373  
0.339312  0.663157  
0.338291  0.663763  
0.335572  0.665897  
0.3353  0.66735  
0.332155  0.669419  
0.332155  0.669419  
0.328697  0.672325  
0.328697  0.672325  
0.32637  0.674766  
0.32637  0.674766  
0.323665  0.677516  
0.322706  0.679132  
0.321785  0.681164  
0.320223  0.682685  
0.318602  0.683737  
0.316662  0.685304  
0.315266  0.686344  
0.313291  0.687686  
0.312208  0.689101  
0.310142  0.69142  
0.309251  0.692422  
0.307946  0.693884  
0.306264  0.695235  
0.304774  0.697733  
0.303419  0.698979  
0.302125  0.700865  
0.300759  0.70222  
0.298417  0.703187  
0.297336  0.704659  
0.295677  0.706154  
0.294049  0.706933  
0.292296  0.708883  
0.290858  0.709955  
0.289202  0.711618  
0.287887  0.712826  
0.28651  0.71432  
0.285008  0.716714  
0.28285  0.719265  
0.282116  0.720617  
0.280133  0.721679  
0.279681  0.72262  
0.276929  0.724711  
0.275051  0.72636  
0.275051  0.72636  
0.273795  0.728764  
0.271979  0.730955  
0.270272  0.732047  
0.267294  0.734704  
0.267294  0.734704  
0.266062  0.735794  
0.264002  0.738646  
0.260932  0.740931  
0.260932  0.740931  
0.259331  0.742814  
0.25806  0.743436  
0.257156  0.747192  
0.254002  0.747424  
0.253201  0.747906  
0.251225  0.750475  
0.250352  0.752408  
0.249472  0.752995  
0.247383  0.756051  
0.244532  0.7572  
0.244532  0.7572  
0.243491  0.758697  
0.24157  0.761585  
0.239705  0.761905  
0.237457  0.763925  
0.237457  0.763925  
0.235601  0.766421  
0.232933  0.770018  
0.232933  0.770018  
0.229973  0.773103  
0.229973  0.773103  
0.227998  0.77418  
0.225819  0.777076  
0.223298  0.778046  
0.223298  0.778046  
0.223176  0.78108  
0.219275  0.783666  
0.219275  0.783666  
0.218124  0.783917  
0.215897  0.786112  
0.213322  0.788923  
0.213322  0.788923  
0.211712  0.792651  
0.208272  0.793541  
0.208272  0.793438  
0.20707  0.796007  
0.205823  0.797421  
0.203988  0.797857  
0.199984  0.80109  
0.199984  0.80109  
0.199327  0.802372  
0.196365  0.805086  
0.196365  0.805086  
0.194553  0.807795  
0.193139  0.809505  
0.190924  0.810581  
0.190924  0.810581  
0.188664  0.813597  
0.187717  0.816397  
0.184277  0.816585  
0.184277  0.816585  
0.182677  0.819923  
0.180029  0.822189  
0.180029  0.822189  
0.177743  0.824477  
0.177031  0.824781  
0.175681  0.826943  
0.172372  0.829371  
0.172372  0.829371  
0.17141  0.830733  
0.169076  0.8331  
0.167416  0.83431  
0.16561  0.835374  
0.164189  0.837564  
0.162611  0.840679  
0.161602  0.840065  
0.160132  0.843928  
0.157666  0.845175  
0.157666  0.845175  
0.155266  0.846139  
0.153641  0.850097  
0.152952  0.850638  
0.151431  0.851884  
0.149315  0.853807  
0.148125  0.85487  
0.146635  0.855165  
0.145298  0.857542  
0.142743  0.858763  
0.141898  0.860133  
0.140265  0.862199  
0.139244  0.863759  
0.136465  0.864121  
0.135698  0.866097  
0.133569  0.867067  
0.133255  0.867912  
0.131692  0.87051  
0.130336  0.873135  
0.127477  0.875616  
0.127477  0.875616  
0.12555  0.877649  
0.123769  0.879712  
0.122872  0.879847  
0.120649  0.881423  
0.118606  0.882636  
0.118235  0.884802  
0.116706  0.887039  
0.114768  0.887645  
0.113225  0.88958  
0.111446  0.890789  
0.110281  0.89261  
0.108174  0.894505  
0.107935  0.896836  
0.104777  0.897949  
0.104777  0.897949  
0.101463  0.89987  
0.101463  0.89987  
0.0995753  0.902964  
0.0990325  0.904467  
0.0975824  0.90776  
0.0941843  0.908332  
0.0941843  0.908332  
0.0923802  0.91302  
0.0884474  0.913638  
0.0884474  0.913638  
0.086833  0.916165  
0.086833  0.916165  
0.0840337  0.919368  
0.0834697  0.920413  
0.0798046  0.924227  
0.0798046  0.924227  
0.0762869  0.926922  
0.0762869  0.926922  
0.0762869  0.926922  
0.0739802  0.929935  
0.0729198  0.930849  
0.0709196  0.932814  
0.0694066  0.93375  
0.067572  0.93599  
0.0658545  0.937238  
0.0647882  0.93847  
0.0641965  0.940164  
0.0623247  0.940184  
0.0602848  0.942721  
0.0591862  0.945161  
0.0568388  0.945661  
0.0550687  0.949624  
0.0550687  0.949624  
0.0536353  0.950994  
0.0513786  0.95114  
0.0506071  0.953229  
0.0485493  0.953959  
0.0451561  0.95642  
0.0451561  0.95642  
0.0439382  0.958261  
0.0427683  0.9593  
0.0413442  0.960309  
0.039687  0.961602  
0.0361158  0.965396  
0.0361158  0.965396  
0.0311175  0.972421  
0.0311175  0.972421  
0.0311175  0.972421  
0.0301816  0.973104  
0.0294469  0.974058  
0.0275242  0.976887  
0.0243375  0.979581  
0.0243375  0.979581  
0.0233837  0.983729  
0.0196655  0.987211  
0.0196655  0.987211  
0.0180268  0.990607  
0.0169034  0.991915  
0.0131279  0.997578  
0.0131279  0.997578  
0.0117867  1.00056  
0.0112495  1.00177  
0.0090428  1.00724  
0.00800415  1.01879  
0.00515036  1.03566  
0.00515036  1.03566  
0.00389248  1.06136  
0.0020014  1.07766  
0.000933112  1.19678  
