0.822864  1.3727  
0.822864  1.3727  
0.822864  1.3727  
0.822864  1.3727  
0.822864  1.3727  
0.822864  1.3727  
0.822864  1.3727  
0.822864  1.3727  
0.822864  1.3727  
0.822864  1.3727  
0.822864  1.3727  
0.822864  1.3727  
0.822864  1.3727  
0.822864  1.3727  
0.822864  1.3727  
0.822864  1.3727  
0.822864  1.3727  
0.822864  1.3727  
0.822864  1.3727  
0.822864  1.3727  
0.822864  1.3727  
0.822864  1.3727  
0.822864  1.3727  
0.822864  1.3727  
0.822864  1.3727  
0.822864  1.3727  
0.822864  1.3727  
0.822864  1.3727  
0.822864  1.3727  
0.822864  1.3727  
0.822864  1.3727  
0.822864  1.3727  
0.822864  1.3727  
0.822864  1.3727  
0.822864  1.3727  
0.822864  1.3727  
0.822864  1.3727  
0.822864  1.3727  
0.822864  1.3727  
0.822864  1.3727  
0.822864  1.3727  
0.822864  1.3727  
0.822864  1.3727  
0.822864  1.3727  
0.822864  1.3727  
0.822864  1.3727  
0.822864  1.3727  
0.822864  1.3727  
0.822864  1.3727  
0.822864  1.3727  
0.822864  1.3727  
0.822864  1.3727  
0.822864  1.3727  
0.822864  1.3727  
0.822864  1.3727  
0.822864  1.3727  
0.822864  1.3727  
0.822864  1.3727  
0.822864  1.3727  
0.822864  1.3727  
0.822864  1.3727  
0.822864  1.3727  
0.822864  1.3727  
0.822864  1.3727  
0.822864  1.3727  
0.822864  1.3727  
0.822864  1.3727  
0.822864  1.3727  
0.822864  1.3727  
0.822864  1.3727  
0.822864  1.3727  
0.822864  1.3727  
0.822864  1.3727  
0.822864  1.3727  
0.822864  1.3727  
0.822864  1.3727  
0.822864  1.3727  
0.822864  1.3727  
0.822864  1.3727  
0.822864  1.3727  
0.822864  1.3727  
0.822864  1.3727  
0.822864  1.3727  
0.822864  1.3727  
0.822864  1.3727  
0.822864  1.3727  
0.822864  1.3727  
0.822864  1.3727  
0.822864  1.3727  
0.822864  1.3727  
0.822864  1.3727  
0.822864  1.3727  
0.822864  1.3727  
0.822864  1.3727  
0.822864  1.3727  
0.822864  1.3727  
0.822864  1.3727  
0.822864  1.3727  
0.822864  1.3727  
0.822864  1.3727  
0.822864  1.3727  
0.822864  1.3727  
0.822864  1.3727  
0.822864  1.3727  
0.822864  1.3727  
0.822864  1.3727  
0.822864  1.3727  
0.822864  1.3727  
0.822864  1.3727  
0.822864  1.3727  
0.822864  1.3727  
0.822864  1.3727  
0.822864  1.3727  
0.822864  1.3727  
0.822864  1.3727  
0.822864  1.3727  
0.822864  1.3727  
0.822864  1.3727  
0.822864  1.3727  
0.822864  1.3727  
0.822864  1.3727  
0.822864  1.3727  
0.822864  1.3727  
0.822864  1.3727  
0.822864  1.3727  
0.819311  1.38494  
0.812591  1.4025  
0.805333  1.42192  
0.798663  1.44107  
0.791857  1.45979  
0.784429  1.47993  
0.777617  1.49926  
0.770189  1.51985  
0.763659  1.53895  
0.755885  1.56015  
0.748501  1.58038  
0.741093  1.60137  
0.734045  1.62087  
0.725544  1.64547  
0.718136  1.66675  
0.709981  1.68829  
0.703211  1.70995  
0.694418  1.73152  
0.68745  1.7578  
0.682423  1.76515  
0.682423  1.76515  
0.682423  1.76515  
0.682424  1.76515  
0.682423  1.76515  
0.682423  1.76515  
0.682423  1.76515  
0.682423  1.76515  
0.682423  1.76515  
0.682423  1.76515  
0.682423  1.76515  
0.478891  2.33872  
0.478891  2.33872  
0.478891  2.33872  
0.478891  2.33872  
0.478891  2.33872  
0.478891  2.33872  
0.478891  2.33872  
0.478891  2.33872  
0.478891  2.33872  
0.478891  2.33872  
0.478891  2.33872  
0.470129  2.36661  
0.458404  2.3989  
0.447953  2.4308  
0.436445  2.46214  
0.425266  2.49337  
0.412615  2.52706  
0.400765  2.55873  
0.388659  2.59235  
0.376833  2.62964  
0.364918  2.66377  
0.352571  2.70284  
0.3396  2.74378  
0.328637  2.7814  
0.328637  2.7814  
0.328637  2.7814  
0.328637  2.7814  
0.133608  3.31604  
0.133608  3.31604  
0.133608  3.31604  
0.133608  3.31604  
0.133608  3.31604  
0.133608  3.31604  
0.133608  3.31604  
0.133608  3.31604  
0.133608  3.31604  
0.133608  3.31604  
0.120792  3.35231  
0.10503  3.39794  
0.0861722  3.45376  
0.071868  3.50595  
0.0507136  3.55258  
0.0358663  3.59861  
0.0154953  3.66008  
0.000173225  3.69568  
