60.1829  26.1009  2.47174  
23.2833  61.3438  3.53562  
8.78501  6.24082  12.1725  
15.6563  11.613  41.4176  
12.9733  41.3602  21.4537  
27.7195  12.9201  22.7036  
37.7519  7.4427  40.8853  
6.02209  23.3554  5.92678  
55.107  41.9503  60.0975  
20.7845  57.7752  6.43777  
3.72745  18.7975  12.0405  
48.3306  78.8695  22.9168  
7.74918  36.9813  38.6308  
12.3611  17.4885  13.318  
19.5803  19.5015  3.03173  
8.90625  22.5002  3.43546  
15.7174  4.72234  4.94262  
9.82216  18.3826  3.86896  
55.8932  65.5208  21.9858  
16.4152  20.3726  9.22296  
21.1726  18.5694  34.2795  
9.32365  26.7701  5.24546  
21.0177  11.7564  8.47732  
18.6462  59.4894  39.3628  
25.6745  16.282  17.9274  
16.7237  17.5394  42.1326  
8.92693  7.59336  15.9471  
7.27542  12.5249  19.5684  
16.1942  4.78902  27.124  
12.874  28.7682  37.9205  
6.23152  6.79031  19.1505  
30.883  44.3443  23.7191  
6.55737  8.92661  3.55875  
1.87237  6.46096  15.153  
35.687  18.0566  42.7491  
7.3914  19.4831  11.7381  
16.1634  2.13734  6.65637  
20.9499  50.2254  42.9541  
9.12761  11.4923  6.09122  
13.7875  28.9475  15.6899  
38.3748  19.1727  6.73081  
7.80131  14.1619  19.564  
16.0603  63.2064  33.2374  
7.88234  16.9748  11.4235  
14.2491  5.46338  6.65329  
4.69497  11.3548  14.0834  
21.4524  6.77364  5.767  
6.38523  7.91186  10.161  
19.7263  11.2311  16.6734  
15.3723  22.0705  14.4693  
12.8417  6.74234  8.70288  
13.8003  7.42197  32.7681  
28.3645  34.419  26.7837  
34.7575  20.9285  25.6835  
8.12136  13.6992  4.67214  
12.8375  12.8783  13.6787  
51.9436  10.392  29.2927  
25.3417  31.1409  21.4054  
48.2223  29.0683  17.5672  
4.07439  25.6557  29.2377  
19.3497  11.3407  33.9129  
7.46918  13.0667  11.613  
12.7786  10.4209  16.37  
18.359  5.19339  6.30379  
19.5747  11.9487  37.3451  
22.6129  6.73598  9.33465  
29.4875  48.0005  4.83997  
20.0406  16.4321  22.5208  
12.0306  3.66679  7.62535  
4.16379  7.71557  9.81958  
11.6016  9.97733  18.1105  
14.0009  47.955  11.8945  
23.033  13.4909  12.5452  
16.9823  12.9103  10.1913  
12.4033  6.8838  20.0755  
18.4847  14.4685  9.64095  
9.5103  2.76088  5.84237  
47.224  60.5482  25.5081  
7.56836  51.1041  7.69732  
16.4864  10.18  17.9469  
24.8044  19.6431  40.2923  
20.1305  29.2804  25.7846  
15.1055  11.6965  13.741  
48.2143  7.51609  40.4655  
21.4215  5.2651  21.035  
7.19215  12.8138  11.8486  
9.98797  5.24002  13.7705  
24.7675  11.9799  36.1688  
37.2541  18.1017  21.6871  
34.4007  28.254  13.1689  
16.808  2.56603  10.0704  
12.4932  25.3629  24.6788  
7.24621  44.8103  17.4581  
29.851  34.0232  26.118  
9.92663  23.3818  19.5069  
16.7368  37.7105  23.5263  
7.41754  3.87409  15.9159  
14.733  14.9456  14.7382  
50.0773  14.2585  33.9579  
37.0563  16.2527  20.4548  
15.5177  24.1259  8.72347  
27.6299  62.1821  26.9943  
27.5058  4.36794  47.5034  
14.4986  21.1773  25.2919  
6.84722  19.9609  6.29949  
25.2643  50.3709  23.8012  
11.9828  10.446  26.0309  
12.7925  23.2866  13.9917  
37.1217  39.3852  33.1861  
12.3887  2.78716  53.5442  
16.1396  18.4173  31.9708  
3.91917  5.47783  15.5338  
6.49831  8.06115  16.8919  
15.72  12.9624  11.9528  
17.2401  20.7905  7.01676  
21.8158  35.8171  13.5413  
29.3268  26.0666  15.3657  
17.7805  8.27552  31.4606  
16.178  23.5494  22.1014  
8.48115  29.5494  13.2169  
15.8908  7.56067  7.36016  
25.745  9.02486  16.4277  
15.7572  11.7641  31.7567  
8.24225  19.4152  10.2995  
3.52939  11.2137  12.3349  
7.97422  9.21865  9.26785  
19.7795  26.1583  13.5713  
19.5107  27.8835  25.6788  
6.38487  7.10014  6.63136  
37.3221  3.70689  58.5349  
18.8168  12.3554  12.6497  
4.52367  38.7053  19.8981  
6.70315  32.8637  38.1492  
13.3573  5.59095  19.2224  
13.5323  23.0417  37.3898  
16.3085  14.6625  7.23221  
40.9944  17.8439  13.4873  
17.0102  1.3678  13.6092  
20.7507  30.6276  45.8186  
24.4998  15.264  40.2903  
6.37565  13.0956  11.0331  
21.882  34.3108  12.8799  
10.7752  6.05341  16.0529  
44.8045  27.6994  8.72854  
16.1834  5.92915  25.4594  
25.5134  8.9129  56.7132  
35.7604  35.1701  52.5294  
34.3588  8.92864  20.8381  
16.5717  1.77404  14.1324  
10.7203  5.3889  20.5834  
36.1531  16.6463  34.3336  
17.6227  7.40803  26.5506  
5.54604  5.80855  12.31  
22.5969  25.49  27.4252  
4.7185  2.03512  8.50504  
14.3508  17.0596  17.7028  
4.97484  7.75389  11.5111  
9.7359  2.58794  35.8495  
10.005  21.1699  19.4498  
14.1456  29.0124  63.0893  
20.8628  23.6656  7.01327  
16.5553  39.2044  16.6749  
7.46725  3.43273  11.0067  
28.1921  47.3889  59.1874  
11.8493  50.0596  9.58355  
38.3306  31.213  29.2507  
44.1607  3.39643  42.9827  
31.5719  54.2796  27.6107  
19.6897  49.054  25.878  
21.4671  20.105  5.77278  
3.46378  23.3642  7.82136  
10.0945  9.39121  19.109  
6.46006  4.31374  12.1671  
35.476  50.9153  6.89345  
18.2987  9.42382  4.70321  
11.5253  7.64571  14.7388  
10.5288  7.66624  11.1051  
8.92718  3.7457  57.8773  
8.9053  22.9074  10.3675  
34.7574  4.94334  32.3614  
11.9611  12.4138  5.91139  
17.544  2.0941  14.296  
56.4163  8.88007  14.4529  
11.7458  23.598  10.8147  
14.3518  12.681  10.2972  
20.4619  7.93586  10.5858  
10.6276  8.27613  16.4788  
25.2946  7.12823  13.7381  
24.5735  32.3458  18.3625  
14.1884  12.578  15.124  
15.0392  19.0017  13.2383  
26.1845  26.7806  21.3237  
7.16334  19.3695  4.76041  
17.357  13.2919  11.5298  
12.285  17.0748  24.9609  
5.21875  39.6818  9.41412  
14.8593  36.5929  9.31414  
10.187  19.6192  32.0839  
25.3541  17.8924  29.5692  
9.00135  25.7121  7.04602  
12.8013  19.1846  13.1403  
1.63171  51.4642  25.8886  
20.7665  14.5958  20.0026  
9.52644  3.20882  5.49944  
33.2851  3.37748  3.68958  
26.994  7.98295  12.4579  
5.18329  12.0577  12.337  
30.7027  13.6723  32.0717  
9.9903  23.2461  17.9925  
11.9389  6.94426  35.3519  
44.4959  10.9099  20.1496  
11.0989  14.0149  14.2737  
8.66528  6.32264  8.20287  
5.22173  13.4359  32.761  
11.9463  37.3346  19.4194  
22.3175  3.14988  32.6753  
13.9942  19.3622  16.9093  
13.8832  36.2811  10.8161  
6.19154  7.93819  10.3495  
13.862  9.77417  23.8563  
20.601  33.5785  43.5816  
5.85714  12.498  20.419  
20.2094  15.7274  3.70166  
21.2027  3.25197  24.0122  
8.99863  4.1321  43.9989  
12.2951  2.70292  10.5056  
6.08228  8.59747  5.21968  
11.533  1.90514  12.0994  
17.3391  17.5121  7.3366  
19.3366  44.2585  22.7958  
4.08322  10.975  24.7478  
11.7751  9.21409  31.0717  
18.5108  19.3414  8.85369  
11.4669  26.0912  11.7479  
42.3408  8.42953  28.1481  
9.58638  11.2585  18.9293  
4.13755  7.77761  10.0233  
5.95961  14.9231  23.6455  
9.66702  18.571  10.4211  
4.37154  36.4695  23.2177  
15.5636  14.2311  5.17789  
6.08732  22.1004  1.96966  
30.9443  11.2257  6.98996  
35.8623  49.4283  2.66685  
22.1854  9.03698  20.1248  
9.34184  17.5643  22.831  
15.9137  43.8339  32.158  
20.6603  21.9817  10.2889  
40.799  28.3034  28.7335  
11.8402  16.8068  35.441  
24.6379  22.6522  9.75931  
10.962  21.9166  7.89574  
17.591  6.54868  15.2843  
48.439  2.62276  14.0279  
11.7127  16.6924  20.3561  
10.382  19.3121  23.9718  
10.4037  5.59438  18.2955  
13.2939  2.82169  5.40947  
18.5321  12.2277  22.7137  
29.248  21.4099  23.2999  
32.3812  17.7575  14.5027  
13.6858  12.0351  21.466  
8.09023  35.9388  63.317  
19.5018  15.1228  8.74787  
27.1179  27.4936  17.8267  
46.7829  57.6155  37.4782  
17.3343  38.6753  14.7652  
8.25439  3.93367  12.1836  
26.0738  26.0143  12.2364  
23.9236  12.9575  25.6346  
21.0727  24.1977  30.5053  
13.3273  25.3061  15.2797  
17.9682  4.96002  9.70718  
10.4718  54.7014  44.8345  
9.55807  6.22849  17.9725  
17.268  21.7233  15.2282  
24.3827  24.5442  17.9763  
19.5087  13.2957  15.4364  
15.3147  27.6358  22.9633  
6.46404  13.1282  15.828  
15.548  24.9846  3.12137  
5.84038  10.9252  16.0692  
6.86652  9.53425  8.46698  
18.4139  37.4241  3.55122  
39.025  13.6211  36.6023  
17.817  11.1  2.84551  
14.2011  4.72984  6.69426  
51.9106  3.89414  40.1001  
47.6164  35.458  35.8079  
8.19998  15.0986  16.6193  
19.2283  7.10702  11.3391  
5.74199  5.90748  13.2687  
13.2603  6.78069  14.5527  
3.79186  6.8661  8.41605  
23.6259  32.4238  8.92082  
11.7652  23.3949  5.84962  
8.369  15.9909  37.2957  
9.88181  11.807  19.15  
9.38819  37.4307  74.0809  
14.7255  28.5615  20.9923  
18.597  35.388  41.5457  
6.63716  25.0421  8.66157  
11.1811  21.9953  24.6089  
14.3984  14.7052  24.3384  
44.3411  53.8746  26.7467  
3.90197  8.64851  35.8202  
32.0898  20.5912  19.898  
26.4158  5.04142  15.1033  
21.9165  12.8372  12.4351  
8.87705  2.55872  2.59423  
27.4619  5.76277  38.2414  
40.1696  15.594  15.7442  
9.98646  7.4174  27.059  
24.09  13.4048  14.5664  
17.6191  6.27165  33.7141  
14.5681  28.8831  9.01541  
24.3932  20.832  17.107  
18.632  17.9975  17.0567  
15.2138  49.6729  36.056  
5.18503  31.9455  16.4639  
6.29757  18.0129  9.6703  
18.5099  19.1261  11.6385  
10.3185  27.439  38.6711  
21.6397  8.70334  10.296  
12.2307  7.21476  8.39213  
18.0713  20.1745  6.04371  
4.2678  16.273  8.69654  
10.2017  2.74376  5.1958  
14.7827  53.4492  23.083  
16.1051  17.7791  12.3372  
22.7407  8.69581  17.5745  
13.7615  8.55494  3.47106  
13.9342  8.45119  11.119  
26.9488  41.729  4.75089  
13.8706  7.77673  9.83513  
1.14178  27.6039  17.3387  
40.1127  9.04912  10.6699  
19.3727  5.26718  7.87863  
19.7091  20.5382  11.855  
16.6459  5.99038  11.5023  
12.0647  34.0384  28.3131  
10.1599  7.88927  14.9969  
6.95767  20.6623  17.6152  
9.03289  21.4963  8.02762  
21.2116  5.25414  49.1662  
12.4526  7.93792  15.3147  
23.6446  27.7207  45.883  
5.90616  53.1052  12.4564  
3.01453  45.6605  12.6563  
12.7625  3.33118  10.0845  
4.9335  16.1024  15.8935  
7.54244  15.4784  24.7855  
34.7521  6.2239  27.2316  
12.4757  31.4682  10.1051  
35.0764  23.261  41.2294  
19.6372  2.64407  35.1175  
9.19155  11.6789  8.24349  
16.336  23.156  15.4389  
19.1484  5.90402  19.9596  
10.575  11.455  11.3193  
12.9215  11.6752  23.6658  
9.82987  2.39702  27.11  
15.8089  8.32358  31.6965  
23.5068  6.88709  20.5163  
14.5709  10.9677  17.1486  
40.9936  12.6365  40.9388  
17.4497  9.71277  7.18067  
16.0261  14.1276  21.6426  
51.296  45.1199  23.7402  
1.40748  14.6116  3.72496  
46.1736  19.178  25.9236  
7.72873  27.6516  5.88766  
25.0432  16.5332  44.2324  
33.2113  44.9961  20.5643  
28.715  18.7474  27.5783  
35.2879  1.33744  9.32425  
29.4423  2.32188  12.4863  
9.3029  12.8669  31.195  
29.8153  21.5714  29.892  
27.4764  16.5238  7.11671  
13.1031  12.5212  20.3335  
40.4109  26.8141  18.8264  
42.188  18.033  34.7011  
2.84063  24.968  11.6471  
18.3432  22.7215  10.4328  
8.38865  26.1579  45.2367  
5.58223  16.5959  19.0514  
10.9512  16.2911  13.5523  
29.4297  31.5665  37.8434  
16.0886  2.17682  13.7552  
20.368  3.14034  12.5062  
7.00747  3.70176  14.3046  
11.5596  28.0549  25.6527  
36.356  18.7697  19.8303  
33.1437  58.0905  40.1337  
17.8495  1.01922  34.3845  
6.02707  16.4813  38.3127  
2.53755  21.9578  7.45002  
26.148  17.7998  20.6067  
32.4638  11.8621  9.388  
30.1754  35.7432  18.6255  
10.0247  8.57927  20.1971  
16.6978  4.38193  16.0316  
9.61277  16.3877  9.46416  
4.92146  5.19329  13.9996  
33.2444  37.7916  34.0666  
10.7815  21.111  30.3857  
17.977  36.3912  11.5199  
14.6344  19.0899  7.33665  
9.2955  13.5806  10.9319  
22.8485  7.07147  30.6373  
14.2166  18.6866  16.1208  
12.2474  4.76396  5.62467  
7.88935  8.40337  9.6389  
25.6051  14.4525  17.8464  
11.8172  27.2323  29.059  
34.9756  19.2943  11.3059  
9.80096  3.81122  17.7711  
29.4298  2.67154  7.9392  
21.5753  25.1649  11.9431  
34.6133  34.2464  10.3356  
14.5511  16.0848  23.4267  
17.1867  20.7971  7.71893  
13.974  18.3263  9.95306  
24.0204  65.0383  13.2266  
6.95981  4.57644  35.6281  
53.9596  19.927  14.3237  
11.3504  22.0465  17.0413  
20.5572  3.0174  6.9891  
11.4076  10.1425  9.19523  
9.40221  16.88  32.2274  
6.81433  30.169  14.7491  
13.9766  25.9645  1.34889  
7.38184  3.47635  28.6008  
18.0072  7.27539  17.2639  
8.54678  18.0124  12.0052  
7.19517  42.3738  12.9994  
7.6694  21.0684  25.6073  
8.10426  22.8719  10.3633  
18.778  19.1949  37.4921  
12.0409  11.9238  46.8804  
5.54711  25.4341  27.3898  
7.24304  18.3581  17.3581  
14.1867  1.54572  12.7933  
10.8046  9.5825  10.0088  
17.1437  14.079  27.9172  
16.472  7.86292  12.5181  
5.18198  27.7781  23.9063  
45.3004  10.6465  8.46896  
32.3149  16.33  32.1003  
7.78668  18.0246  5.0284  
38.2739  13.9026  19.0465  
17.0269  19.6015  9.78167  
15.0618  12.6687  18.7527  
28.5947  48.1282  18.7337  
22.411  5.63324  32.3536  
14.0792  30.3209  16.6465  
25.712  4.44491  24.1361  
24.3137  4.36542  9.11251  
13.7914  2.04883  2.51811  
19.2913  6.78641  9.3856  
18.0844  13.302  13.9813  
21.4253  25.7662  10.1344  
16.3109  15.4613  8.00401  
28.4574  8.53979  28.9568  
6.70058  8.30106  8.34796  
17.6489  5.90788  9.99319  
8.54052  11.9145  21.5499  
22.3007  2.34429  10.2415  
21.971  6.40566  14.8397  
17.0935  12.346  55.5546  
23.7762  4.69775  11.3397  
26.4731  49.0052  41.1083  
11.0195  4.34701  14.2161  
7.01624  10.7948  15.824  
8.14306  6.28133  10.184  
28.6418  7.62076  34.9828  
28.0789  32.1888  9.73318  
38.3622  10.0149  20.7927  
19.5491  54.4998  23.0589  
18.1912  21.3772  41.1499  
7.55121  7.50388  17.1162  
47.7532  39.0807  8.91242  
35.3803  13.9052  26.0759  
14.5896  50.8271  37.0752  
6.74484  12.4136  36.0188  
16.741  12.7336  20.6249  
29.5695  6.0055  2.72177  
17.8906  7.7302  28.0867  
35.0423  17.1912  18.8027  
36.37  5.92191  11.5955  
15.4905  3.59351  13.6127  
30.351  8.52901  18.3993  
12.0188  15.5183  21.4183  
12.0417  4.03122  26.4538  
28.4229  7.72233  10.3497  
28.7079  34.3234  10.2314  
23.7254  29.0382  7.05246  
9.81791  43.1545  16.1072  
7.28925  21.8985  25.7328  
12.1817  12.5241  16.258  
18.8777  32.8692  18.7048  
12.1108  17.2656  20.7101  
16.2416  46.1  10.7052  
14.8187  5.56305  8.80609  
30.5592  7.2791  31.0991  
13.8606  19.5351  27.4051  
45.7532  32.3634  36.4815  
41.4454  46.3758  32.7278  
13.2923  7.33011  14.9849  
2.1667  9.96126  13.2336  
46.7279  7.13266  60.6641  
33.8758  86.8533  26.0718  
50.1577  30.3792  35.3398  
5.06139  13.8779  28.2664  
20.8853  12.5713  27.1057  
11.2119  44.338  25.3925  
6.44958  21.4099  9.71924  
10.9659  16.4891  14.5021  
23.9769  6.83225  27.9613  
4.29948  13.0636  22.439  
2.5063  40.9735  23.5433  
14.0033  3.18463  6.51479  
15.6444  19.6908  10.2843  
12.1935  9.58699  18.2098  
15.8942  16.5933  3.92923  
17.2304  6.70437  8.00312  
3.67237  8.14382  21.7089  
40.5574  20.5284  17.8989  
30.8762  23.9593  25.8206  
21.7646  14.0412  12.6475  
32.4894  34.7756  21.0964  
33.3143  33.4454  25.5842  
12.3726  15.8578  14.5584  
12.5056  20.2267  15.9493  
16.2144  16.2873  6.60619  
14.116  14.3778  1.7794  
20.4695  30.1545  13.4498  
24.4736  9.02595  17.9157  
28.9241  41.2786  62.8703  
10.549  14.0195  25.9904  
30.2852  19.8476  60.0309  
16.9286  22.2545  15.8479  
15.437  6.14403  15.9615  
6.45362  0.692307  29.2824  
19.0404  5.09433  10.6139  
12.4001  29.3353  31.7537  
24.7206  39.1423  43.3368  
29.4503  31.2781  18.4421  
17.5855  39.6274  10.3189  
2.58641  9.34004  18.1715  
25.5557  55.758  22.2037  
31.9449  38.2617  8.75632  
21.5632  6.57161  16.421  
8.85979  4.4078  24.7768  
14.6477  6.10208  31.2434  
7.83066  37.045  28.6845  
12.9964  22.2068  12.7751  
15.7682  11.1856  17.8805  
5.89541  4.10365  8.43111  
12.7071  8.3367  43.0639  
18.7172  27.4546  9.35584  
10.6294  11.6211  25.8876  
10.3813  10.1366  18.8613  
13.4637  18.8031  19.4441  
14.2849  14.0938  21.7096  
16.9355  16.9304  4.94035  
7.8148  36.4128  17.2112  
7.8883  13.7181  26.1086  
12.9558  16.562  6.94625  
14.8467  6.95407  7.09936  
8.44958  8.28531  18.9862  
7.92525  31.8794  23.7156  
20.4471  11.5293  8.07349  
12.6472  26.8097  12.3982  
20.6708  6.49244  10.975  
5.68878  18.8406  10.7709  
8.9831  18.1177  13.8554  
5.10074  39.6611  18.2127  
55.4477  52.108  29.9071  
23.2835  23.9811  22.015  
30.3649  53.9199  10.673  
8.51787  17.3452  10.4559  
25.5538  11.1842  14.0725  
33.4614  3.50007  21.1021  
15.8029  25.072  8.46157  
6.33027  11.0282  32.5645  
4.75106  10.0218  9.8559  
19.1677  5.344  8.27277  
11.8493  14.8564  14.6642  
19.7872  33.1262  18.4068  
5.85976  8.49265  13.0477  
4.841  8.55446  12.8471  
7.82576  13.4677  21.388  
13.8054  55.4352  52.9302  
10.9679  5.45039  32.2543  
11.9906  26.9462  6.99481  
12.0988  18.1404  2.96332  
18.7542  6.2786  5.20541  
18.354  35.0018  34.5586  
10.0263  6.51337  7.61195  
5.64992  6.5502  23.273  
4.20718  7.54144  10.6427  
10.5026  24.6632  5.49732  
25.8464  6.96769  22.2357  
28.6808  51.6845  23.45  
14.0543  25.8583  8.90084  
16.8353  5.65615  7.32338  
52.6173  3.34858  7.4266  
10.0849  16.1512  10.1889  
25.7131  31.2601  8.14329  
42.2487  42.4763  17.3826  
29.9571  24.1684  20.0348  
10.7568  31.9635  25.7156  
13.0693  13.1803  9.87371  
68.5356  41.1893  31.3666  
14.0242  24.2729  31.688  
23.2329  22.1699  17.4427  
3.7899  18.0914  21.2005  
10.5426  11.581  11.6693  
8.07446  5.86784  8.4119  
12.077  4.03177  23.8192  
15.2777  14.3062  7.42423  
26.094  4.25556  16.4902  
36.1815  21.2379  25.675  
14.2052  44.0084  17.3578  
36.9448  45.6401  13.0857  
55.4703  28.3094  23.1759  
3.78398  8.22676  16.289  
27.9378  1.7949  24.2828  
57.0642  15.9328  3.90396  
7.17875  6.51221  3.36726  
12.8536  22.8371  4.79891  
18.0248  9.30416  31.1315  
32.6649  17.0075  53.4331  
13.0277  15.535  10.6515  
8.86344  10.5341  61.8689  
21.7621  64.2182  27.0193  
14.7671  12.1985  12.3592  
10.5209  49.6059  15.4852  
55.1682  32.5611  29.064  
12.0165  5.93804  14.718  
13.6308  18.5718  9.13458  
7.94932  2.5565  16.253  
7.7815  3.49882  14.6961  
5.74837  22.7584  10.1965  
40.002  30.896  11.4981  
21.7043  0.669988  14.8365  
25.5781  5.35707  12.6912  
25.3942  4.98668  48.5471  
6.00991  15.1109  36.0195  
55.7299  26.2479  35.506  
11.7268  15.0175  28.4311  
18.9908  25.2332  19.8043  
16.348  39.065  27.9791  
8.98801  2.53652  14.6582  
12.806  50.5475  14.569  
8.56193  7.81375  11.6879  
5.73085  6.81126  19.7081  
17.0466  18.0063  14.0761  
60.9245  15.8488  30.3703  
19.8069  7.73071  17.7314  
14.0336  18.8385  7.88707  
15.9836  3.29292  14.841  
15.7147  8.7177  17.142  
24.7198  19.5152  8.14677  
15.0879  14.6399  8.05614  
9.10849  14.2082  20.9987  
17.1835  3.86539  18.6635  
14.6272  26.6914  10.0892  
10.3181  25.5556  20.1598  
24.9453  30.4788  18.5818  
17.9789  9.19083  6.88694  
19.7931  14.5663  3.44671  
15.6104  9.87547  19.1421  
4.24703  50.3811  17.3037  
15.46  3.03191  15.5021  
37.6762  49.0822  21.2326  
51.4977  11.647  34.5613  
8.246  15.7936  5.52388  
22.9797  20.3616  21.5493  
25.5548  9.07289  7.50545  
13.2038  7.63678  11.1849  
20.2034  3.01892  28.772  
24.5868  23.0552  13.181  
14.695  12.0319  13.6714  
16.2716  18.7032  13.2689  
5.40768  15.0902  6.54772  
20.6217  8.2723  4.41049  
13.5069  19.6128  16.402  
20.7236  11.5919  32.2681  
33.1355  25.1137  22.7355  
16.2849  9.50229  29.2428  
15.9665  33.182  12.3696  
61.3192  19.8925  53.8338  
20.1125  16.3229  27.8262  
3.75427  38.4993  31.506  
26.9014  7.07085  8.79084  
17.2164  13.3986  17.6702  
19.9557  35.6178  6.98457  
29.3632  33.6327  24.0418  
52.5735  32.9673  10.5967  
25.7768  6.20186  18.4191  
33.0474  25.2866  36.6959  
17.2424  8.15549  15.2423  
25.3901  20.1525  23.5929  
11.0012  18.0269  9.02878  
31.3722  13.087  24.4238  
30.0241  17.8447  3.76933  
27.168  30.5774  46.83  
13.8455  13.8854  21.3845  
26.5969  10.8652  15.6373  
11.6579  10.2873  14.6667  
12.7983  9.18993  19.4027  
15.7692  34.6502  15.5829  
8.48493  7.65422  12.8513  
7.59549  9.42169  8.22481  
7.77198  20.5613  3.27885  
8.14713  10.969  35.1517  
10.322  24.4043  18.0845  
6.10087  22.3247  14.5701  
26.5314  37.9351  18.7303  
32.2951  36.7854  12.9426  
18.563  21.694  8.5724  
35.4017  3.40763  32.2643  
16.0153  3.219  17.1409  
12.4117  19.2544  14.2407  
16.6334  2.04061  14.6454  
5.62283  1.78024  11.9691  
31.4443  21.6253  19.0206  
26.0848  4.78085  25.1071  
11.8913  5.35742  24.4233  
27.0434  49.3027  41.4463  
7.04433  21.9886  49.6933  
16.0353  4.94626  28.4953  
16.6848  25.623  4.31788  
6.23108  13.173  4.54824  
17.9529  34.3264  29.5835  
14.2368  4.86576  9.54648  
22.7964  12.1275  9.32482  
16.9485  6.85578  29.2969  
8.59875  9.04056  12.0204  
22.0005  23.2452  40.6085  
19.3483  31.9905  13.4514  
9.14114  20.2894  4.36821  
7.42496  7.41343  19.6875  
8.33052  4.48626  18.8147  
20.1973  8.9586  11.9053  
6.74622  11.8492  31.6525  
24.1941  10.8911  29.0744  
21.7478  18.8757  7.08262  
10.7427  30.1128  14.5993  
42.4457  32.4344  20.1895  
15.2181  2.9079  9.98827  
13.4313  3.01465  15.7705  
28.2322  24.7311  22.6867  
6.61904  7.0049  4.45695  
14.6298  25.1927  13.1338  
35.3784  14.0624  23.4167  
9.69211  16.0427  6.92216  
31.1346  19.9174  16.5639  
5.39477  28.3547  13.8201  
39.1253  31.9697  19.5968  
11.3269  22.8359  16.2835  
42.9086  19.0853  39.0132  
8.8967  7.92421  24.9096  
22.6238  4.45129  16.5603  
7.90469  19.7556  10.1248  
31.1362  10.8297  21.5708  
15.5637  20.4918  11.3935  
14.5654  10.1146  52.3267  
24.6585  24.1427  32.363  
38.6818  5.6814  45.6956  
5.26786  19.5275  29.5826  
6.1825  57.2943  26.6468  
44.0201  22.4208  6.94559  
37.3175  2.79676  22.6488  
15.9685  12.2048  19.2013  
10.3745  32.9456  3.34435  
13.3342  10.8825  21.6722  
13.3929  11.8847  18.5496  
6.80613  18.0233  12.0299  
26.2567  19.078  33.64  
9.45353  11.9161  4.4303  
10.4434  28.0595  17.0954  
7.186  26.5312  13.1638  
16.2605  14.2954  10.3116  
21.026  11.5274  9.34405  
12.8441  9.8541  9.66459  
14.0855  51.9448  23.2238  
20.0129  12.6225  18.3268  
15.6374  16.1001  22.7357  
33.8825  41.2604  53.897  
12.7829  6.90418  10.1195  
39.6412  20.409  5.91235  
6.61345  31.1308  9.0732  
28.2995  11.0512  17.0411  
8.8091  26.1471  4.46915  
18.2775  6.62118  10.1372  
31.7229  15.6443  28.3874  
43.7438  84.0496  16.0415  
22.2599  9.56282  5.90587  
12.1798  12.7513  17.3632  
26.1192  28.2613  5.00442  
34.2142  18.7866  53.0884  
8.38204  5.89678  17.4283  
23.171  26.481  15.1275  
19.9025  9.4316  16.6446  
13.9333  2.42818  7.31437  
19.7013  17.4763  9.21553  
33.2394  19.1782  7.00286  
39.9938  3.24519  10.6937  
7.76448  4.25522  12.3545  
24.0166  4.86114  29.3272  
3.90936  4.98185  23.1838  
11.3026  70.4661  35.9821  
58.3727  21.9595  11.3003  
5.47578  50.4068  5.20711  
7.85539  15.8034  14.4724  
19.1934  3.59481  4.1793  
12.0308  5.0349  12.6128  
10.7258  4.69609  10.6015  
13.3074  3.40659  30.5259  
52.0497  17.5439  50.4672  
15.0755  8.55189  9.8829  
9.95406  11.2453  3.50177  
46.4678  25.028  37.7318  
17.6895  14.0602  10.5428  
20.0819  11.6485  17.0615  
5.93146  29.4864  46.024  
11.1917  10.0082  16.7003  
10.9445  16.9516  28.1432  
18.6423  11.0946  10.5548  
5.15405  23.3921  9.77974  
16.3813  48.8592  9.36696  
22.2171  12.0967  4.54736  
3.31087  24.6577  18.6748  
7.61564  9.00955  9.50868  
1.89594  7.03938  16.574  
15.1205  22.097  13.3324  
7.95937  28.7033  9.05185  
5.75347  7.25441  10.9275  
26.6188  26.502  23.2111  
13.4481  25.701  14.4565  
15.3  3.48442  7.58686  
13.5739  10.1926  17.1339  
16.8854  11.2697  11.3484  
7.42029  9.89008  16.0785  
44.621  11.1969  50.6862  
32.2583  36.0075  20.757  
1.93835  2.91977  5.36487  
19.4369  4.90056  1.98278  
8.17029  11.1506  25.1448  
4.02444  26.2518  21.2632  
21.3491  12.1194  26.7206  
11.2514  17.3692  7.29702  
21.181  5.99616  22.1973  
18.2108  20.8756  35.197  
13.0517  32.2052  11.856  
19.2877  7.74516  24.0192  
22.7409  17.7859  23.0825  
47.4623  7.82512  20.8746  
31.6104  21.63  14.773  
11.1584  3.01714  25.9819  
24.1301  21.8605  20.9081  
8.67074  16.2238  8.22681  
12.5625  10.9677  14.638  
14.4222  32.3189  21.49  
31.6921  43.5925  21.726  
9.45902  2.21048  7.30782  
14.642  26.3433  22.4477  
7.11692  6.30237  30.159  
12.8302  8.93486  29.3959  
21.145  3.56447  13.4813  
20.7042  70.7287  10.9922  
6.54006  29.8219  17.8973  
52.2344  53.9368  36.0271  
15.4608  21.0992  4.42582  
22.2492  3.44872  5.71392  
27.3499  4.60669  17.9936  
12.3546  8.14949  15.63  
20.1487  4.62047  13.1446  
9.86798  6.78077  7.89889  
3.09035  28.4009  29.7496  
22.1358  25.0245  18.4252  
14.0289  44.4697  3.15067  
18.132  3.98728  22.1749  
17.9767  6.20173  11.3845  
7.81738  4.6856  28.4798  
25.772  24.5345  20.8787  
28.7552  28.0062  35.522  
21.4077  9.32241  11.4972  
10.8105  22.6078  9.68341  
18.5896  23.5218  6.92663  
14.4074  24.2138  13.6483  
28.6424  41.3546  19.1916  
13.3832  28.7995  7.60887  
12.857  4.18756  13.4402  
19.7072  15.7673  23.7609  
27.0055  9.78692  11.9875  
15.3978  19.6102  21.6543  
10.8684  7.40794  12.8551  
8.25231  55.3879  57.9573  
26.4137  17.744  3.13996  
18.4135  8.08457  23.2898  
8.29228  30.4344  1.86579  
17.7127  23.4422  22.0948  
20.0008  8.04686  14.7736  
13.7886  38.8823  30.048  
7.11715  5.1306  25.2426  
4.27794  6.77947  25.9531  
13.5581  14.7887  19.5034  
8.40396  22.5696  14.6376  
6.78212  11.704  9.36995  
15.3259  42.3223  14.5658  
29.0787  45.801  17.0868  
21.2944  19.1884  7.37542  
4.43459  10.569  11.0369  
8.13172  12.724  24.5916  
16.2052  20.7625  23.0794  
25.5584  4.4345  19.0814  
22.5929  24.2873  14.9043  
36.0993  5.29072  18.0721  
7.21463  4.90792  2.32842  
10.21  19.6027  20.4677  
18.3224  21.2905  18.4532  
27.2153  37.2418  25.1502  
29.644  36.6804  25.5255  
8.13454  5.25825  17.8003  
15.5154  35.4687  15.2526  
8.47551  13.1797  22.562  
17.4266  40.2804  23.3147  
30.9825  15.2095  3.916  
30.417  11.0378  41.8686  
39.1253  20.145  32.4841  
31.5961  21.5634  35.1472  
10.4745  22.2617  11.0449  
2.41307  4.318  9.01652  
10.2411  16.4519  8.77931  
11.8557  5.92333  21.2726  
21.4213  47.9527  8.35852  
18.6968  44.2222  15.7565  
16.3261  12.5248  10.8981  
10.3685  2.66139  30.7162  
19.2121  11.298  15.98  
26.3588  39.2727  16.0472  
14.9919  6.85799  35.5968  
26.5809  9.9134  30.4321  
11.087  4.64396  5.80243  
18.6119  18.7183  15.9596  
13.4025  13.2015  23.0775  
12.8124  36.679  19.084  
14.8612  8.11923  10.1543  
23.8099  9.91705  8.65551  
3.93569  8.08003  12.642  
7.87606  17.7794  17.0053  
6.94695  11.4781  5.26082  
8.60808  11.9298  17.7102  
14.6422  27.6203  9.99846  
4.29327  25.1637  10.3143  
32.3752  12.8697  31.9239  
6.65447  4.33369  19.5949  
4.32417  43.3947  40.6341  
6.93496  18.9996  9.18664  
6.02959  11.9905  8.08435  
28.6465  32.1801  9.22909  
16.9348  27.0213  20.2571  
10.2438  3.37068  7.0407  
6.7066  7.6458  41.6867  
38.344  29.2605  10.4423  
34.1017  16.0606  8.08667  
68.4746  9.05421  14.4189  
6.27161  7.55791  24.7924  
25.3591  21.9084  23.4742  
15.8438  22.7  34.9283  
29.4434  9.52466  36.3194  
7.25387  27.0652  11.1763  
35.9955  5.46714  20.7349  
19.5872  23.4697  9.76255  
5.56372  34.8941  16.7101  
17.2902  3.75868  25.8115  
7.31806  12.9398  10.7707  
13.2435  8.58669  23.51  
9.18952  6.94519  2.92803  
24.2775  2.80055  5.58328  
24.6922  19.6787  17.0225  
16.4761  6.95398  9.45049  
32.8344  68.3875  49.1045  
32.943  17.75  16.1509  
10.9745  8.76097  12.3155  
9.58908  6.79806  8.30945  
20.5497  4.01321  39.6098  
20.8527  28.4824  4.12439  
13.008  3.52684  17.0486  
14.2008  4.6944  9.34907  
28.3373  32.1417  35.9708  
6.55835  2.31688  12.6426  
28.1764  6.01825  6.96984  
8.21553  3.04391  14.5353  
5.04414  5.01069  13.0181  
31.2087  4.72062  54.0066  
12.91  2.13812  28.4091  
7.95468  16.6103  24.3599  
5.21477  8.36755  21.853  
30.9026  24.3471  21.2948  
14.6293  27.4499  4.4975  
23.0278  5.92058  16.7596  
22.9518  28.1255  33.7836  
27.7352  19.8955  12.9342  
45.8555  55.2496  35.0819  
15.2627  3.21309  14.45  
4.0137  18.9515  2.6418  
25.1096  5.61376  20.017  
34.1932  61.8523  13.0113  
21.0689  7.10708  22.9483  
11.8604  29.5674  10.163  
22.5798  11.3101  18.4922  
21.313  43.8079  4.70948  
21.9045  8.431  5.50664  
34.0354  1.9022  14.4866  
19.8105  5.35628  6.67814  
9.41971  8.84895  17.1667  
5.23237  16.2265  9.98886  
9.25502  25.0096  23.1571  
31.3243  21.9861  7.16813  
14.1777  37.6842  17.4103  
5.85903  11.4734  14.6562  
14.2525  9.20481  9.18459  
16.8371  8.54848  21.9691  
22.9812  23.6712  28.7648  
28.602  30.0529  16.3604  
21.3503  7.27187  14.4318  
33.3033  11.5263  31.0494  
33.5837  37.6482  4.49595  
34.5914  2.58858  31.7879  
