0.765599  0.286273  
0.668315  0.56794  
0.668272  3.98928  
0.42746  0.368844  
0.526909  3.65309  
0.07015  2.43213  
0.680551  0.564832  
0.309444  3.29508  
0.318022  1.19676  
0.98631  2.26509  
0.686162  0.282264  
0.167153  1.23819  
0.303315  3.86604  
0.258547  4.50753  
0.505157  3.17545  
0.266622  2.24563  
0.0497278  4.25191  
0.35167  3.38456  
0.986542  0.778465  
0.316297  1.65494  
0.295164  3.84265  
0.562931  0.529234  
0.242248  3.9543  
0.641833  1.65532  
0.870456  3.39888  
0.717525  3.65509  
0.250274  2.19012  
0.831777  1.63104  
0.179863  2.8405  
0.632219  3.00613  
0.897242  2.58482  
0.822217  2.02196  
0.423018  0.950752  
0.01267  2.4326  
0.588396  0.636979  
0.703774  2.35403  
0.0564031  4.56546  
0.492435  1.22537  
0.748223  0.662942  
0.20902  1.77026  
0.364166  3.95647  
0.336009  1.78807  
0.376316  1.93594  
0.113477  1.34208  
0.655378  2.64393  
0.529807  3.33664  
0.144819  3.4874  
0.198765  4.30023  
0.615068  2.66785  
0.981224  0.748678  
0.42774  4.30145  
0.209889  0.931128  
0.15695  3.27178  
0.848266  0.540822  
0.795323  1.12822  
0.752238  0.403924  
0.673031  0.33019  
0.598053  0.477335  
0.324856  4.39027  
0.0597127  2.42032  
0.702212  3.63586  
0.332991  3.72742  
0.630225  3.52678  
0.395343  2.6025  
0.648627  1.22194  
0.965303  2.83069  
0.219858  3.00956  
0.773445  1.60792  
0.512182  3.06468  
0.605336  1.9281  
0.376265  1.00118  
0.876699  1.55457  
0.992383  3.37785  
0.10325  1.71531  
0.212321  2.03426  
0.392992  2.66725  
0.879957  0.462986  
0.278928  2.48599  
0.170429  2.85872  
0.0621535  5.08813  
0.0860296  3.31377  
0.241689  2.05622  
0.229866  1.0364  
0.0187545  2.53376  
0.858792  2.48123  
0.94752  3.3373  
0.302992  4.23448  
0.607757  2.87129  
0.0954956  1.853  
0.96069  2.28625  
0.0811184  2.29553  
0.198624  1.3111  
0.859946  2.28365  
0.171165  1.36002  
0.508197  2.15459  
0.706023  2.31026  
0.230784  4.32795  
0.889331  0.200876  
0.143822  4.58398  
0.615106  3.81843  
0.0811711  2.44406  
0.887634  1.73059  
0.792782  2.64963  
0.186322  1.41413  
0.890323  3.10869  
0.931036  3.01093  
0.245671  4.28987  
0.341895  2.45078  
0.370509  2.09011  
0.615409  2.99754  
0.766078  1.54878  
0.887817  0.698323  
0.309443  1.01669  
0.934954  0.411013  
0.567706  1.60363  
0.450155  3.68162  
0.656596  0.811446  
0.625605  2.03724  
0.843456  1.83817  
0.671816  0.8676  
0.423934  2.00753  
0.926786  3.0067  
0.297006  1.70158  
0.672775  2.65339  
0.0697239  5.28418  
0.341359  3.78286  
0.429685  1.37849  
0.327342  0.876071  
0.321092  4.13363  
0.284482  3.95326  
0.742198  0.832862  
0.0819813  1.83874  
0.512212  0.440473  
0.565914  1.79815  
0.777517  2.34278  
0.383114  1.33049  
0.64869  1.50053  
0.105259  1.46217  
0.58292  0.374676  
0.712551  3.44665  
0.736461  3.57641  
0.990738  1.05758  
0.37846  2.20252  
0.152431  4.45636  
0.621266  0.478866  
0.563008  3.00442  
0.128374  0.732185  
0.352092  3.92484  
0.34247  0.428339  
0.0521974  3.49439  
0.662517  3.14835  
0.656697  0.202866  
0.0345507  3.65091  
0.544222  2.64426  
0.0841047  1.15363  
0.184307  2.61033  
0.907616  2.3972  
0.813863  0.239627  
0.773947  0.318125  
0.429365  4.26199  
0.574295  3.66264  
0.427372  4.37962  
0.288718  3.63367  
0.44212  1.79228  
0.498037  0.406008  
0.919501  0.889919  
0.343765  3.08879  
0.657918  0.594155  
0.0347591  5.06723  
0.884931  3.51176  
0.887488  0.987328  
0.153728  2.04465  
0.862178  2.80133  
0.250935  1.8379  
0.986516  0.72916  
0.802644  1.75975  
0.0112848  4.08937  
0.744832  0.459928  
0.729957  2.65309  
0.558886  1.38138  
0.604555  0.328662  
0.442529  0.422741  
0.501744  1.79617  
0.716293  3.67391  
0.253231  0.889129  
0.0636619  5.05176  
0.47131  0.469231  
0.822041  1.86063  
0.574779  2.15524  
0.639199  0.798833  
0.693694  2.35794  
0.655917  2.66045  
0.412326  3.15941  
0.50254  1.86358  
0.325856  1.09177  
0.975287  1.76742  
0.381097  2.61441  
0.604542  0.244581  
0.152394  3.74581  
0.37876  1.48008  
