2.65078  1.954  
3.12465  2.13616  
3.3236  3.63446  
2.85737  1.07899  
1.13747  1.80325  
2.3058  2.56418  
2.55197  0.961893  
2.38964  2.37265  
1.19165  4.47112  
0.666844  1.38292  
0.998946  2.21434  
2.2758  1.69356  
1.72187  1.16871  
2.02529  2.31615  
1.00153  3.59572  
0.338853  1.12822  
3.13454  2.0406  
0.17272  1.59571  
2.45257  2.42121  
0.644454  2.33518  
1.8141  2.87639  
2.22463  1.77698  
3.78514  1.2297  
2.48216  1.48674  
1.92166  1.02845  
2.11777  0.686591  
2.94173  3.466  
2.44712  0.772933  
2.12643  1.33073  
1.8631  2.98052  
3.24287  1.84858  
2.40336  1.39619  
1.6576  2.10459  
1.5797  2.82155  
2.97059  3.2744  
1.43235  1.56922  
2.11729  3.98912  
1.89978  3.69428  
1.63744  1.40024  
2.92575  1.41996  
3.61491  1.68762  
1.16368  1.72876  
1.77517  1.81336  
1.77619  2.26412  
2.39985  1.50113  
1.86717  3.22112  
3.58955  0.0548239  
1.94832  1.80283  
2.45538  2.62203  
2.55119  3.08017  
1.08015  2.38995  
2.75183  2.41014  
1.25041  3.2758  
1.1345  1.51753  
1.84937  2.05138  
2.14462  3.10088  
1.29826  4.05716  
3.05478  2.85192  
0.596279  2.741  
2.06428  1.57484  
0.151696  2.72995  
2.80111  2.81097  
2.33153  2.39316  
1.32907  0.720478  
3.42955  2.49192  
1.35661  2.16026  
2.28294  0.862003  
0.916576  2.07605  
2.30449  3.24729  
1.54838  2.45053  
3.40289  2.2398  
2.14535  0.832409  
2.62127  2.60326  
3.31096  2.29857  
3.62676  2.4629  
1.2849  1.37745  
0.989643  1.81132  
0.802169  2.43194  
2.69174  2.88951  
2.81299  1.29814  
1.7252  1.65097  
1.64726  1.94461  
3.11732  0.540351  
0.81753  2.21048  
3.80814  0.863056  
1.26729  0.983307  
2.10955  2.73247  
0.609527  1.79358  
4.15316  1.67272  
1.38815  2.80861  
1.27089  1.41892  
2.89388  2.89811  
0.64741  3.08424  
1.43262  1.3346  
3.45975  2.99017  
2.47491  1.26162  
2.41632  1.41049  
2.04697  3.04292  
1.79843  3.19501  
2.18258  2.30412  
2.62235  1.75936  
3.48282  2.02598  
1.86833  2.33652  
1.70311  1.843  
1.07707  1.78162  
2.9713  1.6538  
2.73094  2.18598  
2.45296  0.533321  
2.86831  1.24057  
1.80415  3.03327  
1.8239  1.59294  
1.24444  2.43234  
1.58898  2.07399  
3.19668  1.94401  
2.49965  2.50576  
1.07244  1.38059  
2.60185  3.36259  
2.80272  0.845322  
1.64972  0.619954  
2.1887  2.33187  
2.17578  2.58633  
1.20086  1.1545  
1.85334  2.15693  
2.89669  1.55267  
2.43995  0.324894  
0.878549  1.02586  
1.39236  3.28321  
4.43993  1.83406  
3.07649  2.7591  
2.42948  2.03241  
2.24081  0.702128  
1.8377  2.64772  
3.07289  2.63324  
3.43414  4.12854  
1.67838  1.64287  
0.512748  1.20382  
1.70985  0.83596  
1.64587  0.790501  
2.16463  3.29381  
3.62406  2.59952  
2.03707  2.53376  
3.33421  1.00569  
1.59693  1.95081  
3.05252  1.40481  
2.53531  1.3838  
2.02901  0.701183  
2.13594  3.764  
1.75954  2.98464  
2.10096  1.60373  
2.63715  0.282347  
1.01882  1.60458  
1.6177  2.11233  
3.29425  1.68537  
2.23634  3.13983  
1.21798  3.10169  
1.59651  2.15074  
2.23903  1.72869  
1.17473  1.40124  
1.48571  1.14532  
0.425853  2.31657  
2.59925  2.08689  
3.03771  1.98117  
1.31831  2.03757  
4.18119  1.29401  
1.65187  0.681987  
3.76318  1.01446  
1.99345  2.67257  
0.652094  2.31165  
3.91202  1.14899  
0.990714  3.64933  
1.71985  3.97568  
2.01487  2.03109  
1.82087  1.86518  
2.64594  0.861635  
1.61719  0.81304  
3.12551  1.39403  
1.9492  2.93363  
2.55032  1.625  
1.60164  1.59153  
2.09696  2.13296  
3.28128  3.29289  
1.74752  1.38391  
1.39685  1.42297  
3.03808  1.83954  
3.00895  0.858728  
2.59685  0.269339  
2.31143  1.63689  
3.08573  3.50821  
3.01405  1.76859  
1.17892  2.54409  
0.855876  2.66111  
0.718012  2.28541  
1.19508  1.60184  
2.69413  1.68068  
2.07139  0.884603  
1.35732  1.90241  
1.56223  1.13969  
3.11433  1.23974  
2.50026  1.50982  
2.49485  2.51177  
3.04335  1.32436  
2.50368  3.54097  
4.24918  2.31202  
2.23813  3.21976  
2.04844  1.2275  
3.97861  2.09743  
1.6987  1.73363  
3.02751  0.437125  
2.69562  2.74431  
1.08995  2.51676  
1.21872  1.26451  
3.89303  1.19369  
0.816215  3.19858  
1.17178  1.6892  
0.316302  3.31618  
2.54957  2.51649  
2.50804  3.36021  
0.916809  3.07086  
3.16831  2.11928  
2.99714  1.2006  
2.00437  1.23013  
2.50013  1.16698  
1.07687  0.234934  
2.25656  3.98028  
2.74846  4.04799  
2.39829  2.17979  
1.36603  1.76833  
2.32038  1.36788  
2.89836  0.899871  
3.07025  2.17911  
1.10011  2.6207  
1.79352  2.98982  
1.9767  1.00126  
3.01389  2.80392  
2.99137  2.21378  
0.545991  1.89251  
2.43269  2.28063  
3.37758  1.49214  
1.92518  2.05357  
1.66808  0.587053  
1.3203  3.92388  
0.622328  2.64846  
3.02383  1.71547  
0.829728  3.08974  
3.00679  2.5611  
1.47474  3.22762  
2.30651  1.01627  
1.24418  3.65128  
1.97012  1.8673  
2.39152  2.46247  
1.8292  1.66998  
0.820723  2.00644  
2.31413  1.56137  
0.90357  1.71391  
1.44646  0.870036  
2.31771  2.81206  
3.02103  2.65688  
1.45136  2.47472  
0.714638  1.50929  
1.4878  2.32309  
3.1293  1.77251  
1.74458  2.12265  
1.8885  2.5881  
0.143912  2.0345  
1.79554  2.67227  
2.91078  1.485  
1.34038  2.49384  
0.930315  1.65672  
1.24135  2.15486  
1.73956  2.16973  
2.86623  1.30125  
0.479385  1.66121  
1.48448  3.12771  
2.74851  2.19317  
1.46726  4.19669  
2.23703  1.11263  
2.86389  2.25482  
1.97347  1.81025  
1.83001  2.03857  
2.48788  1.77951  
0.264326  2.52991  
2.79859  1.16233  
1.88298  2.00391  
4.04188  2.25571  
0.575761  1.05504  
2.98449  2.25333  
1.19277  0.751854  
1.26781  2.6848  
1.81645  3.24233  
0.731625  1.38623  
3.18669  2.05794  
1.26281  2.31597  
2.49023  2.20328  
2.12344  0.931821  
2.19755  2.29349  
2.64271  0.44095  
1.96464  2.74009  
4.2137  1.54266  
1.98292  2.85952  
3.55085  1.86009  
1.27683  1.33453  
1.71757  1.96059  
2.84295  0.91391  
1.30533  2.81232  
2.95973  0.856579  
2.08608  2.20799  
2.77442  2.25058  
1.2441  1.53087  
2.98426  4.56646  
2.29624  4.0531  
1.58053  0.869739  
1.94369  1.70382  
0.462228  4.49714  
1.89767  2.26568  
3.63785  2.66748  
0.791444  1.24613  
1.1964  2.14007  
2.10221  3.10555  
4.45817  2.57671  
1.76039  2.42491  
1.11205  2.56906  
2.37911  1.59811  
1.92941  2.41916  
1.94624  1.6103  
1.78131  1.61242  
1.81231  2.31299  
1.97378  2.20333  
1.59062  1.34379  
1.78974  1.50498  
1.8256  1.75505  
2.22995  1.87288  
2.09755  1.78441  
3.62049  2.32879  
3.3538  1.38456  
1.5895  1.76332  
1.59127  2.62361  
3.18984  1.24585  
1.81795  1.6268  
2.1678  1.98501  
2.75944  1.88011  
1.93528  1.43156  
2.5479  1.87438  
2.52059  1.99558  
1.27617  2.93711  
1.17455  0.734704  
2.54366  1.01165  
2.65377  1.67828  
0.989178  2.42498  
3.41254  2.09846  
1.01517  1.33604  
0.379104  1.19103  
2.91798  2.79313  
4.42964  1.54382  
1.27371  0.744097  
1.25139  1.53646  
2.92339  1.30385  
1.96116  1.1318  
0.708939  2.21809  
1.60002  4.30103  
1.69142  1.96981  
1.39368  2.11145  
0.705585  2.90696  
2.25016  3.51416  
2.26174  0.664275  
0.582562  2.89394  
1.26554  2.27517  
0.652825  2.1905  
1.13404  0.798412  
3.44754  2.03363  
3.13112  1.87815  
2.35198  0.786938  
2.75907  1.56243  
1.86781  0.95377  
1.10567  2.51335  
0.348042  2.33955  
1.54956  1.82997  
4.03686  1.1653  
1.62161  1.07377  
1.63133  2.83316  
3.61831  2.28468  
1.03638  2.67894  
1.34088  1.20505  
1.97904  1.43238  
3.43954  1.23855  
1.0444  1.9176  
3.00621  3.51862  
2.93888  3.58278  
3.49921  2.20827  
3.19315  2.27264  
1.47953  1.92992  
4.14578  2.00138  
1.42751  3.00872  
1.27661  2.07534  
1.89213  2.12496  
2.55663  1.75568  
1.41484  2.45812  
1.50078  2.68861  
1.94468  1.61763  
2.92673  1.1372  
1.69057  1.73956  
3.09319  1.88519  
1.91395  3.98764  
4.50716  0.917402  
2.08052  2.73888  
3.43649  1.69362  
2.80938  3.64771  
1.27214  1.70155  
1.10755  0.773153  
0.791252  2.45605  
1.3985  0.465796  
2.26123  2.57761  
2.68737  1.61646  
2.51276  2.52661  
1.06758  0.611431  
3.20119  1.86758  
2.18782  2.33076  
1.91994  0.886074  
2.1002  1.85682  
4.64626  0.916141  
2.32797  2.10171  
2.51981  3.15904  
1.06524  3.34008  
3.40469  1.10825  
2.24902  1.7215  
0.348724  3.3832  
3.5869  4.23577  
2.34204  1.66797  
1.56882  0.888513  
1.32082  2.08567  
2.73707  0.546773  
1.76046  1.80587  
1.93105  2.25515  
4.11442  1.84206  
1.48971  2.17461  
2.79988  1.92679  
1.99665  1.93971  
2.84726  1.72238  
0.773617  1.72025  
1.48999  1.5084  
1.6232  0.694644  
2.62734  0.893725  
1.01364  2.91906  
0.859286  2.51309  
1.42034  1.51243  
5.50992  0.560971  
1.72292  3.50922  
2.50276  2.76301  
1.78857  1.07575  
1.24667  0.562404  
0.262243  2.51869  
2.55007  2.83446  
2.93224  2.29406  
3.57367  2.08125  
2.04421  2.68947  
2.23804  1.51089  
2.44183  1.53424  
0.816328  2.54011  
2.8917  1.36562  
2.32078  0.436658  
1.03161  1.89992  
3.40893  1.6434  
3.73963  0.86217  
3.48457  0.669431  
2.31006  3.7594  
2.8526  2.64929  
2.75168  1.52344  
1.44429  1.47965  
1.67672  1.69819  
3.24589  1.75378  
2.95363  1.13618  
3.08453  2.72526  
2.09449  1.48839  
2.64127  2.94877  
2.07239  2.6467  
4.07245  1.13733  
1.35744  3.06485  
0.905143  1.57782  
1.9086  2.5838  
3.10622  3.14591  
1.81922  2.08118  
0.971989  2.40478  
2.30231  1.71277  
2.53683  4.43053  
0.835609  3.03692  
1.23061  1.97296  
2.26948  1.11996  
3.19436  2.06847  
1.84685  1.29123  
1.82199  2.41014  
0.34664  3.34994  
2.88382  1.42483  
4.10907  1.17486  
2.88306  2.18149  
1.82749  1.49168  
2.49781  1.46377  
2.33755  3.1588  
1.81108  1.36389  
1.78839  2.67432  
0.915123  0.525508  
2.2374  2.31443  
2.64134  2.04448  
3.29308  1.87248  
2.24051  1.90114  
2.49803  1.90367  
2.8918  0.659511  
3.16614  2.79012  
3.48567  2.50572  
1.81474  1.62886  
1.58307  0.933771  
1.97966  0.868156  
2.88366  2.32521  
5.33544  1.6612  
0.621434  3.11558  
1.93861  1.94805  
3.2035  1.56953  
1.82384  3.20321  
1.41797  0.683529  
1.74162  2.16656  
2.29978  1.28826  
1.60505  2.00212  
2.95754  1.1653  
2.75814  1.88504  
2.80883  1.09213  
1.80389  1.56639  
1.79732  2.98322  
1.60568  1.99638  
3.71772  1.70674  
1.80307  1.07209  
1.98594  3.08878  
3.52276  1.7682  
1.79322  3.16224  
2.15759  1.94555  
1.34557  0.934491  
1.89251  1.3122  
2.69647  2.17545  
0.622264  1.97951  
2.1716  0.942094  
1.72437  1.02302  
1.64893  3.32749  
3.27343  3.93065  
1.10134  2.78488  
3.70544  1.03573  
5.30657  1.41735  
1.4316  2.54706  
2.76175  2.81743  
2.44741  3.21399  
2.31918  3.77812  
2.87684  0.665192  
1.56809  2.74872  
3.84046  3.57547  
2.80694  2.67952  
2.06418  2.36787  
2.85302  2.65678  
3.49154  2.14027  
3.33101  2.41225  
0.668309  3.04554  
1.03885  2.73384  
2.48398  1.36433  
1.99967  1.4523  
4.25702  2.13536  
2.09628  1.60417  
2.21514  1.8226  
2.60155  2.31325  
3.55317  2.07705  
1.42752  0.973572  
2.25994  3.28128  
2.73525  2.66712  
1.16547  1.26375  
1.80597  0.592048  
1.01801  2.02395  
1.33957  2.39833  
3.48746  2.12842  
1.72027  1.94662  
2.8123  1.1998  
1.35321  2.24266  
2.63645  1.76446  
1.01944  0.736884  
3.30682  2.13459  
1.6697  2.32102  
2.05411  1.58293  
2.11605  1.75908  
2.79132  2.595  
3.00121  3.458  
0.794422  2.14299  
3.80195  0.939604  
2.61033  0.990967  
2.03197  3.15989  
2.62534  3.93564  
1.47565  1.93924  
3.87171  1.92466  
3.21962  1.6065  
1.94602  0.847404  
1.4932  2.26596  
2.6665  2.29051  
2.78935  1.2715  
3.44365  2.60481  
2.73797  1.471  
0.785403  3.39934  
1.84391  1.5796  
1.55177  1.92807  
