18.0029  12.1885  
22.9649  30.9085  
20.7297  23  
25.4959  10.4191  
17.8633  19.5017  
30.5635  15.7063  
24.6727  6.56004  
23.443  25.2631  
7.27474  27.275  
10.279  3.80277  
29.0915  12.9409  
20.6053  15.0572  
28.0025  11.7299  
14.2067  30.8723  
32.5307  12.1595  
14.4939  22.4304  
18.401  10.3604  
6.53675  18.2114  
28.1834  18.9766  
8.84094  20.0108  
7.9784  21.3452  
25.9292  40.8108  
19.3869  7.99979  
14.6256  30.4879  
32.841  15.4008  
12.5786  26.7366  
17.1507  18.0499  
27.4834  19.7075  
22.0853  23.5568  
13.1776  22.7691  
26.9259  24.9568  
23.4068  13.8203  
24.2973  6.76986  
15.4319  28.4636  
9.6784  20.148  
10.404  18.0033  
15.9684  9.93873  
25.2451  26.1179  
23.8403  22.6776  
23.7651  20.019  
23.7467  17.9325  
25.7008  17.8809  
18.5476  30.8983  
11.9271  13.5587  
20.8171  11.1301  
14.7108  23.4613  
21.2693  16.8521  
27.1954  12.3284  
16.351  10.8698  
16.0165  8.00157  
28.4352  13.811  
13.3606  6.02784  
26.6533  13.1127  
30.5344  17.4098  
21.9501  28.1872  
9.02452  6.55361  
26.6764  17.1607  
12.5521  19.5713  
14.31  8.52755  
13.8026  20.915  
10.3293  15.5111  
43.414  17.9998  
9.45255  5.93498  
24.7261  30.0773  
10.8274  24.652  
6.34751  10.3117  
7.87613  8.97684  
20.9548  16.0808  
36.5193  22.2015  
12.569  17.0618  
13.0234  20.5868  
9.53657  18.2284  
26.3952  7.5227  
18.6151  23.0083  
9.32966  9.5403  
15.6587  9.25106  
19.0089  9.06989  
17.0324  10.807  
35.5721  20.1325  
15.4186  26.3944  
23.7916  23.4777  
11.2404  26.6101  
31.2204  22.7195  
20.2504  9.52152  
26.8587  32.4554  
31.587  14.1067  
19.4352  12.807  
21.791  16.0472  
26.8057  8.61942  
25.4628  22.1623  
28.2208  16.4301  
19.1301  3.55311  
7.61487  29.0446  
5.89646  24.7205  
21.1443  21.8394  
18.9005  23.4983  
23.453  26.4226  
22.0994  19.596  
13.4229  20.9403  
26.0809  23.5359  
11.2592  12.4842  
28.8849  23.4299  
12.2013  11.5509  
26.2114  18.8417  
13.991  11.6348  
16.4535  16.5094  
32.8134  16.8318  
28.6261  22.2036  
23.6944  27.0726  
34.1064  4.27813  
17.5715  13.2269  
23.8047  19.7558  
17.2487  22.0883  
34.6367  11.5504  
33.0698  24.6071  
23.0373  14.4186  
25.1111  24.1637  
6.20816  10.7296  
19.2403  12.6664  
31.4718  24.28  
32.1418  13.9912  
14.0365  19.8584  
19.796  14.3721  
22.9546  38.4078  
22.7823  15.2385  
15.3801  14.3757  
29.4416  32.0444  
18.4008  26.6422  
19.4439  12.6357  
12.5097  13.7013  
20.0246  21.3941  
25.8935  15.047  
34.6749  20.9479  
29.9436  26.5387  
14.3598  14.9184  
16.9728  16.5298  
14.8357  20.6588  
32.2309  31.8012  
22.1158  8.23294  
13.8837  27.5911  
31.0414  22.4647  
22.4413  20.6638  
14.493  14.4905  
20.6947  16.0993  
17.9833  24.6924  
22.3439  19.6925  
19.451  14.6582  
26.5916  12.9678  
14.4012  38.0346  
8.79426  7.90987  
24.9943  13.4684  
12.9333  17.0753  
8.61064  19.9164  
18.4492  22.4532  
14.2663  13.1715  
18.9422  50.3188  
19.3302  20.0721  
12.313  5.94598  
19.065  8.30346  
20.1974  27.818  
31.3061  18.4747  
30.3565  22.9091  
12.0508  23.6102  
14.6589  11.4238  
27.776  14.2295  
18.1276  25.5046  
24.9788  28.8706  
6.70562  14.218  
6.68875  18.3519  
22.7208  27.6592  
20.8557  13.3045  
14.8361  21.8841  
24.3793  15.272  
31.8442  17.3546  
10.5845  16.7903  
9.32571  15.8436  
15.5388  38.3319  
21.7409  15.2934  
19.4677  6.88217  
19.4924  9.98289  
13.3457  7.86591  
23.6114  25.1964  
7.25476  38.5334  
9.7372  24.764  
30.08  25.2982  
25.7437  15.4966  
25.0723  12.1952  
19.0969  9.45481  
16.5087  8.56241  
18.3324  10.42  
29.6946  16.6363  
27.3364  33.5028  
18.2867  29.412  
9.97769  6.2807  
13.6996  8.13719  
28.0379  12.2945  
28.9671  9.10334  
24.6501  33.1114  
16.3189  15.6739  
31.6879  27.4032  
25.4071  18.6297  
16.7567  17.315  
8.03922  10.8273  
9.76324  18.743  
4.44231  3.6168  
11.2646  20.1085  
42.2651  22.4721  
23.4898  17.0993  
19.5909  26.6256  
46.7448  17.6041  
19.5246  12.82  
27.1979  16.8349  
37.6961  13.0487  
8.44508  30.5886  
41.4056  19.0447  
12.0573  13.3763  
35.4035  23.2749  
13.9406  10.1094  
18.5251  23.6877  
9.71293  18.3456  
11.9715  9.20247  
12.7667  23.9801  
11.7668  17.2076  
9.55526  14.9827  
8.99842  9.67711  
14.5686  12.9757  
15.9449  27.5014  
27.7451  21.8369  
17.7044  15.365  
19.7411  17.4688  
14.5842  16.0923  
8.93411  6.65444  
15.1629  21.6056  
22.0583  19.2099  
12.4865  21.6409  
13.5065  11.6781  
9.20323  11.7901  
18.4934  17.5008  
13.517  31.8286  
15.0867  15.4469  
19.6637  18.6799  
20.7045  18.8238  
22.1151  26.2991  
21.134  13.8491  
25.6184  29.1687  
15.6951  8.0529  
7.81461  35.1566  
7.10657  12.5319  
9.27669  20.5243  
29.929  15.2431  
29.962  20.5225  
16.2608  7.95112  
6.48038  5.67623  
17.4086  11.6698  
9.25822  30.1248  
17.3574  9.74976  
10.1469  34.0226  
28.0451  19.1131  
11.6712  15.0478  
14.773  5.96474  
18.6845  37.4147  
18.1905  20.3382  
23.5296  15.3674  
14.1389  28.6607  
22.0553  32.6496  
36.62  25.4916  
22.9538  16.343  
17.281  14.8889  
10.5478  11.5382  
21.5511  12.9062  
14.666  19.3546  
16.6571  15.2  
25.0112  9.62995  
22.5354  6.40967  
20.0637  25.1964  
12.3692  22.8248  
12.3177  13.8379  
17.0144  9.0641  
24.7102  7.71314  
5.756  11.9327  
26.1234  17.1046  
11.2022  32.4858  
9.3114  32.6757  
14.8283  17.3294  
16.1142  9.48895  
21.07  19.9421  
36.2011  11.8547  
13.3746  12.0338  
20.2329  18.4041  
10.9929  15.6245  
29.7633  11.2577  
9.37087  14.1129  
6.93118  13.9043  
9.28321  9.2197  
8.7911  38.3364  
19.4733  21.8805  
5.8019  17.472  
14.0827  16.2063  
3.71133  19.9935  
24.7426  24.7374  
12.1136  13.0237  
10.7309  22.7672  
10.2859  16.4799  
25.8213  11.6494  
19.7803  13.1634  
18.6571  13.0605  
29.1419  6.48064  
8.27696  23.0404  
15.8735  16.6141  
16.1149  23.2597  
12.2562  11.074  
17.7422  19.6427  
21.9381  16.8282  
11.0772  24.324  
13.9798  20.1525  
24.4141  8.16163  
19.9426  16.2973  
18.6009  15.868  
13.4282  15.456  
31.8693  17.4731  
9.15176  26.0229  
41.0405  15.1836  
14.1201  11.1319  
13.8438  15.1444  
29.8486  13.2535  
17.226  7.73699  
11.2419  7.62093  
24.4773  22.0315  
8.28637  19.7784  
16.558  20.3398  
31.4306  16.9526  
26.1317  16.3892  
30.6016  21.0982  
9.44902  6.74329  
18.3605  5.35399  
31.1712  7.96036  
17.2333  17.9302  
23.3513  13.1791  
19.1845  16.6239  
14.0328  19.9261  
25.8674  14.0419  
32.1411  14.3857  
12.5795  18.4406  
22.3831  20.9456  
16.4895  8.63828  
24.5574  18.7389  
9.54353  11.3301  
20.9926  13.9576  
16.9255  15.4397  
10.1933  25.6255  
23.361  33.1634  
17.3681  15.2738  
8.33625  8.93322  
17.3947  16.0763  
17.3389  11.1741  
20.9168  12.3257  
22.8441  6.24509  
8.87991  17.7925  
20.1154  15.4117  
13.72  17.3726  
23.7351  21.2128  
24.233  16.7854  
12.8877  14.5493  
34.0277  4.52362  
15.0939  16.1215  
18.2589  14.3755  
20.1445  31.272  
15.9229  15.9422  
26.876  22.9991  
32.8442  42.9242  
12.549  20.2323  
19.1023  10.6212  
23.4595  12.1874  
17.7445  11.454  
27.0657  33.636  
20.4171  31.718  
33.6343  6.57963  
11.859  6.79238  
24.231  5.48983  
19.4238  19.878  
19.4209  39.3024  
14.4807  9.62007  
25.3803  15.7268  
10.799  8.13989  
23.8043  16.1664  
19.6386  21.3249  
6.75108  11.986  
16.5027  15.4851  
15.0393  12.2115  
14.6021  13.8144  
16.5778  12.3468  
14.7506  16.1811  
9.37885  27.7818  
15.8663  10.0312  
17.133  19.6899  
12.9786  23.3071  
15.3679  15.9916  
30.1893  24.8454  
36.3419  12.6446  
12.0675  23.4251  
20.5039  14.1228  
21.862  32.434  
32.1081  19.0899  
20.6503  13.8483  
11.2562  10.9214  
24.2742  14.1211  
30.6314  7.51765  
11.8466  19.0674  
16.952  11.0461  
19.1347  21.269  
28.1721  31.0104  
19.5801  9.5751  
25.7058  9.85636  
20.3043  22.1018  
15.9271  25.4278  
10.9519  16.3407  
21.9657  16.3894  
24.2232  12.9765  
16.9558  17.3151  
22.0372  13.0419  
27.8703  22.4933  
13.773  38.6453  
21.3473  18.8205  
15.852  23.4715  
10.584  26.6569  
9.38181  20.8811  
23.6901  15.9766  
41.6344  8.7557  
9.66816  14.6859  
27.1517  12.0439  
20.6533  31.7231  
27.3649  17.5867  
23.2312  27.6535  
28.7573  21.2071  
15.579  19.964  
18.903  15.3793  
34.6901  8.10809  
33.2198  20.7825  
22.0932  7.71818  
20.0011  16.4893  
26.7132  21.5276  
26.487  8.41105  
15.6367  38.3808  
24.7914  9.48187  
14.9228  22.9485  
10.8037  12.5297  
20.0644  25.7161  
12.257  21.4921  
3.85304  11.7006  
18.4261  22.1846  
9.24059  28.8343  
13.0959  15.883  
18.4528  34.1446  
20.752  22.7616  
35.8924  11.2164  
28.9412  26.1963  
24.463  25.8283  
11.7209  33.6289  
11.8938  9.12037  
15.936  12.8293  
20.7311  25.8727  
16.1022  16.6056  
12.7049  16.7543  
27.3479  3.66783  
26.0731  13.1979  
16.0224  19.0365  
20.2807  11.814  
9.70267  14.4099  
10.3767  10.4822  
25.5456  18.7036  
4.53834  18.6234  
13.9218  11.9584  
26.0895  31.3555  
22.8892  14.7036  
17.0935  17.8488  
12.9928  20.3492  
9.76376  11.1163  
19.5571  18.0002  
26.5079  8.5506  
7.61195  21.7954  
19.4479  13.8453  
12.2314  13.2329  
17.1395  6.99719  
10.8918  21.3842  
22.9536  10.1605  
6.93635  13.7425  
33.318  15.1972  
13.1396  10.9008  
23.2885  21.554  
37.1084  21.7088  
10.8631  12.7169  
33.0399  21.0394  
24.6942  22.9736  
16.6174  45.1266  
27.8799  6.72078  
19.5606  9.98189  
10.1415  13.0529  
28.5929  25.5099  
8.18736  10.422  
25.2632  24.2574  
13.1987  23.752  
17.6109  12.9963  
25.8871  8.67536  
12.6918  21.3952  
14.0741  11.6939  
22.151  16.37  
20.3357  8.0589  
20.1986  25.4903  
19.4383  16.965  
11.1949  12.7494  
13.66  9.18477  
35.0257  18.4264  
19.8854  10.9934  
16.9889  20.5288  
7.96378  23.2931  
8.40683  6.89261  
16.0587  22.7088  
30.6204  39.5215  
23.5706  8.0475  
23.4003  16.8093  
14.4425  17.6043  
14.7695  22.9286  
28.0625  19.305  
30.0354  8.88807  
16.3304  13.8216  
17.8669  17.2855  
13.9678  18.7594  
15.3038  9.98113  
29.5012  18.0322  
11.7773  17.3017  
19.5414  15.2953  
13.378  8.58959  
10.4768  10.1375  
12.0447  26.0749  
25.3776  5.42515  
14.9513  8.31659  
7.48164  19.8124  
22.7828  14.2591  
12.769  17.3055  
16.8097  20.6954  
19.5613  19.5292  
30.2311  19.266  
24.556  19.0075  
21.3197  15.411  
40.3326  11.3323  
4.72115  8.78836  
12.9449  16.6168  
24.4538  11.8592  
30.4991  10.8451  
11.7693  15.8215  
21.121  12.0505  
13.9909  23.4512  
30.8092  10.242  
26.9097  20.7398  
19.3957  15.4828  
16.4327  15.8114  
17.521  22.3516  
6.8748  19.1949  
18.4071  13.639  
28.5908  19.8688  
12.583  16.9634  
13.0873  12.4067  
15.6595  21.308  
27.4907  22.0966  
21.2456  24.6392  
23.442  13.3972  
7.94498  16.3622  
20.8945  16.0134  
15.8349  20.1302  
8.20896  39.6896  
11.0438  23.5904  
12.5133  10.7005  
21.0453  27.7486  
11.2336  14.3918  
8.15335  25.9826  
7.98362  9.13438  
22.5504  7.14368  
24.3333  20.7763  
25.3926  12.9297  
22.7107  26.851  
32.0793  17.9513  
43.0578  23.8652  
5.91052  41.045  
8.16874  8.93371  
23.325  25.6394  
28.7057  17.1785  
26.6187  32.9545  
24.7128  33.1087  
13.328  12.615  
9.16639  13.439  
26.6249  33.0852  
28.4902  37.9986  
35.5234  18.5092  
5.67556  14.6546  
12.2835  10.578  
13.6572  14.5243  
11.4987  9.34129  
10.1457  13.7855  
10.4311  19.4527  
13.2068  15.5038  
