0.701434  0.668524  
1.74269  0.458952  
1.31888  0.863736  
0.815957  0.639285  
0.673426  1.88824  
0.319845  0.90891  
0.343113  1.33905  
0.277134  1.19822  
1.27437  0.92122  
1.47827  0.519528  
0.979853  0.390987  
0.948766  0.477729  
0.610477  1.26846  
0.873957  0.519672  
0.674802  1.02161  
0.756305  1.14171  
1.0877  0.842864  
0.42595  0.757962  
0.968304  0.860573  
0.933095  1.04796  
0.552332  1.61708  
0.47067  1.24378  
0.64274  0.949665  
0.276565  1.09282  
1.1596  0.501232  
1.66129  0.239629  
1.33251  0.528409  
0.91063  0.330169  
0.921231  0.539626  
0.771702  0.452031  
0.589008  1.67587  
0.668493  0.678499  
0.978461  2.05837  
0.888763  0.429547  
1.35261  0.856237  
0.774465  1.85934  
0.798593  0.472189  
0.542782  0.901128  
0.316264  1.24477  
0.638231  0.998657  
0.694763  0.575778  
0.632192  1.32586  
0.441048  1.08493  
0.710994  0.810961  
0.615897  0.642608  
0.821056  0.633901  
1.14566  0.504867  
0.806006  0.419869  
0.55375  1.12924  
0.988657  0.697502  
1.22752  0.322716  
0.653324  0.945148  
1.02121  0.452329  
0.122915  1.20213  
1.81699  0.722526  
0.887506  0.634233  
0.749519  0.579643  
0.898733  0.541533  
1.05921  0.483641  
0.927189  0.510445  
1.20427  1.94437  
0.998772  0.704377  
0.971886  1.45124  
0.81399  0.443847  
0.447801  1.20955  
0.363587  1.61123  
0.645416  1.22729  
0.731627  1.07409  
0.942106  0.43243  
0.523342  1.56744  
1.61442  0.555785  
0.282604  1.07146  
1.55995  0.860867  
0.436374  0.963581  
0.750201  0.594834  
0.542676  0.857421  
0.734373  1.23492  
0.734601  1.48945  
1.03369  0.620096  
0.525045  0.915197  
0.588638  1.20077  
0.843022  0.576983  
0.848358  0.570532  
1.84346  1.04098  
0.613876  0.841172  
1.10859  1.28855  
1.86933  1.11938  
0.840317  0.630344  
0.653945  1.22859  
0.714728  0.668266  
0.840123  1.25278  
0.598498  1.21318  
0.958112  0.713968  
1.56301  0.767405  
0.719566  0.769655  
0.801668  1.00166  
0.731944  0.899804  
1.0048  0.344817  
1.48559  0.574618  
0.766111  0.903372  
0.43765  1.10407  
0.466984  1.38213  
0.852833  1.3958  
0.783239  0.982869  
0.903965  1.24263  
1.17664  0.795017  
0.736847  0.940007  
0.602704  0.698238  
0.615781  0.933145  
1.26116  0.582154  
0.861685  0.957553  
0.54662  1.75879  
1.12524  0.583846  
0.742454  0.49775  
0.884626  0.367366  
1.33026  0.734206  
1.05274  0.417891  
0.738825  0.89568  
1.16237  0.452716  
0.917566  0.683729  
0.820847  0.422936  
0.809995  0.705912  
0.294366  1.35906  
0.819417  0.912228  
0.969286  0.663126  
0.42759  0.783957  
0.17979  1.62166  
0.660681  1.39639  
0.780259  0.934445  
0.592533  0.864487  
0.648188  0.618734  
1.14225  0.456529  
0.83831  0.732093  
1.59483  0.628463  
1.0455  2.13936  
0.607933  1.24597  
0.459329  1.25117  
0.625761  1.108  
0.684006  1.11562  
0.794673  0.983017  
0.73576  1.02455  
0.988011  0.999167  
0.747314  0.540169  
0.673843  0.720726  
0.61141  0.863549  
0.764569  0.76998  
0.991977  0.412089  
1.56635  0.565462  
1.95887  0.71167  
0.881061  1.34048  
1.06593  0.622666  
1.23634  0.630503  
0.980979  0.545947  
0.6698  0.664617  
0.856777  0.396984  
1.34549  0.693987  
0.862872  1.15894  
1.60061  0.410348  
0.403878  1.39642  
0.740495  0.71206  
0.79675  0.627586  
0.704073  0.732542  
0.797521  0.450715  
0.517695  1.35721  
0.851633  0.531363  
0.742231  1.28366  
0.542177  0.783088  
1.09014  0.748897  
0.607117  1.2363  
0.799477  1.22152  
1.91746  0.377963  
0.335526  1.06631  
0.716426  1.42687  
0.956012  0.622182  
0.584622  1.86241  
1.58011  0.551187  
0.687405  0.650143  
0.667437  0.912691  
1.18065  0.494172  
1.33663  0.238812  
1.68417  0.408067  
0.977496  0.742421  
1.10821  0.515286  
0.662432  1.23277  
0.798071  0.489604  
0.624406  1.02655  
0.935292  0.560112  
1.4214  0.461696  
0.211453  1.77058  
0.339803  1.07523  
0.71915  0.840555  
0.859159  0.504591  
0.822583  0.562782  
0.575536  0.845531  
0.560341  1.37955  
1.09296  1.65255  
0.959643  0.619125  
0.486966  0.972065  
1.49475  0.440323  
1.86346  0.327257  
0.973352  0.359743  
1.02733  0.974278  
1.26067  0.456436  
1.42414  0.701202  
0.855795  1.35869  
0.624133  1.37923  
0.910978  0.543916  
0.771689  0.53686  
0.413363  1.67915  
0.327225  1.22283  
0.645437  0.690731  
0.603109  0.888367  
0.784877  0.828803  
0.542806  0.78605  
0.702945  1.49729  
1.01806  0.401957  
0.652998  0.71025  
0.850878  0.532028  
0.839891  0.777648  
0.706845  0.678879  
0.83053  0.476572  
1.24886  0.441633  
0.868644  1.57363  
0.667353  1.4656  
0.543164  1.01597  
0.597855  0.597362  
0.770286  1.06058  
1.127  0.42947  
0.716169  1.4257  
0.411349  1.70352  
0.510923  0.643559  
0.897426  0.401167  
0.454876  1.08551  
0.783093  0.858932  
0.522963  0.878111  
0.877284  0.850398  
1.65865  1.20814  
0.74513  1.01801  
1.01159  0.747401  
0.700037  1.52576  
0.882643  0.496423  
1.06973  0.549818  
0.666448  0.614143  
0.944536  0.419914  
0.510399  1.25997  
0.681301  0.605741  
0.598396  1.33245  
0.6965  0.761941  
1.25324  0.515497  
1.4053  0.956822  
0.752387  1.32283  
0.245129  1.55411  
0.849316  0.61648  
0.847618  1.15849  
0.740718  0.65741  
1.07918  1.3424  
1.10933  1.14776  
0.967495  0.79504  
1.04774  0.451314  
0.533881  1.61743  
0.675375  1.2485  
0.36421  1.4141  
1.52338  0.302217  
0.742821  0.836039  
0.55376  1.68985  
1.20447  0.585373  
0.59727  0.822973  
1.05345  0.679842  
0.969957  2.18988  
0.583377  0.767038  
0.772847  0.781645  
0.695247  1.43282  
0.461642  1.30619  
0.541104  0.622522  
0.303686  1.12279  
0.783579  0.607925  
0.675051  0.577486  
1.21521  0.349379  
0.770465  0.892738  
0.22124  1.68014  
1.49538  1.0526  
0.696928  0.657157  
0.892233  0.677422  
0.713343  0.497394  
0.578962  1.08431  
0.619508  1.83191  
0.91677  0.742657  
0.936978  0.455279  
0.804237  0.729476  
0.702283  1.22082  
0.933889  0.581444  
0.453941  1.05316  
0.904306  0.585007  
0.490377  1.11362  
0.796292  0.381641  
0.767505  0.694067  
1.86537  0.631017  
0.857772  1.18945  
0.682662  0.923572  
0.449718  1.07621  
0.833144  1.13582  
1.01245  0.655955  
1.51723  1.17466  
1.2943  0.206572  
0.786409  0.619102  
0.859072  0.620061  
0.630673  1.19254  
0.468742  1.15097  
1.38312  0.775051  
1.03834  0.917014  
1.38584  0.623812  
0.204245  2.01546  
0.891067  0.971393  
0.638658  0.677696  
0.726103  0.931006  
0.460418  1.78589  
1.06416  0.459151  
0.446598  0.92942  
1.11508  0.659774  
1.21126  0.445151  
0.773376  0.640956  
0.353026  0.929064  
1.583  0.584397  
0.517212  1.43171  
1.39589  0.46374  
0.61105  1.21458  
0.827148  0.585731  
0.779711  1.25852  
0.577281  1.35683  
0.580049  0.971933  
0.814569  0.661573  
0.672763  0.634985  
0.609199  1.22022  
0.762482  0.613862  
0.501492  1.52056  
0.674162  1.01989  
0.884909  0.640286  
0.670012  0.678628  
0.544847  1.13245  
0.771554  0.485965  
1.1412  0.797435  
0.767416  0.584397  
0.504385  1.33583  
1.86926  0.967533  
1.47507  0.57907  
0.993293  0.552298  
0.599318  0.911159  
0.862768  1.45331  
0.743328  0.653324  
1.1222  0.456451  
1.05848  0.634483  
0.632158  0.68941  
0.595074  1.65604  
0.631477  1.34439  
0.344674  1.40202  
0.511652  0.934441  
1.68011  0.348526  
1.24606  0.312171  
0.569864  1.34958  
0.832515  0.9797  
0.673233  0.563266  
0.697057  0.701228  
0.762859  1.01587  
0.53859  0.815357  
1.03176  0.357643  
0.785409  0.570033  
0.698162  0.66183  
0.750481  0.756926  
1.4281  0.659622  
0.821301  0.690453  
1.0112  0.511146  
0.975339  0.394335  
1.17221  0.516822  
0.496645  1.30664  
0.826883  1.25395  
0.809998  0.388259  
1.09268  0.449694  
0.373507  1.07358  
0.605483  2.05041  
0.431555  0.963372  
0.596538  1.02846  
0.773768  0.605643  
0.414407  1.53226  
0.573487  0.816982  
0.943887  1.26706  
0.218202  1.40164  
0.550875  1.0361  
0.879454  1.51769  
0.385461  1.3727  
1.28872  0.509497  
1.30859  1.24025  
0.975327  0.374018  
0.53825  1.87344  
0.677442  0.614984  
1.08433  0.241796  
0.699842  0.924026  
1.54128  0.546681  
0.84078  0.55019  
0.781758  0.626776  
0.657559  0.995883  
0.62295  1.2842  
0.583563  0.671966  
0.587413  0.865533  
1.18409  0.666537  
0.641197  0.815037  
1.15043  0.503856  
1.07338  0.513734  
0.841543  0.578821  
0.747231  0.560268  
0.73309  0.862232  
0.597768  0.783855  
2.12711  0.426074  
0.978558  0.563853  
0.47545  1.03418  
1.29048  0.701559  
0.820535  0.998969  
0.68398  0.86337  
0.214025  1.46753  
0.879448  0.482899  
1.56028  0.304653  
0.824317  1.2149  
0.438855  1.26726  
0.817164  1.42059  
0.422009  0.832769  
0.608831  0.561669  
1.68541  0.687988  
0.347888  2.07769  
0.735065  1.0917  
1.13287  0.674244  
1.05604  0.640155  
1.02523  0.98412  
0.693499  0.693721  
0.771841  0.745572  
0.517559  0.755379  
0.556476  1.18234  
0.863642  0.650282  
0.58884  0.747705  
0.395456  1.32516  
0.888997  1.66034  
0.411866  0.970444  
0.830514  0.718679  
0.765264  0.664967  
0.592874  1.20943  
0.952907  1.86319  
0.772548  0.526603  
0.709044  0.721845  
1.13871  0.506907  
0.86676  0.722502  
1.23812  0.720065  
1.73472  0.759758  
0.670678  0.888835  
0.999695  0.805857  
0.722627  0.348563  
0.63477  0.835116  
0.815096  0.6669  
0.83612  0.85404  
0.64428  0.751029  
1.44856  0.935811  
1.04068  0.608558  
0.914433  0.540339  
1.73182  0.4855  
0.605666  0.786744  
0.614184  0.700913  
0.768495  0.441103  
1.69062  0.463913  
0.827714  0.582662  
0.372258  1.12976  
0.810505  0.772672  
0.85647  1.07751  
0.595376  0.533398  
0.567082  0.781615  
1.03259  0.411868  
0.573637  1.04403  
1.16043  0.259665  
0.270029  0.917966  
1.59198  0.710857  
1.30038  1.65143  
0.77965  0.416302  
0.631902  1.4534  
0.816163  0.594559  
0.977831  0.761049  
0.860048  1.43146  
0.952475  0.435706  
1.24845  0.74995  
0.636501  0.607034  
0.851135  0.422817  
0.666718  0.950836  
0.482055  1.4697  
1.0461  1.14382  
0.889713  1.42172  
0.936667  0.536894  
1.66209  0.415265  
0.60126  0.975507  
0.731294  1.45747  
0.338954  0.996697  
0.863094  0.574192  
0.410378  1.37758  
0.765674  0.620177  
0.823844  1.72129  
1.35205  0.973781  
0.751563  0.879539  
1.16052  0.275731  
1.10916  0.35813  
0.875632  0.927094  
1.61776  1.05538  
0.925539  0.638886  
1.467  0.358957  
1.12265  0.491261  
1.54086  0.283494  
1.09555  0.393304  
0.325313  1.42878  
0.602761  0.669755  
1.04252  0.363099  
0.757463  0.59696  
0.70449  0.874696  
0.820159  1.90128  
0.606526  1.27298  
0.853408  0.556934  
0.592877  1.29505  
0.737481  0.712529  
0.591031  1.38372  
0.889292  0.405549  
0.367351  1.15002  
1.16394  0.561985  
0.912555  1.03311  
1.67539  0.93635  
0.543772  1.87184  
1.20434  0.491753  
1.06315  0.360119  
1.65947  0.822573  
0.737352  0.632172  
0.815787  0.469847  
1.13298  0.618232  
1.3393  0.659693  
0.54472  0.608796  
1.28285  0.764686  
0.21664  1.11428  
0.808202  0.382822  
0.505433  1.29735  
0.324466  0.986961  
0.599121  1.14453  
0.983881  0.524603  
0.752491  0.831728  
0.980021  1.60487  
0.754693  0.996222  
1.17656  1.16639  
0.550487  1.12744  
1.21742  0.443527  
1.0049  0.492309  
0.722433  1.22083  
0.839175  0.534471  
1.74249  0.419001  
1.4301  0.495551  
0.9218  0.434864  
1.4242  0.574425  
0.906043  0.540524  
0.562988  0.897269  
0.73254  0.706423  
1.72181  0.942475  
0.57271  1.25273  
1.25652  0.516331  
0.605935  0.63767  
0.743987  0.980774  
0.803463  0.557579  
1.21333  0.692973  
0.883432  0.922643  
0.655577  0.836288  
1.34737  0.416213  
1.00061  1.38845  
1.24315  1.57876  
0.626869  0.756177  
0.951359  0.62057  
1.45676  0.741841  
1.7305  0.654726  
0.60065  0.952443  
0.856698  1.30944  
0.864439  0.604999  
1.38965  0.433552  
0.619577  1.3943  
1.07088  0.609472  
0.786067  1.08161  
0.828465  1.00285  
0.462163  1.34786  
1.39559  0.399773  
0.345743  1.31542  
1.02627  0.487287  
0.754375  0.727822  
1.26333  0.240788  
0.811357  0.436221  
1.329  0.722758  
0.870949  0.562272  
0.642864  1.13177  
0.790952  0.615482  
0.857988  1.01384  
0.669554  1.32298  
0.680731  0.566071  
0.720088  1.49618  
0.716218  0.699368  
0.662646  0.571332  
0.553353  1.20297  
