20.4696  14.8202  
11.613  22.225  
15.7343  22.8653  
11.8569  19.1978  
13.642  14.9212  
12.8247  9.6792  
11.0246  9.80624  
19.2825  13.994  
11.6202  33.5538  
19.0934  18.6274  
9.11159  14.3142  
17.7338  11.3254  
15.5928  9.61326  
13.4715  18.0134  
13.357  33.1725  
14.2701  16.0714  
20.0348  10.1345  
12.5188  34.1346  
15.5771  26.0649  
9.45922  20.6215  
12.4779  22.4404  
13.6851  14.4892  
19.9407  35.2298  
7.77962  9.22961  
26.951  23.6877  
22.744  26.0783  
15.9677  19.3666  
18.9789  20.4187  
20.1644  14.2562  
26.5538  19.7175  
12.5043  20.8866  
13.6184  10.435  
11.1458  26.6488  
22.7468  11.043  
21.3549  15.3714  
17.7821  14.4061  
20.3066  21.0734  
20.6831  10.3156  
34.6601  18.3169  
12.1854  22.9995  
20.4647  9.01717  
21.5552  20.7166  
11.1408  10.5973  
19.1165  12.5528  
7.99402  9.39393  
8.7432  14.0462  
8.2359  20.5133  
21.2043  8.94853  
21.5843  14.8705  
20.7744  11.9434  
13.5627  16.1052  
10.0008  22.5316  
21.7152  9.63843  
15.8161  9.83549  
16.6532  14.1017  
17.2298  17.342  
16.1567  24.2481  
15.6349  16.9036  
18.8142  23.7847  
22.6517  14.0614  
14.3377  18.0089  
21.161  13.1253  
26.5325  13.0639  
15.9154  18.5908  
15.4985  7.02876  
9.28001  17.6172  
12.0392  24.2569  
14.9664  18.2199  
14.974  20.1714  
17.5463  26.2863  
21.6298  14.8804  
6.621  9.63208  
20.9662  14.4119  
28.4458  11.7023  
11.3445  20.9919  
23.7284  16.9863  
13.4597  21.5627  
20.328  9.92435  
17.3097  26.8375  
11.3513  19.4449  
12.5537  16.5562  
15.8308  11.8633  
42.6079  17.8771  
16.7442  17.5116  
23.7651  24.2967  
23.445  14.9709  
18.8601  9.67132  
10.5507  26.165  
9.67666  21.5332  
10.4059  7.34413  
21.0392  17.9897  
12.8768  15.6776  
13.0462  22.8576  
11.5542  30.7378  
15.1932  19.5268  
14.6074  19.5423  
18.4573  18.638  
18.1863  9.91347  
29.728  10.1947  
13.5949  23.8443  
21.8596  19.2377  
15.891  16.3967  
15.9988  39.003  
14.6237  23.0316  
24.6888  17.389  
7.93582  10.1893  
10.3442  12.0144  
9.37726  20.253  
14.3129  17.046  
17.2718  8.21548  
14.6785  12.7656  
12.0189  35.1977  
12.8721  15.7999  
25.8703  16.2899  
19.8702  20.6438  
11.9947  12.9111  
12.3684  11.3376  
14.5986  22.1261  
11.0482  19.2931  
11.4599  15.063  
20.1017  19.2084  
13.5979  10.1123  
15.0741  17.4637  
22.1581  13.9678  
19.6131  13.0499  
9.68682  13.0693  
18.4454  9.10919  
10.9515  5.08745  
14.1049  12.5521  
13.999  14.2762  
9.54139  20.103  
17.0266  20.4957  
15.0651  21.1994  
21.6636  26.2367  
29.2172  19.3907  
21.2588  20.5457  
23.6978  19.9505  
11.9121  11.5712  
7.94145  8.90145  
21.916  11.1447  
5.89392  19.2245  
13.1777  19.5828  
12.0753  14.7935  
10.0933  13.5473  
23.665  14.9283  
20.1161  21.5565  
23.2772  27.3395  
13.3755  14.3156  
9.46749  6.50351  
20.4421  11.0282  
17.9666  21.3814  
20.2228  23.2917  
17.8226  9.82305  
20.1735  21.045  
15.7987  29.2051  
11.8216  21.7659  
4.2371  16.2216  
17.8567  24.3752  
9.76834  20.24  
16.1388  8.41  
5.77314  17.7243  
9.27355  17.7223  
17.2574  26.0933  
17.881  20.0225  
16.5051  21.8382  
12.5472  14.1243  
16.858  15.1826  
16.9653  19.2466  
20.2307  14.4245  
15.1968  18.6911  
20.8983  19.609  
32.8364  29.5602  
13.807  14.0024  
14.0613  13.0158  
12.7163  13.4948  
13.8046  16.1672  
16.2694  14.9928  
17.8122  15.4556  
15.6741  23.0326  
13.1923  26.8337  
7.08705  14.5454  
5.74604  15.9284  
13.2924  7.74439  
8.25239  9.30254  
23.6536  13.2831  
8.54201  13.9842  
12.0765  18.546  
19.6322  17.2101  
15.318  11.9838  
23.0586  19.5457  
17.3883  17.4081  
20.1155  10.315  
20.5311  21.6015  
18.9004  15.674  
18.5969  9.16761  
12.1583  22.7834  
15.7114  10.1909  
16.4518  11.9458  
15.9247  15.2043  
19.7601  19.4232  
11.4379  13.3641  
24.4184  20.984  
22.7164  9.39818  
23.21  21.5497  
15.5818  14.8605  
7.91928  10.3061  
19.9144  18.9687  
15.6453  12.8075  
7.68491  20.6386  
22.5417  12.5148  
22.0426  14.4351  
17.31  13.807  
11.2932  10.1487  
14.8858  14.0642  
24.9757  13.2546  
17.2709  24.8505  
6.27725  22.2899  
17.7047  12.8126  
26.221  15.953  
28.5689  18.3081  
12.2908  20.6557  
7.61115  13.5543  
10.1923  12.9473  
27.0029  12.8219  
19.5038  15.3339  
10.9145  9.5678  
10.0235  23.4645  
23.6218  6.50303  
14.1365  22.6693  
12.3662  16.4693  
17.4324  14.1839  
11.5247  21.4279  
18.0653  15.0576  
20.9805  15.0789  
17.2517  15.7609  
11.0329  12.6619  
16.3205  16.9025  
25.9187  12.5681  
10.5561  19.1914  
15.9868  20.4431  
23.3848  15.3836  
12.1817  14.7511  
15.659  18.5354  
14.8472  12.96  
13.4853  28.1113  
17.9532  9.79805  
23.264  16.7014  
16.409  8.37722  
8.59047  8.85373  
13.1902  19.7878  
22.3511  25.1552  
18.5258  17.229  
14.7833  19.352  
12.3628  19.7124  
13.8675  33.8452  
14.6884  12.4445  
21.3102  26.5792  
21.8758  9.27417  
17.7723  18.3941  
18.3512  25.8821  
9.54851  32.7914  
13.624  17.1201  
16.6043  21.2101  
16.0047  29.1585  
20.7631  9.43297  
19.0392  26.7196  
12.2671  11.5814  
18.0141  21.7031  
9.64825  13.0288  
12.6228  21.1889  
21.0145  26.8324  
16.9615  18.9254  
11.5686  28.3878  
7.78378  14.2485  
18.3672  17.0561  
20.5644  29.1082  
17.202  17.3575  
12.6663  16.2306  
21.4393  15.0077  
15.593  14.9139  
7.98581  15.6154  
25.898  28.7746  
27.6666  21.7879  
16.6862  17.0647  
22.0798  19.1549  
11.9825  19.7128  
10.985  7.69672  
14.2955  21.016  
10.3103  21.896  
6.53425  19.0572  
23.8351  25.1483  
10.0108  17.5358  
7.5444  17.7317  
19.8934  12.037  
23.3877  19.9684  
9.58037  23.2121  
27.4765  22.6788  
17.74  16.6774  
18.6647  16.9722  
10.9819  11.2606  
31.4867  17.8304  
15.8653  16.751  
17.6221  12.4201  
15.7235  10.0979  
7.38054  16.8893  
20.054  24.2542  
18.0015  21.5453  
11.2814  15.2688  
18.816  12.9192  
11.8609  13.8065  
11.824  14.92  
11.6541  11.3955  
11.446  29.1235  
9.27061  9.37179  
10.2818  28.0597  
16.5473  18.0484  
8.44781  21.6591  
10.362  12.6624  
23.9014  20.1444  
24.1141  21.7373  
12.3501  17.2287  
26.5039  15.8008  
20.8577  30.5606  
18.7186  15.9232  
24.5417  10.1781  
14.9721  17.1685  
7.84794  7.68379  
16.9055  34.1926  
18.7358  15.6678  
25.5838  11.1073  
25.5287  14.7798  
27.0932  20.4236  
3.41853  5.36574  
7.93744  19.0411  
27.9852  22.6614  
12.9281  8.78646  
19.9416  16.0512  
16.2052  21.2692  
22.8638  10.4578  
12.044  15.6194  
12.7737  4.80644  
18.7836  13.2385  
12.117  11.5003  
14.1538  14.3143  
17.0464  25.7109  
19.2457  30.1182  
23.4754  11.449  
14.2103  16.2324  
15.5708  15.475  
17.251  5.33445  
18.1685  23.2402  
14.1752  9.6758  
9.3096  15.5044  
17.4501  23.7031  
17.3566  12.8993  
9.34331  21.9441  
14.0861  14.253  
30.6177  12.8637  
12.1297  18.1277  
21.3659  25.0974  
17.4631  20.5204  
23.9581  23.0365  
20.9543  18.0207  
18.9963  22.0707  
20.7579  21.6192  
15.3456  12.6438  
13.8491  24.3476  
31.8122  10.6509  
10.1956  7.27634  
13.6694  6.48498  
10.3412  8.16577  
8.13443  13.8298  
29.3171  12.1841  
10.4911  14.1365  
31.2739  15.2642  
20.6535  19.6621  
17.8923  18.6555  
16.9371  18.3704  
10.8246  20.6722  
12.6651  7.43823  
20.517  21.7451  
10.2402  16.7632  
10.0439  11.5845  
15.523  9.6188  
16.4113  15.1234  
14.4723  25.763  
18.2368  11.1152  
10.8875  11.6097  
19.1848  23.7886  
16.9165  17.9956  
20.5038  11.1738  
35.2053  26.8024  
12.6956  17.6634  
15.2922  23.0089  
18.2979  14.9798  
14.6742  12.8556  
16.4552  14.0013  
15.0613  27.7656  
5.53434  8.5184  
16.2336  14.3948  
42.7486  19.6513  
7.35597  27.6804  
15.8349  11.809  
13.8944  9.52466  
11.3313  14.4965  
15.6925  23.4728  
22.6711  19.8139  
9.90861  13.1428  
12.7505  26.5067  
16.2643  18.1823  
15.0169  15.4888  
16.0542  21.6666  
17.7664  12.1261  
10.5944  22.6113  
18.8506  14.8955  
19.8864  15.2385  
12.7028  27.8895  
12.2547  16.4762  
13.7015  7.49497  
7.80728  27.2438  
12.4935  26.4288  
17.1209  24.3307  
15.4486  20.068  
18.8066  12.3038  
13.9763  5.97462  
15.435  10.997  
22.6976  16.6034  
7.87333  20.6503  
12.5857  18.5735  
14.9908  17.497  
23.1977  22.8257  
22.8059  13.989  
12.5832  18.7429  
20.6042  11.1845  
18.8155  19.5995  
11.4612  11.3637  
14.5694  11.8681  
27.7564  13.1174  
11.2692  28.0179  
3.45915  18.8201  
19.3492  17.2143  
13.865  23.3831  
16.7226  8.69732  
15.978  12.6505  
29.7656  25.8098  
21.904  28.1552  
15.4901  11.3595  
17.1507  24.1331  
21.7367  5.90681  
11.3304  15.0115  
23.2745  15.9274  
18.8074  18.4218  
11.3568  22.2478  
14.1993  11.9725  
23.4057  15.9215  
26.7157  8.33083  
14.7946  23.2805  
15.8648  14.897  
21.9768  23.8246  
20.1807  23.93  
25.7764  19.215  
18.3274  14.1471  
13.4653  14.1734  
24.5557  10.2037  
18.4139  10.7405  
14.4814  10.9575  
21.3654  8.8806  
11.4455  15.6252  
6.26738  26.1308  
17.1738  6.33414  
12.3154  19.1416  
10.4473  13.0681  
31.1545  21.688  
10.0943  11.0677  
9.06812  22.663  
20.0936  14.6944  
11.8145  20.9691  
12.4724  21.1119  
19.3449  24.7419  
18.3951  16.2686  
19.4946  25.2189  
6.41485  9.95287  
21.4705  18.6009  
13.3721  20.7544  
21.0136  9.23066  
28.0781  16.0597  
20.1647  10.6077  
15.8646  15.3387  
11.0552  32.9095  
10.8252  13.643  
15.5048  22.2637  
11.742  17.946  
11.59  10.9658  
10.7069  8.30081  
16.8603  11.6394  
21.103  12.0156  
15.5558  12.7265  
20.3952  13.6455  
20.3112  22.4018  
22.7886  14.4769  
13.6427  19.4741  
19.2721  7.03586  
7.24896  14.8144  
23.586  10.5705  
18.853  7.11127  
10.2951  20.2183  
9.422  18.2638  
16.4329  6.94822  
7.1037  18.3594  
12.3389  26.3824  
17.7379  15.103  
6.49678  12.0433  
17.026  9.91963  
11.6355  18.3875  
30.8495  27.7563  
16.6456  3.1446  
7.35055  12.0027  
30.1631  15.5057  
11.2777  17.6815  
9.14167  13.5691  
13.9296  18.9055  
7.00366  13.5307  
23.1186  15.4928  
13.3612  12.7035  
19.5254  13.5577  
12.5329  18.4556  
13.9828  18.5688  
25.9305  12.2486  
18.5153  26.9853  
29.2878  19.8716  
9.87156  14.0893  
15.534  10.6866  
11.2051  17.1036  
14.3019  13.0976  
8.5584  26.3586  
17.8375  17.587  
26.85  19.7684  
21.8177  7.76397  
10.4095  17.0442  
12.9271  14.8791  
16.2011  12.4642  
10.5097  23.2838  
7.16206  10.663  
14.6706  11.9865  
18.453  21.1823  
5.09763  9.96952  
20.9259  10.4105  
21.5703  21.1964  
14.6759  16.7521  
16.2461  12.422  
5.35427  11.8215  
15.2424  10.9049  
16.8212  7.16581  
9.16668  10.5143  
7.44012  11.2211  
4.55932  9.07928  
15.8705  13.873  
21.0671  12.3117  
20.4312  6.9406  
15.7501  10.529  
18.6523  18.3792  
16.6676  9.79381  
11.1365  23.6958  
14.6713  12.8076  
16.2496  11.2502  
14.2295  19.9559  
24.4639  24.2587  
15.9459  22.3989  
19.0796  8.3327  
12.4546  11.8649  
13.7926  26.5672  
7.81514  25.5326  
16.5652  19.3596  
12.1147  15.0596  
20.6439  12.866  
7.03112  24.1639  
16.3622  26.6078  
12.4619  13.0024  
8.93192  19.532  
16.2169  11.1369  
12.8971  16.2362  
23.3337  6.76831  
17.3848  16.7145  
10.6662  19.8237  
19.8562  13.6116  
24.4443  16.9379  
16.4464  13.8962  
25.2438  18.1501  
17.3209  9.68571  
14.8535  16.4437  
19.3787  13.413  
6.69404  23.312  
14.4024  19.169  
30.022  24.5942  
18.66  13.9326  
18.4051  12.9841  
9.56872  21.2474  
16.216  7.14624  
28.6412  11.5144  
28.8227  14.6581  
