0.426634  1.52917  
0.66981  2.733  
0.477785  3.20726  
0.73389  2.87594  
0.0358402  2.40735  
0.763888  0.626523  
0.928764  1.47757  
0.620228  0.962204  
0.854371  2.76991  
0.683977  1.08907  
0.406494  1.23718  
0.0690664  2.61114  
0.833989  3.01357  
0.278296  0.562709  
0.0872688  4.09876  
0.460202  1.74059  
0.0890683  3.04569  
0.109618  4.92297  
0.998683  0.203771  
0.198633  3.64776  
0.521722  3.2487  
0.478475  3.2489  
0.900699  0.095159  
0.672631  1.51195  
0.293039  2.25045  
0.732625  0.865574  
0.661604  3.95396  
0.587348  0.800026  
0.264828  0.49079  
0.628007  1.02626  
0.792117  1.34377  
0.207978  1.67773  
0.458511  4.04872  
0.647791  2.07427  
0.816298  0.396432  
0.242517  1.64771  
0.39214  2.79142  
0.142523  4.74997  
0.933716  3.11235  
0.838508  1.19405  
0.0270012  2.63723  
0.429585  0.374461  
0.843892  2.60439  
0.47896  0.822442  
0.575572  2.44945  
0.200709  2.0189  
0.854266  0.959169  
0.0324123  3.05925  
0.336207  2.20516  
0.470009  2.57816  
0.602738  0.256633  
0.893583  1.79014  
0.107274  2.47693  
0.00648743  2.02679  
0.158845  1.10633  
0.930753  3.21554  
0.157082  3.9679  
0.734893  0.599677  
0.69919  1.23967  
0.778627  0.39886  
0.412232  3.67705  
0.79141  2.20225  
0.822434  3.45748  
0.736596  3.30029  
0.986234  2.06046  
0.0151846  1.9092  
0.0268598  5.37368  
0.284146  2.16976  
0.418383  2.66142  
0.44973  2.87493  
0.663149  2.46315  
0.249203  1.27662  
0.276852  3.35681  
0.223787  4.68998  
0.258545  4.61401  
0.00634402  5.43613  
0.339855  3.31651  
0.893685  1.36916  
0.635194  3.64007  
0.409607  3.59555  
0.380508  3.81949  
0.173332  4.87161  
0.695005  3.41894  
0.991158  2.05896  
0.908263  2.41755  
0.902262  0.154875  
0.785979  1.34632  
0.441035  2.72125  
0.694554  2.47085  
0.250301  2.06603  
0.252936  3.4062  
0.14322  3.91571  
0.0261974  1.21192  
0.777024  0.665551  
0.840483  2.54661  
0.374184  2.84917  
0.537438  2.46339  
0.348798  2.82649  
0.218572  2.05699  
0.279715  1.98867  
0.337643  3.86027  
0.845787  2.93453  
0.255627  2.64292  
0.571613  3.23944  
0.534213  2.74472  
0.678461  0.445527  
0.491504  2.89868  
0.184574  4.51158  
0.812049  1.58389  
0.753201  0.50053  
0.128375  3.73289  
0.469298  4.25186  
0.560016  2.67897  
0.534591  0.648772  
0.304605  0.740653  
0.68649  2.21896  
0.448603  2.98208  
0.153305  4.69145  
0.0850281  2.51789  
0.339848  4.43142  
0.679026  1.39818  
0.89319  3.45937  
0.783796  3.7931  
0.586854  2.97302  
0.377457  0.540356  
0.389323  2.39147  
0.304628  1.14311  
0.858924  2.60083  
0.229242  4.79223  
0.434425  2.35895  
0.12946  3.22143  
0.680629  2.24563  
0.764957  3.23409  
0.0807391  2.4237  
0.201104  4.09567  
0.382121  1.45476  
0.147004  2.29498  
0.79849  2.75227  
0.196312  1.26668  
0.327944  1.21547  
0.726348  0.472788  
0.644742  0.208807  
0.277772  2.98098  
0.563302  3.56314  
0.105165  1.09123  
0.727597  2.90259  
0.496807  4.16312  
0.615356  1.98651  
0.56851  2.02789  
0.502205  4.22153  
0.445365  4.16554  
0.284391  2.47322  
0.505963  3.04252  
0.74406  0.907764  
0.502772  3.08255  
0.0849096  2.88515  
0.808124  3.1241  
0.26835  2.7306  
0.947513  3.56274  
0.071833  3.46426  
0.431522  3.6574  
0.00135918  4.53773  
0.797654  2.97167  
0.605316  0.739558  
0.553875  3.09752  
0.33088  2.35639  
0.879912  0.527799  
0.95217  1.04214  
0.913584  2.39139  
0.287096  2.49114  
0.862852  3.5003  
0.478345  1.34268  
0.46322  1.21567  
0.210181  3.47845  
0.201242  3.44096  
0.0689163  3.53554  
0.814709  2.50257  
0.177773  1.31825  
0.676649  2.2238  
0.822788  1.05362  
0.0592222  3.18136  
0.239096  2.30229  
0.376786  4.3404  
0.75172  3.63659  
0.633597  1.49816  
0.290417  2.17002  
0.590881  2.88092  
0.641493  3.2687  
0.991838  2.45647  
0.65429  0.967458  
0.978223  1.43396  
0.407946  3.5194  
0.07462  3.7999  
0.374469  0.397299  
0.338223  2.91136  
0.385296  1.07292  
0.0696672  3.04475  
0.85684  0.0906519  
0.327196  1.46183  
0.493835  0.668957  
