16.4694  8.2612  10.4118  
42.2732  18.1959  30.6146  
44.7352  20.4509  30.2001  
26.0701  8.9043  24.6327  
12.8566  32.0125  17.6253  
21.4106  25.9947  4.36607  
19.6428  20.6013  19.9377  
14.162  6.42885  29.5708  
6.4154  35.0235  31.6546  
18.347  56.9464  20.8261  
13.6111  32.4917  27.5524  
7.83555  3.5496  27.1303  
35.1872  6.95953  25.9899  
54.8841  10.5091  21.6405  
10.9909  27.071  16.0095  
20.627  21.7298  31.2145  
23.7095  25.2021  10.2998  
34.5863  21.939  20.9947  
5.83594  19.6036  19.966  
16.9603  3.81073  10.619  
7.53195  7.83076  25.1582  
29.5151  13.3966  6.34806  
7.44769  18.6693  5.49682  
11.8265  3.24329  12.5433  
19.5963  13.5242  4.24737  
12.9018  17.6591  10.5689  
6.02216  11.7403  25.8609  
12.3245  14.8664  15.5074  
11.5881  22.5531  5.25604  
6.72844  6.75703  20.2098  
11.9085  16.5501  23.6613  
27.4718  11.6396  13.1379  
11.1433  11.1293  22.1768  
42.0261  37.7264  29.8509  
13.0728  12.6549  6.93529  
33.9754  12.6749  17.61  
35.2768  27.8846  35.606  
16.1664  28.3271  13.8271  
32.976  66.6526  44.6449  
9.12491  17.2201  3.77255  
18.6973  5.32076  10.5741  
17.1507  5.81639  22.1198  
27.6141  17.0239  33.9486  
40.8663  5.97219  4.647  
14.466  15.2104  11.3146  
11.4277  20.4461  10.0462  
8.27252  5.27224  9.83597  
14.9571  13.9505  9.87043  
9.63014  18.29  21.301  
34.639  48.5543  27.8107  
18.5033  29.5772  13.9987  
36.1884  10.0216  27.7473  
12.1888  14.5153  24.0508  
20.2194  10.1457  10.5512  
58.1056  14.4064  29.0845  
30.4879  8.80218  4.7761  
8.4164  16.4193  21.6115  
15.6358  11.1923  26.0874  
13.855  22.4658  8.54425  
53.1766  27.2779  16.5111  
3.83667  15.6065  9.60454  
23.1918  27.1426  30.021  
15.2923  23.1353  8.00276  
7.5337  18.1952  9.57667  
34.4636  23.287  16.4874  
21.1717  29.2811  5.91278  
9.9425  15.0792  39.3255  
18.2782  16.8545  6.95648  
39.2035  52.5045  3.46968  
22.1258  5.22766  52.4695  
3.93086  8.87064  18.2641  
15.7643  6.14877  13.2886  
9.85634  18.3725  19.2794  
13.1179  3.62808  12.7403  
9.30232  16.6763  14.1548  
6.18067  30.6081  15.6626  
22.1  30.5039  22.5619  
12.0916  14.6146  9.08851  
3.71617  17.1709  12.7743  
23.8436  22.5363  3.36556  
29.5474  67.4022  11.734  
2.78158  29.0902  15.6077  
19.2222  11.4699  9.70216  
45.9986  29.587  20.6131  
6.96392  11.9464  26.5948  
9.88352  20.7373  16.3327  
19.4762  10.7427  12.4537  
13.4669  21.1389  12.362  
37.8864  26.4197  14.3928  
48.2876  2.92744  39.8113  
29.6344  9.78126  15.693  
15.1517  14.2952  20.0191  
28.1451  5.5883  6.62593  
37.6925  35.743  18.3727  
14.9444  13.2477  2.82931  
26.4304  8.77142  52.0476  
8.53204  22.0842  30.0532  
44.5244  42.8924  45.942  
1.87745  14.1023  6.02368  
43.8116  4.07885  37.7319  
31.0033  4.0483  18.3989  
4.5806  8.96348  22.2791  
17.8919  5.26319  5.48027  
21.3312  4.91576  9.46708  
21.2961  20.2483  9.75203  
12.7023  28.6479  11.7326  
24.8245  31.8812  12.2873  
18.0691  10.776  16.9551  
10.6075  11.8383  10.7868  
14.8356  6.52703  5.28198  
8.77216  10.5117  17.0638  
23.5997  12.0998  6.8007  
41.0916  3.6678  22.0407  
38.4916  75.3399  10.6706  
18.5497  42.6757  8.31181  
27.266  15.4577  16.1946  
24.2103  5.81774  24.1848  
21.8357  14.497  21.8782  
42.2048  27.1951  25.4979  
6.74552  8.8608  27.8603  
31.3231  23.2448  5.03133  
7.92316  6.72255  4.71511  
19.5694  5.19074  20.5397  
12.9143  8.2738  25.1071  
3.07922  21.8227  6.25774  
19.0326  6.60283  16.9011  
7.28578  17.5265  13.7397  
8.60551  9.71488  30.6618  
11.4766  24.6987  10.9116  
7.53077  32.5355  17.9662  
8.41842  37.3219  35.0883  
3.16447  9.03586  11.7779  
10.1284  29.4239  27.6459  
36.1786  13.9222  19.4744  
35.2829  7.37047  43.7326  
29.464  4.60809  8.82629  
6.66324  7.91855  3.28031  
8.36145  5.90533  10.0234  
33.3009  4.56201  24.2906  
17.8319  26.8001  27.5213  
8.24206  10.9979  16.7785  
13.6455  19.0264  9.40201  
8.85862  17.8786  44.6073  
8.66972  7.32051  12.0533  
41.7608  3.08502  26.6923  
10.7977  29.5935  12.2477  
24.565  14.1846  31.1868  
14.2757  37.8892  30.1902  
35.2117  55.572  42.3235  
3.18168  43.5805  12.4704  
16.9273  7.01382  21.142  
14.7136  14.3525  12.4414  
24.4282  86.5436  15.8685  
31.6268  17.1164  26.7796  
6.20139  11.7332  16.9711  
15.5979  0.877581  3.52128  
9.51917  26.0163  12.99  
23.0569  2.17911  22.9423  
10.3951  21.5909  21.3964  
16.3627  28.268  23.9055  
27.1577  30.1034  11.2104  
6.85234  26.3725  23.9607  
10.2461  4.96831  12.2575  
27.7402  9.18677  12.5938  
23.4709  30.6683  39.864  
29.3563  54.8148  14.7132  
31.8131  16.0527  9.89621  
14.1374  4.96193  12.8019  
14.4314  9.17186  21.0778  
20.6982  3.15601  9.69964  
16.6569  8.88137  9.30529  
19.7893  9.79862  26.6622  
27.799  34.3766  35.3365  
3.37223  23.3864  25.8218  
15.7466  7.09017  15.8252  
20.5691  25.4904  5.39659  
17.1856  37.2494  13.676  
11.6406  3.97465  13.9392  
40.081  43.5471  35.5209  
27.1308  21.7731  34.6266  
9.78617  32.2049  12.9982  
17.5541  38.2613  15.2375  
37.2592  61.8472  18.846  
21.3127  23.1292  20.483  
41.8679  5.9422  3.87563  
5.38832  6.83366  4.16326  
13.596  8.76302  14.6913  
27.4582  3.9642  39.1021  
5.46384  42.3907  18.323  
11.5447  2.93923  22.9178  
29.6845  4.85867  38.9045  
22.0652  25.6728  21.8811  
10.5684  22.6555  13.418  
11.8872  12.5478  21.8764  
10.0494  60.6015  32.2979  
12.7947  8.27859  7.48386  
14.7459  5.71034  20.9439  
12.6049  17.9569  14.8025  
10.0378  17.8207  21.8717  
25.5473  19.6137  13.9872  
15.714  29.2394  14.4965  
49.7655  3.16717  10.4553  
20.4003  5.62001  6.97964  
22.4095  37.7956  27.8777  
8.73865  16.651  11.527  
6.70263  25.0778  15.9043  
14.7332  32.6453  20.9405  
20.482  12.8428  16.1704  
21.2902  7.5621  11.8318  
7.46693  1.64717  12.1736  
13.5659  8.88628  11.7007  
24.2994  12.0349  13.8458  
52.8127  5.06127  3.7948  
13.1471  11.3564  6.47392  
13.4693  8.93134  8.27824  
19.6018  16.2504  41.2073  
49.6506  27.3609  19.8902  
16.5924  7.38587  7.65074  
12.833  11.5191  30.2409  
25.9617  10.1231  14.7058  
13.2972  21.1458  8.42972  
5.28485  6.93962  6.79938  
19.3033  21.8272  14.132  
11.3564  12.9077  13.2332  
14.2093  41.7621  25.7573  
14.1467  16.1329  33.4459  
10.474  29.6338  22.224  
30.5332  7.94207  18.8423  
3.4682  10.0826  9.17022  
15.2142  5.45319  12.5406  
31.4698  0.869112  14.4659  
16.0013  18.186  18.0904  
23.6578  4.92102  10.1606  
7.97672  26.3546  4.82983  
11.9953  26.0616  8.43449  
6.34304  18.085  10.5366  
18.6109  19.6203  13.9931  
41.2245  57.781  30.2284  
23.6704  24.462  16.8484  
27.4774  3.62681  26.8362  
3.19436  9.2956  4.29935  
17.8429  41.5048  13.2592  
25.5101  12.4156  3.67195  
47.3714  25.74  20.6119  
27.5292  18.7941  13.8426  
4.03237  3.77465  22.7772  
6.22085  19.368  15.4717  
22.2042  15.8565  13.7106  
37.5635  39.2516  17.2001  
23.2182  8.62407  16.9672  
46.4928  8.57784  25.7335  
10.7976  7.38436  18.8847  
23.7412  3.10197  15.8428  
5.24767  8.55766  18.9218  
2.12967  14.5773  19.8786  
12.6261  27.5293  17.6792  
9.00418  22.2002  15.1413  
15.8274  9.25382  26.5399  
48.2719  40.0785  40.2007  
5.94579  31.1198  7.95908  
24.8043  12.8565  8.41616  
9.89944  19.3022  10.7447  
29.2625  31.4204  39.0649  
38.178  2.96543  18.7782  
20.0968  13.1521  7.45843  
12.2329  12.8659  12.0892  
15.7335  15.4034  11.3836  
35.9869  27.9909  24.9538  
20.5775  35.5553  27.9192  
25.9701  21.5348  14.9081  
27.5207  9.59427  18.4272  
35.367  12.1243  51.5171  
44.6787  31.8842  12.0766  
7.69527  16.4328  11.6155  
28.7331  22.219  9.73255  
13.9639  10.3717  17.6219  
11.2234  11.3437  20.089  
4.17344  5.58115  15.0311  
6.68354  14.0405  9.97304  
3.79268  30.8737  30.8961  
14.4229  23.7238  14.1572  
13.5272  8.60483  8.52802  
64.3789  2.47857  26.6086  
18.2369  26.9413  6.78464  
10.5932  32.4873  10.3901  
11.6829  5.97166  10.7009  
27.1238  2.99498  3.60607  
26.3829  60.0238  45.0336  
28.2802  22.4915  4.27753  
13.4306  16.8472  16.4269  
6.8261  27.4972  15.2319  
13.0998  26.9038  56.7117  
4.34091  7.66066  13.2554  
38.9398  3.07317  31.4697  
14.0583  8.57889  15.3252  
25.3107  3.90021  53.0318  
50.31  3.14779  36.4688  
30.077  13.7982  16.4915  
7.02264  53.0013  8.4769  
10.8204  23.6544  36.93  
34.8983  13.4462  43.9736  
13.6778  21.0994  14.3842  
16.3998  10.5578  27.4999  
23.4561  4.62426  12.0145  
5.10489  18.7726  63.0489  
15.9949  8.80947  11.938  
5.45453  8.36646  7.16358  
29.2196  45.3409  33.9671  
41.9899  5.56839  17.5222  
7.85484  2.92055  23.4639  
21.3804  66.1445  5.7147  
11.662  7.72206  10.02  
13.6014  19.1582  33.9707  
31.5617  12.7061  52.6543  
12.29  15.0153  6.27318  
21.6126  6.15895  20.861  
7.81237  32.2097  25.442  
11.7777  10.8933  17.3776  
5.38294  26.3381  9.24285  
6.23226  32.3766  35.1131  
15.7797  16.4408  26.0749  
11.9252  8.2451  13.6422  
61.5371  14.8939  39.4079  
44.317  60.1368  13.7081  
11.0032  11.9494  9.70662  
30.7343  27.2923  25.7595  
11.3382  4.4091  2.41615  
16.0379  3.77747  30.1236  
25.8252  43.344  20.9595  
24.4839  7.44515  20.7098  
29.1186  12.4431  13.8378  
15.2517  27.5406  26.7242  
35.6347  46.2147  24.4874  
8.94781  21.0615  13.9017  
6.78762  11.0232  20.1491  
23.2584  5.93907  28.389  
18.2951  27.1036  17.5968  
21.1865  16.4985  6.96478  
12.1779  21.0826  15.4583  
33.6539  29.2139  40.099  
13.4934  5.15863  15.0336  
10.4787  18.9444  12.0915  
13.4395  20.0133  16.366  
23.8752  9.64451  27.5013  
15.3859  7.8069  10.7255  
14.4429  45.9754  12.3791  
14.497  11.7692  11.2912  
5.14439  7.68622  24.5099  
4.22735  18.3811  3.57378  
12.5063  16.894  2.52343  
15.1623  12.1013  9.05457  
17.928  27.6663  16.5378  
15.6234  56.9232  6.18769  
6.85849  11.588  18.2834  
18.5388  25.9881  24.3737  
61.267  3.864  12.5333  
41.0214  11.8062  62.795  
17.6318  33.9808  14.9068  
10.4908  29.7028  35.1916  
23.699  12.0305  27.3999  
6.98984  2.83063  14.4585  
36.3226  2.68227  28.3782  
33.4313  12.7232  13.9393  
47.6217  27.4946  32.7814  
13.1617  14.6486  13.3557  
39.2385  30.1849  66.5219  
9.29882  9.27505  14.8608  
27.7835  8.19428  21.719  
6.154  21.7787  17.5821  
24.4478  3.62047  4.67061  
4.15567  10.1906  11.4167  
8.98615  16.9566  6.92646  
17.7129  15.8415  14.6223  
12.8102  5.1735  4.34404  
8.01453  33.3742  14.5794  
13.1331  41.7597  4.90168  
13.3035  62.4405  67.8298  
17.8872  7.99608  16.9602  
5.76815  6.36045  26.1581  
10.9348  8.15027  11.0504  
29.4269  15.11  6.96282  
11.0279  16.0657  19.1867  
11.852  4.4781  17.9764  
20.9716  8.5472  31.0639  
15.9214  20.1785  20.9801  
7.85539  18.4983  17.0351  
17.0837  8.05414  16.481  
20.9179  4.42341  13.0443  
6.78911  25.9222  8.75787  
22.7574  16.4494  32.468  
3.02322  13.1018  21.6848  
16.1645  9.28205  18.9529  
26.3165  21.6346  12.9316  
4.72651  13.9505  8.96619  
5.68214  4.05919  16.613  
12.0217  14.3616  11.4324  
32.5193  25.8956  5.42042  
9.67328  28.8593  6.42266  
14.4447  11.4927  14.4479  
15.2364  25.1756  7.88196  
12.1918  8.70184  24.7295  
20.8723  14.7995  7.36359  
36.5181  50.236  22.6292  
2.49958  5.4401  33.6592  
5.19187  25.1922  13.8406  
26.2551  3.33567  30.1029  
18.3799  56.9308  51.7313  
30.7398  34.1545  32.9961  
12.5432  33.1638  3.84379  
41.7257  39.9761  40.1798  
28.5027  17.9437  28.879  
7.32218  32.1898  16.7527  
14.5035  7.62322  4.5575  
24.3386  11.3259  50.0006  
10.074  8.11148  2.50944  
10.2503  5.56786  26.5517  
6.69487  54.8325  31.7976  
23.1672  1.15362  32.7616  
29.253  40.918  15.7097  
28.6021  29.6701  34.0745  
7.18454  9.42377  20.6231  
19.7557  10.1066  11.3081  
7.99168  18.7125  18.9252  
41.5728  31.6647  20.0787  
31.335  24.6676  10.8921  
12.1773  19.7562  10.7952  
20.3547  9.60284  10.2155  
2.63609  7.96413  36.1446  
11.2167  63.5387  9.76317  
29.7223  13.9632  1.85792  
15.9507  37.9912  18.692  
39.3296  13.5903  5.27081  
15.8749  31.5818  17.4635  
15.2087  19.8641  28.0918  
21.5956  9.27911  31.3869  
32.117  28.8014  11.5517  
7.17956  20.0776  17.1067  
8.82286  3.81369  16.4668  
25.9652  51.0505  19.4903  
13.5456  8.19734  6.33995  
13.9872  4.08768  21.2825  
25.6462  8.95866  10.5697  
43.9736  11.3562  50.9066  
29.507  11.9491  9.56446  
16.8372  14.0779  20.0708  
9.24476  13.5784  21.5298  
20.9908  9.59624  4.40097  
38.3228  11.9326  46.187  
9.34404  12.4597  5.46382  
13.2772  23.8558  18.6791  
11.2184  29.5342  31.6074  
14.2981  9.58674  12.1737  
30.2106  6.74655  8.98972  
12.1172  13.9981  41.3432  
11.5109  3.58519  11.2835  
16.1631  2.60286  26.4341  
51.5391  19.9293  25.3531  
20.6832  5.50339  14.9608  
8.56097  10.2018  26.8666  
31.7918  11.3219  30.1225  
18.5251  9.41441  12.9045  
25.8021  17.8976  12.8758  
22.8728  26.6047  11.1277  
20.4136  3.34656  12.8334  
9.47989  10.9492  24.7664  
22.35  27.8535  21.7341  
17.9547  10.1524  11.6077  
23.9817  15.5575  16.5471  
25.2412  28.1172  13.9016  
8.59608  12.9876  7.89809  
14.3496  17.1892  6.08004  
28.1845  4.64067  11.2464  
25.5191  17.0052  30.3206  
16.0972  37.0264  25.8681  
8.67064  42.8691  10.4124  
12.8891  8.02538  16.9488  
16.7706  32.8915  8.02932  
15.4615  21.3181  14.8704  
35.4064  10.0981  10.1875  
40.3489  8.89073  10.469  
25.4987  78.3597  21.4291  
25.7178  25.2141  14.9446  
23.403  26.2344  5.52609  
19.9729  9.81915  8.98567  
33.0441  27.1775  35.6578  
10.6425  9.51346  11.3246  
3.95183  13.5679  25.0224  
10.9966  32.402  3.38468  
13.6666  9.35623  19.7842  
16.3238  14.6297  9.81108  
21.1253  22.5082  29.9639  
22.7618  4.77098  18.6124  
14.3842  12.8267  11.6406  
21.6731  9.41027  25.8393  
36.766  17.8399  18.768  
8.29543  7.70479  16.1917  
12.67  17.6578  8.48629  
14.4195  22.5157  10.8463  
7.91337  23.0601  35.6155  
21.3629  23.4206  7.56593  
12.1736  9.72552  3.74417  
9.44004  13.001  3.54361  
11.6207  21.3997  11.3224  
11.7944  1.72595  19.327  
26.9564  33.0257  6.17134  
21.375  20.3127  41.8374  
9.62383  26.8367  20.7318  
7.58512  12.1242  13.3289  
43.7287  42.3297  6.78512  
4.66933  15.4709  36.3197  
10.6941  16.4897  7.38043  
35.5478  4.79943  12.3258  
18.9837  35.6783  24.0425  
14.7403  27.9901  12.8849  
36.675  5.78876  28.6369  
10.2508  14.1983  20.3461  
13.3781  7.61454  31.0737  
18.5697  5.50163  7.97833  
35.2664  21.449  13.2142  
6.26359  40.4203  9.78436  
10.3209  22.8922  5.53697  
7.15031  32.6702  7.78164  
33.7754  12.1572  11.0695  
13.3553  0.635469  5.15433  
11.0094  22.2751  20.5438  
23.4763  11.5645  17.9779  
14.3653  12.6961  13.1159  
7.88191  4.13572  16.2565  
16.407  0.945178  24.7905  
16.7807  26.542  8.05049  
10.7417  44.1517  13.1764  
37.305  23.3594  15.276  
4.8176  25.846  24.6816  
21.5426  36.608  47.0829  
6.70746  23.6777  16.9466  
17.8392  8.23268  10.6829  
38.9367  30.7848  8.73364  
5.67494  38.9551  17.3487  
10.3999  13.6699  45.9141  
18.8553  32.3428  17.8309  
21.4237  41.075  6.55595  
23.265  6.48474  9.83948  
23.6715  25.1425  13.662  
22.1134  24.7712  11.3375  
8.642  1.80988  13.0593  
22.3369  50.0631  4.00232  
22.3155  19.5731  9.36354  
15.3327  2.29486  18.4974  
18.7246  44.8742  20.4498  
19.3664  7.84859  16.301  
21.5235  8.4304  7.38173  
3.75746  39.3463  12.1521  
18.0643  6.8732  17.8465  
16.2602  17.0622  37.0847  
52.5375  33.5802  27.3275  
30.5368  4.82515  26.987  
9.60914  23.9301  14.8749  
13.7881  6.79192  15.7507  
32.3969  7.37235  10.8145  
12.7703  16.807  8.25537  
18.4639  19.8646  3.00489  
16.5153  25.3312  13.0163  
13.8817  17.4907  6.37943  
35.0786  37.0629  7.19925  
28.7849  31.9665  22.0583  
15.0009  6.72725  12.1383  
28.8009  18.8485  21.8456  
23.611  7.14315  11.8376  
19.6287  9.61965  20.2847  
7.97553  22.5992  5.99851  
18.7051  7.09545  14.0386  
10.5038  5.49161  7.98107  
39.4771  38.8037  17.9212  
3.96898  22.3573  11.8445  
13.5232  3.30954  19.4506  
7.42933  23.8196  12.7799  
13.8096  17.9167  13.7686  
28.2774  23.8922  12.3073  
38.2582  2.96322  18.6059  
12.7883  10.9397  8.3897  
11.2625  34.1015  6.32057  
12.3391  7.61055  11.4165  
21.9103  52.5601  31.2134  
16.3579  42.7105  5.73255  
4.90998  25.5192  7.89614  
9.73431  17.8304  23.7797  
36.0444  50.7969  29.6298  
4.80541  17.6829  10.0507  
8.65511  2.86406  10.2703  
17.4468  15.1947  15.0303  
31.8052  18.9809  17.8241  
10.6144  26.0123  10.187  
37.8497  32.3153  32.8981  
38.1776  11.4312  4.79481  
5.96778  23.7466  9.89284  
12.3338  3.78972  7.33933  
15.3758  14.2959  8.61314  
10.4958  5.12961  10.6877  
20.0951  21.0119  13.2555  
11.1112  6.56775  3.02748  
19.8823  14.8719  4.8671  
44.393  6.80263  35.2525  
41.8113  7.83886  14.4565  
17.1442  27.5495  13.7616  
17.3398  3.95194  12.3814  
21.6094  30.9537  18.5334  
16.3954  15.995  3.86182  
12.7251  5.71287  7.67344  
9.67705  7.1039  22.6793  
10.0748  10.6829  7.76169  
24.1005  15.6701  22.4633  
12.2759  3.44786  6.88144  
28.8855  10.6842  12.7743  
13.7587  12.7535  11.7636  
30.6224  5.27774  18.4813  
15.993  36.8292  4.94027  
45.7798  62.0321  7.94303  
17.8675  52.3577  15.4626  
13.5447  27.2375  9.04551  
4.32043  21.9526  9.75359  
19.3408  8.76227  18.8397  
54.4288  14.9881  11.677  
17.4728  25.3091  13.7032  
6.2096  12.8526  9.03441  
24.917  26.4357  4.65976  
17.6199  29.1014  8.84155  
13.5762  17.3519  19.6045  
39.5851  67.2687  31.8136  
24.6884  33.5929  15.9038  
11.1175  5.20882  14.6337  
30.4263  3.08096  58.3451  
3.63675  14.5738  12.3348  
30.2099  18.8996  11.8272  
21.1056  8.47936  34.3936  
8.63124  6.33273  28.8764  
17.7574  29.3491  11.5864  
25.6347  9.80942  22.8313  
17.0668  11.2138  10.85  
13.7812  20.3083  15.267  
7.61093  26.8276  9.11281  
15.4442  18.5989  12.6609  
29.9497  18.9692  28.186  
11.7505  15.5344  22.5226  
11.0934  5.36738  16.0137  
24.7326  11.359  19.9219  
4.24708  16.3632  11.4397  
37.8517  20.6623  28.049  
10.7469  4.54141  28.751  
21.9679  10.8972  15.977  
7.57495  19.0775  19.7664  
12.3939  6.71106  16.6954  
16.7113  29.1504  18.1622  
9.89778  17.5985  6.69583  
20.8844  6.26302  28.6719  
14.5454  10.2625  22.7096  
14.9094  4.78296  29.5534  
27.0676  15.7007  6.539  
19.5652  4.25135  3.4582  
10.5479  10.0207  9.9252  
16.7626  5.2367  16.4317  
16.6818  2.44036  11.5996  
6.31358  58.9107  36.1248  
10.0229  21.0283  12.3034  
12.2753  12.0773  6.97591  
22.2743  62.0825  28.083  
8.65974  16.9936  25.5002  
24.1895  17.5493  23.3192  
30.6279  12.9402  3.86108  
10.5505  3.57675  25.6334  
15.3276  22.7636  23.9027  
10.8115  44.5346  26.8963  
22.1219  5.85571  6.35223  
11.271  12.528  6.151  
10.0684  2.00363  18.3719  
18.1145  13.9422  2.94162  
14.5805  21.8338  25.0393  
27.0419  11.7012  17.9674  
41.7531  8.38257  16.1505  
11.795  5.50737  44.3831  
7.67846  12.1174  23.1534  
28.4178  25.1382  23.9031  
44.1977  17.5729  39.7787  
6.24107  18.2835  31.5169  
10.3256  24.3013  37.9931  
10.3229  17.4597  11.6785  
31.0944  16.7087  15.5803  
10.4084  11.2636  13.3222  
29.7425  30.0945  8.73814  
14.5232  37.2961  6.72734  
21.9378  25.5296  12.191  
26.8591  50.7943  35.0741  
14.305  21.481  12.0284  
26.8148  3.51107  32.7147  
41.1285  33.3049  25.3506  
10.9097  25.5979  8.92953  
9.42537  17.422  20.3386  
15.1757  11.5168  4.3311  
7.28783  15.1023  7.88358  
4.9642  4.93577  34.9772  
7.18124  13.8518  10.3805  
34.1209  23.6617  40.3278  
12.0946  21.4669  19.4855  
17.6979  11.5708  16.3216  
35.4959  44.479  9.41386  
20.2141  4.2391  18.4247  
7.73463  12.1448  6.45458  
27.7368  64.8459  20.6006  
3.28508  17.1597  4.44113  
16.1878  52.1345  8.81097  
20.7762  6.55885  10.607  
26.2471  43.5552  29.1967  
24.0687  13.3247  8.79396  
28.5727  21.7857  16.1017  
15.5514  9.38038  11.0649  
17.1176  13.6642  21.2775  
15.255  11.9475  8.78901  
12.2181  28.0741  7.28142  
3.56034  22.411  23.7703  
44.5942  38.4417  18.4619  
20.4708  6.00602  13.2128  
10.3238  6.38365  18.0966  
16.2978  14.8451  23.6084  
13.3534  15.0787  16.302  
40.2559  13.1616  10.177  
15.8508  7.30752  5.70054  
7.45261  31.8944  5.12489  
12.6267  5.19898  20.8343  
25.1496  5.33964  20.44  
25.1908  29.4915  18.1003  
8.59571  41.2674  13.1136  
36.8038  49.4318  45.0227  
10.0977  7.82341  9.29846  
31.8208  63.8571  39.4977  
30.3752  38.2853  18.2298  
18.1188  38.1186  7.28244  
27.3939  39.3968  5.09867  
32.0607  18.2272  5.97604  
24.4008  8.02303  15.403  
12.2993  20.225  8.43617  
2.97196  22.8615  31.7013  
38.6323  13.2673  5.55538  
4.35751  32.4552  8.64283  
6.36571  40.6877  40.3065  
33.131  48.5342  24.1601  
21.0946  36.3108  3.60121  
4.89132  23.1662  24.0487  
19.8478  24.5517  13.2232  
20.4084  4.68276  18.2674  
14.1873  5.50774  17.3323  
16.9092  7.39528  18.3633  
14.4975  14.7565  32.6902  
12.0075  5.6988  9.14246  
19.8527  28.6634  29.6232  
4.30407  34.1697  12.9675  
8.80532  26.6991  16.3182  
39.1489  16.6924  15.3711  
18.2018  13.6486  17.611  
6.30443  4.52936  17.5871  
15.4691  17.2552  5.65267  
18.7117  11.044  19.2474  
11.7602  25.4378  10.1805  
10.6072  18.1293  20.8029  
7.69159  19.8626  23.4348  
25.3011  36.7054  12.7131  
22.6374  13.5773  6.92058  
64.0599  8.91287  25.1942  
30.2907  6.95713  10.1535  
22.5015  32.2796  22.6347  
9.41443  24.5117  13.4409  
17.7008  13.2921  5.97123  
7.67967  38.0954  30.1462  
14.5731  2.66123  15.3089  
13.7616  6.13485  16.7728  
21.8717  13.0293  4.06692  
24.4771  16.2444  42.7298  
6.23488  17.3104  4.46062  
5.05781  37.3364  4.86459  
10.7702  14.1175  20.5862  
12.7768  10.2393  9.02724  
11.8723  21.3649  24.2516  
11.9317  12.3165  29.2604  
18.204  14.7121  9.00847  
11.1886  5.05149  27.2676  
24.5127  13.4686  15.1441  
15.8443  22.4857  20.0782  
58.5386  20.1387  10.1282  
5.26231  4.42234  22.127  
9.28377  3.3775  26.6785  
25.9474  9.71881  7.71879  
8.30841  12.196  4.15365  
5.71827  12.5838  7.07738  
24.1663  15.1462  9.62164  
24.4138  51.7786  32.0795  
19.2064  13.0124  6.44226  
24.616  27.0438  40.7894  
13.402  26.8752  38.8232  
7.04484  15.7355  4.44935  
8.12607  32.5019  19.7754  
12.7094  28.0375  55.6611  
4.67073  6.51362  18.5028  
19.46  50.2719  33.4749  
43.8718  23.2071  25.9561  
35.759  55.9742  37.3768  
18.174  16.7376  16.7  
6.64617  43.4733  9.62373  
31.5215  6.87882  9.31138  
31.0496  2.46689  14.1787  
12.2824  15.2645  13.0883  
14.921  31.0568  13.6847  
10.1961  15.1384  16.2144  
27.4961  11.8118  28.0528  
39.167  17.4768  46.8485  
25.7858  19.6597  21.4574  
7.81521  9.68033  5.15434  
5.94037  7.59125  8.68586  
20.6105  4.75075  10.7851  
11.5699  28.0646  21.0149  
14.273  2.76096  25.2372  
10.3597  27.9687  20.2349  
12.952  18.4002  14.1359  
15.668  24.5509  20.303  
14.5651  7.75996  23.684  
3.99305  9.62436  14.9987  
22.8377  13.4303  17.7236  
5.94904  15.5433  14.1021  
11.2157  12.147  13.1469  
43.1155  16.13  29.259  
7.64091  3.82506  9.69671  
14.5142  23.2349  20.6504  
16.4878  32.392  9.27408  
30.4848  24.8681  16.5391  
25.96  65.7211  18.8269  
21.7774  11.1318  12.5238  
9.25705  34.221  11.343  
43.393  5.10729  20.5369  
12.4273  21.0565  6.18833  
16.9395  4.90385  22.246  
5.37019  4.97914  5.15675  
10.7144  3.72478  22.1183  
26.9072  49.4956  6.08946  
11.8046  9.96714  24.065  
7.87941  12.4635  25.8036  
11.1398  23.6112  26.7502  
17.4832  4.4772  56.2751  
9.74756  5.3416  3.40206  
8.3635  11.1445  25.2471  
5.8269  14.9943  15.7582  
15.0314  10.3832  52.5536  
24.1826  24.305  11.1621  
19.0884  56.3242  26.6284  
10.8566  6.42879  6.52358  
34.9399  8.4849  39.355  
20.2883  22.6274  7.26934  
17.1083  2.5124  28.8101  
12.1725  38.2433  13.8222  
9.50184  20.7057  8.01661  
15.1066  16.1004  18  
13.5276  21.9379  5.08282  
14.5937  23.8334  10.7223  
23.6184  7.8006  7.83934  
18.6048  4.92065  32.7018  
14.0117  5.11527  4.84753  
5.84811  14.6914  10.3329  
7.70408  14.2794  15.4305  
23.3357  16.9876  10.4085  
41.0272  44.8194  9.03435  
9.06257  23.8041  15.0433  
10.7407  8.17615  24.7225  
7.55342  11.7864  30.1177  
22.0668  16.3972  5.7724  
14.4384  16.6027  14.0364  
23.0313  26.5899  43.0089  
20.3855  26.6473  4.5676  
16.9325  8.44629  31.2338  
12.2097  17.457  34.4022  
41.004  35.4732  33.8153  
15.8007  20.1268  18.4564  
12.3172  44.5681  26.0804  
20.8174  14.7232  2.59106  
29.0107  21.6268  16.7733  
28.2691  15.752  12.77  
28.5127  4.07524  23.1627  
7.55771  2.70928  15.1683  
12.3254  23.4632  20.7498  
53.0123  19.748  9.10025  
9.41555  11.5765  3.95167  
3.4869  32.2467  39.0185  
16.7682  23.927  16.4116  
39.0597  11.5669  44.8041  
3.49294  14.5017  39.1946  
41.0496  15.5532  57.3519  
17.655  11.8003  2.58416  
55.1027  9.36001  23.9529  
8.58135  23.2901  20.599  
44.3275  7.44503  31.2766  
7.33854  7.94664  17.108  
25.9583  71.3372  28.068  
1.03695  34.4343  9.0691  
7.9282  19.2163  25.9644  
9.39392  9.37891  7.7178  
8.40115  14.0403  8.22174  
25.2428  19.0914  15.4207  
10.0412  42.4218  35.1821  
17.8084  27.1298  2.69369  
8.962  6.1858  21.4389  
11.3257  7.48703  13.696  
7.09315  27.9052  2.89339  
25.1273  32.4881  27.3329  
7.3538  35.1062  9.3446  
15.9205  16.3119  5.33704  
5.84306  59.9654  29.8286  
23.9288  6.20996  17.3248  
20.2137  38.3948  11.7467  
15.008  9.78075  11.2654  
4.22768  5.71107  15.4805  
14.1702  4.5128  23.1156  
13.932  22.8027  3.05434  
5.16087  2.80033  28.8265  
39.9762  11.2442  6.0374  
5.82166  13.9613  7.49999  
16.1073  14.9472  22.9177  
11.794  36.4026  11.1635  
0.969611  23.4544  62.9729  
12.9656  19.0357  27.2412  
8.95656  17.8933  7.83317  
18.4213  7.50968  9.54092  
37.4119  50.2988  25.5435  
32.5464  46.6191  18.3533  
22.3935  8.07944  20.762  
17.859  12.163  13.7988  
3.55962  31.4985  6.63369  
6.37381  5.61595  8.56014  
29.7174  11.8163  9.50331  
7.53181  17.6562  11.876  
21.8073  9.64323  25.8089  
28.1759  14.3764  20.3258  
21.0804  39.1506  6.4102  
29.0867  52.4956  3.55761  
17.5932  5.98337  10.8981  
10.7781  14.7746  1.49612  
4.87904  12.4151  6.26403  
62.3432  14.7777  37.5222  
14.1707  19.6452  9.02402  
15.3551  3.64556  18.4926  
35.9751  22.1729  28.0988  
14.8575  39.0493  17.1049  
27.2235  12.0675  11.2501  
23.9658  10.2098  14.3546  
8.9696  27.0111  15.1445  
25.0373  33.4153  16.7033  
8.64504  4.69688  14.9892  
10.0092  12.4253  28.0436  
15.0305  13.7886  8.37919  
29.8585  6.14705  4.70991  
15.7093  16.0487  18.3339  
16.5204  4.05977  30.6918  
32.5565  35.5683  12.3695  
23.2498  37.1443  6.90968  
11.804  7.50801  7.41771  
8.96374  5.73836  4.61767  
14.6447  28.9977  15.8629  
18.2681  26.0373  23.3953  
32.5526  24.1661  24.7713  
20.3561  18.2376  19.1232  
13.729  12.911  22.9767  
17.4305  11.2185  9.23282  
4.00624  5.3629  13.6422  
22.6589  26.4148  4.54106  
38.0535  30.6882  14.6848  
43.7546  36.2108  45.1467  
14.1659  11.3053  36.1436  
20.2357  8.73237  19.2006  
31.2876  3.59222  29.6786  
6.64431  17.9337  15.6719  
9.93947  15.7617  16.6162  
8.08001  14.6472  12.5006  
8.33455  17.5514  17.7152  
10.5104  25.6028  19.6963  
11.3622  6.74726  15.7942  
18.9086  31.9871  17.1652  
8.56693  52.0606  16.8908  
15.2862  3.90943  20.3241  
15.3595  5.30762  30.8806  
15.6422  24.894  3.07796  
21.0749  72.0171  28.4565  
20.8766  9.93401  25.4758  
22.5026  4.55033  11.866  
39.6781  6.89952  57.3311  
14.4195  2.37791  14.5986  
15.4464  3.77146  6.068  
14.0558  7.88818  15.1636  
6.19734  24.621  5.34738  
30.7007  6.47708  36.8145  
18.3092  17.669  11.6358  
17.9884  9.29113  6.09526  
6.32624  5.46952  26.7789  
4.83284  14.6962  41.8998  
30.6866  16.2777  16.4758  
29.7395  39.122  26.5571  
7.69819  78.9044  23.1552  
8.00129  8.48104  19.5146  
20.1971  5.70125  23.5492  
16.2187  12.8261  31.2839  
18.6215  6.12927  10.5193  
11.0898  18.6038  10.1215  
16.9803  28.5828  13.3939  
5.00879  29.4235  9.39317  
5.38734  4.27763  12.7689  
25.5376  6.59133  7.80493  
56.6904  14.9749  15.8378  
9.18068  57.029  72.5127  
9.37747  22.7321  13.4121  
10.2595  3.82123  6.22239  
13.4116  15.3102  31.8164  
47.2642  4.25706  59.9018  
5.7255  10.231  5.90268  
12.7158  33.4683  23.781  
49.3143  47.4719  17.9269  
55.2716  26.5392  39.734  
44.593  32.8129  22.7415  
12.0804  6.69302  16.7048  
11.9714  33.2834  4.06701  
5.31113  19.7374  12.6764  
7.11846  6.74856  17.1015  
12.2912  8.93714  16.6556  
29.3881  20.344  29.2761  
43.6407  4.32112  17.4142  
18.9452  15.8743  17.4854  
8.55577  8.82823  30.1018  
23.0672  5.68409  23.1872  
15.2093  10.8786  10.6856  
17.5801  13.277  16.6236  
38.0201  23.1754  27.7859  
20.4396  6.27329  22.846  
25.7685  5.62841  45.2344  
