0.162923  1.60915  
0.156159  4.50397  
0.717014  3.31309  
0.61003  0.734982  
0.347357  2.62252  
0.0861365  4.29457  
0.0220818  1.3815  
0.953707  1.34449  
0.951288  0.295935  
0.0235392  1.17456  
0.523706  2.65448  
0.0346548  2.07285  
0.268117  1.5728  
0.793803  2.81499  
0.142575  2.79632  
0.928831  1.79782  
0.782128  1.63891  
0.913891  0.444431  
0.292019  1.42086  
0.813139  0.438703  
0.904461  2.01271  
0.96476  2.92069  
0.472915  4.17682  
0.00179437  4.81513  
0.585934  0.396458  
0.411124  1.11242  
0.69671  3.49035  
0.958081  0.213925  
0.154579  2.41517  
0.665186  3.42526  
0.902824  1.37334  
0.708215  1.35896  
0.101671  4.23908  
0.57501  1.36843  
0.799006  0.872254  
0.422852  2.06782  
0.261884  0.742261  
0.906228  2.25766  
0.433294  0.420346  
0.63134  0.859262  
0.0328928  1.59917  
0.226415  0.574683  
0.36439  3.7834  
0.970397  2.12945  
0.262403  3.34426  
0.545085  0.306521  
0.879826  0.13106  
0.490315  1.23522  
0.190823  3.75653  
0.12752  3.4131  
0.235314  1.17728  
0.854603  0.392299  
0.368578  4.13243  
0.813198  3.68348  
0.588718  3.36762  
0.659126  2.98798  
0.0798263  5.16528  
0.848454  2.60197  
0.475652  2.6968  
0.35481  4.2734  
0.571781  2.00919  
0.536387  1.50714  
0.918374  2.02699  
0.361951  4.07123  
0.895635  1.12115  
0.811475  0.670165  
0.111097  1.11159  
0.690197  1.25502  
0.67072  3.32995  
0.00448592  5.15472  
0.89581  2.24156  
0.961736  1.38756  
0.787622  2.70501  
0.34964  1.03905  
0.0387987  3.5765  
0.687462  2.56186  
0.953877  3.55598  
0.640854  3.17345  
0.877299  2.54757  
0.0492275  3.39229  
0.0252256  3.04402  
0.300991  0.485721  
0.720118  0.513174  
0.231404  4.5972  
0.872291  1.95252  
0.211205  1.12836  
0.221968  3.33197  
0.573141  1.53767  
0.470542  3.83589  
0.469979  3.73798  
0.469913  0.785039  
0.623347  0.460233  
0.874512  0.822968  
0.470332  1.13796  
0.613053  3.97964  
0.910099  2.54567  
0.850631  2.2212  
0.565783  4.06432  
0.215642  4.36079  
0.163481  1.35738  
0.419252  1.41579  
0.722595  0.953891  
0.854539  2.25696  
0.60517  2.42162  
0.685695  1.00232  
0.216523  4.16148  
0.469448  3.53606  
0.911885  2.79717  
0.99797  3.09068  
0.0245043  2.46403  
0.763433  1.74811  
0.889463  1.30217  
0.71425  1.11072  
0.101428  4.48026  
0.42884  1.77564  
0.0534046  5.33244  
0.745257  3.72836  
0.48294  4.26189  
0.610184  0.272852  
0.997081  0.330644  
0.944424  0.365396  
0.294574  1.22847  
0.395668  1.41768  
0.00627435  3.92931  
0.961101  2.76185  
0.515631  3.79817  
0.160344  0.605788  
0.911223  2.28214  
0.508961  1.16178  
0.409347  4.37133  
0.126582  3.54713  
0.452736  0.841259  
0.38382  1.42824  
0.0409746  3.55644  
0.732188  1.53796  
0.574159  1.02346  
0.379659  4.24117  
0.653095  3.85578  
0.755959  0.152502  
0.68422  1.97574  
0.563198  2.60602  
0.188703  1.09741  
0.599786  2.77489  
0.82095  1.17103  
0.696964  2.72066  
0.0730687  4.68764  
0.205149  2.50478  
0.744924  1.8472  
0.65709  0.733417  
0.727985  1.93844  
0.447527  4.3195  
0.0451719  4.24421  
0.932083  1.72432  
0.432864  3.31457  
0.849157  2.56063  
0.235706  3.76409  
0.732433  0.412382  
0.0177021  3.90326  
0.899767  0.794229  
0.899635  3.39169  
0.837034  3.31922  
0.189238  4.5276  
0.220623  1.72026  
0.906379  2.15983  
0.147087  4.73639  
0.0715529  3.13595  
0.503138  2.67512  
0.138462  4.0667  
0.497897  3.1033  
0.727854  3.70819  
0.446769  0.769251  
0.0272988  3.11225  
0.20008  3.96465  
0.417866  3.86879  
0.0230283  4.8819  
0.963989  1.32764  
0.931859  0.04587  
0.775617  1.62905  
0.918857  1.66275  
0.488447  1.01383  
0.688634  3.80192  
0.457211  0.958716  
0.981234  1.60564  
0.449805  3.68476  
0.702703  3.07833  
0.543255  3.97101  
0.176447  3.96683  
0.779521  0.215251  
0.317119  2.44834  
0.489611  1.9162  
0.484726  3.91713  
0.899143  0.956813  
0.525668  1.86045  
0.539625  3.96096  
0.305458  1.72284  
0.15873  4.3861  
0.259883  1.81009  
0.71993  3.02006  
0.793225  0.893955  
0.336346  0.633542  
