0.73431  26.7485  8.42533  
12.9988  4.45598  14.5137  
9.47536  6.39365  11.1681  
13.8209  8.46747  9.75457  
8.54224  12.0352  25.4929  
16.5449  31.735  4.36764  
17.2359  1.14414  18.0701  
6.35877  9.73919  15.2276  
22.1384  27.4002  9.07407  
18.9161  25.223  25.0206  
11.0114  11.4718  13.1454  
6.60513  4.49058  4.48917  
4.85014  21.8859  4.18949  
9.86735  32.829  22.8527  
4.20312  8.06777  11.1741  
7.8389  2.68515  8.74494  
22.8584  32.8553  9.42155  
4.25337  18.1001  3.71911  
13.9775  14.9008  18.9296  
5.32584  32.4187  12.931  
7.96853  14.8074  6.10893  
17.2859  0.909266  14.4909  
11.7799  9.25544  15.7127  
7.74385  8.76879  17.2041  
3.99235  3.46829  28.645  
11.2021  19.3176  20.4791  
4.11626  2.37361  26.628  
26.5762  6.23927  14.1357  
12.1082  0.761587  16.2047  
9.48468  2.17048  6.89282  
15.1584  5.52435  13.1394  
21.6446  20.1048  32.0261  
15.0213  13.8988  5.54649  
9.29648  18.2411  23.9346  
5.76593  8.31218  9.52172  
15.2531  13.7299  12.4  
17.2414  10.3876  25.7005  
17.5062  1.67126  22.1633  
19.7799  3.63185  23.5586  
22.585  2.46827  23.7592  
5.698  5.99177  19.7832  
4.91645  11.3872  2.36451  
5.57467  11.5977  0.621058  
5.19926  12.4044  24.9051  
2.2262  10.8591  12.8063  
3.27867  20.4328  3.81619  
6.36309  10.4396  7.66569  
19.6202  24.7716  18.455  
9.9524  13.0905  14.4952  
9.88362  24.8591  12.4323  
16.2385  11.6443  8.50821  
7.93319  8.36932  6.7514  
3.95943  13.735  4.29871  
8.44279  5.25882  10.1107  
2.9217  0.449385  12.324  
5.75266  7.54839  9.67902  
9.571  8.76755  0.992019  
9.62358  25.9077  12.5439  
10.8108  21.4368  18.323  
15.896  9.11119  3.72617  
14.6275  10.7556  11.7463  
12.9085  5.00006  13.4488  
16.5101  13.4291  8.64716  
15.5347  24.1484  19.9822  
15.7704  5.02316  9.92725  
5.38344  20.7931  16.2152  
7.11034  10.7161  2.36109  
8.12972  8.26108  4.45038  
4.02605  4.39596  27.9879  
16.0699  25.5682  14.5233  
8.79792  3.11387  5.42216  
21.7101  11.259  16.1183  
17.7156  4.28526  14.435  
7.05666  0.961496  12.4758  
8.58847  11.2976  10.7092  
14.7039  8.97794  12.2736  
17.1515  9.03778  8.95735  
12.9764  8.85585  5.06285  
8.73011  3.20258  9.98777  
1.18865  9.26955  3.32482  
3.95068  11.5589  11.4614  
3.30761  1.52414  23.2102  
10.0735  5.48985  4.16666  
15.1929  7.90118  5.64549  
15.0802  6.14891  9.35605  
21.5751  36.728  9.9874  
16.0718  13.7314  4.2703  
1.77698  1.09055  19.5518  
8.58025  14.6226  9.1737  
7.66236  7.76984  17.6134  
14.2108  10.6196  7.55723  
20.4664  8.97258  5.16171  
18.8623  4.30925  11.8999  
9.13711  23.5649  2.90667  
3.04095  20.1345  19.5037  
10.9374  18.8108  2.93766  
30.1144  6.46296  1.15497  
16.9798  12.3239  10.0653  
16.7731  7.26698  14.4844  
2.17504  2.36009  8.10647  
18.7251  2.05347  26.6497  
6.50292  15.4392  19.6349  
21.2904  13.1801  9.86277  
9.55307  5.43678  5.2712  
18.7024  25.7734  6.61574  
20.4422  4.65468  25.9212  
12.0486  5.27953  14.2953  
5.16053  1.54327  20.589  
8.89223  6.43118  19.2017  
20.6007  35.5342  9.85615  
9.18717  14.8386  6.05103  
13.6488  25.1507  16.5781  
10.2535  7.77224  7.00464  
22.6051  3.55353  17.3709  
15.7223  12.993  15.7452  
8.79134  5.95299  6.62759  
11.0532  4.698  4.49613  
16.3569  11.9745  11.5412  
18.6705  12.2414  17.4069  
14.9938  9.122  15.4318  
18.6914  13.4584  11.0104  
12.0065  16.5529  2.27424  
4.0152  1.02535  12.8953  
8.51176  11.396  15.7847  
17.5224  3.4076  5.42536  
12.3405  9.68419  11.7836  
5.05808  12.7851  7.88572  
13.5623  11.628  12.9115  
1.01607  1.04069  4.0832  
8.17104  3.01044  12.3044  
17.728  19.4279  7.37242  
6.14868  10.2836  1.89635  
12.1483  3.86501  20.2376  
19.3727  23.6698  8.60977  
17.1596  5.92635  31.5182  
6.59183  5.43831  30.0665  
4.18286  1.75451  10.516  
11.4569  20.4893  16.0082  
16.4096  15.7306  13.4706  
14.1772  3.124  0.891501  
24.7364  2.24316  8.11206  
7.09994  14.4077  23.239  
20.6068  2.60258  2.71935  
23.4772  19.0742  15.9785  
12.7232  21.2789  8.29905  
22.4797  18.5094  7.95772  
3.29968  2.54233  5.27232  
1.29663  7.57247  22.0063  
13.8055  4.16323  21.4432  
14.4182  14.2849  15.276  
3.7398  11.9731  28.0279  
7.83331  13.3052  6.61037  
22.211  4.35877  9.9631  
8.73719  3.76595  21.0101  
22.9441  19.8284  6.90408  
15.6423  4.18257  38.1656  
8.93103  3.86367  5.86095  
14.4051  12.2249  20.3415  
9.13503  20.9057  3.69248  
15.9819  15.0589  17.3579  
24.7873  16.4274  6.34028  
9.0305  14.6096  8.64496  
14.6487  13.3108  3.14737  
12.2438  1.8273  6.46208  
27.2056  6.02311  17.2703  
11.5291  10.9439  9.12029  
2.07017  24.6875  9.54075  
0.854963  13.8471  24.8101  
12.6438  9.6192  4.76093  
15.525  14.8546  10.8171  
18.5612  4.17165  13.0698  
12.2913  10.1992  9.87651  
1.28279  6.80397  16.5  
24.895  13.4686  7.66685  
20.3576  4.27189  7.77396  
19.109  5.4964  20.8372  
6.1784  16.2751  13.4837  
9.32372  16.6291  0.773856  
1.2449  7.44951  10.8836  
10.4938  39.4034  2.07439  
16.8063  0.318311  5.25883  
5.9576  1.48329  7.45692  
14.8245  12.1816  8.91393  
19.4235  5.92284  8.69282  
11.6883  4.66227  15.6552  
17.0299  22.192  18.7188  
8.3367  12.4473  8.89083  
10.2985  19.2861  9.19146  
25.9645  15.3479  19.6174  
4.33319  1.07305  14.6432  
15.2439  4.13035  12.2263  
23.4919  23.8577  8.71337  
4.58244  14.2334  8.19425  
7.70139  7.82577  22.7505  
6.96897  12.3383  9.39924  
14.9431  27.7677  4.20941  
10.7571  3.13722  7.42439  
12.7564  18.152  9.0399  
19.5235  10.4732  18.0654  
11.891  25.8416  18.8587  
15.2901  11.7421  14.0427  
10.5305  29.8132  17.6843  
7.76305  10.7439  14.4219  
19.3181  7.73949  0.789248  
4.42626  2.9877  28.9084  
11.0184  21.4084  15.3423  
27.717  1.21763  11.596  
12.929  3.90677  16.0815  
4.1813  19.9899  14.4237  
7.68116  18.0285  15.8871  
24.8756  24.6757  4.09417  
12.9809  28.4092  5.41848  
5.45808  10.446  24.1906  
29.0911  5.99694  5.46158  
8.7858  8.68693  12.1761  
11.0447  2.52518  6.59828  
19.9377  0.969501  5.91477  
10.0877  12.9533  25.3041  
11.3147  7.50911  7.7093  
12.6312  8.76106  5.23996  
14.8588  36.9034  10.9532  
21.2463  12.5909  28.7695  
19.3294  12.272  8.79415  
16.1804  19.2005  16.4064  
7.98805  22.4605  12.3152  
4.67078  7.91857  3.27805  
14.6711  15.2271  10.6163  
12.6284  17.9449  28.8552  
16.1999  13.3375  5.62448  
6.28141  10.8477  10.1528  
6.38951  5.8513  7.29786  
16.3088  7.73113  25.9934  
8.42002  9.05726  5.10548  
16.1599  12.1649  13.7456  
9.22965  14.7811  6.30089  
37.8349  43.3882  15.0602  
20.2065  19.4922  5.18124  
13.6772  2.71314  13.0693  
8.29123  2.97575  3.70828  
16.0044  8.85376  1.90065  
0.366385  6.29114  29.5503  
20.7793  38.7748  12.1321  
10.6348  12.2238  9.49055  
11.2165  15.1735  10.8516  
8.5219  8.71056  8.29759  
25.6421  23.9271  17.2846  
2.44886  0.0595674  2.35855  
7.3922  7.07779  4.46714  
23.3687  6.38211  18.562  
9.54325  8.94972  17.442  
12.1817  15.5805  3.8518  
7.37132  12.7453  7.29523  
19.3665  8.13357  2.48193  
7.31062  3.05706  13.4466  
7.11804  25.9637  2.94913  
4.88567  4.09553  14.822  
15.1106  4.79021  20.138  
19.4738  11.1884  13.1486  
4.81963  23.2645  6.34865  
8.15384  5.35809  14.1366  
9.99206  25.9757  7.68316  
19.1035  16.9365  25.1693  
10.5302  12.5601  9.85381  
16.0954  20.2933  26.5109  
5.67071  31.8933  5.00212  
11.4022  9.93679  9.74916  
28.3705  14.5326  6.17267  
11.5866  16.249  11.333  
18.689  3.77556  7.90601  
11.9708  34.3131  14.6202  
1.30273  10.9386  6.09723  
4.97996  15.8375  5.3195  
5.77595  7.16775  19.5241  
13.0178  2.90057  9.23189  
6.13445  10.9327  2.71514  
18.9009  3.72457  6.60649  
18.5374  3.0633  12.2536  
8.60997  16.7547  3.42217  
11.4754  7.41217  7.11612  
19.6259  21.9012  8.78237  
8.45015  14.3315  0.937429  
3.29334  1.41635  7.43148  
8.01457  11.4342  23.6187  
6.63694  6.51958  3.23352  
3.56011  8.34413  8.27979  
26.8461  6.95354  24.8009  
23.788  6.08051  36.2798  
12.2818  41.9151  7.79611  
6.05226  19.4668  24.9307  
20.5294  14.9394  20.9748  
22.607  19.9556  4.26285  
6.55818  14.6824  13.0394  
14.725  11.8505  4.45097  
3.4512  13.8612  1.88151  
14.4644  2.96026  10.9346  
17.0978  25.2236  15.9478  
20.4084  20.7804  14.9509  
13.8148  8.54899  6.97031  
14.7471  9.24413  7.51658  
13.0799  10.6388  7.64338  
9.53785  15.6929  8.47084  
13.647  19.8423  14.1651  
4.82234  15.0494  11.5402  
8.6802  22.6875  10.4532  
10.4519  14.8004  3.58472  
10.2334  8.54411  12.2939  
19.234  4.13342  4.64046  
15.5438  1.43437  15.4036  
10.9997  17.0597  3.90792  
15.0766  18.053  17.2028  
23.6793  7.41655  17.9039  
28.5179  19.7558  7.97142  
5.54051  35.6661  11.2464  
13.7909  14.4129  5.34172  
20.1789  3.86331  13.7025  
32.5584  25.972  19.0895  
2.13432  8.53022  9.32076  
18.4702  15.6784  17.066  
9.19355  16.0096  11.8655  
24.878  22.5053  26.657  
14.6706  3.93411  9.84873  
8.32971  12.6231  17.2822  
3.00903  30.6901  4.01854  
10.5527  7.97018  2.52185  
16.8371  17.4187  12.0534  
21.6382  8.70982  4.68  
13.397  14.9624  15.2888  
2.05015  16.6523  4.88733  
5.81527  15.3181  10.0191  
12.8808  17.7202  9.52657  
8.50506  7.38423  9.80763  
6.33896  9.67573  13.7574  
9.04014  9.97113  11.6506  
10.0576  16.3198  15.7826  
8.12055  14.2166  14.9362  
9.81305  7.46398  11.0405  
11.7581  18.6072  4.08064  
7.36657  3.31683  11.4039  
15.868  2.22427  23.5881  
24.6475  8.93572  12.9478  
30.3968  11.2513  14.0542  
12.1125  2.46544  11.2371  
16.6918  5.00457  5.06217  
27.9622  4.1857  22.1792  
4.3839  19.3457  16.2473  
11.2433  9.31381  14.7601  
13.4058  5.17613  36.1284  
13.6996  5.72963  7.48432  
6.2635  25.3331  14.5146  
6.3709  15.4638  20.5999  
16.2071  6.34811  17.344  
13.7159  5.05195  2.67625  
4.52151  16.908  43.9946  
23.9969  11.1641  8.33078  
21.9775  4.18698  8.92384  
11.005  12.6329  6.3842  
11.3065  12.1158  13.8249  
19.0008  43.817  21.9829  
8.42323  3.01313  2.1813  
1.855  0.808685  15.4718  
10.2759  24.6376  24.4705  
9.74719  30.7721  24.6264  
5.07943  11.065  3.29961  
8.74798  12.0044  8.75294  
18.5757  17.1346  10.8352  
20.4317  17.1041  16.0794  
15.3761  9.33791  13.452  
3.06904  9.886  8.59762  
15.2049  0.401466  12.1306  
30.3321  23.5741  10.308  
34.595  1.72442  16.1036  
14.0268  8.97836  8.93778  
8.6357  1.3185  15.5053  
11.0562  15.7571  2.20295  
10.8077  11.7802  6.56439  
17.2919  21.7266  13.3466  
2.89339  5.71648  11.1859  
13.8937  2.03148  21.8843  
10.1833  7.04362  18.1557  
6.09608  10.8957  17.8689  
23.0383  15.4006  5.69517  
18.4353  5.39875  8.65105  
11.8258  17.6196  12.876  
26.4824  8.10214  10.585  
15.2883  6.63028  18.8558  
5.87795  14.1638  15.5407  
8.04564  0.416224  19.2691  
15.5264  15.5022  3.84841  
18.6841  0.616851  2.73127  
3.70967  5.87628  3.50578  
3.02183  8.23968  9.86462  
16.1948  19.6531  13.7633  
11.628  2.74827  17.6126  
8.38668  5.55577  15.4625  
38.6758  9.77113  12.4898  
5.00157  11.7792  2.63239  
19.4012  30.277  5.09282  
7.55824  13.3491  32.1841  
7.29608  2.73062  7.2651  
14.0152  4.93142  1.60283  
19.9052  22.6821  17.9588  
3.28429  11.1467  18.9618  
11.0365  16.6734  14.4889  
2.07206  15.3867  26.8369  
24.2135  3.88734  29.7687  
5.1127  7.04102  14.6654  
7.25856  38.8658  10.2858  
11.7555  25.3116  17.247  
6.26536  14.9733  9.40665  
1.31304  38.54  28.9724  
9.81325  5.31326  20.388  
9.63238  7.9235  24.4992  
15.2043  7.33471  21.0742  
13.4935  16.3731  17.6913  
19.5068  21.1659  7.93743  
11.3969  19.2934  12.0374  
32.9589  6.51934  9.75075  
4.26942  18.3411  18.0947  
13.1036  10.7218  19.686  
12.1968  20.1947  2.2425  
8.15428  5.2612  7.0702  
28.0233  17.995  11.287  
30.8091  3.40929  7.2124  
14.3181  27.2069  15.9819  
11.7105  11.217  4.80412  
13.8937  1.78489  18.751  
9.68657  7.82053  21.0972  
20.3899  7.54454  12.8812  
23.5768  3.91174  9.92145  
17.0174  4.84795  9.07434  
22.5254  2.74179  6.69452  
14.5302  3.51632  11.3447  
11.8543  12.0698  15.0055  
6.6529  9.16116  20.7578  
10.5656  17.9117  8.00524  
22.6724  12.8247  10.4818  
12.1675  5.10754  8.58282  
18.8233  17.4517  19.9069  
19.828  26.4973  12.4084  
5.56953  21.1925  7.74992  
8.79919  9.45477  17.4796  
13.6628  6.85499  15.0552  
12.613  1.26946  15.5077  
3.86744  2.86983  3.37118  
8.49754  8.07306  18.1164  
5.76251  13.3837  8.02004  
12.9682  4.13386  10.727  
13.1798  12.9788  16.2487  
28.2947  7.43597  9.88147  
19.2166  6.04074  15.1669  
7.56984  23.5968  5.94094  
0.7441  16.4228  25.9463  
6.23244  52.2641  18.7111  
18.8781  11.2127  9.12725  
12.2523  17.4918  10.7395  
20.5808  4.20226  9.63384  
27.2917  24.9324  5.57713  
13.809  14.5913  8.90341  
14.2397  8.47175  16.4213  
13.072  5.20868  2.43439  
2.05232  29.6925  8.47527  
0.797771  4.68781  18.6266  
18.5601  0.857223  7.47164  
9.1037  6.52117  6.80886  
6.65606  11.5838  9.08318  
18.3012  0.983193  9.10698  
9.00761  3.94133  7.96428  
9.75991  6.44265  11.1995  
18.6932  9.35578  18.3176  
5.83474  19.5509  8.60592  
20.5701  6.633  11.0434  
30.5756  11.4614  18.4104  
31.7303  24.7416  7.53514  
3.57537  7.53852  9.28185  
19.1468  6.50953  2.22839  
13.9982  20.9349  17.7547  
19.0306  31.1406  7.30796  
11.2418  14.2937  1.63385  
9.53047  13.4929  26.0843  
22.8103  1.32748  12.8286  
16.5565  10.9538  2.90371  
8.69868  3.79583  15.4504  
16.3978  13.4433  12.1758  
16.1587  17.5775  2.16793  
16.852  13.3001  19.1968  
20.1557  18.8747  20.3133  
17.7539  21.2792  14.205  
1.83579  5.19703  2.96324  
11.5021  18.1536  3.80955  
1.99977  29.7934  6.39272  
11.0977  14.6565  5.942  
14.5633  16.0793  3.29131  
4.61072  18.1633  15.3548  
3.35546  21.0586  3.68142  
7.26046  12.7822  4.0059  
6.96987  14.5773  10.5679  
4.99674  0.360467  6.62322  
18.6422  4.04388  7.72888  
12.5912  10.8203  7.87228  
35.4553  27.3662  14.9698  
10.6508  1.87797  7.20787  
4.72195  15.08  27.3377  
4.50267  16.0518  11.9898  
5.446  36.4352  19.2921  
3.79605  17.1174  13.2311  
10.6433  24.2941  29.2714  
4.90342  9.94696  16.5807  
3.82364  20.3658  3.02205  
10.5649  1.79124  1.95696  
7.12928  19.4194  19.0847  
8.36996  25.2163  26.0415  
16.8807  26.9527  4.2136  
7.89154  4.23806  11.3138  
4.2119  4.31391  18.8683  
10.7639  20.1723  11.286  
8.56427  3.15732  3.54925  
15.1304  7.56368  9.48849  
17.0871  23.1269  15.2966  
12.2257  9.34095  15.4602  
3.28754  7.52272  13.5576  
11.5592  28.0425  17.9642  
21.5865  1.20904  10.0096  
17.9193  19.7502  14.6311  
10.3102  9.19529  10.1423  
17.6598  7.89141  16.7561  
2.4942  20.5824  12.4417  
11.3164  19.1445  13.3392  
14.4283  13.5766  5.26357  
4.04581  5.76194  15.5179  
13.7616  12.1348  12.7464  
12.4347  20.3128  14.9083  
3.98366  1.18426  6.83712  
19.563  31.8845  16.407  
28.2515  16.0622  4.45974  
10.7866  0.869305  8.28633  
3.05159  6.84623  20.9003  
9.51973  10.0272  22.9864  
17.9391  4.00564  12.5399  
15.551  25.5609  3.7326  
12.7371  15.8069  18.2931  
15.0676  11.2392  27.1885  
12.4875  5.26613  4.32504  
13.3659  3.49295  11.7211  
5.16611  12.605  16.1506  
12.1412  5.4069  24.6467  
7.09036  12.1359  15.2741  
14.3532  5.58191  3.38696  
11.7514  11.9073  10.7011  
7.15444  2.76126  8.46332  
16.2092  22.2679  21.7703  
5.78788  22.3477  7.95658  
8.76903  8.01343  10.8473  
8.45883  5.66076  7.54607  
17.4317  18.7817  4.78017  
2.11494  19.8768  13.8889  
16.0941  5.37898  3.43133  
12.8791  14.7388  13.8232  
9.62687  10.8634  6.26988  
10.121  9.61634  5.20212  
27.4971  14.3365  16.9239  
2.61585  13.0693  30.1007  
9.53947  3.69047  8.47637  
14.2018  4.5983  15.0224  
11.0811  30.5515  12.8305  
15.1097  18.5622  20.8479  
2.15023  34.2439  10.3814  
16.3624  21.3731  12.0279  
18.9496  5.5459  13.6047  
4.13329  12.6016  1.13589  
10.1392  19.2653  23.3457  
13.9764  8.79677  11.3871  
8.48381  5.23369  8.41551  
9.26106  22.1662  19.902  
9.43698  18.4057  10.1322  
21.349  11.5579  21.8257  
2.53424  14.4289  6.81947  
5.65042  9.28358  9.51516  
25.7848  2.83768  8.00643  
3.37055  30.6816  6.44337  
8.14449  33.8621  9.81818  
14.5107  2.39929  24.865  
16.242  9.43161  11.0868  
17.5237  2.5363  6.03996  
11.6474  9.61542  25.4047  
21.3419  36.7164  23.2023  
14.9568  11.9857  12.7412  
10.7477  0.936003  12.9045  
29.3973  12.8542  9.93236  
9.95822  2.2294  8.43505  
12.851  2.49072  14.2637  
16.7267  37.2665  25.0335  
1.06356  3.90603  9.76078  
22.5404  14.4818  37.177  
14.3759  10.735  14.9583  
4.93781  2.31348  18.5654  
9.40337  18.7905  14.1098  
21.7561  5.76662  2.89116  
10.3774  10.0291  6.67638  
7.45771  12.4692  14.261  
22.364  14.6445  21.3217  
6.78628  9.93497  10.4499  
11.8025  6.45162  20.1666  
10.7405  9.6391  18.2724  
8.26381  15.547  6.00669  
11.1872  1.24388  12.5647  
4.83679  13.259  11.0978  
9.22051  14.0638  15.4784  
9.18254  32.3179  10.37  
16.1091  4.27201  10.2705  
16.5111  26.0213  1.67826  
33.8622  19.9919  17.6054  
13.2336  4.37216  21.0978  
1.81033  1.37192  1.77347  
17.4079  35.7979  4.47517  
11.4236  1.01102  26.5036  
10.0282  28.6309  4.05914  
14.9111  4.61973  11.3037  
6.64534  28.004  27.9838  
6.46655  13.8393  16.1712  
24.1486  2.70106  4.49751  
19.6571  12.3037  16.0955  
7.71904  3.98834  13.3155  
15.9316  13.8361  10.6045  
35.4792  34.3895  10.7622  
0.353219  7.37116  4.61205  
4.11262  12.6031  12.8735  
7.21258  4.19869  13.6376  
17.0735  10.062  20.4014  
15.3759  15.5723  13.8378  
16.5002  9.7904  9.41248  
6.58875  4.58626  14.6316  
8.89589  0.298048  13.3663  
18.289  5.64882  25.4049  
29.772  14.7093  7.87172  
23.1529  2.34651  8.09013  
4.67982  7.34463  5.67671  
4.43059  3.45358  12.7177  
18.9608  14.234  8.69417  
12.8933  0.358412  1.58362  
10.6336  15.489  16.3398  
8.0997  3.5547  23.3512  
3.50433  1.78557  12.5921  
23.7492  7.02473  16.6943  
12.0545  4.79203  10.0485  
20.5454  21.0061  1.13926  
11.2172  16.2963  16.8604  
12.5736  3.82507  3.97251  
4.8958  4.17285  11.1669  
4.80049  3.11406  11.9536  
7.0647  18.8106  10.3797  
18.1956  12.0275  12.7907  
14.2661  23.6391  4.24123  
11.9345  2.9504  3.36853  
14.4441  5.06509  3.51704  
14.2414  16.0235  3.15647  
20.5928  7.84621  13.1541  
12.2815  9.81866  17.518  
21.0171  0.713918  11.093  
18.5874  19.8704  28.3911  
20.3217  13.4889  7.71955  
17.6671  34.0011  11.1389  
24.8016  30.7656  8.12413  
12.9152  30.0273  24.7957  
11.7179  18.9567  2.87772  
5.66739  10.1409  14.7296  
7.13144  8.13235  19.591  
14.3756  13.1289  11.6623  
2.12493  11.4879  25.0444  
10.9759  18.8955  14.3181  
34.3621  14.4656  4.50095  
15.061  28.4151  15.8229  
10.2654  32.2899  15.7841  
16.2054  29.5814  17.221  
5.94091  3.10821  4.89103  
10.2422  13.3172  8.31122  
11.5464  6.32001  12.1278  
8.05462  10.2126  6.33855  
9.16545  2.47425  4.21263  
2.8489  25.7628  10.7791  
12.7131  3.29518  6.97923  
17.5392  12.1528  22.3736  
12.6728  14.4995  11.1415  
12.6619  11.3364  6.05666  
7.65448  2.8774  12.9139  
14.9087  9.72584  6.14832  
19.7158  24.6993  11.1217  
6.4587  12.6913  17.7725  
15.2086  22.2236  3.87739  
5.80045  1.2131  23.6716  
14.0035  21.5863  18.4939  
23.8598  5.7634  2.61618  
10.4618  16.8967  7.25561  
11.1798  10.8441  16.4832  
4.62026  21.1427  13.7604  
8.18982  9.13023  8.59608  
20.8791  31.1258  6.33542  
7.49845  3.72849  19.606  
5.78508  14.2287  7.0657  
34.424  23.7837  9.07155  
13.4113  11.2582  6.98371  
31.3847  15.7116  10.9135  
12.804  15.617  23.4795  
3.74755  16.4928  17.1848  
8.1268  24.7243  9.38863  
11.872  23.2539  1.8149  
4.12035  10.7621  8.79299  
25.6815  10.4293  12.6878  
35.4542  8.59992  8.71582  
9.55774  18.4589  23.4313  
9.76316  9.03359  11.036  
29.3313  17.6021  1.48414  
13.2882  13.3162  14.1109  
11.9461  5.79738  19.0082  
15.8323  3.09666  20.2157  
9.7491  2.6215  24.5369  
9.67504  12.3742  1.95789  
15.4133  12.5352  6.78969  
22.0608  17.9154  18.7295  
11.5617  12.5779  12.9766  
17.9292  25.848  31.6252  
6.86565  20.226  18.5583  
11.3153  28.6297  7.09802  
0.384551  29.395  31.4552  
2.4785  9.84151  37.6975  
12.5271  1.26748  9.17185  
2.56901  14.7144  9.67966  
28.8803  15.0824  10.3669  
7.76826  16.1252  15.4058  
18.534  38.3317  23.1293  
19.2805  6.50601  19.0661  
9.07067  13.7388  15.9765  
20.44  6.29347  10.5377  
13.6314  1.31208  7.92819  
16.829  14.1052  1.59625  
35.8639  1.43632  26.2155  
11.6596  15.5388  3.64127  
12.3978  5.89284  15.791  
6.96564  3.86156  9.23039  
7.76643  4.6997  4.00632  
8.12339  15.7044  14.3298  
12.6836  2.55728  11.1194  
10.8419  18.9961  5.65196  
9.8369  1.46222  19.689  
5.66386  7.37468  33.5996  
6.52855  18.2552  21.2509  
7.76527  9.91237  10.0395  
6.84087  6.00815  9.33098  
25.1631  7.27609  7.53078  
27.7658  15.1784  7.89843  
16.9713  18.9172  3.88351  
8.21693  3.30922  9.15897  
4.92241  7.08246  2.54396  
14.9453  5.42465  6.92921  
14.0743  18.2787  9.75821  
13.3826  7.76654  5.94647  
7.00377  11.1301  12.2419  
8.92946  9.98109  6.32396  
20.3477  7.71809  10.416  
14.2489  14.6844  22.8551  
22.1716  5.54322  17.9235  
16.9688  23.3489  14.578  
2.15868  23.0687  1.6183  
25.2997  2.35904  9.82756  
16.2472  12.0575  9.10621  
29.5394  11.1324  37.402  
14.3466  19.3196  7.23388  
21.5097  16.5428  37.3365  
21.0277  21.8685  9.22622  
5.94085  6.9734  30.2438  
29.1802  17.1864  16.7799  
5.87695  9.33749  1.58786  
14.2926  12.1232  4.43992  
18.5509  1.12654  9.74022  
3.40135  9.25706  15.2284  
11.3192  6.2746  7.74962  
8.14715  5.17273  9.21746  
5.50843  19.6403  10.441  
4.45775  20.4905  6.29  
2.53796  6.56333  3.61805  
14.3557  10.064  13.3013  
20.477  4.30919  12.6342  
16.3158  11.4025  13.0465  
13.2346  23.0649  11.5553  
11.5434  22.5441  4.47665  
18.6508  9.19763  10.3281  
6.46338  8.22158  8.0406  
19.7208  9.0823  18.0222  
26.4571  6.38503  12.1512  
17.382  17.3316  9.3884  
15.7342  2.07335  14.8238  
13.7076  21.865  13.0403  
12.0209  0.937158  19.9953  
10.6468  1.64546  9.62098  
22.0187  10.0426  2.21599  
1.80375  3.36137  4.96543  
11.1685  4.04301  2.08152  
3.79553  10.2359  12.6019  
11.9914  7.90282  5.31289  
9.87565  5.94383  1.12251  
4.72334  15.744  6.98082  
9.09083  14.6584  19.2513  
7.67511  6.73535  12.7746  
19.4107  17.4587  7.08899  
17.3553  22.236  4.29667  
5.70793  4.61901  13.4099  
13.5639  12.194  10.5972  
19.4243  13.2123  21.6246  
8.45367  6.78391  18.9808  
18.8611  0.604904  11.2209  
15.3453  1.42649  11.2917  
20.4259  9.33451  16.6936  
20.7819  26.0021  32.8751  
4.04989  3.89278  23.0185  
7.6322  13.8577  16.6036  
8.90778  0.468025  13.4308  
21.8489  0.376343  11.9188  
13.3336  18.885  7.82959  
4.59295  4.50107  4.73493  
9.70145  24.9179  11.5527  
19.8508  30.8364  6.88644  
12.4287  18.6551  13.8181  
5.2198  17.1654  9.8883  
4.95077  2.47802  5.39116  
6.25712  21.3062  2.42877  
8.30319  4.38991  9.56529  
7.60737  25.0627  10.9881  
16.0579  15.7141  15.8576  
13.6978  15.6037  14.098  
7.91333  2.27583  6.04252  
9.02087  5.61839  18.7851  
9.19537  1.43404  21.9902  
1.12101  23.3554  2.79906  
22.6581  23.4941  14.471  
6.83046  10.9022  11.9343  
8.81591  7.08643  18.1616  
10.6288  13.7843  16.9326  
25.8566  4.31532  9.13374  
11.0903  16.6062  10.4522  
5.36789  17.6522  19.3368  
7.71013  37.1687  2.31877  
7.64938  20.0975  11.443  
4.63743  12.08  16.4698  
15.7235  7.61357  12.5783  
18.0976  9.72306  6.45736  
3.74131  18.9626  5.27132  
10.043  3.80705  5.23736  
5.31292  26.5089  19.8763  
11.5456  17.4231  9.4989  
18.655  14.6772  1.06403  
5.48146  9.31711  34.2733  
21.6938  17.9092  7.75595  
7.50261  6.40104  30.4499  
29.9989  19.49  13.2222  
9.87047  22.2949  1.05552  
5.06946  3.55513  17.2309  
17.622  12.597  13.2439  
14.1912  16.2793  19.4139  
22.2275  10.4497  18.5055  
8.70421  27.8114  12.0311  
15.0542  22.9575  4.28149  
2.90333  2.05025  17.4862  
23.1544  34.7852  20.6755  
11.256  6.67884  10.8016  
10.4639  1.49779  3.45953  
8.94063  19.5636  5.83976  
12.8002  19.7539  8.14758  
18.1043  25.969  3.50832  
3.98021  15.8444  1.67053  
0.34533  2.65745  7.15791  
9.74381  23.9207  6.07055  
19.9088  10.0766  19.0973  
28.5297  2.54678  19.6066  
11.0136  18.7804  20.2441  
8.51711  27.4387  22.3763  
10.6563  2.64609  23.8158  
6.12113  29.819  7.13572  
5.40748  5.49658  9.70023  
12.3407  16.2612  13.3166  
13.9996  3.0483  16.3368  
5.41753  0.747621  12.8132  
18.6906  14.8082  19.522  
17.846  6.57231  6.00802  
7.22908  1.83647  19.9116  
7.65042  22.8457  12.5018  
25.2598  47.6673  13.6344  
15.4394  20.6919  24.4146  
0.943869  15.0819  10.1105  
24.2057  0.616963  14.9511  
23.1666  10.3607  22.2605  
18.9974  5.36408  23.0661  
4.98907  3.68918  15.3198  
7.24003  0.307466  2.41081  
20.0379  16.5182  11.3515  
15.8057  16.9869  25.2767  
13.4121  32.5948  13.8555  
3.49149  4.81518  33.1988  
9.40547  5.53239  5.75251  
11.1607  12.0562  16.2056  
16.7458  16.596  3.60523  
2.26071  5.39816  28.702  
16.1736  21.7062  23.9996  
3.44394  5.94224  18.6511  
3.60875  12.6171  7.91638  
5.02786  15.1454  11.9273  
13.1557  25.3193  5.65837  
13.0368  14.9393  14.752  
22.0549  0.9907  11.9488  
7.08452  3.24973  12.345  
4.34139  2.26239  21.0575  
17.6146  28.9719  22.6929  
1.9958  32.4137  17.7456  
24.3606  2.80035  25.3811  
31.9088  6.59318  29.6815  
2.8149  3.33817  11.1706  
11.7042  5.45057  12.1572  
9.70483  16.5109  4.3367  
15.9892  3.29674  5.92971  
2.50159  13.3596  12.6192  
7.65094  3.95449  5.73772  
10.6237  5.40606  12.4399  
11.0658  14.9003  13.8831  
32.7098  37.1889  2.62555  
7.89632  10.0512  2.84297  
3.82269  0.952018  3.26667  
19.0117  8.69051  2.14769  
14.5836  29.1017  16.3164  
14.1886  8.89816  15.5935  
20.6309  12.7721  18.1518  
11.2006  5.54849  22.1229  
15.9944  36.4007  17.2155  
19.5437  4.59549  26.6527  
11.8652  9.41295  10.6708  
15.4932  0.277394  11.9737  
14.84  4.43245  12.646  
4.90331  13.8892  14.9044  
10.6242  2.01962  15.5288  
14.125  14.3405  7.87365  
17.356  15.0338  7.28492  
27.2323  19.9861  8.45027  
8.63898  12.4649  14.5855  
3.68206  11.4239  12.5408  
12.4463  15.0127  12.7979  
13.9312  7.59494  11.1624  
28.4048  14.7835  13.1419  
3.8611  2.54989  13.8577  
17.4504  30.2179  17.3617  
20.7073  13.3372  10.4459  
13.7999  12.124  13.8838  
15.4497  2.95113  37.8971  
23.1761  5.26836  8.36051  
9.05122  20.3587  19.4395  
7.95719  4.51278  17.435  
11.8257  32.3576  9.52048  
38.1036  44.5431  14.6095  
10.587  4.22839  9.55396  
19.0178  14.8978  16.3318  
14.3771  13.5142  12.0659  
16.0805  11.2237  2.41013  
20.0174  4.17671  16.8317  
13.4638  8.34232  6.34007  
9.53349  2.09283  21.7942  
2.67558  4.57092  11.1154  
9.62865  4.46568  15.9432  
2.24979  1.21674  24.8783  
2.13088  16.4205  9.68986  
5.77389  7.41046  2.77584  
15.3242  11.4333  6.28483  
15.0687  22.4174  20.2713  
14.2114  9.59917  28.1965  
29.735  12.8307  16.0851  
5.23196  10.7381  8.71717  
26.7654  8.27874  16.6692  
6.79228  21.96  10.098  
26.3674  24.3878  13.5826  
17.5077  16.4512  12.441  
13.0987  12.8385  18.6891  
2.25521  24.3736  17.0514  
27.9019  4.194  9.8098  
1.36905  8.00082  9.02  
20.7001  4.90753  8.08275  
15.346  28.4965  7.52516  
21.6554  11.1313  10.4895  
7.91474  3.52382  5.45676  
2.30167  1.98031  11.0506  
24.1234  5.95485  5.88419  
15.2605  13.8819  15.9105  
16.5064  34.9453  21.1525  
21.1141  25.931  5.58539  
12.1058  21.7145  15.8482  
8.35399  8.50732  13.2696  
11.1119  11.5086  3.47416  
9.61034  16.5075  7.36603  
15.9424  5.86785  9.50588  
20.0041  5.14711  9.96318  
10.4095  14.0806  9.98383  
15.7613  19.3301  7.81569  
21.3911  4.93191  2.22974  
9.21856  7.55309  4.11742  
16.0056  23.9656  6.49009  
10.3206  19.0462  14.9994  
24.0936  26.5499  27.8022  
1.93244  4.44458  8.87788  
1.93516  25.2867  5.97508  
9.61813  14.9639  10.1424  
7.77182  8.01735  6.91217  
8.32828  13.5803  4.29823  
14.754  1.19981  6.16213  
21.3934  21.1708  7.35117  
16.6019  31.1311  8.80246  
15.2903  12.1472  6.53777  
20.2915  35.7231  22.3922  
6.44509  13.3638  5.41759  
5.70553  17.9576  16.0908  
16.6203  18.2018  7.80781  
15.6733  9.6652  16.6485  
15.9335  9.9845  9.80425  
27.5639  12.4182  7.23172  
13.8538  5.1715  11.3262  
2.21615  24.1438  9.78442  
11.2729  30.7663  6.03144  
19.7848  3.87593  25.461  
14.9883  8.04595  4.60754  
24.0934  13.517  10.7386  
11.3549  8.68433  17.8777  
5.65102  12.0021  15.4731  
28.2865  23.9903  19.4135  
21.209  4.6823  12.4415  
8.92345  17.8384  5.54865  
7.3842  27.0612  6.00344  
3.33698  30.4858  17.5813  
3.15826  30.2421  6.87471  
13.1398  18.775  8.64878  
13.0107  1.34457  7.01716  
8.4125  0.936506  18.7202  
7.46739  21.8134  13.265  
