0.0265729  4.38216  
0.684135  0.854003  
0.981819  0.104966  
0.928389  3.62392  
0.421531  2.50146  
0.829706  0.384956  
0.284473  0.926684  
0.541025  2.00158  
0.660415  0.751296  
0.244771  2.82814  
0.393003  2.61224  
0.613201  2.98887  
0.274491  1.98845  
0.743305  1.24328  
0.890559  0.148442  
0.161757  5.01195  
0.0134603  4.85218  
0.0187959  2.66254  
0.148946  4.61967  
0.0597111  0.767474  
0.353398  1.70814  
0.898363  0.281301  
0.546201  3.70848  
0.444146  2.08108  
0.991248  3.5468  
0.926373  3.38748  
0.594974  0.699979  
0.490187  2.85794  
0.721995  3.77213  
0.380059  0.575183  
0.918399  2.4433  
0.98597  3.5487  
0.163082  3.91245  
0.781449  1.97655  
0.792002  3.2758  
0.251064  4.00567  
0.739473  3.09288  
0.586823  1.7118  
0.644675  0.350363  
0.119983  0.941526  
0.454541  3.17251  
0.867384  1.06463  
0.626012  3.25055  
0.798349  0.461307  
0.158808  3.69997  
0.187661  3.74949  
0.521681  0.774776  
0.528955  3.68801  
0.502392  1.19551  
0.912856  2.21713  
0.346925  1.61567  
0.653871  0.192763  
0.631955  3.21084  
0.818556  0.830329  
0.167499  3.59631  
0.898286  3.2624  
0.318758  1.50175  
0.47644  2.34022  
0.950127  2.83604  
0.835564  0.678798  
0.0774967  3.38348  
0.302918  1.89085  
0.443499  1.44537  
0.536748  0.468701  
0.966076  3.1238  
0.184651  4.74394  
0.0150373  1.44477  
0.513426  0.661785  
0.126305  4.95418  
0.973458  0.67219  
0.690562  2.83485  
0.870366  0.238905  
0.650698  1.7218  
0.557908  3.55551  
0.846808  0.157787  
0.840725  1.75485  
0.287832  3.20753  
0.15626  2.5407  
0.192243  0.99723  
0.15025  3.99053  
0.726638  0.635575  
0.601524  3.85562  
0.410614  0.777017  
0.434134  1.84511  
0.30732  0.752809  
0.407329  2.21635  
0.579557  0.276464  
0.658755  3.90455  
0.890901  1.3087  
0.11331  1.95635  
0.457956  4.11797  
0.071808  2.89158  
0.490743  3.59034  
0.242504  3.7718  
0.705574  1.48016  
0.8859  1.77473  
0.117771  2.62818  
0.118729  3.35627  
0.894403  1.99052  
0.780925  1.77769  
0.349415  4.47091  
0.275323  3.19319  
0.443564  1.46205  
0.245668  1.61304  
0.0123394  2.31648  
0.527009  1.21433  
0.555185  3.73313  
0.955384  0.457623  
0.900283  3.2082  
0.268901  3.6112  
0.954974  0.102356  
0.681286  1.22777  
0.163559  4.03689  
0.175702  4.68565  
0.917495  2.63135  
0.928891  0.680481  
0.84075  0.129823  
0.527701  3.1867  
0.711949  3.12546  
0.156094  2.62472  
0.0590085  5.30831  
0.307176  2.42344  
0.225462  2.0576  
0.596407  1.25754  
0.616695  3.6882  
0.687157  1.7171  
0.175083  2.9119  
0.178607  1.23308  
0.519699  0.672082  
0.287037  3.33937  
0.250629  2.77416  
0.741524  3.62547  
0.482611  3.72537  
0.73559  3.69184  
0.325081  2.75485  
0.762513  2.21709  
0.98156  3.22182  
0.367946  2.08522  
0.905651  1.97458  
0.181828  2.66972  
0.961477  2.43641  
0.548815  1.28947  
0.571806  2.20096  
0.969284  3.48034  
0.153758  1.05433  
0.550964  4.1636  
0.766145  3.17838  
0.639085  3.6357  
0.933422  1.75606  
0.498829  2.41071  
0.725419  0.937891  
0.615543  3.21632  
0.911402  2.87894  
0.589798  3.48848  
0.522552  1.42547  
0.988175  1.03658  
0.200532  0.651263  
0.207172  4.06737  
0.994213  0.651427  
0.911673  2.19561  
0.872842  1.59843  
0.303383  2.57861  
0.242521  2.15135  
0.233383  2.06036  
0.239928  1.44454  
0.587718  3.49299  
0.632039  0.996258  
0.201322  2.46729  
0.130934  4.27321  
0.375103  1.41153  
0.56097  1.33584  
0.621142  0.478711  
0.978132  1.56473  
0.265282  1.17379  
0.452981  2.88504  
0.150668  4.28023  
0.80709  0.658708  
0.691616  0.220529  
0.228833  1.31533  
0.0240821  5.23093  
0.102807  2.47841  
0.378319  3.28345  
0.189869  3.38167  
0.692805  0.443833  
0.578398  1.28763  
0.000547356  1.77436  
0.394399  2.11675  
0.157739  3.75474  
0.202063  3.08557  
0.307016  4.19624  
0.0396636  5.26589  
0.824028  2.00961  
0.0307061  4.32595  
0.135666  4.95113  
0.0374735  4.48704  
0.595703  2.01449  
0.247678  0.882239  
0.846331  1.08769  
0.83429  0.214143  
0.414335  2.85701  
