0.213172  3.05031  
0.492241  3.83399  
0.443658  2.10733  
0.122617  1.00208  
0.506448  2.76387  
0.831041  3.36964  
0.863095  1.99561  
0.734725  1.83109  
0.184017  2.4644  
0.542246  2.19849  
0.820356  2.24763  
0.161363  3.49991  
0.0996343  0.867356  
0.273289  1.90553  
0.898101  0.324731  
0.00943228  3.3653  
0.793293  0.310034  
0.533755  1.38851  
0.996406  1.48698  
0.402469  0.954853  
0.698979  3.22944  
0.265494  1.87641  
0.778414  2.48648  
0.465096  0.719393  
0.738466  1.15796  
0.550366  0.94661  
0.367559  3.43651  
0.44097  3.98001  
0.475054  3.13123  
0.391317  3.1629  
0.252281  1.58415  
0.731108  2.69558  
0.874995  2.07273  
0.811275  2.3064  
0.293441  2.85525  
0.0301006  2.74851  
0.330195  1.7966  
0.532128  1.60903  
0.833765  1.51576  
0.995546  0.756632  
0.950747  1.18394  
0.619362  4.06721  
0.091946  4.35834  
0.464155  0.85239  
0.406494  3.03999  
0.383799  2.70686  
0.60065  3.22059  
0.767418  0.617864  
0.994603  3.26236  
0.965426  0.89791  
0.507094  3.71111  
0.118249  2.11353  
0.971951  3.26063  
0.883102  0.160896  
0.801339  0.245994  
0.384905  3.1848  
0.329953  3.04466  
0.0717472  1.90017  
0.624248  0.787375  
0.228451  1.50683  
0.819707  1.5878  
0.857365  3.31586  
0.49414  3.94378  
0.0907496  3.23737  
0.610605  0.316006  
0.321637  2.63051  
0.196003  4.37482  
0.888132  2.03113  
0.949192  0.616731  
0.157216  0.998249  
0.448889  1.47379  
0.694729  2.43075  
0.61234  3.74503  
0.757724  2.988  
0.798796  3.42873  
0.58896  4.03456  
0.0937722  4.04013  
0.382277  1.73474  
0.715495  1.24655  
0.0927024  0.834058  
0.397382  0.583449  
0.866079  0.658217  
0.651959  3.6805  
0.107755  3.30872  
0.300602  3.57302  
0.151601  3.66516  
0.00289092  3.05973  
0.682811  1.84165  
0.115297  1.70882  
0.617027  0.460314  
0.717276  1.85756  
0.380903  2.20338  
0.409416  2.0182  
0.00284725  1.21985  
0.648845  1.41875  
0.829397  0.615768  
0.326504  0.792442  
0.91456  1.24681  
0.489834  4.18043  
0.435167  0.359719  
0.947466  2.04549  
0.852665  2.69301  
0.568411  1.50632  
0.565847  1.71595  
0.109548  1.72255  
0.356591  3.10545  
0.903507  1.14088  
0.448967  1.79081  
0.263773  1.13207  
0.915852  3.48051  
0.0743051  1.84496  
0.074655  3.66758  
0.36781  4.35985  
0.138752  4.47772  
0.285047  2.06146  
0.146016  4.25424  
0.451019  2.05612  
0.412012  0.471144  
0.560674  3.55629  
0.514626  2.20628  
0.647108  0.46396  
0.312789  3.54577  
0.0675628  3.38169  
0.564571  3.2774  
0.595926  3.38035  
0.351112  1.355  
0.0692807  1.71028  
0.426871  3.62726  
0.46368  1.47373  
0.81573  1.68918  
0.926487  2.29453  
0.599716  3.27055  
0.728774  1.85615  
0.67748  1.86003  
0.330688  3.39475  
0.767225  1.80595  
0.351568  1.94381  
0.703048  1.38094  
0.266317  3.23605  
0.499246  4.18622  
0.771072  3.51596  
0.815064  3.24411  
0.527643  1.67534  
0.552995  0.827967  
0.046002  1.10076  
0.827259  3.52471  
0.855443  2.25579  
0.74513  1.2136  
0.800831  0.839002  
0.69207  3.13218  
0.105965  3.26006  
0.84616  1.43286  
0.238167  2.53637  
0.310063  1.64217  
0.149305  2.86237  
0.930483  0.671875  
0.148415  3.18849  
0.384691  1.88153  
0.964779  0.681337  
0.626279  3.38515  
0.426925  2.49015  
0.704171  1.52094  
0.159504  3.52364  
0.299967  2.53915  
0.336265  3.76123  
0.47218  2.02106  
0.487699  3.6746  
0.219372  2.14187  
0.40718  1.03579  
0.433171  0.789616  
0.632748  2.27021  
0.670483  1.59725  
0.349314  1.54239  
0.123429  1.80113  
0.480455  1.68183  
0.896196  0.195632  
0.457906  1.19233  
0.00378794  4.70203  
0.0415903  5.23238  
0.162681  1.73633  
0.525481  1.96354  
0.464548  0.345977  
0.293873  1.72317  
0.672007  0.61604  
0.797863  3.57129  
0.284383  0.830076  
0.893959  0.131067  
0.337215  0.901984  
0.613079  3.71774  
0.433602  1.39942  
0.445216  1.94791  
0.663358  0.962974  
0.394865  3.80998  
0.0471486  3.4953  
0.304953  2.49094  
0.203601  0.718092  
0.26874  0.722884  
0.117634  0.883442  
0.00241048  4.84702  
0.422825  1.23445  
