9.81203  11.9011  5.26016  
9.72384  13.9242  5.08257  
3.64529  1.79426  4.03211  
7.44956  0.900126  2.3705  
3.62274  6.54051  1.66384  
5.34123  3.23179  5.07226  
10.0089  2.10269  7.0013  
1.18986  2.75986  1.56776  
1.94931  12.4253  4.47923  
4.82821  2.49259  2.57803  
1.65695  1.37942  1.32197  
4.33062  7.41505  5.23588  
4.15974  1.63434  4.79577  
7.12918  6.23242  8.51565  
4.87818  0.511182  1.25311  
6.28014  1.29126  1.54698  
4.64044  3.20536  4.26015  
7.51112  2.62525  3.45584  
6.17903  8.34258  1.89388  
1.91404  2.02591  7.5253  
4.74892  6.56843  4.43629  
3.86021  8.59724  7.17686  
7.20281  4.49639  4.82713  
4.02323  3.35021  2.80832  
1.64058  2.69239  4.00092  
1.95439  6.79637  2.49011  
2.56788  9.1306  6.76773  
4.97744  8.79274  1.05374  
3.51352  3.07305  3.30651  
5.79188  3.91457  2.88011  
1.57585  3.25222  0.786392  
5.3177  6.44415  4.72616  
1.18881  3.49261  6.24759  
0.964249  3.86553  3.15499  
3.16816  3.61583  3.0186  
1.86542  0.551374  1.95279  
4.26061  6.74334  8.8491  
2.18639  4.46565  3.71056  
8.80351  2.63414  9.94094  
0.343532  2.05175  7.41365  
5.39313  5.64012  3.12834  
1.94835  1.69435  1.37534  
1.59683  3.81481  8.31544  
7.00426  1.59895  5.85758  
3.98604  2.96715  2.9412  
2.43316  3.73407  3.90639  
9.04464  14.7328  3.57075  
6.0297  4.19599  1.02969  
0.587857  12.6831  8.86415  
4.4846  2.02347  2.38962  
2.90102  0.734212  4.54274  
6.86585  11.3294  11.2435  
4.35738  5.84258  3.52986  
2.77978  3.69732  1.85945  
2.88597  0.54879  1.56975  
8.14147  6.51718  8.47671  
4.86698  0.234685  11.259  
5.31684  14.6855  3.96882  
5.80283  6.21812  9.02513  
0.796859  0.86849  8.93249  
4.14558  3.97022  5.6608  
4.19288  2.48964  4.75434  
4.66631  4.96056  4.63267  
5.1944  1.35689  7.69726  
5.8234  6.47907  7.8382  
1.98605  2.44798  1.23309  
9.87153  1.36536  6.19323  
9.81026  6.73085  5.43672  
3.0657  2.47422  0.985565  
5.00877  2.73493  2.33311  
6.05948  2.29165  1.61747  
3.04049  5.97813  4.69036  
5.34045  5.0501  2.64771  
2.61342  0.491723  2.96441  
0.274476  9.21426  2.69854  
8.03463  8.17298  1.85115  
6.76958  5.09094  0.645198  
6.8456  6.86867  1.35443  
6.37242  8.30537  3.76029  
3.91134  1.19539  6.90589  
3.66746  9.27787  4.18957  
1.62525  4.60449  6.99807  
6.22934  0.850018  2.29495  
12.2073  13.1251  3.80021  
4.86537  4.85968  4.7404  
2.23004  1.44269  6.48359  
1.21148  9.67825  2.27732  
3.09475  0.886221  2.07977  
3.59702  4.05957  4.11898  
4.52411  1.15707  2.91945  
3.2101  5.16053  8.07829  
11.6936  2.35179  4.27438  
4.88163  7.49306  9.437  
4.25747  5.41046  4.22397  
1.50594  3.50628  4.2356  
8.03096  1.54057  6.6083  
7.33888  8.87106  8.85298  
3.25528  2.76227  3.96718  
9.3377  11.7486  5.64273  
16.7451  5.47397  1.1714  
8.44485  4.25284  9.75171  
0.741659  5.62254  2.54331  
1.91419  1.92704  3.29079  
10.8605  7.21986  3.21796  
7.74362  15.8437  5.04364  
5.08758  7.35075  3.2801  
3.80983  8.7314  3.02169  
0.786323  5.86833  14.6501  
3.13051  6.28064  2.17311  
19.2292  14.7858  12.4831  
6.38319  4.98278  2.66968  
9.26875  3.69403  3.41496  
2.83514  0.483075  1.76372  
1.30616  0.93882  2.49458  
1.61426  5.6726  6.42057  
8.20733  6.58969  8.11682  
5.49368  2.15903  3.70781  
7.93994  1.02111  4.45642  
12.7267  7.90609  5.74866  
0.874013  2.84616  3.92513  
3.84199  1.35671  0.954803  
2.20624  9.45272  5.20395  
1.56692  1.1904  10.3253  
3.15046  9.5334  4.09846  
11.2531  12.9922  6.68519  
1.11175  5.4735  4.33456  
2.82152  2.56138  3.33126  
5.77897  5.15241  3.08495  
6.26963  1.30196  5.63881  
9.83471  2.5227  1.76  
2.07978  3.26894  2.97642  
1.53629  3.35719  1.98776  
6.50755  1.99249  6.27672  
3.58345  3.97262  4.25987  
5.31664  1.30664  10.8244  
4.59239  7.5959  1.95876  
1.40164  0.614776  5.91539  
1.72708  1.35015  2.0505  
8.37982  2.44554  4.72362  
3.62689  2.20013  4.5768  
3.74517  4.4772  3.48735  
1.8396  1.88546  3.75535  
2.38894  8.67788  4.79642  
3.17099  0.421078  12.1122  
2.67231  1.20915  7.61057  
5.53269  4.66678  5.53557  
1.13005  1.57426  2.28936  
3.21884  8.997  5.21746  
6.11679  3.86684  2.66746  
4.96903  5.16749  5.8009  
1.51516  0.596839  4.5222  
2.42705  15.1529  1.99523  
2.74545  4.55535  0.921679  
8.5393  4.41127  1.48897  
4.44084  1.7364  6.50592  
7.56803  4.2322  1.98655  
4.92311  1.7011  6.5279  
11.6009  4.40555  9.16571  
3.75785  4.68321  5.15223  
2.87004  9.56092  5.62684  
5.56465  2.00187  5.8233  
1.01814  4.55685  1.62815  
1.61147  0.663861  2.03772  
0.42349  4.00721  3.11462  
4.46569  9.97726  5.40733  
8.11007  6.52398  12.4868  
3.8104  1.58976  1.46487  
3.38554  3.96541  5.47026  
4.29809  6.55819  2.57144  
3.40839  3.40906  4.30404  
4.05328  1.53393  3.3179  
1.00398  18.4934  4.83582  
4.29859  1.30318  3.05283  
4.07521  0.770823  1.84968  
3.85337  5.31066  3.78372  
9.63131  4.01019  4.77953  
2.97221  2.17731  1.87012  
9.73699  9.23809  6.92777  
2.51685  3.67603  0.853461  
2.02184  2.73935  2.80634  
2.68055  2.87416  1.06787  
0.74616  5.88656  8.46802  
2.08977  2.20975  3.40102  
3.18476  4.5739  4.73762  
5.75839  7.94728  1.25526  
7.24338  1.88247  3.71624  
10.3821  4.23571  3.82946  
7.47051  4.15125  3.94125  
4.6296  4.64929  0.826989  
4.14111  2.76385  3.64026  
5.04825  18.0937  1.57566  
1.39117  8.48335  7.88629  
3.00746  4.70303  5.16189  
7.3797  20.8322  8.63615  
4.19941  5.12464  6.03339  
6.01099  22.3391  6.47778  
4.65054  7.34023  7.61086  
9.78145  1.95737  5.16621  
3.90285  9.69296  1.13758  
10.0736  10.3855  7.92679  
6.33417  1.04121  0.951756  
5.12266  3.6971  1.06365  
2.41315  5.73068  3.19472  
4.26918  4.76635  2.54365  
9.00152  1.09106  8.13199  
1.20911  3.89866  2.95899  
1.09205  1.05338  9.30228  
6.54754  1.50149  7.03821  
2.41489  5.06035  1.46463  
11.6158  5.78426  6.67614  
11.0437  1.21898  10.0449  
5.52949  6.29114  1.15419  
7.32698  0.873543  5.16605  
1.53237  3.71639  3.84318  
4.65813  0.850582  3.71486  
0.789236  1.31898  3.7734  
1.73893  6.14314  3.94734  
6.01068  2.82239  5.90164  
3.64518  3.0176  3.82818  
1.82952  1.61573  4.77114  
3.13895  0.954223  4.17339  
6.94254  1.80926  4.67509  
1.73938  4.54528  3.73739  
2.94494  9.5764  12.4523  
3.30361  10.367  2.618  
6.41744  4.26807  5.30583  
0.374063  8.99103  6.71268  
6.41438  0.731043  5.68853  
15.119  12.2129  9.26501  
7.7064  16.4517  9.73647  
8.47418  9.663  7.96351  
5.89251  5.03656  7.81601  
4.82098  0.344608  1.50172  
4.58105  1.40003  6.065  
0.185855  4.91051  6.59228  
4.14337  1.27109  3.19315  
3.54082  0.60046  2.90168  
1.73553  3.89193  4.27087  
4.10804  2.39688  1.16267  
9.60297  3.76424  6.92221  
3.98678  4.91009  5.39996  
0.996014  0.61065  11.7834  
3.98204  2.90456  7.26416  
6.71937  4.06809  2.74652  
7.7057  1.5671  3.77523  
2.01642  1.10459  10.1675  
2.81666  1.27386  1.63744  
8.46766  3.63113  4.50816  
6.62929  8.61845  7.81836  
4.32382  0.316817  3.20432  
0.766964  3.25667  8.13979  
7.72538  1.70391  3.56779  
3.05906  3.97225  5.14708  
4.25836  3.27842  1.88824  
2.62871  5.26609  4.09511  
6.11847  4.81893  4.36715  
5.11005  5.02943  4.84461  
5.18806  3.67814  2.97107  
1.91928  0.629806  8.57966  
3.2603  13.6454  13.9758  
2.19766  2.73392  6.68802  
3.57519  3.72753  5.22121  
3.27685  1.53213  1.43346  
8.58855  0.44998  1.12216  
2.98887  3.13403  0.718134  
1.95301  2.25656  1.70547  
1.33613  3.42448  7.76942  
9.17169  3.58518  11.307  
7.58437  2.79259  4.59217  
3.05217  4.00201  0.957922  
1.28813  1.9713  1.78307  
2.26568  2.76904  1.78237  
2.7153  3.27422  3.35043  
1.98791  0.605708  2.46883  
1.79376  3.87618  5.51411  
1.79596  2.60079  5.72389  
0.675983  2.58716  6.76558  
3.46428  8.98478  4.36215  
1.06334  1.82939  4.72236  
0.9167  3.48752  5.81366  
2.77414  5.14268  4.84881  
3.69218  4.40892  5.6303  
4.5799  2.30326  4.04891  
6.26504  6.95208  3.85038  
3.2471  1.759  5.67028  
9.17909  13.864  6.84229  
4.21807  13.9591  3.69718  
3.39021  0.585114  8.94513  
3.87045  3.8515  3.14881  
4.71852  1.16372  2.29619  
1.57189  0.491986  2.34059  
4.08589  1.77694  4.08853  
9.31337  0.469774  8.17883  
4.29404  8.55782  10.3575  
1.15728  1.99791  5.50927  
3.76566  0.303599  3.22918  
1.68695  17.913  2.58776  
5.49289  2.02761  2.89696  
5.15805  5.02651  6.4208  
0.830591  14.1917  7.70702  
4.6478  4.57856  0.831067  
5.30603  3.13991  1.85911  
5.11758  5.84095  9.59199  
1.68268  1.91599  1.32137  
4.89249  5.50443  4.31249  
6.93451  3.67883  2.22633  
0.927815  4.52712  5.62699  
2.35984  3.33001  6.27102  
4.27668  4.8594  1.77806  
2.80741  1.72325  3.19654  
3.05913  0.945842  7.76835  
3.70518  9.11915  8.95663  
9.35196  6.91352  5.3676  
2.26393  10.3527  3.699  
1.45886  6.50759  6.3173  
0.746964  0.893689  5.98061  
0.874649  3.63826  2.80407  
0.503186  9.58154  4.95365  
5.32956  7.50358  11.2153  
1.29305  1.35694  2.83203  
1.10997  2.77937  3.72496  
8.37358  8.03692  7.42066  
3.84749  9.28835  5.85918  
3.1474  2.2109  3.04874  
3.89074  0.839803  6.54336  
6.3061  7.88553  4.2652  
1.54413  3.96151  2.27702  
2.73113  3.41505  2.57137  
4.11816  5.55251  12.8531  
3.36171  10.5106  2.73319  
7.21903  10.3287  5.02852  
4.35045  1.87506  1.64168  
3.32804  5.3956  1.17236  
7.35947  16.481  1.68249  
3.18714  5.10164  1.42118  
6.15382  9.29747  5.81722  
2.3427  4.03405  5.07991  
5.79223  4.23844  3.10296  
2.06887  1.5945  2.9659  
6.52155  3.96336  9.50019  
2.74549  2.82898  4.69365  
1.74581  9.17002  6.88782  
1.04221  9.03663  4.5221  
10.244  7.12951  10.4622  
8.13721  8.66991  8.68952  
4.39046  7.67733  2.15851  
2.17526  3.85252  4.18762  
6.73119  4.01722  11.4728  
3.0127  0.504984  3.21589  
8.83123  4.12942  3.50887  
0.486075  4.92733  2.75263  
5.34553  0.561781  6.24711  
4.92968  2.09181  0.71967  
4.09656  6.45839  6.38128  
7.28287  8.09891  8.09683  
4.40944  3.57287  5.69285  
3.87186  4.33744  1.0116  
5.00976  1.41202  9.52032  
2.23548  2.37279  5.12611  
6.51557  2.56164  7.11767  
1.20384  2.32428  5.01955  
5.73845  1.05441  2.35967  
2.85481  3.45774  0.941947  
9.14616  11.2762  2.95058  
1.79805  0.797207  7.02167  
1.94644  0.534181  4.98339  
2.32906  3.88999  4.2397  
3.28017  10.0308  1.0054  
3.65163  1.73937  2.21256  
4.55936  12.5666  2.90927  
3.73882  9.11661  5.76241  
0.425415  1.5795  9.19306  
2.52975  3.00043  6.41851  
5.75736  1.52354  3.4981  
6.2391  2.44135  6.80971  
0.394104  1.5593  3.73925  
14.022  7.52257  11.1859  
6.56791  1.70769  6.66513  
2.9715  0.494288  1.12097  
3.52007  0.231836  3.75715  
6.68771  2.71947  4.49876  
1.53365  9.9438  3.53687  
6.72705  0.251898  8.97316  
7.62563  2.27429  2.17214  
4.13605  0.632684  9.22375  
7.89533  1.15672  5.76013  
1.19748  7.58797  8.45094  
2.94623  4.7959  3.66117  
3.58123  0.840515  1.37577  
2.34489  6.92924  3.22387  
1.72904  5.64837  2.27439  
6.5634  1.66855  2.96011  
3.84286  16.2277  5.17264  
5.78678  1.85213  3.65583  
2.1173  11.2908  2.71539  
4.15928  4.52835  5.18869  
1.06599  7.191  2.83625  
5.00274  5.60137  6.55937  
3.89338  1.31772  4.45163  
0.875489  8.19572  8.72238  
5.76385  1.80281  4.10049  
9.82817  12.1356  5.16764  
2.74172  2.57595  4.596  
2.78075  3.59794  6.02611  
4.35622  1.14171  2.91641  
2.8216  6.20137  0.54896  
6.22174  3.48446  4.34467  
5.89662  6.05335  4.71877  
3.84967  3.53304  2.68116  
6.90263  1.32037  6.74706  
4.25717  5.57133  3.26383  
4.21345  2.34404  2.17217  
4.65618  4.32377  2.97845  
13.3036  13.7819  3.40412  
2.8276  3.08162  2.98865  
11.0668  2.78701  6.7351  
0.837081  2.52324  4.16874  
2.71935  12.5404  13.3658  
0.312095  2.87912  5.52433  
3.14687  4.78634  3.59903  
5.35468  1.05997  11.0485  
1.66358  6.37673  4.70142  
6.87949  14.4755  6.62633  
5.37412  6.22789  3.21856  
3.53176  4.76089  5.26728  
3.38523  4.86146  5.42946  
4.4711  2.03976  4.92359  
6.53475  1.0681  5.67442  
3.28994  2.27182  3.82009  
3.2367  7.00833  11.9443  
3.95291  3.46855  2.8272  
6.29156  2.84642  3.50738  
4.01562  0.611401  2.98261  
3.35457  1.19461  5.14357  
2.70371  1.18727  1.25534  
5.1613  1.07136  5.05277  
0.73522  1.73559  4.86615  
7.98374  4.66485  1.59763  
12.6559  7.46014  9.71429  
6.40186  2.76658  4.90751  
9.15405  2.01702  2.00684  
2.64721  12.9512  0.669884  
2.91018  6.92671  11.3433  
2.31416  0.254423  3.74587  
2.1698  1.05655  13.2079  
1.91125  4.85373  9.7585  
1.7669  0.59495  3.51215  
3.17676  3.36625  2.33839  
2.14671  3.75105  0.869901  
6.85339  10.5841  1.98789  
1.62788  0.974179  1.52927  
3.02643  2.13796  7.67255  
9.71124  3.76811  0.863392  
3.97909  0.95702  4.58803  
5.62547  11.4455  1.82695  
2.8022  4.06563  3.67686  
3.22803  2.3822  3.84336  
4.67642  4.15151  1.37694  
3.75835  5.28839  11.2748  
3.78093  3.925  13.9721  
11.7993  12.32  3.80333  
1.95881  2.52621  1.9572  
2.97547  3.41721  3.74265  
4.60449  11.6237  4.3144  
6.68574  6.49356  1.63852  
2.84869  3.35987  3.91909  
0.164567  1.667  4.32873  
1.74843  6.89401  7.6973  
3.42207  0.737749  1.93323  
1.61043  9.52061  5.6175  
2.46679  3.24806  4.35481  
8.29196  1.4196  0.507088  
0.692827  1.01574  2.60027  
8.0047  3.00847  4.82336  
5.90984  1.16045  3.50878  
4.13611  0.523569  5.5881  
2.24674  3.50121  7.72035  
5.21083  1.41871  4.065  
5.86592  7.54191  2.71882  
3.90995  0.889573  4.70297  
4.74015  12.9997  6.24286  
1.46972  0.405766  3.01005  
5.08345  1.13787  5.34324  
9.26941  2.30449  2.86616  
3.58652  1.03067  3.52607  
0.336206  2.53245  11.0805  
2.11432  6.16408  3.78415  
1.91344  6.77235  3.04711  
4.90287  1.15524  1.64491  
3.69239  2.0641  4.2053  
2.40458  2.53101  6.69446  
2.97735  8.93627  4.94373  
1.62668  4.04772  5.46421  
5.13066  2.968  2.01097  
8.68307  3.08815  2.78476  
2.7004  1.77679  1.50076  
4.74197  1.57347  4.09087  
2.76627  1.88195  5.67859  
3.09324  2.34056  4.00372  
2.96741  5.37187  7.07895  
9.27731  5.23471  5.86027  
4.52087  10.3231  8.15074  
2.20032  0.982891  3.0179  
5.84075  4.0737  1.48248  
8.29858  3.67221  2.61314  
1.04364  1.22725  4.43033  
3.85254  2.12507  2.161  
3.59779  2.18156  3.17832  
6.04611  15.7155  9.11018  
6.20936  5.35121  3.75049  
5.05666  5.02197  1.27358  
2.42517  4.30097  2.49207  
3.50516  1.37137  4.33091  
0.521231  1.71947  1.55934  
2.80222  2.45592  3.22332  
8.55733  1.08853  6.19656  
3.10545  3.74332  1.49057  
2.80998  19.3523  4.73992  
7.98156  2.8809  4.66093  
8.652  14.204  7.27081  
4.39514  8.10116  4.94779  
2.84483  3.95157  6.86096  
2.85309  0.694521  0.0623027  
7.92044  4.92823  7.49438  
1.33405  3.54229  10.2725  
2.018  3.38645  6.94506  
2.1419  1.50939  6.93767  
7.42006  4.07638  1.89094  
1.46011  2.20182  4.65045  
6.5456  3.53113  4.07389  
5.52113  1.99223  0.685446  
6.23483  0.458694  8.38836  
5.25996  9.07376  6.43441  
5.0007  9.77258  7.11198  
3.06917  8.20099  5.14346  
1.83957  5.38747  1.68751  
4.96921  4.69875  1.50587  
1.32493  9.13489  14.2714  
1.9262  2.11265  2.90401  
9.69773  7.38764  5.2629  
11.2643  3.49917  1.48298  
0.981704  1.3933  2.36602  
7.46915  1.64314  2.38523  
4.26107  3.65085  3.87244  
0.955145  2.96466  5.69657  
3.26959  1.03871  1.43149  
1.00111  6.36  3.96608  
4.38892  2.48465  3.13132  
3.13527  4.30841  7.00257  
2.18888  1.52077  7.27283  
3.03391  0.577508  5.49983  
9.33761  9.81607  5.86519  
4.47781  3.79499  2.06286  
0.595529  8.54694  4.15826  
5.01889  7.64137  16.7559  
3.60345  1.77639  5.99411  
7.06048  10.1609  1.71564  
10.7423  2.88053  3.28814  
8.3169  8.46351  3.18453  
2.73803  6.21991  3.68303  
5.35395  0.633137  2.64185  
4.55437  3.74922  4.38822  
5.31606  0.831542  1.20545  
3.44785  4.14008  3.35395  
1.88776  2.01266  5.78173  
5.46198  9.82915  2.67046  
2.4895  5.66738  4.4646  
6.02579  3.11161  4.11437  
6.18707  2.83586  2.35838  
1.10595  5.68688  2.52057  
1.60163  0.437945  4.2725  
4.5173  3.08779  4.16205  
9.06175  12.1654  9.55748  
3.70064  3.62289  2.49441  
6.17616  4.25128  4.76855  
3.33997  3.14426  3.78874  
4.08033  0.615306  5.32023  
7.09363  4.41533  7.50047  
2.60863  10.8207  10.881  
8.06443  2.84784  10.0491  
4.80422  1.26643  3.56155  
5.01631  2.93228  2.77481  
3.3843  6.12481  6.38282  
5.87859  0.97515  13.5048  
1.14943  10.7279  3.94974  
5.35268  7.8175  3.33413  
3.75463  3.43702  10.0438  
1.5964  4.11254  4.07903  
11.2164  10.0637  11.3467  
0.196846  3.14258  5.51505  
2.88662  5.69234  5.49749  
7.13948  3.12687  4.74231  
2.41351  0.870743  0.874739  
3.669  3.97898  2.26783  
3.10715  0.538195  3.56634  
1.0089  0.472651  1.60083  
0.956769  1.92629  3.66705  
3.71686  2.43883  5.82481  
2.40385  8.50716  1.46353  
2.90983  0.296163  1.82605  
2.29088  3.40252  3.10287  
3.5403  5.32617  0.668956  
5.35403  1.06183  1.95834  
2.4883  1.15642  4.5722  
5.55196  4.69757  3.02466  
2.17276  6.62947  9.00086  
5.81802  2.42759  7.15038  
6.32691  2.69522  2.81134  
3.30993  14.542  2.74283  
8.3778  0.875163  1.19773  
7.29339  1.95196  2.10232  
4.17138  0.610212  4.89581  
4.21611  1.70168  3.6365  
5.19655  9.52168  7.76749  
3.04344  1.38068  0.507697  
6.43229  4.70771  1.28549  
8.77872  12.7001  9.8431  
8.1881  2.94064  1.77235  
2.52659  4.35591  1.99299  
8.22325  8.13682  1.85049  
11.6748  2.45512  0.62041  
4.00288  1.76251  9.72262  
2.66596  4.18715  3.97201  
3.72758  17.8789  4.14148  
1.05592  2.8809  3.261  
9.3679  14.2228  9.99685  
4.89216  1.91013  4.41399  
1.55876  7.8208  3.86105  
3.66114  2.68771  4.12992  
7.60162  5.66236  10.0646  
3.13443  2.39629  3.07755  
5.06518  0.292554  7.42353  
4.88682  5.49627  6.69775  
4.55005  4.78381  12.7265  
4.44204  0.93762  3.4172  
3.20676  5.61058  3.26012  
2.05202  4.11278  2.32899  
6.55951  9.26504  4.06221  
3.20221  3.08841  3.60761  
11.1938  4.60791  5.63491  
9.87927  1.71218  9.2632  
1.51595  3.60378  0.445264  
0.165379  8.72045  2.95833  
3.08065  2.61126  1.88512  
2.16262  0.801818  4.3782  
12.9892  6.7951  4.24436  
6.72655  1.6377  3.66546  
2.7298  2.46936  5.48938  
6.64295  0.106391  4.12663  
4.2005  3.44243  2.39152  
1.23727  1.64884  3.78786  
3.50827  3.0124  5.23293  
6.2097  5.41119  2.4371  
0.889823  2.06271  5.02638  
3.83809  6.20902  1.66181  
4.21285  2.26397  10.7304  
10.0485  1.8706  8.84135  
6.74133  3.38499  4.30587  
0.815212  1.0823  6.66968  
2.14799  2.7981  5.47609  
2.01128  6.95457  4.89282  
3.8621  6.84869  2.89251  
10.816  5.68758  3.75038  
9.28494  4.3072  4.44702  
2.15965  3.38519  2.26087  
5.20452  1.60903  5.88117  
1.26108  4.69425  1.39259  
5.89302  5.06305  4.62618  
5.93777  6.6392  6.50255  
3.9197  0.497697  2.24458  
4.45624  1.05044  1.91976  
6.09694  2.524  0.888512  
2.84662  5.15569  4.94608  
7.48357  8.04129  3.26913  
1.81122  1.35251  4.11571  
0.144676  10.3315  9.94905  
3.97808  2.07714  4.48564  
3.47612  2.13565  1.52735  
0.815462  0.665963  4.84613  
5.04255  1.85328  3.7318  
3.42814  5.03096  5.58757  
3.32789  6.36038  6.51798  
5.04288  8.15618  3.46993  
2.6733  1.78504  1.919  
7.83768  3.1807  1.06484  
1.26151  4.88893  4.47733  
4.27731  4.05332  5.42646  
1.0122  4.55834  3.68874  
4.65263  1.27683  3.31277  
0.67639  4.88969  5.70381  
2.93065  0.652378  8.72872  
6.10997  6.65306  0.966841  
3.20669  1.53268  2.66405  
1.44238  3.36479  5.99881  
9.19175  5.57995  8.31777  
1.69015  2.38483  3.14549  
3.37729  1.53136  2.38272  
4.26991  4.4304  2.54162  
6.65345  1.0301  5.56293  
11.0217  2.30238  3.88984  
6.98231  1.91335  1.0987  
0.287444  7.51869  1.91665  
1.1118  4.51005  1.4065  
8.17203  7.65522  2.16879  
11.7443  11.8518  5.3039  
5.9401  5.4626  3.74353  
4.71443  5.77651  3.85225  
3.71156  9.8578  10.9362  
6.65235  1.0628  7.89798  
3.2626  0.741536  6.00682  
3.85161  3.48609  2.65929  
5.94931  0.441378  1.16565  
5.60977  1.14559  0.879561  
1.97006  2.28343  7.55953  
6.94382  6.43061  1.34143  
6.26206  0.84045  2.82152  
2.6645  2.16932  1.91856  
5.08566  4.06405  2.98574  
6.37809  3.23545  5.52676  
1.42963  2.44158  2.25347  
3.17785  4.39837  1.49642  
1.78418  2.64236  2.38108  
2.9271  0.291143  3.65329  
2.97309  1.20309  15.7917  
5.97722  3.47081  9.66897  
2.92255  1.31458  4.8967  
6.11479  7.0707  4.95243  
2.51812  1.66284  1.06299  
1.62878  1.21987  2.07767  
3.66352  2.88752  3.30121  
1.31354  3.21124  9.68637  
1.61904  4.85716  1.7299  
2.44771  0.994566  2.25755  
3.97609  3.11752  2.02005  
8.81475  8.05287  5.54195  
2.72696  1.47983  1.66025  
3.01349  1.98691  3.52707  
1.99067  1.00298  4.11881  
2.94115  5.24602  2.58369  
3.18354  6.58169  2.08284  
3.51872  7.6162  4.43834  
2.17172  3.43863  1.57579  
9.20356  10.626  5.52411  
3.2967  3.90837  6.09442  
3.16349  5.91233  8.46239  
4.57758  5.43092  5.44681  
4.09733  10.5569  13.1013  
2.14931  2.85286  3.58047  
9.66582  1.13468  3.81492  
3.75353  7.17476  2.57564  
0.557384  6.81814  8.17974  
6.968  8.35608  5.8342  
0.846445  1.99374  6.66707  
5.23774  14.9702  9.6376  
5.57268  2.91425  3.43156  
4.82652  0.731677  4.27397  
5.21356  2.5622  2.60142  
4.13087  2.27206  1.83224  
6.26283  2.73296  1.26247  
2.18847  9.89736  1.1405  
6.85725  2.32381  7.91329  
2.90023  0.442178  7.18291  
6.86305  4.94759  3.76303  
6.24891  1.56497  3.10845  
1.73677  2.34211  1.02353  
3.85211  5.42235  4.67062  
4.3081  5.49277  3.27201  
8.0884  15.8352  7.28983  
7.7428  2.50216  0.0970609  
4.67333  4.59597  2.20796  
6.36475  6.64433  5.53726  
5.3369  3.45208  5.59991  
0.703259  1.70393  6.36346  
4.28228  0.606366  2.27577  
2.96018  6.51332  5.05828  
5.88578  9.76858  2.59116  
5.8009  1.10355  3.5514  
0.796854  3.46604  5.63861  
6.83646  6.33623  1.94518  
3.33565  1.76246  1.48009  
6.42064  2.6024  1.73856  
3.88956  5.52997  4.59901  
2.34308  1.86624  6.81809  
7.9477  4.79753  4.29647  
0.873992  2.77524  7.54546  
5.40594  4.95715  4.16214  
1.45489  1.71953  1.65074  
3.61681  1.15482  3.32594  
7.89316  8.99431  1.38015  
0.944357  3.3215  1.43487  
2.89872  0.13442  2.78907  
6.14917  2.04747  6.57055  
6.01962  4.0686  3.07213  
3.93596  7.80023  6.90435  
2.67499  4.48517  2.91721  
8.76749  6.18105  2.63479  
2.89284  2.59982  6.04785  
3.24246  4.76478  6.21244  
2.80949  4.13521  3.99083  
6.86062  2.74946  6.10712  
1.77141  2.60139  5.21893  
3.14411  2.13446  3.10373  
3.07045  10.1598  1.45523  
0.485388  6.81198  1.13306  
4.29793  9.21986  5.97012  
1.5057  4.39473  5.24541  
7.14721  3.61562  7.35094  
4.02358  5.69297  4.60509  
2.24477  8.06023  4.58893  
2.85834  3.14758  1.40063  
3.81991  2.42409  2.41863  
4.43597  5.30411  5.37058  
8.44734  4.41461  3.51908  
5.6565  8.07547  1.65692  
2.83472  1.37685  0.651598  
1.84224  5.59389  5.1321  
1.61958  4.46854  1.3334  
2.49001  1.06214  17.5722  
1.28638  1.22295  2.61671  
2.3099  3.25813  4.65188  
4.6033  4.47131  2.63468  
6.75885  2.55881  5.81267  
5.00612  6.30179  4.04221  
4.95334  3.54603  2.47647  
2.25897  1.11491  3.31118  
3.26025  0.932154  6.09909  
3.01304  1.51547  7.89119  
7.65252  2.49864  2.39584  
3.5786  2.92352  8.03106  
2.07074  7.99766  4.52497  
3.13334  4.07057  2.67035  
2.51588  2.35253  4.18791  
2.66927  9.59983  6.60959  
5.66021  2.14813  1.58957  
4.88385  5.28062  2.68601  
6.52797  2.60459  5.53909  
3.15628  2.32492  6.75574  
1.43302  5.43684  2.28907  
1.98371  5.17215  3.45283  
7.09262  4.21532  10.4092  
7.30959  2.3667  2.59011  
2.17869  2.99861  1.3499  
1.36385  8.04649  11.5327  
8.78621  4.18096  5.58272  
10.3445  11.1189  1.60914  
2.33421  4.88876  7.13139  
6.67829  0.220194  4.92965  
5.64528  8.49464  3.55639  
4.75607  7.67917  2.07587  
0.964135  6.6551  4.35653  
6.15789  4.65596  9.07587  
4.34613  2.49374  2.91393  
2.57211  1.61538  2.24497  
4.36419  1.74171  2.15436  
6.68151  1.99524  8.41564  
2.62057  2.48611  2.30111  
3.27959  1.74302  2.02838  
6.86149  1.32503  0.967154  
5.75322  4.85802  0.856728  
7.59185  8.0198  9.25536  
8.79607  6.38041  2.695  
3.92662  2.37384  2.37693  
2.09848  1.28965  5.08304  
6.60898  3.98043  10.5282  
0.335796  15.325  3.27937  
1.83882  1.86396  4.00411  
5.81141  3.47808  4.91601  
3.13854  3.37338  2.8892  
2.57283  9.4619  3.97977  
3.47475  2.10203  5.34342  
3.57774  5.25825  3.97374  
5.15111  0.676263  13.0135  
1.41179  2.95876  1.85062  
3.62604  7.25692  3.40824  
3.40395  3.72686  9.48975  
2.40627  5.74949  4.09577  
1.1833  1.59031  7.25026  
5.88683  9.92047  3.57298  
4.54311  16.8286  5.69338  
2.4892  1.30914  5.17314  
5.19301  2.41996  2.50896  
5.20359  13.548  4.35062  
7.19819  4.23069  1.27067  
3.6027  10.664  4.12303  
3.98836  2.083  17.1257  
0.484021  5.38068  1.48484  
1.78561  1.42991  9.11851  
1.81446  9.45124  12.4954  
3.6732  6.36382  2.99666  
5.51873  0.353757  3.73614  
3.38214  0.735395  3.63063  
4.34923  2.72518  2.08154  
7.36687  2.15135  3.59584  
6.55336  1.23363  2.15182  
4.81103  0.258227  4.54034  
2.53935  2.11473  7.77069  
4.8203  5.06297  1.72482  
3.91992  2.26277  4.30408  
3.51378  4.06071  4.30244  
4.45692  2.86088  3.25071  
8.57555  1.31449  5.46768  
3.75603  1.43133  2.99113  
1.38148  0.508188  2.99098  
0.967766  3.98039  5.41052  
3.64382  2.65834  3.80534  
6.35002  9.30158  10.8069  
0.984623  5.82626  3.3902  
3.55397  0.272083  4.01217  
2.41378  4.99531  4.89428  
1.97362  5.29321  3.90133  
8.40414  0.966863  4.06954  
0.98453  1.91201  4.1251  
1.44352  5.55058  5.78764  
5.57175  5.49868  4.67021  
3.42575  5.60675  1.43109  
2.79515  4.11443  2.5775  
2.9935  1.84632  2.13948  
4.29764  3.87925  4.86989  
1.28738  6.21986  1.80663  
4.72096  0.347328  3.26504  
9.73775  5.98012  8.84854  
8.51771  2.38033  1.30211  
6.8491  4.62236  13.8306  
2.41694  0.974631  3.44215  
7.47493  6.44005  7.83435  
4.39814  0.756642  1.71589  
6.65897  16.0135  1.41131  
0.884142  2.98768  2.16004  
6.92478  1.11325  12.3126  
9.22732  11.0208  10.6919  
5.44021  6.10274  1.20614  
2.55638  0.788252  2.08536  
3.48936  7.55824  2.55661  
2.01476  4.9537  5.15524  
9.09174  12.8549  4.09342  
5.6952  8.46066  6.48032  
0.92868  6.72538  1.92777  
4.13073  2.79416  2.76555  
4.39577  5.84668  6.2882  
7.29745  9.16649  7.88224  
3.4226  5.56484  2.90288  
3.13572  5.18461  8.5259  
4.72845  4.87693  5.5745  
4.84194  1.36079  2.58105  
1.06839  2.16004  6.14508  
9.70445  4.95002  8.33353  
4.19141  1.52754  7.6427  
7.10829  4.99859  2.98313  
4.28647  6.9576  4.98955  
7.16021  11.6241  3.60733  
9.15183  1.72715  2.88792  
6.6989  2.12179  4.96399  
6.87069  12.6579  4.29918  
9.52259  3.10242  6.54881  
2.25823  4.65086  11.2581  
4.20004  5.25866  4.29865  
6.83216  5.03398  8.6814  
3.40642  1.6776  0.283855  
2.92378  0.900118  4.05974  
3.12608  9.12802  1.39801  
0.345555  12.8977  12.6597  
1.82113  16.3246  5.0848  
5.05693  3.76975  10.5039  
6.23164  3.1755  7.54419  
7.00872  4.90512  6.19464  
2.34039  2.61481  1.57992  
10.358  5.16407  6.57462  
2.37011  4.34511  1.45248  
7.16691  2.67216  7.02969  
3.15947  5.00185  0.949246  
2.04335  2.86619  4.26375  
2.23379  4.27541  4.86157  
2.51464  1.77671  5.44964  
5.48852  5.52497  4.66211  
4.15887  1.09339  5.2717  
0.963871  2.89376  8.85901  
5.73262  4.42819  1.50602  
5.61906  7.08648  3.28713  
4.24257  2.06983  1.5174  
6.20274  4.90899  2.38958  
3.94164  2.50272  2.169  
9.71648  0.11667  3.6511  
3.92679  3.4874  3.26066  
7.15736  5.58924  7.0102  
9.39045  11.691  4.54488  
1.8558  0.908049  0.46352  
5.51301  2.01797  4.57761  
1.03661  3.17772  1.79135  
1.78449  1.60674  4.0429  
6.41843  0.616824  2.45116  
6.63947  1.71814  1.05971  
3.29852  4.70328  2.39832  
2.00087  2.33133  5.50238  
0.802593  0.0608901  2.38313  
3.33258  1.63869  4.69078  
2.24586  1.85312  4.10181  
2.45636  14.9612  1.44632  
3.01112  13.6238  12.0442  
3.55481  10.7393  5.51095  
0.87276  0.240748  4.80409  
3.86781  14.7516  3.53365  
7.64405  12.7117  7.33506  
3.24087  7.96227  1.33091  
0.659383  3.14351  6.1677  
3.97589  5.52702  4.02527  
4.00892  2.58555  9.94534  
4.72417  1.19732  6.33969  
8.78612  3.01291  5.17369  
4.16372  0.68288  6.41793  
0.564753  9.07537  8.65648  
6.50336  6.13134  1.62538  
8.76261  0.76294  11.2033  
1.78206  3.73434  4.90911  
5.41173  10.0182  3.35418  
3.51111  5.54676  1.24175  
3.71798  1.91597  3.28796  
4.41124  7.01201  1.39322  
2.89901  1.49558  3.48391  
2.16257  1.52546  4.21735  
4.07768  6.53181  3.28047  
4.50111  5.49934  1.60075  
12.8787  16.7757  10.3406  
11.5778  3.01297  4.32354  
2.86565  1.33762  6.05401  
3.31583  5.10798  2.56981  
5.36864  3.28532  5.5506  
4.22994  4.02426  2.60267  
5.30118  15.4571  7.48451  
2.22188  11.6208  3.6363  
0.714498  2.5398  3.40456  
6.96104  7.63517  10.6236  
0.754177  2.4873  9.48765  
6.03864  3.23839  5.97784  
3.3835  3.44156  3.83879  
1.55757  3.4352  3.41333  
