1.79904  2.48261  
2.03546  2.15767  
0.517774  1.85189  
3.27499  1.79629  
1.24433  2.91885  
3.11275  2.63743  
2.00518  1.99982  
2.93787  2.51167  
1.56809  1.00472  
3.55896  1.95995  
2.08198  1.98192  
3.64319  0.954347  
2.37518  2.95227  
2.40137  2.17627  
3.11875  2.07943  
2.14467  3.32564  
2.43099  0.40149  
3.54765  1.93749  
2.17581  3.32472  
1.80965  1.3716  
3.92792  1.80284  
0.562947  3.35841  
1.76954  2.5974  
2.16667  2.29751  
1.77514  2.21274  
1.47749  4.43284  
1.90185  1.84969  
2.99995  0.669419  
3.3874  1.63574  
0.738767  2.3524  
1.31164  2.95489  
2.45856  1.48639  
1.4717  2.54248  
1.4222  2.9289  
2.47696  3.89229  
3.96471  2.84088  
2.91786  3.05752  
1.55721  1.70193  
2.19675  1.92697  
3.13115  2.98338  
1.30868  1.28902  
3.15563  1.95391  
2.88136  1.45844  
2.65369  2.06724  
2.68752  1.93403  
1.30004  3.05342  
2.87282  1.03  
2.56902  1.74563  
0.268698  1.83275  
2.43815  1.9255  
0.615959  1.94184  
2.82142  3.5012  
4.12954  0.66305  
2.95082  1.92055  
2.49712  3.31366  
2.25574  2.63955  
0.81139  2.1402  
1.09786  4.51772  
0.984925  1.34456  
1.82675  1.24712  
3.93202  1.80324  
1.64053  0.727493  
1.97318  1.58359  
3.53589  2.4211  
1.22771  4.40508  
0.653475  2.15171  
0.889997  1.35634  
2.5166  0.770654  
1.93513  1.64218  
2.06697  2.70911  
1.4507  1.83958  
2.5039  2.44172  
1.11444  2.04984  
2.04147  1.9529  
1.71371  2.5551  
2.71446  2.34979  
0.823925  2.60291  
4.02486  0.685933  
2.77094  1.82136  
3.39397  2.80389  
2.72561  1.48664  
0.95854  1.51525  
2.25347  1.81931  
2.43446  2.46073  
2.64179  0.56208  
2.01797  2.20307  
2.70829  2.10082  
2.32664  1.44339  
0.850528  0.954381  
2.03598  1.7162  
1.76296  0.859461  
4.07658  2.07173  
2.24928  2.28438  
1.09358  2.97748  
3.5248  2.99349  
2.07009  1.69946  
3.02815  2.19825  
1.53982  2.09897  
2.15106  4.03373  
3.75312  1.35582  
2.40184  2.55873  
2.80313  2.98889  
2.12052  1.99955  
1.05286  2.84885  
1.80525  1.78186  
1.5572  3.32341  
2.24061  2.4628  
2.44729  1.20211  
2.98384  2.06119  
1.97739  1.92131  
1.31839  2.72987  
0.777552  1.56208  
2.81657  2.13204  
1.15968  2.12417  
3.02196  1.25279  
2.09259  1.41657  
1.2044  1.41036  
3.0938  2.43888  
1.18626  2.08587  
2.56584  0.988343  
2.4013  1.16768  
4.85038  2.46459  
0.806767  1.78319  
2.07998  3.01016  
3.21579  1.04969  
3.18756  2.54517  
2.60783  1.3426  
2.26666  2.15341  
4.74446  2.00939  
3.3133  3.70671  
1.50069  1.92544  
0.699517  2.5209  
1.98648  2.06458  
2.80746  2.39363  
1.18497  3.48261  
5.10837  1.82632  
2.21673  0.73305  
1.90962  4.5815  
4.05531  1.67301  
2.45225  0.232161  
2.57952  1.38308  
1.80254  2.02532  
3.24803  2.48874  
1.84251  1.31508  
1.61278  1.5925  
3.60773  2.26112  
1.86034  0.827174  
1.49195  1.91255  
2.35206  1.49116  
3.72326  1.10252  
4.14479  1.79096  
1.04786  1.59541  
3.97394  1.60279  
0.76337  2.19834  
3.06237  2.38169  
1.66797  2.32203  
2.28838  2.88046  
2.12811  2.29086  
1.23869  2.49495  
0.518095  2.10491  
0.690251  1.89917  
2.33968  2.67645  
1.27978  1.3085  
1.53479  1.85224  
2.41436  2.96976  
4.01229  0.881496  
3.32907  1.3357  
1.40098  1.09303  
0.745532  1.20219  
2.89424  1.35437  
0.878206  0.938168  
1.62976  0.778025  
3.36676  2.33826  
2.71342  1.01491  
2.4121  2.55304  
0.742833  0.658284  
1.98251  1.04893  
0.583939  0.922646  
2.30516  1.263  
2.48394  3.33475  
2.18671  2.59857  
1.33347  2.0031  
2.44667  1.9246  
0.615978  2.25513  
0.724641  1.91775  
1.89214  3.13561  
3.39781  0.97424  
1.5297  2.25669  
1.36372  1.96467  
2.28731  2.25119  
3.72989  0.76815  
2.87268  2.4046  
1.01019  2.59003  
3.15426  1.52698  
1.20848  0.940476  
3.25977  1.74468  
4.08125  0.207376  
1.92141  1.54124  
1.66984  1.85816  
1.4644  2.32005  
2.33879  3.94734  
1.23457  1.49737  
1.44023  1.59108  
1.03726  3.62091  
1.989  2.01709  
3.02176  1.97135  
0.959687  1.06285  
3.24254  2.21477  
2.38957  3.10043  
2.74596  1.95861  
2.40586  2.45248  
1.14207  2.3216  
1.59606  1.34973  
2.08502  1.93054  
2.99744  2.01884  
2.9307  1.39624  
2.70237  1.17298  
2.31815  2.87062  
1.67832  2.06313  
1.10459  2.37007  
2.16902  0.976692  
0.918567  1.18199  
1.44135  2.57875  
1.20679  2.65372  
1.85624  2.50618  
2.86897  1.91572  
1.82204  1.87368  
4.60568  2.20647  
1.12374  3.12758  
2.22204  4.17756  
2.00323  1.99713  
4.08297  1.48279  
2.26076  2.01342  
0.468346  2.83103  
0.74956  2.3625  
3.12951  2.77044  
1.43796  1.66717  
1.35702  0.320307  
2.44202  1.68387  
1.80416  1.43806  
2.38548  2.90419  
1.55849  1.52962  
2.61003  1.56471  
3.15537  2.6643  
3.70169  0.856618  
1.22912  2.44507  
2.72351  2.35115  
3.51779  0.935999  
2.73649  0.755842  
1.6489  0.491914  
2.92234  3.38973  
1.58505  1.89792  
0.799216  1.80371  
1.55512  2.77185  
1.36159  1.72646  
0.949097  2.19604  
0.763449  1.52488  
1.57928  0.861258  
3.19635  2.04752  
0.716484  3.91503  
2.00734  1.84851  
2.75727  3.58727  
2.20798  1.80809  
2.26861  1.34816  
2.75488  1.39255  
1.42721  1.86959  
1.88434  3.76364  
0.533508  1.27103  
3.816  2.64717  
2.74835  2.31199  
1.38475  2.49537  
2.79929  2.08772  
1.08081  2.26414  
1.84305  2.08241  
2.0661  2.89404  
2.27064  3.08528  
1.77927  3.02266  
1.83171  2.80549  
2.17406  1.76457  
2.33832  1.17381  
3.15343  1.70821  
1.79083  1.67756  
2.07308  2.78675  
1.75446  1.71969  
2.67917  1.73492  
1.84959  1.15947  
1.67367  1.66155  
2.23449  1.89237  
1.61893  2.9409  
2.71017  1.66665  
2.90856  1.51841  
2.57422  3.07801  
1.62129  3.61665  
2.14328  1.27402  
2.70665  2.8343  
1.67002  1.7155  
2.22401  1.94816  
1.74468  1.08998  
1.04716  1.63472  
4.14307  3.10942  
1.87548  1.59105  
3.49842  1.997  
1.44998  1.13011  
1.32898  1.1131  
1.55308  2.48153  
2.01124  3.41684  
2.20466  2.41583  
1.6001  1.90619  
2.40527  1.40546  
1.75705  1.16103  
2.55486  1.61552  
1.51915  2.98205  
1.76181  1.50984  
1.93133  2.21021  
3.61085  2.52586  
1.40047  2.44801  
1.97207  1.99463  
1.45066  2.68251  
2.51234  2.90816  
2.23949  1.68998  
2.35265  3.46249  
3.86516  1.55934  
2.95553  1.05117  
3.19241  1.256  
3.02266  1.3755  
1.83875  0.562343  
1.43874  1.54508  
2.62737  1.91  
4.07767  1.8465  
2.3511  2.95625  
1.5495  2.98531  
2.80685  2.24375  
3.99789  3.20221  
2.74993  3.2103  
0.906053  2.4578  
1.97818  3.64248  
2.60226  2.13669  
1.96136  1.4458  
1.99341  3.00262  
4.00045  1.56658  
2.37844  1.64594  
2.0355  1.45649  
2.59236  2.08366  
2.21443  2.42463  
2.62005  1.60299  
4.59228  4.00064  
1.29058  1.5588  
0.221894  1.74508  
2.18145  0.507811  
2.27299  2.70216  
0.390437  2.41256  
2.21711  1.60768  
0.881006  1.42588  
1.58638  2.80089  
3.54758  0.932172  
2.05516  1.23887  
1.92442  3.00457  
0.440707  3.53648  
1.99809  0.931385  
2.73067  3.04123  
2.27428  0.632572  
1.73584  3.24905  
2.54959  1.62748  
3.2062  1.49662  
2.47727  2.51486  
1.03239  2.04229  
3.22648  2.68323  
0.41967  2.5871  
2.19523  1.51192  
3.48758  1.41923  
2.5694  2.94765  
2.40358  1.80475  
3.15684  2.16554  
4.56812  2.65927  
0.596544  1.52423  
1.49335  1.19759  
0.914543  0.7923  
1.50885  1.47613  
1.87135  1.82335  
2.66108  1.38786  
2.06242  1.27997  
4.69166  1.56831  
3.21987  1.81349  
3.9799  2.41019  
2.12715  3.13765  
1.88378  1.2703  
2.441  1.15963  
3.63945  1.02289  
2.32049  3.62895  
2.53034  0.806204  
2.8464  0.191905  
2.77909  3.49152  
2.65207  3.83559  
1.30919  2.77985  
1.23924  2.22355  
1.11691  2.68559  
1.31263  2.05205  
4.63658  0.152532  
1.95765  2.72891  
1.96091  1.6278  
2.52147  2.88737  
1.86918  1.7056  
2.76451  3.24773  
4.72411  2.11835  
0.833775  3.1842  
1.13995  2.38021  
1.28665  1.15018  
1.47639  1.71951  
1.89334  3.55748  
1.56902  1.83597  
1.9422  2.54542  
1.97371  2.88068  
3.36511  2.00649  
0.990222  2.99479  
1.6831  2.16239  
1.43924  0.779974  
1.42677  1.45407  
4.5304  2.59604  
1.75818  1.99432  
2.25268  2.78732  
0.335557  2.22779  
3.59203  2.40449  
1.20966  1.28634  
1.21273  3.50094  
2.64994  1.65322  
1.49993  1.31002  
1.01478  3.07175  
1.91028  3.73562  
2.57645  1.65445  
3.56552  1.19992  
1.37835  2.1746  
3.56178  1.60342  
2.58862  2.53779  
1.23837  1.71653  
2.47273  1.39096  
3.33655  1.40049  
1.19438  2.20059  
1.77103  2.89172  
2.92249  0.736358  
1.58161  0.538522  
2.40114  1.56976  
0.817468  1.49782  
0.64381  0.940401  
1.1697  1.86395  
3.83538  2.58831  
1.49248  1.58305  
2.35509  2.65042  
1.68695  1.37696  
1.95899  1.41483  
4.33242  1.00875  
1.5564  3.20518  
2.19384  1.54326  
0.968346  2.53432  
1.49554  1.39625  
1.53331  1.30367  
1.21508  1.04131  
1.30764  1.47928  
2.42055  2.08258  
1.5699  2.33266  
0.855904  2.58189  
1.61499  2.84009  
1.8693  2.31303  
2.79487  0.685485  
1.47655  1.83207  
2.94323  1.14526  
2.54757  1.93402  
3.87716  1.58837  
3.03642  2.36134  
1.44079  2.81115  
3.14208  1.42496  
3.18638  2.82681  
2.73627  3.703  
1.29385  1.89115  
2.01515  0.940774  
1.81777  3.21233  
2.51544  0.534806  
3.54879  1.49314  
2.06013  0.691579  
2.29599  4.15423  
1.4381  1.61932  
1.43559  2.71058  
2.20626  1.87778  
2.59417  1.27138  
0.93452  3.75862  
2.09651  1.03817  
4.89441  3.59373  
1.93863  1.80266  
1.63166  2.59341  
2.4689  0.737006  
2.8716  1.18765  
2.6207  1.87902  
2.44821  0.862901  
1.93297  2.55887  
2.48529  1.82192  
2.92187  3.89263  
2.33057  1.28603  
2.85129  0.370141  
2.32583  0.802379  
2.80487  1.34228  
1.42646  2.15272  
2.72599  2.43573  
2.4107  1.12332  
2.75213  1.02272  
0.851649  1.53504  
1.39446  2.6685  
1.37694  2.69626  
1.92299  0.916483  
1.731  2.04905  
5.32285  2.8444  
1.96728  2.33017  
2.46704  1.33252  
1.32876  3.05508  
1.94718  1.89942  
2.38525  1.44661  
1.25487  1.00317  
2.1994  1.78076  
2.23031  1.31316  
1.52333  2.1073  
2.46211  0.864599  
1.28396  1.06564  
2.51749  3.7855  
0.792722  2.61092  
2.32737  0.458165  
3.50915  0.638977  
0.907816  1.11993  
1.14353  0.930054  
1.33669  2.41147  
3.0562  2.259  
2.98861  1.35582  
1.51331  2.35395  
3.35168  2.01904  
3.89641  2.64621  
2.99082  2.32283  
2.14881  3.26358  
3.16405  0.662994  
1.70313  3.17238  
0.869598  3.63607  
1.49884  1.64119  
0.415441  2.85252  
3.61927  1.05666  
0.958976  1.99784  
1.10075  3.50388  
2.60214  0.798253  
2.29012  3.65642  
2.20502  1.90912  
2.33524  0.862444  
0.843726  2.67528  
3.55544  2.30536  
3.45264  3.34123  
2.52276  2.59788  
3.4985  1.74536  
2.80969  4.09879  
2.06745  1.68958  
1.40417  3.47992  
1.51807  2.12921  
3.55336  2.06087  
3.94917  3.80439  
2.09256  1.96716  
1.12719  1.32434  
2.89012  1.91164  
0.944958  1.71856  
2.29227  0.820544  
2.61413  1.47976  
2.99258  1.48744  
1.21807  3.55786  
1.81712  0.607961  
1.70231  2.40561  
2.51454  1.41872  
2.91444  1.94344  
1.83582  2.08053  
1.89737  1.50088  
1.46203  3.01454  
2.27813  1.1292  
2.61925  2.55973  
1.59519  2.45905  
1.68626  1.45919  
1.33427  2.14603  
4.50299  1.13052  
2.74548  3.45082  
2.47796  0.0815031  
1.54265  1.32326  
1.16466  2.48168  
2.27928  2.88385  
1.13409  1.28487  
2.85178  2.37129  
2.61004  2.99829  
3.02253  1.12695  
2.21232  0.855363  
1.24792  1.2021  
3.0991  2.35026  
2.33952  2.06616  
3.35925  1.48152  
0.968531  1.39789  
3.80678  1.10026  
0.62291  2.94709  
2.05258  2.42991  
0.384681  1.95776  
1.34405  1.01112  
0.807719  1.72754  
3.18139  1.45894  
