1.02828  3.12541  3.11415  
11.1346  7.28938  10.1794  
1.24632  0.594444  3.47054  
3.47498  3.12634  1.23489  
2.43712  8.09231  5.56538  
6.66341  0.201817  3.79494  
5.30447  3.62726  3.57003  
4.46752  1.20011  0.312031  
4.98172  2.34431  4.45439  
2.54474  1.48761  7.93326  
1.16378  1.6331  4.59311  
0.621831  0.658212  3.03686  
10.2465  5.46925  1.01762  
3.68111  3.4586  1.86815  
0.239097  4.2696  1.64523  
0.710365  0.630905  5.2727  
11.5344  3.25601  3.85739  
1.50008  5.26679  3.12056  
3.44316  3.99123  5.92434  
0.637497  2.8746  3.83193  
3.05008  1.6576  3.02647  
2.95026  8.44485  0.813058  
6.46109  3.67198  5.17133  
4.36591  4.4213  2.30813  
2.73627  2.79386  1.47821  
3.08946  7.11283  5.58943  
1.43583  6.00514  3.17821  
4.25872  3.73122  4.86109  
3.46397  8.60742  5.66235  
8.2421  8.35045  7.77495  
4.02223  0.696932  11.0396  
1.23169  4.36932  3.2969  
5.47164  8.79153  7.72364  
2.93571  7.16193  12.15  
1.19512  4.69046  4.81294  
6.60029  13.397  4.77786  
2.6491  1.89672  6.5183  
3.51144  0.268533  2.6803  
4.49026  6.30885  3.36687  
7.79338  5.66023  5.09358  
1.974  0.327642  0.875518  
2.8943  4.92501  3.61989  
6.05688  7.38273  3.18712  
1.24891  1.49752  8.48568  
2.48463  5.49691  5.26832  
2.25832  5.53892  0.411587  
3.63565  2.30992  2.71972  
3.89695  4.34254  8.15573  
2.27325  3.89674  1.17268  
3.15654  11.4372  1.71032  
4.18133  4.86179  3.93746  
1.67208  1.48598  5.45361  
1.79115  2.52406  1.63739  
1.32039  7.12201  1.05958  
3.13767  0.813078  6.6828  
4.25794  1.3708  4.1642  
2.6887  2.21933  5.11253  
8.0038  10.1831  8.47036  
1.24232  10.3999  2.73624  
5.38758  4.1099  2.22022  
4.57473  1.98541  11.7818  
3.98505  4.56898  2.48858  
3.32273  1.54058  2.1077  
5.41383  9.36991  2.72609  
10.4763  5.88116  3.45078  
4.68128  8.39961  8.78591  
3.70248  6.81241  2.12089  
0.868927  1.3029  4.47261  
5.98622  7.68115  1.34103  
4.00241  2.18898  6.10579  
4.37002  0.374991  3.87292  
3.58658  4.83069  3.6305  
2.65776  1.16473  3.10721  
2.985  1.08697  6.11443  
2.45523  5.26462  2.65708  
7.27536  12.7987  2.75552  
5.81116  4.1126  3.38918  
6.70262  13.7258  10.6527  
9.18186  2.34243  1.21861  
5.60314  4.00475  3.11056  
1.67239  2.80852  3.34888  
2.66304  5.18415  2.05232  
2.54258  0.37092  2.02674  
2.04463  2.05158  6.01212  
7.93795  1.60671  2.56165  
1.45342  6.8355  2.23694  
3.32938  1.44536  2.41842  
5.77577  4.6702  5.59772  
3.6489  0.0757157  1.04595  
4.45517  2.27246  8.30605  
4.44739  14.1229  6.57129  
1.50409  3.08601  3.36559  
4.36986  8.3917  6.34825  
4.01098  6.26136  2.46392  
4.18808  2.44927  5.07193  
3.98206  6.09171  3.22514  
1.22185  0.278652  9.51896  
0.658497  4.6821  1.88635  
8.83309  4.86543  1.62661  
3.84226  7.79047  2.15346  
7.54388  7.82922  6.32605  
2.28267  4.32734  3.57715  
2.08982  4.53516  3.83546  
7.03076  6.7757  2.49403  
1.14941  3.55415  1.39558  
5.87435  6.14938  1.15408  
7.34931  1.64987  7.18562  
7.90452  6.14932  4.30576  
3.17477  1.43659  1.76795  
1.32667  1.39701  1.34709  
2.98061  6.34976  5.27698  
2.84642  3.16772  1.69396  
2.72371  0.175702  4.0785  
4.22271  3.45003  3.42472  
3.31459  4.50945  2.46132  
2.737  2.27779  2.53568  
3.45978  3.11746  5.9587  
5.89497  1.07603  10.5393  
6.21376  0.567531  1.81547  
4.53646  3.4558  6.84317  
2.72139  10.8611  1.69359  
2.62935  2.88962  4.69645  
2.52039  8.64399  6.6404  
0.113276  15.1949  13.084  
5.52091  3.28518  2.0967  
2.93269  3.91284  3.81713  
7.788  8.25216  3.40619  
3.42629  4.79087  9.80772  
9.57732  6.85503  3.56575  
6.32938  0.966905  5.03353  
2.17594  6.7111  4.33704  
10.2259  5.32247  8.24649  
6.9275  12.917  9.45122  
7.81478  5.94284  4.16058  
7.18343  1.09924  0.880918  
3.85408  4.73564  8.10004  
1.481  3.75029  3.94108  
4.37994  6.28214  7.09372  
0.412572  3.63435  17.2973  
3.69183  0.548072  6.55731  
2.5231  1.46676  5.64346  
3.18665  0.954496  3.83766  
5.64952  1.77334  2.90705  
2.66924  3.68092  3.55628  
3.47102  0.884377  2.50635  
1.90493  1.72997  7.34258  
1.73281  7.44887  9.36752  
1.60181  3.37666  1.92545  
2.6423  1.15861  1.15604  
1.62787  3.01947  8.15154  
9.59791  2.40515  17.0793  
1.19327  1.17042  2.94389  
8.48342  4.25685  10.7808  
5.67808  1.84595  1.93859  
1.60301  6.14245  2.20698  
1.26256  4.46602  3.64865  
4.64532  1.96114  4.12678  
1.93588  1.11236  1.65356  
3.62384  4.00504  2.71967  
2.42713  3.53342  2.75893  
5.47374  2.22561  5.53327  
2.88935  6.75273  3.48047  
5.80961  3.95925  7.76775  
2.82815  0.848054  4.17431  
3.63803  9.35346  7.3348  
2.37659  1.09278  5.039  
2.22816  1.91449  4.51934  
9.17382  11.9061  4.30481  
3.97845  2.01932  5.69571  
2.01742  0.739721  5.06607  
3.77362  2.58959  3.95912  
2.41081  0.903188  4.62275  
4.18502  2.02156  1.37939  
4.95142  3.67168  6.61356  
1.98159  1.78625  8.61342  
2.88606  9.92713  10.3942  
5.6618  3.35414  5.93413  
6.51848  3.41841  10.9767  
3.67713  5.97289  3.568  
3.47351  4.7631  3.56943  
3.15614  4.07327  2.67612  
4.34071  3.45915  3.07392  
4.12975  1.63147  2.4756  
7.6622  7.73193  4.25621  
4.74564  3.61053  4.59264  
5.23724  12.2958  8.46781  
4.10735  2.83563  4.66487  
5.05555  2.01959  7.91796  
4.55432  4.4668  2.63967  
7.54633  3.70449  5.04878  
1.33146  9.03429  5.19203  
1.69668  5.4612  2.74868  
1.77634  1.31926  1.65716  
9.67221  2.61036  7.56528  
6.76793  4.8915  9.09972  
11.612  8.21172  3.2874  
4.79484  1.57309  4.08948  
6.33656  4.34775  5.54965  
2.51616  2.06937  4.93688  
3.07639  2.37538  3.07615  
1.84726  2.34936  2.48499  
1.17823  0.673844  5.31077  
1.89496  4.27257  6.68563  
0.938452  4.23255  3.40126  
7.8185  4.76369  4.4299  
4.73061  1.12458  11.0611  
11.5119  10.3985  6.42547  
1.44728  4.49656  3.70493  
1.62874  0.756991  5.43567  
1.46598  2.04541  1.74914  
1.42709  3.02409  2.49341  
1.96828  5.53281  5.25518  
9.14235  0.589615  3.93713  
9.75524  16.2725  11.1033  
4.37608  1.28672  1.92135  
4.94672  1.02117  4.42605  
7.6388  3.38587  10.3455  
0.0889372  10.5355  9.09212  
7.95508  13.5984  13.079  
6.14072  2.73111  2.59523  
5.14396  4.95774  11.1798  
4.06314  1.13753  1.16389  
6.48083  7.18267  9.47887  
3.94197  3.54984  1.03371  
8.23848  3.55428  5.65952  
3.41954  11.5153  12.3282  
3.50186  4.89172  6.88046  
1.70362  1.94067  6.36942  
12.152  0.982093  6.78922  
3.35446  6.52552  1.08389  
7.55691  14.2032  7.34941  
3.89794  1.02217  8.11737  
6.28943  1.23917  5.27895  
1.14668  4.47828  8.08125  
4.65231  1.82566  4.74273  
4.49087  1.0779  1.36791  
2.4429  1.8886  4.92793  
8.60477  2.02948  12.6328  
6.74804  0.849034  2.56424  
1.09595  0.0172028  4.50161  
2.06752  1.66086  1.13544  
6.37686  1.8005  1.7862  
2.82186  0.953995  1.1042  
6.48241  9.47798  1.32203  
3.83124  3.26416  3.48064  
1.13394  2.17908  3.42604  
1.02361  2.2496  0.6744  
0.676136  2.02715  4.78919  
6.6636  2.16108  1.09391  
11.6787  12.2651  3.44828  
3.20154  3.2351  4.09983  
5.85719  2.28791  4.60763  
3.87106  5.31047  2.34876  
2.8339  2.43727  0.856682  
2.00534  1.12286  0.827106  
2.06721  3.09168  4.46315  
5.26563  0.705663  3.11011  
4.73808  7.44619  3.08352  
7.50078  2.92582  5.99928  
2.91063  1.43256  7.99466  
5.23418  0.220002  5.34997  
5.35927  2.00141  3.06333  
6.88563  0.461303  2.22913  
8.02741  6.00722  7.83807  
5.81381  17.8541  2.18533  
2.12624  8.21534  6.64231  
2.12082  3.09019  3.61042  
6.7671  5.55054  2.26176  
0.284085  3.95742  9.23648  
3.16404  6.956  3.63824  
4.20958  1.28445  3.98806  
1.69659  0.397684  3.42842  
3.69275  0.355048  5.83988  
2.88675  2.42435  3.90232  
4.04816  0.153364  11.2094  
3.17011  0.896784  7.94645  
7.34726  6.53739  5.18096  
4.26308  0.318542  5.34526  
3.94769  3.48855  3.5075  
4.07425  0.606877  2.96995  
5.98785  5.61454  8.12737  
6.07258  1.43099  5.2541  
1.29552  5.792  2.15051  
7.81692  3.91649  1.39808  
2.87975  7.50852  7.87148  
0.357565  0.671589  2.05463  
4.34846  8.59597  5.35725  
3.76646  3.95379  1.74849  
2.21104  8.08081  7.43463  
2.24096  9.61371  2.14783  
7.57981  7.29582  2.34088  
5.56404  2.66244  6.31429  
1.29911  4.05899  1.77846  
4.94552  3.27135  3.60921  
1.14121  4.40559  2.71005  
2.61841  7.78749  6.67656  
4.93969  3.9174  2.87978  
4.39731  2.00101  1.23197  
4.33694  7.30942  5.06217  
7.20132  0.773359  5.15364  
4.93564  1.25234  1.12762  
6.74809  3.74439  3.99741  
6.54187  9.8002  14.7456  
8.5403  1.33822  4.92934  
3.53042  19.6466  3.41856  
2.09377  4.21026  6.84842  
1.83883  5.59953  5.37818  
2.51368  1.02014  3.34958  
11.3469  5.65335  5.74056  
4.92309  1.47408  1.9802  
3.26756  0.462305  1.72073  
2.58973  3.14191  3.85033  
3.89537  1.6144  2.96519  
3.59845  1.34376  1.40725  
2.08694  3.91071  9.34353  
1.41091  4.62356  7.1541  
3.66403  1.0331  5.37031  
8.27588  1.91478  6.19317  
6.01534  15.7178  7.25571  
2.54819  3.53604  2.81193  
0.971153  1.04424  4.43948  
5.70211  1.63011  4.21504  
2.16786  4.63329  5.5457  
1.10706  8.17822  5.56806  
10.8222  0.830221  8.89174  
5.41988  18.0278  2.62267  
12.7775  4.90632  2.77778  
2.79375  2.39445  4.59557  
2.51444  3.10435  4.22068  
4.20921  2.9097  3.30687  
4.2718  0.320864  5.84476  
2.01272  2.90921  5.29856  
4.93409  6.79455  5.19707  
3.96078  0.574723  1.70467  
6.0257  1.95389  4.20952  
9.0455  2.05835  3.60207  
0.267109  14.5598  10.1768  
4.63447  3.00207  2.59798  
13.4208  2.85625  0.977105  
4.90509  2.06066  3.20145  
1.00139  0.654111  6.6176  
5.32797  5.31676  12.578  
7.61525  7.39491  6.77452  
2.62624  4.99382  3.06722  
2.127  4.88646  2.54186  
6.86961  1.6739  7.14254  
5.85296  2.21066  4.39561  
4.28286  4.36265  1.40253  
10.0331  10.382  1.99944  
1.80076  13.893  7.91553  
3.50528  2.96411  9.3011  
4.52453  0.547953  1.49693  
15.7305  2.58451  6.25037  
2.82381  4.72364  2.24836  
13.4276  0.632965  9.46402  
7.46415  3.54713  4.03048  
1.28645  1.12719  0.967341  
6.65011  13.7813  16.3142  
5.00583  3.40822  7.97381  
1.79901  8.01969  5.57787  
4.55525  0.236813  3.99282  
8.72494  3.13393  6.12253  
3.13805  3.33907  2.64138  
5.92264  5.48947  5.56281  
9.44599  8.18446  1.55805  
2.53559  0.950317  7.30807  
5.02195  12.6398  15.0631  
3.31314  2.35012  4.16361  
1.09238  0.94452  6.33392  
1.97606  6.49937  2.97248  
8.99246  2.36519  2.85938  
8.35016  1.34909  1.82626  
4.23687  3.20187  2.42911  
3.788  7.05383  2.01558  
13.0057  8.90465  5.80547  
3.62961  4.74322  3.7885  
2.96129  2.4283  2.21225  
4.22663  3.81631  3.34888  
5.22059  1.9011  5.72412  
1.78302  5.22605  1.5087  
2.32914  4.85092  3.04614  
6.80312  3.61583  8.83361  
1.46502  3.38255  3.62704  
3.0443  4.89338  8.43488  
2.81905  13.9492  3.59985  
1.9362  4.68235  8.95156  
6.55786  3.2194  7.10599  
5.63192  15.3508  9.47414  
3.76409  4.28563  3.19021  
6.82142  1.50344  1.66004  
4.28393  2.44386  1.35507  
5.94796  14.5765  8.53725  
6.50838  4.94075  4.31956  
3.70125  1.29007  3.0576  
7.90099  6.27989  3.31935  
1.64923  6.14459  9.52198  
3.3261  2.33631  4.00646  
1.4198  0.955054  3.89344  
4.60384  6.42433  7.43143  
3.54452  2.46613  3.82143  
3.88777  2.50763  7.60437  
4.33678  2.26729  2.08389  
1.03513  9.3857  2.00406  
10.8711  7.94481  5.79417  
6.36714  0.943674  1.59815  
2.00122  3.17142  2.81566  
8.79846  9.32276  1.94772  
7.77077  3.03878  2.98188  
14.8674  11.0313  1.22758  
6.34913  4.63355  1.14328  
2.80061  0.909556  3.52098  
5.68618  5.87257  6.39709  
5.7228  10.2771  1.55135  
5.91789  1.97134  7.28674  
11.5091  3.95134  1.95969  
2.31141  3.25816  1.34178  
3.62877  3.5039  2.9578  
8.81313  3.64556  7.35492  
9.33117  5.13636  4.19897  
2.47949  0.810596  1.44399  
8.83096  1.85116  5.04384  
1.58483  2.49379  1.41615  
3.21655  1.32643  3.37041  
1.52354  3.95057  4.52283  
3.49337  2.68566  1.46431  
2.3082  4.67932  3.2044  
11.4041  1.11361  7.41459  
2.45839  2.84979  6.60296  
1.05978  3.20067  4.55582  
1.82823  6.2608  1.48288  
3.28648  3.97384  9.84604  
6.75345  11.0253  8.23937  
5.40126  1.32035  2.6943  
1.69405  6.42788  3.65466  
12.8336  2.08145  1.66381  
6.33577  8.02678  10.7654  
3.28524  1.59938  5.54964  
1.64981  1.70466  4.24463  
1.69257  2.57087  3.30692  
5.3026  3.62083  4.45125  
2.07894  1.01276  2.87585  
3.63497  8.24297  7.80892  
3.29929  5.93687  11.7871  
1.85257  4.91094  1.45175  
6.80715  4.21513  4.20874  
1.42767  5.22575  6.46772  
1.68137  3.33154  3.98648  
5.33547  1.52659  6.91242  
2.92275  4.17934  1.63802  
2.09167  1.72997  10.4463  
8.20282  14.4448  6.36543  
8.80889  6.24717  3.20463  
3.18836  9.20708  7.38442  
3.66448  1.53028  2.96816  
0.868458  3.40958  1.80421  
1.24918  5.63183  4.73438  
2.93563  5.50791  2.58554  
3.47772  3.0086  8.73645  
10.2479  0.90254  6.60577  
2.18037  2.3138  4.97741  
3.3913  6.13232  4.27597  
2.41862  1.38862  3.34125  
3.35404  6.70398  4.8422  
4.51554  2.69495  5.60476  
2.60488  1.05777  6.99957  
8.64534  8.32073  2.67791  
1.65806  4.56076  6.21639  
2.4416  9.21096  1.41634  
9.23004  4.11643  3.54616  
6.5926  2.78463  3.10197  
5.22919  1.53151  2.52186  
3.05372  2.46834  3.54377  
3.97206  4.09988  2.50307  
5.589  5.47096  6.18752  
5.69348  9.05036  4.92042  
4.16341  3.49628  2.63392  
2.85889  3.82104  5.50102  
3.78736  1.49197  6.59577  
11.0285  1.90002  11.0199  
4.20461  4.27528  0.881086  
5.04211  0.676747  3.38725  
13.5185  0.840958  8.11289  
2.55302  1.42532  1.2556  
0.702562  5.81124  3.52424  
4.94166  8.78429  2.02141  
1.41887  5.83492  1.84119  
2.83153  9.20476  6.65429  
5.55257  9.2848  1.59082  
6.11622  2.4734  2.83757  
8.68493  10.8373  4.9148  
5.50866  3.55665  4.76587  
4.45538  3.3799  10.1903  
10.5418  5.11067  11.2264  
3.25562  4.69791  4.96209  
2.55283  0.975759  1.42069  
4.54194  3.72985  1.08064  
1.26625  6.66284  4.88354  
0.335768  4.00435  1.79999  
5.51528  2.13855  3.28768  
6.94005  10.9807  3.94267  
4.19501  9.56804  9.47009  
5.87956  18.3716  3.13  
9.15329  1.71295  3.67078  
3.56814  0.415852  4.60398  
13.7144  17.0124  6.03706  
1.54371  2.46175  8.81713  
3.46015  2.13734  5.98358  
1.3861  2.15288  1.16036  
1.84223  0.792656  2.17985  
11.3497  7.05683  6.76544  
3.68336  3.66425  3.47193  
2.53483  1.87515  6.8361  
3.83986  0.538135  2.83511  
9.76317  0.886625  13.3405  
1.12381  1.0322  3.90693  
1.48705  1.56669  4.14584  
1.42044  0.257554  3.32472  
6.45091  5.07416  4.92534  
3.58077  1.35758  5.79795  
1.84021  5.90377  9.91036  
2.93797  0.490765  3.33982  
9.41912  5.62758  4.17412  
3.95414  9.42533  4.25005  
0.576784  0.798563  7.17155  
5.34824  2.19056  0.614278  
4.17585  5.52722  3.01536  
2.86162  2.85839  3.55937  
3.3024  2.8275  3.17244  
5.08091  5.03637  3.51392  
3.33804  1.19487  4.36765  
4.4487  1.2669  2.81021  
1.90055  1.18184  4.13691  
7.11273  9.07114  1.03006  
2.97133  4.01755  3.51673  
5.48549  5.85656  4.09542  
4.06983  8.41205  2.3237  
4.01466  1.65305  6.53846  
3.13674  4.15916  5.12089  
1.19192  4.5896  2.4889  
5.46331  2.77922  1.6949  
8.27043  0.604712  2.55219  
9.58283  10.2171  12.2973  
6.4594  4.31588  3.30028  
4.13406  5.37943  2.86366  
3.25201  6.35558  5.78193  
2.95797  7.84681  0.841776  
4.63266  4.18511  3.20427  
4.36958  4.27417  8.13527  
3.66275  2.08193  1.72035  
3.55422  6.80772  5.35864  
0.98775  12.1187  8.12709  
4.56389  6.58575  7.74209  
11.7034  1.05264  3.35371  
2.68664  0.36878  3.75021  
5.23971  3.84493  3.66877  
4.22513  1.77564  5.28269  
10.6127  5.41158  9.06941  
7.88392  14.1139  4.327  
4.10138  4.63593  11.7978  
7.47377  5.81736  3.58823  
6.41995  4.30252  2.57369  
5.0742  1.4922  8.59378  
3.26444  5.34073  11.2735  
4.5769  2.14638  5.58035  
4.05241  2.06016  7.60204  
2.96279  0.891832  4.73063  
10.3256  12.7926  6.20348  
1.4291  2.84739  5.25422  
3.94407  1.14285  13.5218  
2.25806  3.6481  4.43821  
4.45506  2.16391  8.89437  
8.14979  1.48863  4.00012  
5.90894  2.91319  6.68944  
1.97718  0.0750022  2.76273  
1.07423  5.72596  1.62012  
3.07799  8.15027  4.64005  
4.14099  5.59798  3.11939  
6.14701  3.17121  2.30367  
6.12266  12.5589  16.4331  
4.34432  3.34803  4.85701  
1.92017  15.2599  4.15615  
4.26763  2.27953  2.94311  
3.99949  1.0486  5.52478  
3.09166  0.0450116  2.63838  
1.54294  6.67878  3.30379  
6.14481  7.00913  8.89622  
4.03718  1.11119  7.38168  
2.82954  5.02854  1.169  
2.83894  4.07131  5.73001  
3.00418  1.78166  9.33421  
1.79684  5.53657  2.65104  
3.14077  2.99993  5.85987  
8.45231  2.67584  4.65837  
6.48914  1.62836  4.04412  
5.43856  7.48617  1.73126  
4.52462  11.9152  8.08132  
2.37089  0.557841  3.99267  
5.35822  4.32904  1.30318  
9.54688  13.0497  14.2876  
1.27813  11.7111  2.02707  
3.29547  1.90939  6.41011  
3.98564  4.36955  5.35119  
5.35411  5.94814  4.04727  
2.13433  1.63434  3.14608  
3.79362  1.85452  2.33354  
4.47166  2.76583  2.16685  
4.37034  1.69127  5.30631  
3.45845  5.96635  2.24549  
5.81843  3.1808  1.20852  
9.4433  13.0594  9.46525  
8.96872  4.91155  7.02049  
2.23934  3.82776  3.79016  
1.93226  2.56485  6.65215  
5.27137  3.58054  1.31576  
2.20427  0.505525  4.99645  
3.01139  4.18411  3.38871  
5.46359  5.18747  5.56361  
3.78416  5.41479  4.26397  
16.6111  3.72944  12.6426  
3.57498  1.98375  4.55038  
1.57182  3.46744  5.42828  
4.58716  13.9124  9.09033  
2.16741  2.43072  2.20301  
6.67812  1.29085  5.75638  
5.72342  2.71331  4.71633  
1.21478  3.40253  6.91907  
4.58083  9.24499  10.4513  
3.38957  1.79785  5.31168  
5.19709  4.95005  5.48662  
2.42954  8.22077  5.07472  
2.86823  5.81984  4.12316  
3.15193  5.30453  4.07821  
5.90371  0.968668  7.9932  
2.69814  6.5929  0.458658  
6.8661  6.14907  8.69385  
3.49689  3.71634  0.866486  
5.05295  3.24413  8.77108  
2.43929  3.38025  3.94827  
2.85485  3.57042  8.17591  
7.58731  0.787276  2.78419  
4.68403  15.8733  4.4666  
2.45515  3.19531  2.25493  
4.02187  1.12685  4.93265  
0.920158  5.29418  3.00868  
3.3549  2.91065  3.82786  
6.49602  2.32525  2.45778  
2.38799  3.13638  3.13944  
5.72719  1.53749  6.17252  
0.827823  5.07743  5.54792  
1.61529  1.54454  3.68155  
5.28624  7.96993  1.59941  
6.84726  8.70819  2.77758  
1.56843  0.399804  2.32966  
1.56095  3.48363  3.10527  
9.57228  13.6583  10.5112  
4.21179  8.63973  10.8705  
4.03923  9.60399  3.37247  
9.95119  5.62834  6.39994  
2.83062  11.606  11.2513  
2.06115  10.364  5.69807  
1.8745  4.73677  3.02751  
3.05304  2.02476  5.77947  
6.87477  7.17015  5.30345  
8.44472  4.24308  4.93773  
6.88538  2.00527  2.22538  
4.87131  0.81347  6.30246  
3.86619  9.82708  12.577  
9.77051  5.61612  9.75331  
4.06008  4.05615  7.34739  
4.18518  4.20815  5.98401  
7.12936  2.17148  2.13443  
3.90132  3.13377  2.84247  
1.57912  5.77474  3.50138  
0.708844  6.36209  7.2941  
4.60837  4.82528  2.73432  
4.45617  2.4309  5.40531  
8.46033  7.8156  7.81123  
4.23707  3.04319  2.73012  
1.37588  3.00845  3.81312  
6.68987  3.00217  2.39471  
2.62912  0.953773  2.38265  
3.07418  4.71535  5.4765  
2.01578  6.36982  11.5533  
3.27728  0.605711  9.07874  
8.51057  14.8624  7.79825  
3.40137  0.665696  2.1137  
3.33768  4.41976  5.75335  
2.1451  2.36514  6.30776  
3.03005  2.47323  6.089  
6.69832  0.935978  5.52843  
10.1288  12.6269  7.76425  
1.09808  12.4753  2.19115  
3.45594  1.6575  2.54969  
5.78471  1.55105  7.97405  
3.46355  4.42292  3.65134  
2.35235  1.64819  4.422  
1.63583  0.23662  2.27093  
2.54107  1.21111  3.71673  
9.3051  3.22646  2.54318  
1.75596  5.60898  6.69924  
2.79142  0.923602  2.21307  
0.854722  1.8188  4.1406  
2.34193  4.74114  8.48817  
2.58616  4.523  4.72591  
2.64879  13.535  4.4541  
2.03352  5.99039  4.28995  
1.53631  4.99594  4.11808  
2.22734  7.19205  4.15811  
1.88551  1.20003  2.72363  
8.37428  2.02053  8.24145  
3.57696  9.64358  5.98929  
4.72387  13.3805  12.9383  
1.1237  2.6157  9.43809  
1.68604  3.47552  4.4364  
1.74646  0.463032  9.61404  
8.3354  7.46348  1.56283  
5.70732  2.44527  3.64782  
6.94521  4.81569  1.67796  
3.57292  8.96589  0.855809  
6.99465  5.59615  3.65174  
4.96457  5.64389  2.78253  
3.18163  6.97664  2.02123  
2.64871  5.93073  1.09052  
8.97478  4.25783  1.19072  
4.05935  2.52885  4.37332  
3.916  14.7319  1.49433  
2.98153  8.51801  6.8114  
9.71058  3.15858  8.40812  
2.54447  1.46204  3.90873  
7.30872  8.50069  14.464  
2.72167  9.99035  2.89863  
3.58766  1.58294  8.48768  
5.9295  8.81241  2.18569  
5.06336  1.243  3.31621  
3.7086  2.91979  1.29988  
2.00924  0.869151  6.49581  
5.42504  9.93737  6.67702  
3.94241  1.32096  2.105  
3.37272  3.49595  6.02594  
2.38981  1.59319  3.72544  
3.474  2.69885  6.27949  
3.36252  5.06303  3.74921  
6.16836  2.40064  7.38061  
8.08983  13.6691  2.71415  
2.12393  2.55775  6.34865  
6.50274  10.4278  10.8261  
2.71735  0.471632  2.61916  
5.37582  4.68714  2.45986  
4.27454  4.46394  2.42654  
4.15561  1.95222  5.15939  
4.74222  6.17092  11.5424  
2.11499  1.35819  7.76356  
4.35759  9.75148  7.11157  
5.28916  0.538566  6.10688  
1.85391  11.2241  4.3285  
2.9901  12.4699  8.50215  
4.89087  3.75077  2.22732  
4.973  4.21476  5.93562  
2.48144  1.46208  3.89725  
10.0027  9.41507  4.15008  
5.11378  8.01152  6.0663  
0.782917  1.69552  11.4517  
10.6507  2.67187  4.60253  
1.26389  1.80997  8.5593  
4.80484  8.69869  1.56864  
6.38237  5.58661  3.23318  
5.4172  17.4879  6.94892  
0.957823  0.581814  5.37708  
7.69732  10.2104  10.1367  
5.56319  1.94386  3.54135  
3.1516  3.19625  2.03765  
0.86219  12.6175  10.9691  
4.98433  5.93428  3.52023  
10.253  4.88801  2.16262  
3.8875  1.35839  3.22929  
8.40995  2.48541  2.78868  
4.16765  7.99431  9.09941  
7.87128  1.02719  3.9454  
9.1724  7.82558  5.1136  
3.38176  2.84435  1.27634  
2.91875  0.776447  3.28932  
4.79603  3.41447  2.16327  
2.39814  6.28461  6.13164  
2.13836  0.949784  5.25278  
2.43352  1.19962  1.94907  
1.75751  9.64418  8.63357  
14.5278  13.0801  5.09016  
5.24704  1.98535  2.30523  
4.72258  5.08617  5.62447  
8.018  2.21196  2.4113  
7.08328  0.955845  6.86472  
10.4704  0.770204  5.79543  
4.059  5.7485  6.06216  
9.43901  0.269771  9.42622  
2.85349  1.04998  1.24011  
15.2409  3.50048  10.0927  
6.39627  2.02061  4.55803  
5.14317  0.90386  2.92178  
5.32163  2.14361  2.41358  
2.2545  2.83656  11.4567  
2.62794  2.52397  9.82613  
3.03528  0.681049  3.63471  
4.33941  2.80491  3.6795  
2.45898  3.45547  6.17201  
3.94629  4.30868  3.14895  
1.18504  3.97887  1.61237  
1.07682  7.12488  4.54085  
2.51734  3.43507  4.45688  
1.00742  1.2326  2.09965  
4.23267  2.25891  5.14872  
7.44126  1.80472  6.47516  
4.01972  9.0454  2.28487  
2.16276  2.89826  4.8573  
3.72424  2.71076  2.20413  
4.65515  4.92429  2.23022  
1.11866  4.01074  3.18879  
11.0134  11.7865  4.77949  
4.10722  4.21888  2.28019  
4.29701  3.41438  3.00815  
2.27224  4.20779  3.39178  
3.71146  4.81121  4.55641  
1.72154  2.08951  2.31477  
6.60468  10.3362  1.32291  
1.29323  0.738014  5.4725  
9.39551  15.2459  8.37708  
0.767703  6.77371  6.40171  
4.421  3.69271  3.63018  
3.85153  8.41002  6.08228  
3.65431  5.66056  2.60957  
1.89533  9.4036  2.31274  
2.54984  2.34057  6.01173  
9.70195  13.3847  6.31146  
3.32766  1.92421  3.8892  
4.58433  6.30714  3.85058  
8.45074  10.4316  4.16517  
2.70875  1.23581  4.32296  
9.69416  9.3714  0.347523  
4.88944  4.10439  2.51068  
0.754703  9.41686  2.07291  
3.00362  2.13822  5.52497  
4.84853  4.1112  7.34401  
4.5606  2.07779  5.04337  
10.6191  6.38052  8.59537  
4.46348  2.38738  11.2772  
0.537823  7.32864  9.77621  
5.88206  0.805908  3.18483  
7.02951  2.01791  5.24267  
3.81126  0.813122  7.80102  
1.75179  14.4614  4.96449  
3.86038  7.24694  4.32965  
3.93262  2.48174  3.5102  
3.45869  1.96769  5.72079  
2.3647  4.46569  3.15771  
2.85808  6.69871  2.17591  
3.24967  1.16433  4.17223  
0.560244  7.28705  8.48077  
4.56269  7.14774  2.6823  
1.25277  1.90315  2.45141  
0.564863  6.60802  3.23519  
3.97398  3.63232  3.53743  
8.45316  2.08622  0.426179  
1.39732  2.7144  3.81767  
9.5587  3.39083  1.19389  
5.0282  6.0449  2.55152  
1.59022  0.514742  4.97289  
6.25945  3.2575  8.01826  
5.03932  3.02327  3.12144  
4.03941  3.10617  11.2895  
4.38219  3.79672  3.8183  
0.911046  2.66602  1.74776  
5.15751  2.13342  4.87653  
4.59566  1.36295  5.83706  
4.72995  4.07367  2.19605  
3.93166  3.84059  4.03359  
3.06895  1.62264  1.44052  
1.08953  6.03654  5.93334  
3.0153  1.01288  5.68952  
0.722118  9.56854  9.49396  
1.99574  3.95239  1.31739  
1.29567  5.21781  4.92965  
7.58005  4.96544  6.9506  
5.53092  0.626863  4.19046  
4.45316  2.85146  3.90936  
5.9939  19.7939  13.519  
5.71127  2.76738  2.32055  
5.11895  0.625901  5.58984  
15.5603  7.23626  4.19724  
1.42107  4.0773  6.77839  
5.93201  4.53545  7.01574  
6.06224  3.99977  2.33005  
4.31712  3.52358  4.13797  
1.93764  3.31054  1.87509  
5.35733  4.26271  6.25087  
2.67702  1.22057  6.89463  
5.16157  1.09408  4.26697  
3.17024  1.62804  5.43337  
5.06878  5.39194  2.28753  
8.20473  0.937949  6.25234  
12.4126  2.83964  8.66212  
1.87452  2.93324  1.7643  
1.29298  6.05114  6.37295  
6.96736  0.994645  9.89219  
4.31927  4.69682  7.05107  
2.85206  3.33864  3.31717  
3.5381  7.4912  11.966  
1.82846  4.88498  3.28906  
5.05541  3.31121  7.4757  
2.72488  5.65007  2.30814  
6.97146  1.78137  5.01257  
1.53181  1.61338  5.16113  
2.24882  3.9827  1.79627  
2.49341  1.84516  2.01879  
6.46951  2.97971  1.80393  
1.36724  3.54919  2.7064  
3.26506  9.48234  11.4235  
1.41332  5.07496  2.37692  
7.69137  3.00079  5.29073  
1.8147  2.54672  10.5873  
1.93856  13.0401  3.2532  
10.2281  1.32738  5.64892  
6.02461  3.57014  3.10357  
1.31055  0.878969  2.43604  
3.93597  1.97219  2.9228  
7.09909  11.4363  2.59413  
4.10968  9.19592  2.96713  
2.0535  1.42301  4.692  
7.64302  2.97801  1.04062  
9.38435  10.3492  10.2865  
5.72777  5.8423  8.85258  
0.95318  8.42737  5.43195  
5.0862  5.32771  0.871736  
1.52903  3.21561  5.31098  
0.764668  1.40581  0.945371  
2.25269  8.07914  6.19042  
10.8371  5.54913  7.93454  
2.75347  5.56755  4.105  
3.45676  3.23544  3.49516  
2.42072  8.60579  1.86277  
3.93663  10.2085  3.73676  
4.42967  6.2903  6.22626  
6.08121  0.878237  8.15378  
2.00732  1.26381  4.37841  
5.32993  4.28316  6.34104  
12.6197  8.33317  2.06811  
2.0391  8.39046  2.73088  
4.8707  19.7447  4.80267  
8.3488  1.93303  2.87891  
6.09099  3.70222  13.4107  
0.825723  2.82328  8.76101  
7.07152  1.67879  5.06615  
1.82527  8.88649  9.67043  
2.45468  4.32663  1.90836  
4.84814  16.7557  3.77168  
2.12197  4.05592  8.94149  
1.12313  3.57273  2.74602  
1.27828  3.35689  6.00108  
4.56321  12.01  1.84709  
3.55005  4.40953  3.3456  
6.17978  1.10558  2.47446  
4.13107  4.17402  4.1074  
1.13259  3.85069  3.23003  
3.31358  1.20608  2.23053  
0.963591  6.99364  0.980473  
4.34364  11.8792  1.31095  
6.23948  6.41855  4.07729  
16.4318  2.86992  3.35821  
7.15323  5.97416  1.65494  
5.7089  7.22779  1.48689  
9.55694  4.91588  8.11416  
3.14039  1.10072  3.45136  
7.05784  5.77841  6.48348  
5.24402  5.3226  5.36871  
3.19926  3.33675  1.58574  
4.39494  7.87055  1.36432  
3.39109  2.57846  7.99384  
4.28615  5.47349  6.35267  
6.30917  2.39091  1.56691  
0.818618  1.56867  3.09883  
2.91805  4.76268  4.5259  
5.50363  4.69123  2.41495  
3.8079  1.67487  1.1119  
5.34898  1.58623  3.85335  
8.89136  10.6826  2.5836  
7.61197  3.17246  3.49147  
5.1987  4.63849  5.26487  
3.84175  4.90446  2.77212  
6.36103  1.79981  4.41759  
1.92712  2.00484  1.26601  
1.90361  4.21816  4.30823  
2.70897  10.9967  2.55304  
2.70162  17.144  1.05309  
2.97088  2.54321  4.84922  
2.58114  4.65732  4.14759  
6.67513  16.4091  11.3308  
1.85557  1.58525  3.32623  
4.73557  7.79451  6.79202  
4.55568  2.3968  5.11565  
0.935553  1.07061  5.81988  
0.709824  1.04222  6.79876  
4.06635  5.88236  1.85049  
4.4318  6.96554  10.9245  
2.06172  0.741167  7.22902  
5.9477  7.14252  3.70659  
2.59308  4.15104  6.9468  
4.08935  3.07692  11.4467  
4.84091  1.96588  15.5723  
2.49656  1.16645  10.6864  
4.25487  3.88294  3.22323  
1.61899  3.07311  2.10079  
1.61747  7.08851  5.10738  
6.33172  7.44353  1.59831  
2.59685  7.58983  1.0967  
2.00429  2.20589  5.22058  
2.47624  3.19789  6.09255  
2.07946  1.54292  1.88629  
1.39803  4.97448  9.93847  
2.37984  2.24116  3.6682  
10.6945  11.3669  2.34505  
3.28386  3.46571  8.20022  
3.60274  2.47421  4.83845  
7.58879  6.30884  4.02671  
6.36133  4.10809  1.52073  
1.80373  1.90263  5.87271  
2.31815  6.95681  2.54846  
5.94705  2.46653  3.38132  
2.94968  5.45442  4.28173  
4.89373  0.9012  2.1434  
5.2642  1.82172  2.0814  
7.87767  10.0683  6.38903  
5.50536  6.60127  3.6088  
0.669434  12.102  6.4861  
1.55987  2.42428  1.71425  
5.84063  1.5535  1.8017  
11.8219  20.5693  16.1208  
3.57547  4.0933  13.5756  
