10.7291  18.2083  
14.6968  8.19232  
13.094  13.1745  
10.1894  23.9229  
4.9418  5.2511  
4.89125  2.4537  
14.3593  8.43778  
6.82414  9.85727  
16.2341  10.1164  
1.58215  14.464  
10.7337  9.65565  
1.87394  7.37634  
0.957126  4.59471  
6.10503  11.8801  
11.6386  6.52962  
1.05671  6.0169  
12.5863  3.27447  
5.00206  10.8728  
1.37072  6.61954  
9.76253  9.6088  
10.0627  15.7062  
3.46184  9.85053  
3.19253  8.89947  
13.1888  7.77805  
8.54076  14.9231  
8.61911  10.6511  
5.10245  4.07054  
7.55485  3.34424  
14.6792  9.63542  
1.87706  10.1979  
11.7351  3.44117  
13.1745  1.81903  
2.81098  3.87778  
11.4519  6.09378  
13.9107  7.12423  
5.70253  12.7898  
7.01925  3.69789  
7.7521  13.1781  
6.44586  18.6937  
19.2143  7.10717  
9.09069  6.43386  
6.24227  12.0831  
2.73324  10.9189  
1.78978  15.6595  
7.70996  9.39012  
9.89135  13.9739  
10.1682  7.55342  
11.4283  7.4022  
4.87327  8.72809  
9.19596  5.01389  
17.256  4.11365  
8.36678  9.82467  
5.39292  7.49816  
10.2342  4.78337  
6.53036  7.96596  
5.20871  7.33086  
6.73683  8.25981  
12.0787  9.41453  
1.82835  1.99117  
3.26719  4.75315  
10.6801  2.42056  
4.15876  14.6334  
12.3849  12.411  
4.51317  16.0582  
11.4429  10.6218  
12.3104  5.52759  
3.44621  5.31618  
11.523  12.2068  
5.93288  3.18434  
16.6081  10.0894  
9.5974  10.8771  
6.17496  3.1927  
7.22  6.56351  
4.51982  14.2414  
5.12389  9.45152  
7.49247  10.5001  
8.84332  5.27824  
4.1601  5.76437  
8.93404  12.5254  
3.49052  12.2968  
9.08827  3.33619  
12.5439  6.88377  
6.7295  3.73191  
4.9694  6.54839  
10.8127  5.47249  
6.70331  3.60635  
8.07508  11.7608  
7.43443  8.62716  
3.66784  10.7239  
8.94375  7.20443  
11.0351  6.20174  
10.1659  10.2603  
10.0787  12.0204  
11.2277  19.4528  
1.62753  11.5223  
7.6041  8.33471  
6.55824  7.72388  
3.75307  13.5577  
16.0929  5.24951  
11.2546  9.41422  
4.72937  5.97618  
9.60374  5.25474  
5.3069  10.3308  
2.36791  5.91827  
11.0611  6.77667  
3.07545  12.7359  
5.41252  5.66875  
7.23314  8.5221  
6.14245  6.57494  
6.23811  13.787  
9.02009  13.4896  
4.93529  4.8934  
9.85169  10.5233  
8.67987  8.00157  
12.5528  12.5483  
1.82061  12.631  
8.96296  6.79372  
7.55589  17.0508  
3.59977  4.9457  
3.19333  5.97106  
9.84935  2.42819  
6.30844  7.2249  
3.72485  12.9096  
6.46017  5.96019  
7.02742  7.90313  
0.915289  9.02234  
4.16436  15.3308  
11.5295  13.8931  
9.60353  6.8797  
3.18809  6.84749  
6.69095  11.2697  
9.28596  10.79  
5.23317  12.7088  
6.06633  7.62683  
6.97361  7.15597  
1.01729  3.42919  
10.3715  15.8814  
5.63555  3.78027  
7.16858  7.43228  
5.01013  10.6104  
4.45873  9.83228  
2.02293  7.67336  
1.63099  4.59458  
3.27329  12.2616  
10.7419  2.96382  
4.28012  5.06971  
4.70817  12.9766  
8.17475  8.34839  
12.7189  9.00875  
7.45008  6.4854  
9.03068  10.3201  
1.64646  6.77966  
4.82847  9.70468  
8.247  3.66179  
17.2846  9.57508  
10.373  5.2617  
8.20642  5.24288  
5.86588  11.9916  
5.47673  5.71792  
6.70197  5.31051  
2.35298  4.53314  
3.30368  8.76343  
3.18266  13.8538  
9.7086  10.3658  
11.9711  5.49114  
9.73869  12.7609  
8.23813  15.188  
7.75358  6.45604  
12.274  19.2263  
8.89519  13.5261  
17.3953  13.9871  
4.75087  9.75973  
13.4497  10.166  
4.65652  7.44519  
16.0119  11.3088  
11.6928  7.1644  
10.7896  3.66821  
11.4017  10.4347  
11.6947  5.60557  
2.23452  8.92033  
4.93317  2.76198  
6.35829  10.4498  
6.19945  9.582  
13.1245  6.11297  
3.73402  14.4508  
6.9794  7.52287  
2.78645  7.63397  
9.93291  3.47557  
3.55142  2.42899  
10.6692  2.92248  
9.85058  6.08609  
1.61526  6.28379  
4.69172  3.39637  
2.19821  1.95563  
7.49881  2.75046  
5.17657  12.8398  
9.54433  3.26857  
6.53221  6.52801  
11.0616  11.8595  
6.40037  18.2716  
12.0757  16.3549  
7.25696  7.23652  
4.91354  5.4635  
14.5419  8.3583  
4.68297  1.89691  
13.175  7.89648  
2.66584  8.31125  
6.92635  13.1447  
6.10737  7.78993  
19.133  12.9834  
4.93348  11.203  
4.92231  7.30521  
6.79125  9.5296  
7.56175  9.26556  
1.24766  7.60085  
7.50177  13.0186  
9.03913  6.50395  
7.88129  7.81091  
4.01424  7.24436  
11.583  11.8427  
10.9567  11.925  
8.11766  4.36282  
14.3861  4.94183  
7.70629  10.8061  
8.244  12.6656  
2.95541  4.05632  
1.82067  9.10064  
2.96052  8.06965  
9.34493  6.25569  
11.0833  4.97361  
10.9334  1.90891  
12.1408  17.2412  
10.2436  7.43755  
9.95622  9.59205  
4.55795  9.00746  
2.29682  11.3954  
4.41012  8.03596  
8.08204  14.728  
14.1876  5.06043  
5.85112  7.29512  
0.523272  11.6197  
6.98052  11.7944  
2.26892  7.10927  
3.66227  11.4714  
4.46906  9.38943  
2.44527  10.1674  
12.7122  17.8793  
2.91525  8.6753  
7.38257  13.8131  
8.34964  6.1852  
10.1745  11.3845  
10.908  7.6223  
10.3519  5.17397  
7.37885  3.00885  
10.0945  3.11403  
12.6137  5.79524  
9.93511  8.44054  
2.3089  4.30515  
13.1459  9.09723  
9.09332  14.9035  
4.7604  8.79648  
5.2854  5.00656  
9.08652  10.6233  
2.30184  13.6285  
4.49994  6.71522  
12.8398  14.4681  
10.9387  8.8827  
7.81821  8.43287  
4.64128  4.65722  
8.2982  11.5536  
2.90974  13.9824  
6.62717  4.43361  
5.92002  4.66012  
7.97401  4.41456  
1.43818  2.43781  
7.12291  9.92109  
5.12311  9.71492  
5.21842  5.92729  
13.1885  11.6364  
11.9759  3.06853  
10.6413  10.1611  
5.61858  13.4911  
6.81056  3.46076  
4.88938  2.73889  
12.8183  3.98374  
2.46767  5.35885  
5.69143  14.4172  
14.2068  8.38401  
10.8299  12.981  
8.57481  8.09479  
6.01605  7.13344  
3.82378  12.2176  
9.55812  3.74395  
5.97929  15.0616  
0.981527  10.1349  
3.71896  6.46268  
13.7628  15.0984  
7.46548  19.998  
5.5512  5.90908  
1.16535  11.0216  
4.09447  3.7411  
1.78732  13.2426  
7.63914  7.43031  
11.6314  5.38443  
5.54425  8.85975  
12.9663  10.4377  
20.8144  7.62925  
6.32261  4.35665  
9.74289  7.38036  
14.1531  5.84033  
12.6452  12.657  
8.31812  8.45038  
3.3417  9.59762  
12.3369  8.14304  
7.47642  6.4108  
5.71548  11.2509  
5.34646  3.63048  
5.83261  9.90746  
5.88502  15.7882  
19.6197  4.83869  
5.20804  11.1565  
5.63106  6.69268  
16.7335  8.06057  
7.17301  6.26555  
4.67147  11.2898  
6.47738  11.4713  
12.0494  9.6356  
1.96987  5.00908  
9.55789  11.5099  
7.8121  4.84211  
10.8616  4.83121  
5.9655  3.53538  
3.41863  1.41569  
10.737  11.4767  
10.3382  9.58789  
10.54  4.96134  
9.25519  6.76849  
4.13308  10.2452  
14.8992  11.4004  
6.03642  4.78014  
3.59193  9.70699  
3.60246  6.16436  
12.1217  2.22323  
4.72606  5.88636  
7.02363  18.5104  
2.24785  4.76072  
5.51615  10.532  
6.15845  10.5439  
5.00462  7.2475  
2.4805  10.2714  
8.58855  20.3027  
3.52842  8.17217  
15.5933  15.1976  
2.69748  3.35117  
2.7916  6.56178  
6.75841  8.53477  
10.7142  7.62237  
3.26288  11.5946  
11.3693  5.64718  
8.78395  11.8747  
13.4328  12.6571  
5.82002  6.58285  
11.7845  4.18914  
11.3567  3.43585  
16.0088  6.33348  
4.58156  6.32548  
11.7559  8.26004  
5.24646  15.5891  
18.0296  10.1823  
12.9363  6.35264  
3.42567  12.2447  
9.2978  4.07602  
13.5646  4.183  
7.8664  3.90053  
10.7541  2.94558  
8.34581  4.66254  
7.00681  1.84882  
3.13915  16.2714  
12.6255  20.4896  
8.20807  14.9954  
14.0927  1.76597  
0.590333  8.81511  
7.43561  5.35349  
1.85665  11.3728  
3.56484  6.32057  
11.7604  11.9298  
5.83342  9.29229  
8.0943  12.486  
7.41502  8.41625  
8.42679  15.5914  
9.44552  3.94852  
6.21527  8.46597  
14.7167  15.3578  
8.11038  9.45306  
5.30426  12.8705  
12.4075  7.24616  
3.75739  9.2863  
9.49599  16.8043  
9.34181  6.24442  
7.40978  16.2678  
3.59234  2.88597  
9.62367  3.73952  
10.7071  14.5875  
3.22269  5.8986  
8.08086  3.43174  
15.3152  13.9706  
2.39498  5.7097  
14.6609  4.62346  
8.99156  7.41226  
8.90529  15.4605  
2.25337  12.1263  
8.60452  6.55241  
3.36983  7.23483  
4.75597  3.91634  
7.22136  8.16787  
11.5372  9.88738  
5.21067  8.50965  
18.9812  17.4572  
12.4612  11.5061  
5.00189  3.9523  
5.3471  3.8743  
12.2577  3.59808  
9.19305  15.1154  
12.2617  7.66145  
4.89825  9.21328  
5.47578  12.8377  
13.024  10.1486  
17.5722  5.75181  
2.15489  8.51451  
4.65112  12.697  
13.7621  15.8421  
1.83341  17.4345  
12.0567  14.0165  
13.3919  4.48732  
10.7762  13.0549  
3.93989  13.7758  
5.59106  4.88145  
5.34141  8.17872  
7.11958  10.6539  
7.65168  18.7587  
6.42059  12.6981  
5.23403  7.11125  
8.14195  7.41562  
9.90108  12.5051  
5.8437  9.23249  
2.07047  14.3034  
10.2279  7.3626  
5.66759  6.9474  
7.29887  6.16269  
6.57155  7.8026  
4.47467  6.76681  
9.43348  8.08157  
15.0745  8.19438  
9.03195  13.0995  
0.748637  9.71162  
7.51413  13.1489  
9.22374  9.47281  
10.343  8.0991  
9.1077  18.799  
9.68794  5.94563  
6.2836  9.5262  
10.2238  11.0735  
10.2165  7.56514  
12.3779  13.5926  
5.03438  4.62043  
13.239  8.8375  
6.34505  12.8759  
11.5836  7.01181  
5.72101  12.6047  
12.6466  13.1937  
12.5139  12.6488  
6.5438  12.2084  
4.44859  9.60984  
12.9394  6.87059  
6.21014  4.25382  
6.10918  3.47872  
17.0038  3.72262  
9.39567  12.3687  
8.61869  14.3089  
4.63153  10.7408  
2.44128  2.98212  
3.00685  11.6431  
10.7465  10.7678  
4.24233  7.53427  
6.82249  7.89641  
14.9258  11.8176  
8.31276  15.2563  
7.42936  14.9752  
7.36182  6.67872  
5.9582  6.87029  
4.10417  9.70492  
19.4908  4.65361  
11.8682  3.56727  
11.7775  6.64283  
6.64858  4.45815  
6.84823  7.60088  
8.68921  3.39796  
14.1767  16.1861  
3.5888  5.54477  
7.32108  1.65666  
6.21796  5.45956  
8.8067  8.18136  
9.88863  16.0187  
5.33866  11.3805  
5.09719  5.16361  
1.10262  10.7314  
11.3941  11.7175  
8.20638  7.27732  
5.32762  6.21638  
5.69071  11.828  
5.46518  14.5985  
8.72478  3.6361  
5.28285  4.67563  
5.9119  4.41282  
14.9538  3.68373  
8.85764  7.66079  
7.83443  6.78116  
3.44116  3.4441  
14.4939  3.3448  
7.6036  9.37843  
7.20837  10.317  
5.79475  4.00961  
8.60271  5.29803  
4.59808  11.0186  
13.3625  8.75068  
2.45675  13.4425  
6.97256  5.40739  
15.3103  10.6594  
8.04118  4.69976  
2.43912  4.75262  
19.5172  9.84906  
11.7087  14.9279  
7.14624  9.81464  
4.90053  6.17935  
1.89616  7.90194  
4.04416  3.2331  
8.00685  6.07146  
10.8449  5.28674  
3.98811  3.90272  
9.72406  9.33191  
4.28844  8.09132  
10.7305  11.6147  
10.9864  23.1337  
8.4754  11.3837  
13.2826  8.16468  
4.30742  12.208  
11.1642  15.1172  
14.2403  9.81161  
18.2759  14.2928  
10.949  8.23306  
10.1237  12.3265  
11.1519  6.22164  
4.17564  6.00325  
4.6544  11.5481  
5.68949  3.51459  
7.35282  11.2499  
6.73909  7.71939  
4.9345  4.59129  
18.394  3.87008  
2.96526  8.30784  
6.16384  10.3482  
9.55936  9.27393  
7.10086  9.87284  
11.3785  10.919  
11.3495  6.28193  
9.8885  11.1989  
10.2764  6.51408  
3.45449  11.3553  
5.8258  14.0739  
4.05226  11.2935  
8.42409  4.3777  
11.2705  9.6015  
15.3062  3.09508  
4.79579  9.6  
8.09724  0.720072  
6.96797  3.9751  
11.9964  11.9099  
7.95788  10.3216  
5.14825  4.67311  
4.34458  11.0499  
5.96158  8.04392  
18.0485  6.48876  
3.60151  9.38424  
7.78118  5.97011  
8.46835  5.75069  
10.1775  6.29823  
5.41941  13.1374  
6.63046  5.13114  
7.94747  12.5145  
3.67865  13.9369  
10.9063  3.69446  
0.921216  4.72863  
2.63712  5.64392  
5.13155  9.00562  
7.51446  3.9748  
5.73766  1.45055  
3.4838  13.0167  
13.9956  13.1957  
1.466  4.30354  
9.60226  1.86978  
