6.01286  16.248  
13.6562  10.9239  
8.90991  3.83648  
3.49182  12.7649  
5.59701  9.39859  
8.90216  7.26514  
6.4414  5.00401  
9.79289  3.65132  
8.99277  8.84611  
12.1818  9.55221  
5.00271  4.64813  
6.70754  11.9391  
5.91697  6.49179  
16.0936  3.21519  
1.86214  10.5466  
4.59577  22.8686  
10.3772  7.34328  
10.6229  13.013  
11.8563  5.66587  
10.8513  12.1513  
5.12325  2.9169  
5.7487  6.32625  
9.00145  7.92725  
4.06123  6.94455  
13.2647  8.44753  
18.5831  4.39739  
12.8334  4.10399  
2.26351  5.93862  
12.8341  3.17133  
10.4722  7.7467  
3.65056  3.5852  
5.8145  10.1455  
7.70352  9.38173  
6.60871  12.2222  
10.7334  9.35206  
14.1075  10.6582  
3.96602  9.0444  
7.93866  8.74127  
6.22634  7.72662  
4.8569  6.73108  
8.25956  2.35619  
5.08057  10.151  
6.30001  3.78606  
2.63375  12.4929  
11.458  2.31063  
13.0542  6.79314  
5.27256  4.71038  
6.91595  12.7353  
4.51123  7.28385  
6.57355  7.16244  
16.7593  10.9131  
12.2922  4.90549  
9.70274  2.16785  
10.7884  8.66932  
8.62147  6.42051  
9.65974  13.3681  
4.91614  3.62402  
22.0648  4.98159  
7.04096  10.1525  
6.30856  8.52771  
5.57203  2.49577  
6.82584  4.47502  
17.6378  12.7658  
11.9127  14.5292  
2.55625  9.58383  
10.934  12.6889  
7.94114  9.37974  
10.0851  11.9264  
11.3779  6.5383  
11.3055  6.63282  
13.1714  5.72048  
4.79044  11.4091  
4.98668  13.3659  
5.80909  16.3309  
8.69482  4.85489  
12.2596  2.90041  
12.2826  8.90243  
4.98949  16.602  
8.00763  4.90055  
1.60555  4.55178  
13.0026  1.77059  
3.74641  8.50378  
10.4748  7.93818  
14.0346  5.44478  
9.72121  14.9213  
9.38849  10.7722  
10.7993  18.3376  
10.3288  14.2455  
2.51466  11.178  
6.23825  9.67006  
8.3647  10.9891  
13.6433  7.61913  
2.25598  14.6821  
6.19913  12.2335  
6.63254  6.70427  
10.0542  7.1621  
3.78369  6.8235  
14.8762  14.7897  
5.33318  6.88735  
6.17507  11.2981  
13.4966  7.86008  
8.06132  21.0759  
8.29121  9.20529  
10.4886  8.41822  
4.84243  9.78568  
8.6488  13.7907  
7.30644  9.17083  
7.97087  8.91722  
6.71079  9.18204  
4.03405  8.97685  
8.4301  11.8289  
9.63863  5.27715  
8.41135  12.6112  
6.62841  10.4018  
4.18782  7.03131  
3.62528  6.23917  
5.24357  4.16994  
6.44011  6.1603  
3.90924  14.6891  
9.53464  8.56953  
4.49717  3.19085  
3.84672  13.8207  
6.87451  8.62538  
11.9495  6.20202  
0.721214  10.4361  
3.68373  6.15512  
6.95339  7.37284  
3.41008  5.47494  
9.67668  10.6577  
6.95557  6.65778  
2.01434  10.8651  
14.1203  4.61284  
13.2541  4.81604  
4.60514  7.40781  
10.624  9.32316  
7.99049  6.8236  
5.12493  3.01039  
4.63451  13.1505  
7.25431  10.9572  
1.7347  7.38718  
3.12865  6.29122  
7.73863  6.13338  
12.0506  10.3952  
4.45191  11.4122  
3.25792  5.15534  
7.47191  14.717  
8.02255  6.69232  
2.31797  2.98695  
10.3046  5.83118  
2.82879  4.27955  
10.5081  4.58968  
6.83266  7.59183  
5.64503  10.504  
8.45155  13.5691  
8.45617  10.4119  
16.6686  10.1647  
3.24551  4.06452  
8.0401  12.5229  
12.3259  9.18567  
7.58753  12.5735  
5.78637  12.5055  
11.1101  5.42021  
14.5376  5.15583  
14.7434  6.09091  
5.79273  5.12238  
6.96604  9.18818  
10.7393  8.0481  
11.4262  16.4003  
3.46838  9.21324  
8.45987  3.85538  
5.09901  6.819  
11.7216  5.25477  
5.9744  4.00964  
8.87375  9.75706  
6.67049  15.5926  
4.89097  11.5919  
3.74762  12.23  
9.75521  12.1838  
9.68349  12.1351  
2.13511  7.95726  
2.02869  8.93162  
11.2481  8.46144  
6.18496  8.855  
4.00081  8.38344  
15.6465  4.27333  
6.42209  5.03778  
3.48385  7.89803  
10.2616  5.03897  
12.9637  10.5691  
4.02894  7.91363  
12.3168  7.55015  
7.34476  4.45186  
4.65608  1.26547  
17.2107  14.0444  
4.03906  9.11225  
6.58914  2.08594  
12.0579  12.2977  
11.9296  7.7698  
19.3094  1.24574  
3.02977  6.6722  
5.42439  10.23  
1.86901  11.5217  
4.34761  4.85319  
10.9426  4.5777  
8.5638  6.89128  
5.74571  13.8716  
11.0251  18.9635  
1.9666  2.70393  
5.58677  7.67635  
7.88559  12.675  
3.55597  7.9475  
8.81157  14.4016  
1.8016  11.8598  
4.35558  7.49105  
14.5114  9.43193  
1.99165  15.8008  
1.22789  14.1867  
10.6156  6.11704  
5.44505  3.8602  
8.74786  8.17035  
2.95242  4.8707  
8.07315  4.53333  
2.10039  6.49061  
6.74798  13.2522  
7.92747  6.28633  
12.9562  14.3482  
10.1495  2.52022  
5.69086  7.38705  
5.36652  3.14074  
14.9244  11.5447  
7.58059  6.22966  
4.97403  3.2033  
10.0754  10.1604  
4.95633  9.59587  
3.51009  6.90064  
2.73572  15.7304  
10.5528  13.3542  
6.12467  12.9005  
11.7827  7.34412  
5.20476  14.6573  
8.68163  4.2681  
5.27407  5.65401  
5.77719  5.77963  
5.18185  10.9428  
1.40289  15.3794  
3.99172  6.79396  
4.74227  11.8534  
3.12694  8.96203  
1.03356  5.94409  
10.1334  5.97426  
9.83285  9.14484  
7.31825  9.09062  
8.4253  8.45756  
8.33776  8.91358  
4.69541  13.8886  
7.88552  12.5282  
5.4479  6.3988  
14.8323  7.0656  
2.86053  3.69602  
10.9034  14.499  
11.326  7.99852  
9.25654  4.77528  
2.45695  7.00087  
13.0787  5.15607  
3.81189  12.2059  
12.4079  18.4521  
3.1373  5.61474  
4.71324  7.15663  
2.28786  4.20024  
10.0143  10.2554  
4.27509  12.1229  
4.45943  3.71971  
12.4385  5.94121  
3.13682  7.16528  
16.695  10.7806  
10.3191  14.7807  
15.084  6.20175  
12.0037  14.5557  
5.9716  14.4276  
4.81687  7.26706  
9.80132  3.90517  
17.1918  14.8848  
1.85329  5.6158  
18.3657  10.0973  
1.54514  5.58264  
1.48254  15.1193  
6.34298  12.0009  
8.41675  7.52358  
3.92214  6.21205  
10.1527  5.41605  
7.05082  6.36226  
4.28102  8.47489  
8.13496  10.4184  
9.48981  11.5186  
9.94843  10.6449  
8.61154  6.82108  
12.8945  5.70929  
15.8334  1.43456  
7.09338  7.10482  
19.4621  12.5171  
1.20366  5.48792  
8.78093  9.26979  
5.14012  9.43716  
2.81587  6.63986  
10.5947  4.47432  
9.76399  12.5488  
6.30188  13.0961  
10.7316  6.28396  
8.32449  1.5294  
12.8571  11.5283  
7.74111  11.8676  
3.36709  12.481  
8.53245  8.84461  
10.188  15.2994  
9.42949  9.35718  
6.29131  5.52455  
7.56024  6.32416  
8.27924  2.52704  
7.31921  7.36221  
22.4666  6.26569  
9.09873  4.37655  
2.38348  9.37735  
4.75763  9.08473  
6.2384  4.18556  
12.0492  2.47495  
11.1534  12.8226  
14.1829  3.35864  
13.1266  4.61905  
10.9603  8.46102  
7.83042  9.25359  
7.53583  8.75695  
10.2116  8.13163  
3.04936  11.9223  
8.91333  8.46603  
4.37647  8.18437  
5.39863  10.1541  
9.20396  15.164  
11.1599  4.70562  
5.30331  3.01987  
6.66162  11.0887  
7.29391  6.76619  
3.36887  16.7719  
8.21361  7.26091  
11.5086  13.0703  
4.26019  12.4146  
3.56954  9.33056  
9.55702  5.36819  
15.2676  6.29648  
17.8059  10.8593  
7.07038  14.3312  
10.6532  11.9663  
3.30747  11.8266  
9.00093  9.53691  
9.23965  13.8516  
11.1229  7.8572  
6.29016  3.86986  
1.6669  4.37137  
6.17805  7.89834  
10.2334  13.611  
11.7336  8.02693  
0.983274  5.1969  
20.5218  9.11243  
10.5145  6.66249  
13.2214  4.84422  
8.91183  18.5895  
7.08449  15.3734  
11.045  6.61688  
7.06452  5.55784  
2.93143  9.74822  
8.24466  4.47155  
10.6524  9.95777  
8.85293  10.4428  
5.04795  7.98919  
4.44139  10.506  
5.23325  11.6  
3.27913  6.52256  
9.22108  6.56597  
2.82455  11.1183  
11.5017  15.5971  
9.30169  15.8224  
14.6259  4.02625  
9.40236  10.9798  
6.40938  4.63555  
3.2059  6.65672  
8.43502  7.07526  
3.74154  10.7025  
7.48341  10.1021  
10.32  6.96217  
7.88908  6.79412  
13.2248  18.0121  
5.93798  10.5259  
6.30449  7.28429  
3.81802  7.17823  
3.12084  9.72194  
6.20372  4.89529  
4.86382  9.73288  
5.44349  8.18062  
5.47313  3.55278  
11.9423  16.6564  
4.28654  8.37076  
3.20384  3.24112  
11.7072  3.69777  
6.01156  4.27172  
7.7756  5.35127  
6.9849  9.25883  
11.7224  12.2608  
16.2483  10.2543  
5.95209  9.48695  
4.58657  8.44233  
16.5272  8.53657  
18.4093  12.2278  
22.997  4.54468  
3.85785  6.64166  
3.18581  9.00209  
19.459  9.38269  
3.98268  2.64703  
3.59972  8.51216  
1.18156  2.96411  
3.34679  2.73917  
2.7712  6.61371  
4.71104  10.7862  
0.982678  6.21374  
6.67431  10.0845  
3.54137  11.5731  
13.288  7.28717  
13.4065  9.06714  
1.45663  9.91297  
10.9847  11.6063  
12.8496  16.2485  
6.90887  5.23121  
4.54497  3.91438  
1.08236  3.97266  
6.8008  7.45814  
4.10694  2.42924  
3.61526  3.16013  
7.38868  15.4566  
1.52213  11.9987  
8.3358  10.4971  
4.83623  12.6654  
5.74835  11.2068  
10.2715  8.97224  
6.9654  9.7582  
4.54653  3.68877  
13.535  12.0267  
5.85894  6.67763  
5.91094  16.4877  
9.78614  10.2662  
14.1573  8.05463  
8.70877  4.4148  
8.26017  5.05829  
8.42186  6.4463  
12.3251  12.0359  
5.66276  3.48701  
8.77589  14.6988  
1.84679  5.19612  
2.83315  13.6158  
6.65287  12.1694  
11.5264  11.2846  
15.5016  4.41543  
9.26973  19.1755  
7.84933  15.9749  
11.8878  13.9863  
4.51997  5.86044  
1.85028  12.5262  
2.52518  6.43047  
11.7957  13.6452  
3.46401  4.37696  
1.23494  11.1426  
2.04782  10.405  
4.91324  10.6705  
8.47922  3.85056  
8.54579  6.28974  
7.7708  5.18271  
8.50475  3.11201  
7.16626  15.256  
8.31824  6.13885  
7.8672  4.75192  
1.49279  8.24254  
2.53262  6.79512  
7.28046  9.30754  
3.97467  5.06898  
2.4822  16.1354  
7.65845  12.3503  
16.6613  12.994  
18.4479  6.47389  
9.08779  8.3248  
10.76  15.4372  
4.16494  16.3296  
6.15558  4.54597  
6.89169  10.3961  
7.17247  6.34258  
7.6335  9.67811  
4.10932  2.44057  
3.14612  4.977  
5.82924  5.86656  
9.02176  8.13434  
3.4991  8.84676  
2.82667  10.7005  
3.49706  3.65301  
12.2988  7.979  
6.21206  11.0025  
5.64938  6.03792  
4.43142  7.22655  
7.36627  5.2941  
10.7016  2.63678  
2.92217  10.7478  
12.8069  8.35564  
9.96493  9.05908  
4.91338  14.0689  
5.10674  5.96661  
5.08303  4.32629  
4.53722  3.92213  
3.43158  4.49228  
9.0188  6.67566  
3.7648  3.08058  
12.0976  10.2688  
9.56582  6.94244  
1.8139  1.57307  
2.87738  5.16371  
9.27973  8.84194  
5.10787  6.2268  
1.75512  7.964  
8.54604  13.1661  
10.6529  8.90382  
8.15717  3.82845  
9.78241  3.62808  
9.1837  9.2341  
4.42441  6.89936  
9.30036  10.551  
15.5789  9.80671  
11.3425  4.07247  
7.29002  9.12563  
8.76038  4.23441  
8.8325  8.44257  
4.96349  6.12721  
2.84002  6.30037  
5.23721  7.76085  
5.41477  3.74329  
7.11442  12.8476  
5.8926  10.2294  
10.8623  7.1396  
4.89335  8.26216  
16.0357  16.0909  
3.46493  11.0982  
10.4228  10.5238  
10.0257  8.2265  
11.4101  7.65314  
9.6705  12.8157  
5.50896  16.0643  
4.9643  11.4315  
10.3043  9.17646  
6.26666  4.36159  
1.85168  9.37356  
3.7085  18.956  
21.4505  3.55357  
12.1594  14.1736  
6.22794  10.3274  
6.50927  6.39322  
3.91765  5.94133  
8.20594  8.26316  
7.9816  11.7176  
6.75858  12.9676  
4.73676  4.71228  
10.4186  2.42813  
10.0418  4.25221  
9.63146  10.4944  
5.18792  2.30061  
3.61044  15.8165  
11.6885  5.07908  
12.8709  16.8252  
21.7186  5.11976  
2.06092  8.15528  
5.35791  5.5111  
14.231  3.88806  
8.84849  14.0592  
2.86011  8.6056  
5.55238  9.73762  
11.1021  0.747573  
15.0504  4.67133  
12.7555  4.20732  
12.1451  6.92014  
8.2747  14.8803  
6.82572  11.5505  
3.94506  8.37517  
8.2644  21.1481  
6.54051  11.493  
9.47247  10.6149  
14.6324  7.1081  
8.58325  24.3208  
4.09945  14.1747  
4.11456  13.481  
7.88299  8.91958  
3.21772  8.11609  
7.79645  14.2483  
10.9834  14.462  
6.91274  6.40555  
11.3352  7.72996  
9.70033  4.99464  
14.7474  18.2198  
8.51817  9.99318  
