0.61408  2.93766  
0.989206  1.80135  
0.953168  0.861869  
0.0583324  1.93792  
0.0330714  3.22547  
0.312485  4.08137  
0.81073  3.77401  
0.424881  3.82441  
0.130688  1.22425  
0.0628326  4.01635  
0.48555  3.72001  
0.942557  2.30726  
0.794764  3.6875  
0.496987  3.50974  
0.160783  3.20863  
0.508001  0.799729  
0.358596  1.53624  
0.0677235  4.20102  
0.971841  0.806863  
0.338712  3.29569  
0.935422  1.95489  
0.618831  2.10206  
0.484906  2.96046  
0.713707  0.263649  
0.105855  2.17936  
0.809645  2.45743  
0.664874  0.588241  
0.239847  1.63976  
0.763953  0.279025  
0.432716  0.608466  
0.0220292  2.80736  
0.271387  3.36257  
0.445031  3.74384  
0.517033  3.67172  
0.56001  0.570887  
0.844243  2.93828  
0.744138  2.43291  
0.964447  0.419203  
0.809944  1.63923  
0.919694  2.3564  
0.760182  1.61194  
0.11573  0.939964  
0.560356  0.493316  
0.00558875  4.40015  
0.623886  3.01141  
0.298453  0.523153  
0.0341429  1.37182  
0.015496  2.07398  
0.327791  4.49119  
0.488728  0.820465  
0.469649  3.51311  
0.697236  1.58527  
0.949096  2.30735  
0.524421  3.00884  
0.92172  3.48319  
0.295549  2.58313  
0.365763  4.32485  
0.388316  4.44764  
0.337372  0.870059  
0.112427  1.5866  
0.438269  2.02805  
0.931435  1.79212  
0.902376  2.14631  
0.951261  0.300629  
0.617038  3.96326  
0.700374  0.339669  
0.889359  3.23203  
0.145869  1.93124  
0.482282  2.43613  
0.755915  0.359645  
0.827504  1.12359  
0.492185  0.41654  
0.235709  3.89982  
0.977876  2.37617  
0.816396  1.5433  
0.641362  3.54575  
0.419925  3.67463  
0.623342  1.65434  
0.0776112  2.44236  
0.165904  4.3675  
0.701733  2.96241  
0.301626  3.11916  
0.582415  1.62519  
0.850519  3.71169  
0.724302  2.80733  
0.234604  1.05229  
0.910107  1.89179  
0.801159  1.80328  
0.7206  1.44522  
0.400994  3.13443  
0.488087  2.57336  
0.700776  2.04351  
0.712888  3.16338  
0.181106  3.57021  
0.0791313  3.11587  
0.704072  2.83701  
0.565039  0.616829  
0.265009  0.932186  
0.0421078  4.7541  
0.388424  2.44091  
0.165865  2.94729  
0.404322  3.62244  
0.37976  3.04837  
0.23737  4.57637  
0.575662  2.44422  
0.57569  3.07644  
0.33711  0.649995  
0.755101  2.59144  
0.573746  3.14371  
0.846468  2.72164  
0.689918  0.91786  
0.826092  1.54811  
0.485675  3.84913  
0.893633  2.89561  
0.936369  1.38002  
0.954509  0.366523  
0.391652  3.72851  
0.747095  2.10627  
0.989365  0.324899  
0.431436  3.33695  
0.469368  1.34748  
0.918356  0.646607  
0.235885  3.70526  
0.494278  1.62639  
0.121926  4.62811  
0.671309  0.252893  
0.782197  0.131858  
0.589069  3.20693  
0.428124  4.35948  
0.0732496  1.84073  
0.36097  4.43846  
0.118543  3.37781  
0.0462473  2.90542  
0.84084  2.55224  
0.854785  1.40584  
0.50775  3.33371  
0.100551  4.5976  
0.215468  3.25417  
0.914896  1.36042  
0.293217  3.07063  
0.0632352  4.90174  
0.794921  1.85938  
0.597989  2.70544  
0.161954  2.35158  
0.0929385  1.84128  
0.195795  1.18989  
0.045239  1.6043  
0.159215  4.77136  
0.361413  0.635978  
0.864884  2.37855  
0.801342  0.138256  
0.479963  3.66061  
0.170589  3.5776  
0.672919  3.97104  
0.00406714  3.58861  
0.896297  1.70511  
0.270049  3.24417  
0.0834431  3.93159  
0.395332  0.792407  
0.981471  3.55793  
0.600918  1.19548  
0.982143  3.24161  
0.300022  1.13588  
0.0533686  4.9477  
0.969394  1.02474  
0.100938  2.14662  
0.972353  0.508695  
0.969561  1.65127  
0.99252  1.346  
0.251966  1.89067  
0.526649  1.67006  
0.0485599  1.71655  
0.81151  0.179552  
0.185134  3.04933  
0.635199  3.15969  
0.272165  2.34909  
0.636085  2.54262  
0.559828  3.24407  
0.293998  1.9444  
0.29848  4.22831  
0.622524  1.14225  
0.792342  3.53087  
0.648211  0.970958  
0.173284  4.69915  
0.0368613  3.5353  
0.201375  3.22347  
0.720137  3.36172  
0.948783  0.509658  
0.552854  2.96951  
0.666313  0.9172  
0.0445181  3.23748  
0.0902187  4.22056  
0.902908  2.95948  
0.520734  2.45095  
0.125672  2.7846  
0.079208  3.55072  
0.526495  1.43346  
0.014492  4.92021  
0.574746  3.77856  
0.44329  1.02959  
