0.81694  3.5268  
0.0760141  3.16646  
0.978852  2.6519  
0.916988  0.966352  
0.773007  1.75145  
0.958213  0.205269  
0.65129  3.7766  
0.993956  2.30978  
0.0489257  4.63378  
0.588242  0.676241  
0.478125  2.41954  
0.300096  3.39182  
0.720607  1.14151  
0.22368  1.69964  
0.890784  2.62217  
0.386407  3.38705  
0.256452  3.81872  
0.774479  1.9689  
0.57799  0.810006  
0.785937  3.42001  
0.766078  1.57486  
0.0945757  2.09762  
0.243582  1.24399  
0.471082  0.886374  
0.691589  1.04172  
0.475903  3.6776  
0.346317  1.88976  
0.171858  1.76103  
0.244343  4.65969  
0.12319  4.02131  
0.735109  1.85873  
0.378179  1.09293  
0.144967  1.41013  
0.978552  0.848118  
0.161052  3.84801  
0.145137  2.91102  
0.865964  3.42686  
0.484557  2.14286  
0.724274  0.575832  
0.319885  4.55352  
0.781988  1.3858  
0.803601  3.09668  
0.847995  0.678534  
0.478278  2.3895  
0.226539  1.46672  
0.659228  3.2882  
0.428659  1.17745  
0.776538  3.32459  
0.393804  2.21893  
0.909392  3.17707  
0.397895  0.725055  
0.279444  1.27141  
0.503917  3.82112  
0.605206  3.01949  
0.464763  2.7523  
0.102544  4.65493  
0.921926  0.485494  
0.219422  2.75696  
0.761948  0.642285  
0.404411  1.03285  
0.717369  3.19721  
0.421865  0.571264  
0.756074  1.66589  
0.397635  2.88667  
0.330875  2.90682  
0.63339  3.95236  
0.26642  1.39664  
0.00832735  4.63015  
0.137363  4.97986  
0.544656  2.18652  
0.533603  0.271476  
0.323524  0.810618  
0.179918  2.39189  
0.0827679  3.08585  
0.189054  4.72104  
0.986164  2.26189  
0.669698  1.91491  
0.236775  1.59579  
0.333265  2.9031  
0.717629  1.17127  
0.410361  4.03796  
0.26854  2.22964  
0.616152  3.38513  
0.797312  1.72066  
0.795535  0.99773  
0.665664  1.22446  
0.182582  0.908011  
0.45355  2.54753  
0.447325  3.32343  
0.107837  3.85039  
0.63004  2.73951  
0.935059  3.47819  
0.383782  1.88426  
0.475108  4.12866  
0.799916  2.0987  
0.484928  2.01593  
0.575345  2.52572  
0.952406  0.651395  
0.146022  4.55422  
0.597432  2.97914  
0.861166  0.984309  
0.318486  1.10223  
0.906635  2.71339  
0.997986  3.15581  
0.749326  1.02428  
0.344237  2.13773  
0.68125  3.30884  
0.770465  2.34449  
0.518687  2.22342  
0.637378  0.721596  
0.926152  1.16934  
0.72859  2.15906  
0.101667  1.62302  
0.539517  1.38158  
0.210044  2.5959  
0.630531  0.440821  
0.247466  2.22098  
0.0525005  2.41842  
0.423064  1.61869  
0.403767  2.87487  
0.166096  4.46718  
0.281608  2.55261  
0.0112237  2.34418  
0.0973886  3.70268  
0.637156  1.10658  
0.561373  3.24736  
0.408336  3.9907  
0.315311  0.475373  
0.597731  3.03332  
0.157622  3.70733  
0.344302  1.34693  
0.62318  1.2491  
0.352407  3.1715  
0.330866  2.09196  
0.286982  3.31287  
0.503168  4.19435  
0.633541  3.18743  
0.683206  2.75566  
0.302651  4.05866  
0.0257863  2.4265  
0.925414  2.88118  
0.160748  1.16542  
0.0293521  1.74328  
0.562117  1.93547  
0.319627  3.22213  
0.752477  3.25989  
0.249074  1.05346  
0.442602  3.5018  
0.308032  4.21519  
0.426567  0.876558  
0.884935  1.24459  
0.600921  2.13579  
0.489726  0.488529  
0.329361  3.57837  
0.981069  0.943029  
0.406968  1.69887  
0.39181  0.765472  
0.102995  1.05249  
0.309281  0.770866  
0.67505  3.17617  
0.802535  3.44477  
0.162259  2.00627  
0.0562009  1.56832  
0.855297  2.59163  
0.787201  3.80815  
0.399464  1.14358  
0.554994  2.42881  
0.454316  4.13925  
0.994317  0.967047  
0.627338  1.29306  
0.368514  4.29474  
0.677336  3.90417  
0.0417523  4.68233  
0.889322  1.15603  
0.589136  1.51772  
0.134644  3.75919  
0.019754  3.30482  
0.72544  1.66984  
0.250507  1.2159  
0.949672  1.82984  
0.83772  3.38962  
0.30763  3.55843  
0.866532  1.32508  
0.0403687  2.64014  
0.951422  3.56245  
0.123981  4.68012  
0.20322  4.09548  
0.390468  2.6652  
0.114229  1.85586  
0.68676  1.09496  
0.786717  1.20945  
0.598702  1.41491  
0.317751  2.93975  
0.515592  3.24466  
0.876171  0.0647769  
0.883922  2.07187  
0.207499  3.54852  
0.364833  3.78738  
0.0876128  4.77843  
0.0908887  4.34348  
