20.203  11.0969  
11.0567  21.7791  
19.0194  12.1734  
17.7352  13.2934  
29.9728  23.5173  
23.9339  13.129  
21.7895  13.4997  
12.1131  14.4691  
42.0419  18.3755  
25.6942  19.0223  
15.5309  10.8696  
18.4736  8.70388  
13.0907  34.0915  
12.1817  17.2919  
26.6215  14.149  
7.49882  11.3956  
27.2931  28.0723  
17.0919  16.4328  
20.6196  16.6559  
23.9989  8.1673  
22.6447  7.36031  
25.1869  29.983  
16.3662  12.853  
16.0917  18.1558  
22.0813  15.7595  
21.527  14.5496  
21.2809  13.1043  
12.0489  27.1104  
9.58189  11.8778  
16.0985  22.7303  
24.7239  13.7015  
13.6568  19.4732  
15.7965  15.648  
26.2253  12.1778  
8.10715  6.7734  
23.3277  27.2071  
18.4753  21.1857  
21.3343  12.3735  
13.6369  6.94763  
7.76249  19.1029  
13.4665  8.10675  
16.4718  28.4761  
37.1254  27.2718  
19.7018  16.3374  
18.1327  16.8997  
26.2539  39.071  
18.3378  18.4177  
9.38137  30.8033  
5.82671  17.2845  
13.0243  9.07431  
13.2388  20.3552  
22.2825  13.3896  
39.5758  24.7155  
13.4599  16.8568  
14.1318  14.324  
21.5628  20.8232  
11.1593  14.5216  
9.22164  20.8745  
24.2654  13.2449  
17.0115  25.1726  
36.6413  14.5631  
11.3349  22.3157  
14.5841  7.859  
8.5631  13.737  
17.2112  14.75  
21.4812  21.6967  
14.5691  12.565  
19.2715  10.384  
17.963  18.285  
18.8363  24.3669  
16.1492  15.4719  
45.4718  13.98  
8.95077  13.0243  
20.4584  26.4305  
12.1937  8.88945  
10.3796  9.97401  
19.8454  18.2373  
16.8148  19.0348  
15.8298  26.5554  
20.6415  13.7469  
25.9916  29.0873  
15.2575  24.3089  
22.1029  19.4481  
7.82465  9.23952  
20.3564  14.8193  
27.6641  19.2463  
34.9133  18.7567  
26.9153  10.4788  
17.941  20.918  
18.3218  9.67864  
6.17522  14.4572  
10.3284  17.4781  
13.6838  15.1608  
10.9612  23.6955  
9.7093  26.6204  
23.295  21.3923  
44.4153  10.4265  
11.8197  23.1381  
7.87559  13.8109  
33.9471  12.1908  
18.4347  13.982  
22.4175  16.7027  
21.2658  10.2753  
14.0091  13.8194  
9.73334  31.6707  
34.8559  14.202  
26.7942  14.0886  
19.4828  7.21097  
26.55  14.9037  
14.6178  16.2591  
26.0942  30.0626  
22.0113  28.1145  
22.9177  15.006  
20.3884  24.6197  
20.2136  12.9293  
21.2171  11.4527  
9.93738  12.6125  
23.2063  19.647  
13.2734  13.5892  
12.8633  13.7901  
22.0624  11.866  
13.3326  22.351  
25.0923  17.4182  
13.9768  13.4534  
22.8398  29.4575  
22.6235  12.5024  
21.2362  22.1522  
13.2822  7.41776  
15.1917  13.5113  
18.2715  11.1505  
20.4279  11.0568  
24.0288  37.5233  
20.8099  9.24449  
21.5639  10.7542  
22.7305  10.5267  
10.8731  18.745  
19.9572  15.9969  
9.55502  25.8329  
15.545  9.23826  
36.3261  19.2109  
13.9969  25.1018  
23.3936  10.9177  
9.57325  9.98909  
7.99876  17.9686  
15.8571  13.7118  
25.8588  28.2501  
32.0799  24.6138  
3.32967  10.009  
21.7538  11.3275  
8.32443  15.791  
12.7987  9.33506  
37.9623  34.4655  
15.2647  15.5364  
15.9749  22.1353  
7.97022  11.5729  
21.5729  7.01299  
10.4599  7.42942  
18.8915  9.30219  
31.9123  12.6827  
21.4038  22.5936  
24.0635  10.9928  
12.1858  18.209  
23.1616  18.911  
18.6583  20.4094  
6.88779  26.9324  
13.4642  35.2127  
15.3979  10.1892  
24.5188  22.3233  
11.4547  14.6655  
13.4413  10.9626  
17.384  20.7379  
13.8378  14.9922  
12.5125  12.7094  
12.2911  16.3581  
10.7384  6.61068  
6.1882  24.8528  
11.0992  10.0577  
12.7779  28.6634  
15.358  24.288  
24.1702  11.626  
14.7835  7.74767  
25.6163  9.82991  
22.2703  29.8616  
16.6881  12.8947  
9.57374  14.996  
28.6726  18.8902  
31.5708  11.3017  
22.7097  17.4657  
12.5152  10.0306  
31.4527  6.77067  
12.9439  26.0846  
13.6661  15.5932  
20.7725  16.9965  
22.8215  14.0598  
18.4832  24.562  
23.1448  25.1003  
9.34891  14.0819  
20.0075  13.8961  
10.9499  16.1344  
17.8569  17.7747  
11.9513  16.7453  
26.9873  28.9221  
18.951  4.24997  
26.4271  25.4057  
23.4594  21.9497  
27.2743  14.4521  
13.6792  21.5024  
18.8699  25.3808  
7.18496  21.4708  
22.9896  9.79645  
22.3696  11.525  
19.4071  13.2337  
8.29631  11.559  
26.6894  21.1874  
16.5956  27.8566  
18.785  14.2702  
18.1867  10.0586  
11.1004  19.4351  
7.65895  6.29272  
14.6223  9.58968  
26.6266  9.67602  
19.3615  18.3455  
19.6524  8.35794  
13.6115  17.4097  
8.31332  22.8205  
5.81022  18.8251  
6.53953  8.464  
26.7004  16.2645  
26.6033  25.4154  
21.5302  9.67033  
8.34886  17.0984  
9.72258  13.5077  
22.0534  19.6026  
34.2547  5.89861  
13.3436  13.7645  
23.3838  18.763  
13.7225  23.3809  
16.2068  7.46841  
17.98  11.0263  
14.2628  10.589  
16.886  10.3135  
8.71555  38.1887  
17.0757  11.0217  
27.1895  17.5245  
25.542  5.44219  
15.8722  19.5835  
13.9349  18.0973  
21.2236  24.2583  
32.7258  21.2401  
14.7351  18.1203  
8.41779  23.784  
14.2167  21.2283  
24.4454  16.764  
13.4563  18.2538  
26.3236  13.4479  
22.3112  28.9424  
13.417  34.2443  
19.9964  12.8541  
9.96551  11.2654  
9.58231  13.8144  
7.17213  22.1277  
21.0425  23.7137  
17.2319  11.6006  
35.3216  20.7693  
7.65966  27.6973  
21.5315  10.0247  
16.0289  10.0264  
9.49637  17.988  
24.4197  31.096  
19.5702  26.8581  
16.7433  17.7328  
6.18397  23.7691  
11.8058  16.5902  
28.1425  15.105  
22.1988  3.53099  
11.9634  5.18373  
8.5053  15.1799  
19.6882  13.6653  
28.4653  22.7616  
8.38686  25.3863  
17.9622  21.5286  
11.0483  27.5251  
22.3211  18.7224  
38.742  11.6377  
13.6359  29.3413  
5.9694  26.4879  
38.1931  23.8801  
10.2919  4.8484  
25.5295  18.2246  
23.3873  9.18188  
14.6043  9.35891  
22.8976  27.3824  
9.94665  9.21346  
17.4569  12.0826  
12.5563  9.12531  
14.5974  7.9026  
29.6942  11.3941  
24.5462  13.873  
8.19395  19.5582  
24.3187  16.9454  
26.6292  23.5442  
23.7631  18.7385  
7.83725  19.5832  
26.8921  9.35073  
41.1798  21.9336  
31.3244  11.5994  
10.0268  2.74636  
5.20194  18.651  
14.3275  14.9343  
20.4971  18.4579  
26.8211  27.6275  
31.2872  17.4667  
15.0921  12.7759  
19.7417  14.7344  
6.29542  10.7592  
24.388  5.99476  
23.4466  15.5105  
27.7495  14.732  
11.6626  18.3451  
29.8862  18.7325  
31.9432  18.5623  
7.00418  17.0634  
32.2242  11.9942  
8.06197  12.6488  
30.2306  16.337  
10.6423  22.6311  
15.9264  13.0126  
11.5797  12.523  
20.1134  11.2717  
27.4203  6.70847  
31.7065  4.33632  
42.6119  3.11014  
10.6039  23.1745  
31.7205  10.8736  
35.8523  10.7892  
8.32519  17.529  
16.4616  20.8995  
13.141  30.9112  
13.5818  6.15997  
29.4752  19.6712  
22.7506  9.499  
14.1447  36.3335  
15.8788  21.4147  
23.4554  19.843  
24.5052  22.3377  
24.9289  23.3365  
5.46517  36.1061  
29.9485  7.10289  
19.4621  12.3137  
21.362  11.2228  
15.695  5.59893  
11.1018  35.4162  
10.0385  33.3997  
14.1665  25.9945  
19.8223  23.4466  
26.9796  11.6925  
38.7999  23.1268  
10.4855  22.7648  
33.8925  13.8215  
22.594  32.6863  
6.15498  18.6117  
17.3444  14.5316  
16.7717  27.3605  
9.00773  7.10692  
21.1739  14.1007  
21.8549  23.7188  
10.4378  25.1053  
18.2676  16.1435  
11.8688  12.4051  
28.0429  30.3406  
23.0741  20.2287  
11.5267  19.9855  
30.5512  15.9452  
23.3512  16.6  
11.2879  34.3735  
18.2937  28.5441  
19.496  12.3262  
17.3647  6.90283  
14.587  29.2154  
8.82753  20.036  
9.66662  20.8937  
19.1065  18.9201  
9.26913  16.5866  
12.1396  14.1474  
21.2864  11.0615  
13.6564  6.00329  
17.164  18.9498  
12.8926  11.193  
33.2084  28.1418  
23.0471  11.6351  
21.4713  18.4417  
9.93312  25.8209  
11.0281  13.738  
28.916  26.9644  
10.8798  18.7925  
17.8056  17.9763  
9.4344  24.9242  
14.3813  11.2844  
25.7562  22.531  
28.3156  10.7302  
26.4239  21.7041  
8.45929  17.947  
28.5701  21.3886  
18.3344  10.0554  
32.1707  27.8163  
38.9692  9.06702  
10.8212  18.0336  
19.4647  19.1561  
24.4232  15.156  
8.93774  16.487  
6.8261  16.6987  
30.7181  10.7719  
8.5153  21.0528  
17.7571  13.5998  
32.1584  18.7727  
21.7904  13.6905  
36.3683  12.6856  
16.3394  14.1615  
15.1243  25.0906  
3.57511  25.9783  
31.6759  23.1755  
19.6436  5.91347  
29.0919  22.0107  
19.45  7.41959  
8.35488  16.7388  
26.2221  23.7042  
11.0735  19.917  
25.1906  14.5329  
29.4003  21.7181  
29.9852  19.0596  
31.4605  24.828  
28.2839  31.2277  
13.3654  18.982  
25.6927  15.6853  
21.5507  13.0941  
27.9511  33.4212  
20.5069  16.0951  
20.3639  23.7061  
9.94507  26.2882  
31.4175  29.166  
17.6992  8.34181  
35.6007  22.6082  
25.0632  13.7643  
5.32021  38.7516  
11.8847  9.70691  
23.107  12.9974  
23.0457  17.3777  
18.0955  8.90219  
28.7881  26.2217  
14.8489  26.9194  
8.30003  15.971  
27.8169  10.5476  
18.8746  31.7212  
25.5255  19.2608  
21.8501  6.84669  
15.9568  16.864  
23.0345  10.9828  
26.0485  6.62753  
5.59107  21.6711  
11.2741  6.37972  
3.82613  11.506  
20.2179  18.1602  
37.4577  18.4304  
29.6209  26.6581  
17.4575  10.4984  
17.0278  14.3677  
25.8193  21.856  
26.8088  11.1584  
36.193  16.517  
30.6996  11.6235  
24.6919  35.2785  
20.2204  24.5083  
8.17166  14.9833  
15.9753  21.6617  
12.6779  23.1598  
17.1866  23.7666  
21.4084  15.9793  
12.1545  33.0244  
13.6537  14.7232  
29.9746  10.3408  
12.7607  21.9742  
11.7333  28.5396  
27.2138  14.0562  
14.18  20.5883  
11.5077  15.4226  
33.8755  11.4561  
19.5679  14.1403  
19.506  24.8087  
7.41722  10.5108  
13.3058  28.8871  
18.4671  16.4327  
46.8288  13.0324  
22.0948  12.5395  
33.1563  7.95772  
13.4367  3.33233  
37.7774  25.3465  
27.4614  21.1743  
4.86764  23.8535  
31.4284  11.1196  
4.644  23.6773  
18.8171  21.1205  
14.9579  29.9833  
10.8426  16.1267  
9.22965  10.7663  
28.4465  19.4754  
14.0162  18.7297  
19.3729  25.2726  
27.9493  11.0804  
12.829  19.2366  
27.2068  8.39707  
27.3942  11.7161  
6.14448  10.21  
17.1932  15.984  
9.45078  14.9125  
27.0037  12.3443  
18.2857  22.872  
18.4949  16.7934  
33.5981  12.9783  
8.87432  27.9247  
17.1504  20.2915  
10.0664  25.8088  
14.731  17.823  
15.0066  14.6325  
9.85038  9.14831  
8.85288  23.0979  
24.2473  24.2354  
5.11893  20.24  
12.369  7.55714  
10.5587  13.7982  
13.7358  5.92643  
39.3018  17.7542  
21.9225  15.3361  
14.1137  8.31202  
15.1402  23.3786  
18.5364  20.318  
31.4182  8.26907  
10.9646  11.0078  
26.2944  6.42468  
10.5963  11.9669  
19.5461  21.375  
14.2927  14.9747  
8.38269  31.1747  
30.1767  16.7222  
12.6248  8.68393  
7.57571  12.2468  
35.8797  8.2007  
8.83191  6.98242  
4.83296  19.9416  
18.2174  20.8719  
20.1687  10.7641  
26.4894  17.1461  
20.0547  8.22519  
17.6446  33.5087  
13.7434  12.6017  
10.4047  9.67554  
18.1868  20.2506  
12.6572  10.9491  
11.951  14.8824  
27.3914  11.4237  
4.8343  13.7882  
35.9972  17.4879  
14.1604  26.9054  
7.30925  16.5355  
35.6059  31.7051  
24.8702  11.244  
9.42698  28.709  
30.6023  16.4493  
12.9161  4.60313  
12.6139  19.3158  
8.43922  21.6516  
17.3428  20.3761  
24.4527  20.2756  
16.1366  12.0922  
27.8346  26.5197  
14.0873  11.7432  
22.8676  6.28399  
13.6068  8.63608  
35.0087  23.457  
14.2048  14.0921  
9.89575  28.41  
27.7855  8.32196  
12.0919  24.5944  
18.6346  9.54261  
11.7839  9.35934  
24.637  14.8768  
9.67062  19.7988  
25.8158  16.6158  
5.64307  8.51674  
23.706  23.9602  
26.4121  5.82946  
22.4112  15.3305  
9.88407  21.7253  
26.1166  19.7501  
23.5389  19.7784  
25.1938  10.2199  
32.1712  28.8013  
13.233  18.9891  
9.12286  21.4573  
17.1642  27.8591  
7.4117  23.4285  
