0.445584  3.22528  
0.748328  1.75743  
0.781879  1.71889  
0.604033  3.21445  
0.212453  5.74986  
0.906727  1.2192  
0.627618  3.00226  
0.445909  2.92521  
0.753476  5.1188  
0.397192  0.799373  
0.653421  1.55012  
0.187574  1.94613  
0.310475  4.623  
0.0259472  4.25982  
0.00353437  3.14498  
0.360809  1.66013  
0.00991373  2.98178  
0.309318  4.06131  
0.997841  3.50178  
0.0302627  4.6146  
0.1529  2.32206  
0.398374  4.82617  
0.641468  2.37298  
0.846537  4.79672  
0.936083  0.836523  
0.114532  1.73473  
0.646956  1.11353  
0.717539  5.20685  
0.265346  2.76009  
0.534384  2.90243  
0.474876  3.03521  
0.271517  1.82359  
0.231485  3.95028  
0.778444  1.10008  
0.0511799  2.13726  
0.877504  4.22738  
0.215025  3.22246  
0.731318  0.617773  
0.183575  5.21534  
0.416893  2.17195  
0.22826  4.69247  
0.0872481  1.76718  
0.71013  2.24565  
0.383055  5.44172  
0.810096  4.13694  
0.279349  2.47904  
0.352577  2.60123  
0.590881  3.4541  
0.278789  3.74202  
0.616247  1.18352  
0.879837  1.52822  
0.71073  4.12991  
0.32466  5.55297  
0.59302  2.34671  
0.35936  2.73412  
0.117934  2.66974  
0.0697594  1.86437  
0.625867  3.56758  
0.957902  1.42598  
0.848831  4.05795  
0.879378  5.02987  
0.940731  3.77999  
0.336326  1.80873  
0.792143  4.75244  
0.670643  2.00605  
0.674984  4.75193  
0.453136  2.73794  
0.763598  5.07644  
0.901798  1.86079  
0.740578  2.66636  
0.00696161  4.53091  
0.492601  1.98916  
0.497709  3.13712  
0.0826343  5.05129  
0.0335002  4.24406  
0.884199  3.5076  
0.127211  2.29577  
0.61507  1.38374  
0.670604  1.27564  
0.960464  4.44491  
0.668723  2.56822  
0.423475  4.00743  
0.829085  2.55207  
0.908411  3.49786  
0.0679552  2.27062  
0.101365  4.75791  
0.8866  0.575892  
0.103175  2.91266  
0.0597476  3.73271  
0.473845  2.94674  
0.964352  3.91164  
0.970801  4.25694  
0.0160633  3.39497  
0.626128  5.19686  
0.306514  3.16375  
0.963171  2.45312  
0.813376  3.82606  
0.210617  2.90454  
0.483713  3.18778  
0.0358388  1.12858  
0.311806  1.60844  
0.762041  0.48164  
0.817797  5.22219  
0.385421  5.27235  
0.562611  4.99332  
0.00188672  1.11116  
0.0731252  3.7877  
0.107118  2.0045  
0.875896  2.39658  
0.218803  3.85456  
0.848825  3.31492  
0.525018  3.6296  
0.59261  4.22579  
0.69353  2.69528  
0.900276  1.16484  
0.578039  3.77608  
0.622365  4.73498  
0.285929  3.12322  
0.437931  2.84871  
0.84895  0.722548  
0.846576  3.1599  
0.019793  3.02988  
0.156462  2.76863  
0.621328  1.41777  
0.959962  4.31311  
0.364826  3.36882  
0.711402  0.828231  
0.0130941  2.79774  
0.102247  1.52283  
0.849638  1.78293  
0.16949  2.20665  
0.228143  3.98215  
0.11337  2.96087  
0.75201  0.957452  
0.14598  3.17366  
0.332089  1.87545  
0.854342  4.29222  
0.89625  3.93427  
0.45051  2.37707  
0.25069  2.75307  
0.568173  4.89044  
0.638612  3.00421  
0.0541937  2.05356  
0.711113  2.589  
0.300838  3.41503  
0.132883  4.00678  
0.518832  4.07891  
0.688746  4.77597  
0.84737  3.88363  
0.0824639  4.5311  
0.678971  0.786578  
0.532686  3.19491  
0.485376  5.35818  
0.294507  4.33977  
0.177929  0.997661  
0.891015  1.13927  
0.655064  3.62027  
0.194207  4.9909  
0.157646  2.45191  
0.541054  0.783869  
0.0210727  4.95062  
0.587013  0.827894  
0.99586  2.93388  
0.803161  3.68551  
0.292107  5.06228  
0.55337  4.34454  
0.659787  2.02804  
0.185562  3.26256  
0.0126604  3.28313  
0.601666  5.14475  
0.568825  1.10265  
0.190566  3.21163  
0.362435  1.63375  
0.00123791  3.04335  
0.542705  4.09581  
0.229406  2.28248  
0.820655  2.35567  
0.836625  2.76414  
0.733834  1.92709  
0.610197  0.746049  
0.0735737  5.7684  
0.0113052  4.53088  
0.807992  4.26654  
0.0888849  3.02868  
0.794133  1.69834  
0.894577  3.31947  
0.852864  5.02265  
0.971391  3.29172  
0.991486  4.27602  
0.12644  4.74896  
0.592317  1.28593  
0.555944  1.29145  
0.246355  5.11226  
0.637563  4.9899  
0.591472  3.20385  
0.848203  1.5721  
0.887666  2.2365  
0.676398  0.923421  
0.36484  2.66893  
0.999485  1.7334  
