0.454086  3.72594  
0.357713  2.98176  
0.897084  2.76878  
0.517534  2.42522  
0.596413  2.87711  
0.187522  4.50173  
0.628439  2.66779  
0.455378  3.18334  
0.788027  0.481052  
0.857633  2.05982  
0.926675  0.93493  
0.344952  3.35628  
0.167557  1.16143  
0.0906402  0.864908  
0.296368  2.49186  
0.329166  1.87599  
0.306575  3.08127  
0.829232  0.0976454  
0.25816  2.84012  
0.0938407  3.43551  
0.499781  3.71451  
0.135039  1.64706  
0.175968  1.43681  
0.683921  1.18662  
0.64876  0.459646  
0.107314  3.1051  
0.0273363  5.22488  
0.0907671  4.63502  
0.138008  3.82105  
0.585525  3.80497  
0.989812  3.16674  
0.000735493  4.42931  
0.631867  2.79391  
0.249092  4.76721  
0.844476  1.79849  
0.207493  3.38533  
0.457828  2.98684  
0.222848  3.72084  
0.250468  0.667635  
0.90479  2.49748  
0.673091  3.34206  
0.397546  3.70635  
0.439323  2.23247  
0.645792  3.02634  
0.155479  1.71253  
0.437339  1.8488  
0.644472  3.28652  
0.363107  1.80378  
0.707385  3.32849  
0.704722  1.53401  
0.563391  1.66384  
0.0592521  4.36035  
0.253855  1.90855  
0.95388  0.482088  
0.0287316  1.28771  
0.211918  1.09614  
0.394067  3.11806  
0.984685  0.984515  
0.442161  2.03148  
0.194683  4.00037  
0.0586925  0.815127  
0.302946  4.11814  
0.204503  4.13988  
0.351706  2.48145  
0.340494  1.18454  
0.369824  2.10016  
0.405741  3.38667  
0.831689  1.63572  
0.428496  3.94098  
0.303557  3.80388  
0.00227415  4.75448  
0.896868  1.68656  
0.0814621  1.19612  
0.620974  2.86698  
0.34967  1.63441  
0.538609  3.54653  
0.380862  0.922618  
0.222521  2.29062  
0.307077  1.37491  
0.188674  3.67145  
0.209696  4.19588  
0.454965  1.83047  
0.95627  1.48384  
0.595833  1.05445  
0.946386  3.59579  
0.709641  3.16241  
0.793541  3.42083  
0.581759  0.359663  
0.673084  3.61478  
0.680366  3.59574  
0.291085  4.27971  
0.0297296  1.25602  
0.662322  3.24493  
0.675656  1.59311  
0.56722  1.07426  
0.878258  2.7146  
0.569385  2.6781  
0.0106944  1.00282  
0.501995  1.41114  
0.375936  2.63959  
0.543193  1.80506  
0.746188  3.59814  
0.940249  2.00815  
0.586219  1.63125  
0.332306  4.05764  
0.667544  2.76406  
0.807876  1.25768  
0.917781  3.53644  
0.019678  5.13539  
0.476183  3.92884  
0.0927794  0.97175  
0.692962  2.20302  
0.343904  3.36328  
0.953892  2.23647  
0.0747043  1.75064  
0.256233  0.985321  
0.660015  1.18007  
0.980181  2.55553  
0.81965  2.37628  
0.0507337  4.05005  
0.514061  3.09072  
0.855896  0.875025  
0.0480354  3.17475  
0.372831  3.72615  
0.292972  3.14978  
0.254214  1.73575  
0.085994  3.79053  
0.487754  1.10078  
0.193481  3.89053  
0.138977  1.12366  
0.858124  0.425013  
0.552028  1.6527  
0.564968  1.11362  
0.588182  2.97018  
0.993044  1.43581  
0.434762  2.47604  
0.26608  1.53692  
0.741401  1.97418  
0.456185  2.6584  
0.303423  2.47581  
0.7758  3.31447  
0.243302  4.59495  
0.319056  3.65156  
0.945619  1.64113  
0.859838  0.159748  
0.733182  2.48484  
0.229136  1.46489  
0.669525  3.81535  
0.254738  1.12687  
0.68344  0.521679  
0.727124  0.47352  
0.242478  0.823692  
0.660084  0.971174  
0.674191  0.73365  
0.852311  0.710134  
0.868352  1.01844  
0.823971  2.18496  
0.692046  3.70285  
0.638508  0.293153  
0.224774  4.5127  
0.293376  2.53682  
0.857314  0.0823627  
0.979075  2.1092  
0.0483857  3.89049  
0.990812  3.43059  
0.372456  3.33437  
0.705368  2.27538  
0.562654  2.23434  
0.500994  0.681206  
0.845504  0.599288  
0.62591  2.27731  
0.472703  1.56692  
0.339017  2.07325  
0.868756  1.63839  
0.602201  0.980951  
0.184657  3.5002  
0.40257  0.522341  
0.820532  1.24035  
0.60774  1.16486  
0.502377  0.88001  
0.234598  1.02944  
0.1697  1.16608  
0.352132  2.62849  
0.104384  1.18182  
0.321988  1.64486  
0.62757  3.68834  
0.979239  1.75549  
0.776283  2.4873  
0.799512  0.753062  
0.828954  1.84775  
0.769068  2.31092  
0.625806  1.88531  
0.752626  2.23989  
0.0161836  2.23971  
0.565238  3.26759  
0.830247  2.88436  
0.093667  3.68682  
0.167661  1.22733  
0.308395  1.42456  
0.709646  0.216224  
