4.83243  8.9853  
7.08608  3.53708  
6.52164  13.4384  
8.49219  3.66856  
7.05736  8.62081  
4.71389  12.0367  
6.7227  9.50103  
2.91546  3.75028  
4.23455  8.46478  
10.4557  4.94228  
5.85912  3.48365  
8.27164  7.22292  
6.0621  3.67222  
3.31207  10.8891  
2.62017  6.71839  
4.15967  9.34041  
8.5919  4.72462  
2.0719  7.55736  
5.85313  9.3481  
6.247  8.45777  
4.62389  6.33352  
1.45418  7.55309  
13.8407  17.41  
5.10296  9.36827  
8.40176  6.99583  
5.34346  12.6257  
2.23955  1.56496  
6.65575  3.94825  
3.51219  7.65288  
3.51495  7.13109  
5.4724  10.7458  
8.81007  2.12947  
5.12749  4.39658  
3.1064  8.70901  
5.09976  6.34211  
5.20789  7.75164  
6.31024  6.46297  
5.97785  6.26956  
7.9875  5.75283  
2.70173  7.19471  
1.43556  8.70945  
7.89511  8.50973  
10.0779  13.6175  
7.94481  0.84924  
10.7905  6.6875  
6.56806  8.02321  
5.20836  5.11202  
6.78815  10.5783  
8.82763  11.8604  
9.02921  4.04008  
6.35823  10.6183  
5.42906  7.9722  
5.71791  4.14838  
9.13117  4.97162  
8.26109  7.85822  
7.58135  5.20943  
3.90271  7.5041  
3.58367  8.59033  
7.49375  1.76538  
6.66926  10.1944  
6.28965  5.80988  
4.57449  2.24597  
9.87333  5.94871  
2.78728  2.53951  
3.62012  8.78066  
8.28707  4.80126  
2.98641  11.6765  
3.383  3.5037  
9.30866  7.64366  
6.51102  10.2269  
8.24115  2.26212  
11.3909  10.1112  
6.30769  13.5888  
4.77263  7.52395  
7.62901  11.5837  
4.10089  13.9058  
3.28635  6.01362  
5.80434  4.77214  
6.43361  1.22732  
6.39574  7.67618  
3.63562  8.55543  
8.5695  7.91765  
1.03625  1.65951  
8.67087  17.8194  
5.14323  7.24197  
7.84387  16.9867  
14.7988  14.504  
3.78324  14.4009  
6.65035  4.61779  
0.339183  8.67572  
5.51891  5.7238  
10.1372  10.8674  
4.23804  8.30712  
7.09912  4.70102  
7.14912  6.49583  
5.48964  9.48729  
4.06894  10.1169  
9.20833  5.40452  
3.05246  9.23701  
10.9597  10.3175  
6.30825  8.69037  
4.73929  9.70094  
3.98454  8.93536  
1.35381  13.5161  
9.37087  14.925  
8.19009  4.8159  
3.50251  8.97197  
12.5565  6.82114  
9.19198  2.98814  
10.2638  6.90157  
9.34037  7.2625  
7.01722  5.12986  
7.83121  5.85427  
6.01891  9.61915  
9.48924  8.81472  
4.72471  7.52917  
4.16271  8.48337  
5.26183  5.36293  
6.36371  12.6618  
4.76026  9.74739  
6.82605  4.28646  
2.70083  8.49606  
22.5768  5.0113  
10.0616  12.281  
4.6073  12.38  
6.01088  8.00328  
2.18435  8.78488  
7.64743  11.8331  
2.94808  5.33854  
5.70458  14.4722  
4.16367  7.18596  
4.48428  2.91495  
5.03932  5.47975  
10.5149  6.2998  
6.74898  4.30308  
8.83413  9.78697  
2.84529  9.20608  
5.09988  8.22044  
7.75286  7.91911  
6.32434  11.9961  
5.70248  1.87644  
7.75418  6.17498  
6.91169  5.94624  
5.64277  7.3038  
4.60229  9.68519  
3.41572  5.00955  
3.3481  5.47692  
3.64993  3.8812  
6.72618  5.87305  
6.98388  5.81227  
4.07326  8.63619  
3.17225  5.31304  
1.78491  5.29062  
3.8754  7.08223  
5.51392  12.7158  
6.04874  7.38815  
4.75539  11.747  
5.94658  4.43668  
5.45284  8.93876  
4.3102  10.8278  
5.58404  4.25882  
8.62455  3.85598  
3.92085  7.16061  
8.01262  7.53295  
8.65515  6.36537  
3.49031  8.67398  
2.17453  1.61045  
8.9121  14.2115  
5.1102  8.42136  
1.85432  8.25347  
7.72585  11.1578  
11.7923  5.60939  
6.04108  7.03265  
6.10529  7.39446  
2.18359  8.50093  
2.96217  14.5718  
5.44264  6.8529  
9.70328  13.9949  
5.46654  7.23636  
4.32443  11.2765  
5.16011  11.6535  
4.56504  5.97015  
4.16899  11.2775  
4.55563  12.4951  
8.80694  7.11946  
6.38705  12.9474  
2.81594  2.94459  
9.16221  7.2162  
3.64739  8.41855  
3.7158  5.35766  
6.73258  3.31346  
4.13818  5.61415  
4.84496  9.09024  
5.28591  12.7419  
10.515  7.79862  
5.29661  7.40523  
2.89228  4.61415  
5.20987  7.59478  
8.73364  12.0885  
4.34605  10.5633  
3.56921  9.09724  
5.11898  6.45617  
7.16677  8.74948  
2.49967  11.4725  
7.66206  7.3148  
10.0219  12.3213  
6.14966  9.91579  
5.39654  9.14552  
7.57665  1.36777  
5.10385  7.91986  
7.45274  8.25036  
6.48467  13.1469  
1.9165  8.76396  
5.65159  5.98127  
4.68061  4.94374  
8.7179  6.04363  
2.40106  4.70116  
3.63787  6.34507  
7.85588  8.32656  
7.21509  8.02485  
6.14925  2.77202  
3.57619  14.399  
4.19159  2.29131  
3.12917  9.13929  
8.57405  9.09399  
0.920755  5.4194  
10.1806  6.41398  
4.096  9.23483  
4.64723  7.38754  
7.13763  5.52499  
9.70997  8.59393  
8.96224  8.9396  
2.19813  8.00508  
8.19827  6.89439  
3.77579  6.32013  
11.4678  8.55505  
2.73636  3.37529  
5.85808  8.49333  
4.96874  12.3095  
4.66726  7.62675  
14.5074  3.69563  
5.3508  2.60757  
3.48658  10.2496  
13.7769  15.1375  
6.9446  9.59064  
8.66202  3.57058  
5.77204  13.9711  
9.81182  8.29532  
5.93531  5.26297  
4.95891  3.68762  
12.0162  8.55307  
6.69301  9.78836  
9.24785  12.7059  
6.45406  5.93713  
9.37298  2.34543  
12.579  2.40855  
9.85031  6.5825  
9.72744  3.98968  
5.10825  4.27765  
5.35746  6.82131  
3.44136  14.4075  
5.63998  8.67199  
6.66098  8.19932  
9.61337  4.12346  
9.82719  12.3063  
6.02472  9.03809  
13.7011  9.85438  
7.83376  7.84459  
4.65445  7.26992  
3.64625  7.5662  
4.47777  11.345  
8.30643  10.2231  
6.91527  11.1468  
3.50726  6.58453  
7.17013  3.8603  
3.20647  3.89986  
6.49557  7.8054  
5.58888  3.15422  
5.94264  9.56766  
6.36498  2.46736  
4.48234  7.27466  
5.46854  7.65616  
4.92948  6.65505  
4.8465  6.5385  
3.73127  6.14614  
2.97938  11.1836  
4.57765  10.5049  
6.63059  5.64638  
7.05707  8.49268  
3.82142  3.67741  
6.79941  6.90414  
3.98555  4.16224  
10.2161  4.71504  
3.24968  7.64551  
8.73716  8.70334  
7.44777  7.54007  
4.9442  4.07857  
6.00544  10.2857  
5.89388  8.81878  
3.47735  4.75901  
2.86206  5.10549  
5.05442  12.1933  
4.3649  6.27703  
3.56941  4.25064  
3.60854  11.9632  
1.6156  6.11792  
5.58816  11.3988  
4.65037  4.80603  
6.76009  7.59872  
2.36872  6.51384  
2.97147  8.48297  
4.07194  6.31135  
6.59079  9.62158  
4.99408  8.35255  
8.05353  6.81356  
10.5471  5.59348  
3.16217  5.42347  
9.15156  3.59975  
7.37635  12.2278  
6.70959  4.14574  
5.71299  9.64313  
16.5643  7.95674  
9.76029  4.33791  
8.23028  4.55919  
2.39628  9.98309  
5.11973  10.4563  
9.15548  6.16845  
9.29  4.69516  
4.10538  6.57687  
7.14377  2.85343  
10.0097  5.68648  
4.8587  3.88902  
7.57198  12.3266  
5.91443  11.3244  
2.25845  6.57589  
6.33576  6.57916  
8.25464  6.31584  
7.04515  14.5479  
6.39869  6.60251  
3.1669  9.80306  
13.4977  7.59049  
5.33701  4.95923  
5.01215  4.71525  
10.6735  7.48036  
4.36919  9.91311  
5.28873  8.89029  
4.80291  9.72599  
4.70598  6.08974  
5.67601  3.87613  
5.86752  8.27538  
6.86712  9.23268  
12.7462  9.132  
7.36746  6.65596  
5.4051  7.19487  
8.09997  11.2054  
10.2135  6.21445  
6.41817  18.9984  
7.93619  10.2401  
3.11467  8.07494  
1.12472  6.03917  
10.6301  9.92028  
6.16413  4.43042  
4.57036  6.66193  
4.36971  5.04752  
8.30808  3.6185  
5.69437  7.20486  
2.31761  11.4733  
5.85619  5.69768  
5.46339  9.71853  
4.71136  12.956  
8.67352  9.54804  
5.04551  3.00542  
6.145  6.22057  
8.84361  6.21826  
6.20288  7.66577  
3.39802  6.69861  
4.08831  8.70934  
5.7682  9.28763  
7.67579  6.35836  
5.70006  14.7321  
5.28846  4.12204  
8.17215  7.86789  
5.31185  5.36625  
7.99916  4.7532  
10.6744  6.11647  
1.97916  5.04092  
5.47531  3.61685  
6.75182  6.98229  
8.36298  8.62566  
11.7197  9.67085  
7.81618  5.154  
8.524  3.31751  
6.75577  3.72467  
5.4215  9.24005  
8.16127  5.75032  
1.12793  10.1572  
9.16665  4.68307  
2.6556  8.32026  
7.61936  14.1171  
4.46208  13.3027  
10.3031  5.24801  
7.11467  8.94606  
2.28722  15.5412  
6.30184  6.74614  
9.72359  8.059  
8.80598  5.75558  
8.89558  14.2529  
5.76108  5.94019  
5.58602  12.5534  
8.54906  5.21517  
11.723  10.9753  
7.71767  8.1633  
7.54497  3.37861  
5.25583  7.07687  
1.81975  8.87019  
6.68667  4.86581  
4.46315  2.44454  
5.17377  7.77129  
8.46325  3.47989  
7.19484  5.98671  
9.65351  8.76255  
8.6105  4.13843  
8.81652  7.75063  
5.61002  6.4927  
3.17256  6.19504  
4.37244  6.41498  
8.54963  2.90904  
8.47233  5.92297  
7.4169  10.8211  
6.41985  5.54175  
5.20006  7.62403  
5.17553  4.54857  
0.464186  7.61613  
1.81478  4.67408  
4.97761  12.2078  
11.194  10.6372  
4.28017  4.68035  
6.11953  11.8386  
7.07837  7.22521  
2.34821  5.0705  
5.74384  4.20851  
6.7203  5.57927  
7.45049  5.24744  
6.36169  6.23852  
6.50091  6.21798  
8.19842  7.63547  
3.26044  5.33517  
1.99172  7.44043  
4.38547  12.181  
4.57056  6.55192  
4.3907  9.92187  
2.49442  3.60268  
12.5065  3.28597  
8.00408  9.57283  
6.41903  10.3905  
5.72193  4.08397  
4.04923  5.26417  
10.7991  4.47165  
6.07121  4.51551  
8.94195  8.27564  
7.85053  12.3935  
8.44994  5.68876  
3.59787  6.13338  
2.56154  7.53258  
6.97451  13.3618  
2.9479  3.54928  
8.23214  4.66408  
4.84929  5.14039  
2.54861  7.78521  
4.62887  10.822  
9.60226  0.954675  
9.12561  8.46767  
1.04151  14.5418  
5.63555  11.7469  
12.5081  11.9874  
6.00151  6.57411  
4.38574  6.51905  
3.18159  8.66443  
1.76452  9.32949  
2.62902  16.9459  
2.2729  4.89063  
10.1886  2.90747  
6.70972  4.98058  
8.92724  7.00166  
1.63075  4.17163  
9.14441  14.8613  
3.3025  4.67057  
6.39569  4.49497  
10.1751  2.62034  
10.8788  8.19082  
4.80833  5.92228  
8.33756  10.1008  
9.87021  10.2325  
6.0559  6.56591  
5.0971  10.4088  
5.4638  4.00248  
5.89758  11.3561  
2.82137  7.19385  
5.53458  6.88248  
6.28197  11.9267  
4.24899  7.27974  
18.5978  4.88949  
3.49819  4.38511  
3.84931  11.6965  
6.54402  6.49918  
10.8092  8.71383  
3.06113  12.5979  
5.30879  9.85617  
7.67291  7.16548  
7.34841  4.92191  
3.30733  5.31978  
2.1529  13.1114  
1.70625  6.46488  
5.03195  4.02106  
7.71966  14.318  
10.4975  10.2999  
5.00752  9.64849  
8.52187  7.94848  
5.70896  9.56281  
4.83807  5.62698  
11.6273  10.4119  
7.75563  2.60949  
7.09543  8.84687  
4.66935  5.99448  
5.33942  15.354  
9.70076  6.85348  
9.70437  10.5483  
16.9553  6.40102  
5.95551  7.38323  
3.02255  5.69816  
7.20567  5.48077  
3.90502  6.60851  
8.07359  5.21  
11.6369  7.51054  
15.9591  3.77997  
10.7793  7.57657  
6.22854  7.22921  
2.68321  6.64783  
6.61035  2.57811  
1.84618  3.17488  
7.87604  6.96204  
5.53462  7.03228  
8.13745  9.61187  
10.2349  10.2305  
1.09337  7.28095  
6.45554  5.88948  
4.59679  1.84772  
8.93998  2.33307  
12.4714  10.2667  
4.78988  3.1086  
4.66993  3.40421  
7.86918  12.7097  
6.28995  10.1432  
0.634765  4.64494  
8.70839  3.27035  
2.86712  9.71298  
8.57166  9.2143  
5.87427  16.4955  
3.90803  4.35516  
3.52871  3.25288  
5.02009  18.5261  
5.54592  5.11391  
4.31092  8.72834  
6.71932  4.20654  
8.39426  3.21455  
6.48612  10.7606  
7.33846  10.1241  
8.45182  4.62609  
9.41185  8.98603  
4.73036  10.7157  
2.85257  11.375  
5.14451  13.155  
4.00085  10.1464  
7.67629  3.92258  
4.577  10.1731  
5.89502  3.97918  
5.45768  5.5786  
2.83805  3.5382  
6.56077  10.8703  
5.81334  6.68182  
3.03644  7.76109  
3.35164  5.81318  
2.94514  5.8896  
8.73459  9.39362  
9.94848  12.6073  
9.3544  4.22595  
3.43549  7.27577  
7.05226  5.16676  
9.28418  10.284  
4.55356  12.5431  
2.82725  12.6187  
11.8017  7.74282  
5.218  8.05388  
5.13695  7.30378  
5.70923  9.51227  
6.3438  6.92461  
4.17849  7.89673  
3.23752  5.18743  
9.37727  10.6291  
7.48216  2.05835  
