70.4096  19.0814  9.06452  
14.9707  3.31459  18.4124  
20.1073  5.24808  13.4593  
12.5573  8.74773  21.5154  
11.8138  21.0977  9.06363  
17.3061  11.1638  16.0008  
39.482  39.6818  15.807  
18.7674  5.25543  10.9528  
5.95686  12.6025  30.6562  
32.6858  3.21039  6.85492  
12.643  5.12298  16.5024  
12.0591  3.94641  18.8142  
5.584  7.19985  37.0057  
10.8741  21.9876  19.5323  
22.875  4.5487  14.6187  
15.9598  7.03196  14.7785  
18.2968  24.2117  5.03323  
16.831  27.2068  63.0986  
18.5209  23.2718  13.4506  
13.9695  8.81081  8.95265  
2.50922  4.24371  25.4975  
32.7457  48.3427  4.94352  
9.78913  29.7721  10.8882  
16.0256  8.95446  4.13427  
22.4693  29.1111  27.2071  
12.0685  11.2625  16.2353  
19.7485  10.0097  13.8854  
7.50021  10.3883  15.8943  
29.0064  31.5825  2.30667  
6.58874  20.4835  33.2635  
22.3291  9.51391  7.68977  
20.9802  38.4653  59.9043  
6.31773  46.0399  5.05648  
35.0794  11.588  26.7282  
15.3583  4.84479  6.08728  
13.6671  8.23582  12.5795  
5.88868  7.17694  18.7931  
14.5275  21.8956  1.73349  
16.0751  4.16949  23.6563  
21.9176  17.6433  31.0271  
10.9928  7.63827  8.16431  
10.3937  28.7793  11.6132  
29.1842  21.5358  6.44734  
23.2694  17.6632  13.989  
14.2866  5.85281  29.146  
10.9006  4.16487  9.69929  
12.7074  18.9597  15.4695  
2.56587  20.196  15.1003  
31.7607  65.9171  15.8806  
12.9136  5.09639  3.75757  
11.4822  56.3407  30.3126  
12.1803  18.3342  3.10157  
17.8176  30.4688  20.2882  
14.3785  23.3433  12.5762  
20.4535  11.2469  24.2686  
25.8806  7.11404  10.7919  
47.9765  25.161  24.7804  
14.1925  3.78968  25.0553  
18.4477  49.3408  6.59913  
10.1426  3.67405  25.329  
8.85752  1.5073  1.94174  
29.6261  6.88506  16.8826  
42.5736  37.1126  7.13049  
22.2988  13.6683  22.8006  
31.6019  15.8467  23.8328  
22.4243  6.44147  18.6879  
33.9189  25.7478  32.6195  
8.22427  35.7597  22.6953  
4.3383  4.56509  10.2045  
11.095  4.81665  11.1297  
9.30908  3.4118  21.1265  
18.6075  9.31571  28.3187  
9.36653  26.6794  9.99151  
7.35977  18.517  5.16729  
13.1425  8.19269  21.0629  
21.8381  8.89125  43.7443  
3.53731  10.7637  6.97598  
23.1321  22.334  12.317  
33.9848  47.236  13.4807  
20.5268  9.78904  5.55635  
20.9428  10.7282  12.6137  
25.2524  15.8357  10.2352  
35.6411  44.5586  32.2024  
24.947  27.6542  23.4655  
20.82  7.7293  18.5125  
25.9133  27.947  9.77066  
17.6913  6.05462  5.97757  
30.6254  18.3709  14.4189  
21.3756  3.78525  15.7364  
16.7044  9.86575  13.7503  
16.9173  34.7005  9.97774  
19.3135  16.0771  32.7279  
39.0913  9.10497  10.88  
4.94103  54.2389  18.75  
4.8607  4.95029  25.4126  
52.914  30.4407  25.4566  
14.7962  4.43948  10.1556  
28.9777  11.3177  10.3724  
3.54113  11.6685  29.337  
8.26772  18.6458  6.34889  
53.4241  3.3608  20.6057  
16.3856  7.24402  14.5465  
16.385  11.6031  22.618  
14.6561  10.6086  33.8787  
29.1305  21.5168  16.8423  
11.6673  7.23196  37.6299  
6.49205  21.1334  10.8913  
30.1164  11.4756  16.0035  
38.363  8.11392  43.3964  
6.20568  38.5894  40.1733  
27.2134  23.8865  7.6765  
33.4909  22.7894  40.0933  
46.3239  37.6689  36.6291  
8.17095  8.34568  6.46596  
6.44812  12.1026  7.41104  
21.6533  4.14394  10.5807  
23.6739  12.5696  3.57027  
5.14273  20.4481  41.9741  
21.2534  11.3605  15.5643  
22.8498  12.8476  8.41885  
5.79955  12.5714  40.807  
14.0128  8.56578  4.63203  
15.4547  1.54122  25.843  
57.0414  2.75834  11.8665  
13.8792  4.02513  26.3692  
26.6361  24.0134  19.3814  
34.7562  50.6075  14.3193  
19.0357  41.4141  12.1218  
22.1862  4.08959  13.3637  
11.5797  33.5639  17.3273  
33.1422  43.0564  15.5964  
37.8246  40.9374  43.6143  
19.3157  16.0594  6.5312  
18.4857  5.78036  5.61564  
5.6735  13.7454  9.35407  
25.2709  16.7933  17.2  
7.49986  11.6072  13.6498  
3.14333  7.51444  8.52188  
13.124  5.44458  8.29526  
6.9902  20.3584  25.5624  
18.908  2.34622  18.7054  
10.8557  5.03055  5.31776  
6.80859  11.5246  17.1688  
18.7327  29.454  17.3845  
20.978  7.03524  7.93051  
10.5286  14.1336  9.84252  
16.6699  11.4763  4.65254  
14.6869  19.926  27.5071  
7.39123  51.6429  16.5391  
16.264  32.339  22.7845  
16.1853  28.5974  20.1145  
4.29555  10.6054  7.33718  
13.865  10.408  33.44  
20.1964  53.8472  34.7083  
38.7027  55.9876  7.28297  
10.3049  17.8578  12.2872  
28.3949  23.2081  23.4448  
9.09868  20.815  41.5856  
29.3335  22.4037  41.8524  
22.9213  10.468  6.9194  
9.46846  20.2208  15.2982  
9.65449  27.9109  18.1695  
6.66737  7.15322  7.40282  
24.6973  15.6347  29.769  
17.3372  16.7236  12.0835  
62.5611  8.1195  13.3304  
22.287  16.8809  15.9999  
15.1026  9.37495  5.00523  
21.7083  23.1588  13.6443  
16.2228  2.86716  5.89243  
18.4131  17.8128  21.0726  
10.1879  9.86869  3.2622  
10.226  18.4711  19.8961  
10.7136  23.8678  6.81693  
7.25505  12.1402  5.65563  
34.4463  19.9169  6.71301  
38.8326  25.1759  9.18553  
25.3042  28.8374  23.9147  
24.9233  3.96697  26.6076  
39.9591  42.0913  15.9432  
10.8636  18.1016  14.2515  
26.7097  11.068  21.2905  
9.72988  9.0944  7.76487  
28.1222  10.4095  14.7787  
20.3922  3.48182  3.34335  
27.7805  43.0708  32.7543  
24.8355  12.3603  25.9344  
41.2875  8.30079  21.6663  
8.67169  18.4999  14.9938  
4.9478  26.5095  19.1176  
19.3056  8.90827  8.04391  
6.79967  5.33776  18.4661  
6.64982  11.8488  14.9301  
9.39608  34.5822  15.3562  
6.46998  22.3151  3.78416  
47.8774  2.12588  14.973  
28.7387  37.9985  17.671  
20.6668  33.484  32.2926  
18.9755  13.9454  22.239  
27.9776  24.7018  41.1398  
32.6807  48.9721  46.7949  
11.9992  3.0083  8.63801  
33.3043  53.9635  13.547  
16.9094  17.1302  11.9492  
14.7318  10.3417  7.174  
27.1545  15.7579  19.5114  
28.1239  42.4093  27.9981  
27.2307  6.8564  16.5158  
27.4814  25.6734  18.4118  
20.0474  10.0644  42.7217  
23.0741  7.20546  15.561  
22.2473  4.88341  40.4056  
39.5378  6.01337  22.0154  
15.0706  45.3936  5.18671  
6.81233  25.7853  26.2637  
36.9871  22.7106  20.4741  
28.7373  53.9431  8.49252  
8.6941  32.1845  28.5972  
57.0213  8.12715  12.3987  
19.0909  9.06317  13.9931  
38.8061  4.68269  2.64535  
4.5376  13.221  44.4254  
11.1313  30.9524  17.3818  
11.9205  7.92165  13.8281  
6.12709  18.0215  13.6934  
26.9675  19.7526  24.0562  
53.7749  48.3167  48.9137  
12.8467  4.95909  12.5263  
5.13336  4.0132  38.9413  
21.8469  8.75831  5.38255  
6.47783  9.46837  5.48598  
18.0117  11.3479  12.8287  
30.4449  7.27639  22.0878  
13.2472  29.5816  32.7845  
15.6784  14.4706  16.2461  
24.3798  10.9808  17.9137  
4.04153  9.0891  24.9968  
38.6474  19.5093  41.0217  
18.1146  5.51533  6.17217  
19.6235  25.3311  14.3291  
9.74943  11.607  9.38928  
3.34655  28.8302  9.06482  
18.099  32.2235  6.4311  
41.779  15.5601  45.7958  
18.9916  22.6985  11.556  
32.0352  7.7545  10.7805  
13.4372  7.41049  18.7149  
7.44272  22.9921  9.08544  
29.2964  36.5994  15.9083  
13.0067  4.00976  11.8754  
36.9838  41.8295  16.6997  
7.17067  61.2238  33.0885  
29.8649  8.42559  17.7908  
14.623  6.96961  16.6033  
4.67556  13.86  24.7097  
8.2776  11.34  19.716  
39.8215  24.8144  34.0566  
26.6219  35.3654  22.7227  
16.7086  1.86846  22.8839  
23.5476  13.6353  6.89073  
20.5952  18.5455  16.2876  
40.2977  49.9789  17.6842  
7.41983  7.13689  19.8442  
13.6987  15.75  4.91946  
13.4647  19.1199  17.333  
17.7819  3.64908  19.5326  
8.46324  4.87166  16.7423  
14.7537  13.4275  30.5723  
7.91321  8.67402  15.3833  
5.17631  10.8782  18.8879  
27.2972  26.1241  17.1418  
14.1969  24.7543  5.44738  
12.3121  15.8458  14.2064  
20.9755  5.77838  35.7795  
19.5862  11.8171  19.2748  
13.5922  17.9194  39.1519  
14.7244  23.6918  13.966  
5.36129  6.58504  34.3003  
29.8368  9.78846  23.0821  
42.6119  24.1535  33.5856  
13.0747  10.6976  7.28426  
14.8751  36.0045  2.4312  
30.1292  22.6927  19.0084  
9.54183  31.3067  21.5084  
25.05  27.4377  11.7335  
5.43266  26.7745  11.0912  
35.7952  8.54714  18.9872  
2.99441  11.9476  12.8863  
9.08858  22.359  18.8268  
3.77532  14.7846  7.52181  
11.6429  2.7392  9.57836  
13.5209  12.6194  16.2303  
22.0968  5.62272  8.53176  
4.32936  6.79657  9.46198  
19.3156  17.8496  12.5881  
14.0129  5.79594  10.0584  
11.3067  36.2212  18.5462  
39.9646  16.7795  18.4698  
15.7796  34.4978  13.4004  
5.93555  18.7957  15.6892  
15.5499  6.97843  11.4345  
17.9032  15.2724  26.8427  
19.2982  6.69944  11.1697  
13.4124  17.7253  16.3088  
16.0677  39.8991  40.1559  
18.9493  8.50356  19.7001  
13.7714  10.5255  11.5704  
16.9692  33.4539  9.93076  
6.1884  17.5629  16.2884  
5.70773  5.62079  17.6018  
20.5954  22.4254  12.6679  
2.72571  7.83344  9.99589  
30.5543  18.3965  38.0309  
10.755  7.93595  18.4918  
28.2351  29.6533  33.0961  
10.5409  17.2939  10.748  
55.384  24.3734  29.1411  
16.7907  14.5326  25.8189  
14.6398  11.1629  10.1481  
9.52583  21.832  9.56546  
4.65288  8.29627  9.70835  
10.9647  13.432  10.8058  
2.61447  24.9885  20.707  
16.1769  7.60193  6.3097  
12.9428  10.8989  8.42385  
36.7675  10.41  7.00978  
16.7488  8.28625  13.3451  
16.5742  25.3175  15.1692  
35.7319  1.64991  26.5826  
4.77237  10.807  21.113  
20.7005  30.7106  17.1012  
13.8844  10.1597  20.2605  
17.1472  11.4793  14.7028  
20.1969  6.92711  14.9905  
5.03592  4.98378  10.4012  
13.0592  32.8127  29.215  
26.8553  3.92649  27.4748  
11.9361  37.8297  23.3621  
6.92292  19.0212  16.2952  
11.1759  11.6224  9.16348  
8.75544  19.8306  18.0948  
10.531  12.9617  21.6255  
21.1786  4.55355  13.1155  
18.3147  18.7995  15.7978  
4.8114  26.5358  41.8102  
10.1351  4.16524  8.80899  
18.6016  23.6127  29.0451  
20.1089  4.52089  18.9365  
40.1357  3.76592  16.4193  
7.69896  25.6871  14.8716  
21.6365  4.70798  9.91982  
6.38291  4.08826  9.21942  
8.55399  10.4132  16.3038  
14.7035  13.7711  8.42013  
9.59417  32.5253  19.4316  
19.3537  22.4225  5.87717  
7.16378  21.9378  7.50506  
16.7482  8.74082  8.84707  
19.3674  6.58151  8.98146  
8.47797  11.5221  15.8209  
9.37476  1.95858  7.42001  
28.0008  8.17689  11.849  
35.3964  32.214  13.2897  
5.23838  6.00463  21.8032  
28.4264  9.35604  31.1764  
6.23756  20.1747  25.4198  
15.5497  0.867895  9.95378  
15.6679  8.53771  17.3834  
55.7712  32.6435  37.4552  
5.55151  11.3788  16.6185  
7.92412  11.8263  15.3495  
29.5309  32.7389  18.0391  
18.5434  21.1152  6.19837  
9.25292  7.46605  31.0498  
34.3375  35.9847  12.0584  
28.5352  20.9843  3.16203  
25.2846  2.25532  17.8176  
5.29981  11.3226  20.7535  
17.9304  47.016  32.4738  
12.5739  7.28274  21.499  
17.1956  45.4546  3.39564  
10.1061  8.26872  28.9693  
29.8188  20.3301  52.4084  
19.0532  43.9283  20.3889  
19.2109  3.39778  16.6581  
5.4732  9.30212  13.255  
15.0047  16.0164  13.9532  
23.3038  26.4541  5.43776  
12.1256  16.2279  13.581  
34.0758  2.59585  7.33805  
48.8158  21.0045  11.2445  
24.898  21.0667  15.5457  
14.9123  42.4582  7.09615  
15.6294  14.2831  17.341  
21.4336  7.00463  27.5905  
21.6698  14.5281  18.4538  
16.4945  2.15492  26.9891  
16.6887  2.94506  17.0808  
27.7904  3.34148  18.0585  
12.4051  9.05502  8.73361  
3.60834  8.25767  27.1375  
17.5164  27.4991  19.0445  
17.9422  18.5612  21.9358  
37.5251  12.1642  13.414  
33.4687  23.117  21.7392  
21.9818  14.1327  16.862  
40.868  50.9441  21.6152  
18.7997  12.2094  14.9983  
18.2489  25.3102  9.99712  
24.4575  23.5247  11.5034  
9.23641  36.6392  20.452  
12.0018  5.38959  13.3556  
9.41447  9.95687  34.6147  
31.4916  24.9153  38.3772  
11.3895  13.5689  6.58016  
9.28613  36.5239  5.37261  
19.6681  25.9047  9.86947  
16.9369  3.39146  3.65897  
10.9676  14.0914  8.71862  
31.5744  3.50923  32.4403  
10.8911  3.24127  11.1147  
21.0207  22.1337  11.2887  
8.27549  21.9214  32.1656  
31.9797  4.55678  46.3511  
25.9131  3.16753  33.4144  
20.8441  15.7888  12.4092  
21.3142  6.58123  12.6676  
39.8796  52.1716  54.503  
5.11523  9.60432  24.6478  
4.91294  38.0931  11.4893  
18.7235  15.8271  9.71727  
12.5996  18.3157  34.6456  
7.91902  22.0763  16.9629  
15.1202  5.61597  11.6279  
21.284  46.9051  13.1487  
16.158  25.0967  6.01239  
11.1248  18.5881  17.8116  
19.2124  25.6334  14.7599  
5.85229  9.41969  23.8501  
13.5373  14.7964  7.65812  
8.27738  9.05137  16.6666  
10.0339  14.6491  12.53  
5.09214  25.1324  41.4964  
28.0141  4.01398  9.91745  
16.6985  5.86447  11.6308  
11.2419  16.5793  34.4094  
7.51106  36.6099  10.9424  
24.126  5.51062  24.1944  
16.5448  5.58701  9.92276  
21.5888  10.4591  12.1485  
15.6896  20.5891  10.7667  
11.2156  9.6594  20.9848  
7.36084  4.98699  7.83553  
7.64845  7.87349  2.69307  
5.69905  47.1471  21.6656  
6.16192  24.4227  13.9777  
34.7592  25.6731  6.11505  
14.0971  16.0033  16.6497  
36.9793  18.1947  18.1818  
25.4171  19.0848  40.7985  
12.7361  19.7089  14.8536  
17.9691  15.137  14.9256  
9.12132  15.5401  8.37663  
31.4778  11.6427  11.8452  
9.08359  35.9174  27.246  
29.3265  51.0522  31.9435  
45.7173  11.0301  10.5321  
11.4415  28.948  17.1346  
28.9831  13.0182  14.9332  
12.7469  19.0504  14.0204  
27.974  8.16172  39.7083  
15.2141  10.0251  20.0739  
40.1017  14.2941  4.5171  
4.2149  21.5306  22.0122  
10.5248  29.9013  13.0808  
32.6946  12.709  23.8002  
19.4577  22.3262  10.8864  
23.9901  8.51228  32.5902  
21.5859  21.2876  7.08407  
3.88861  14.9034  23.5538  
24.7963  18.8309  10.6908  
15.5344  60.9664  17.1659  
8.28127  26.1335  5.39467  
14.7419  18.8555  7.05793  
2.63585  5.33536  16.9441  
51.6677  29.9833  29.1921  
16.8482  11.5328  10.2242  
13.825  21.9413  23.2931  
27.364  38.253  36.932  
25.8836  5.04409  6.65562  
28.7262  14.4068  12.912  
38.5563  28.5369  20.9402  
10.8429  7.69115  15.4597  
19.553  2.73611  17.446  
13.2104  5.14119  13.5607  
14.6471  23.6248  10.6547  
14.5489  12.966  48.034  
13.2212  23.0085  11.6143  
18.5963  9.37337  12.5196  
15.1354  19.663  54.2046  
9.26874  11.489  10.6427  
18.9331  26.7372  33.7872  
26.4435  15.1662  36.7179  
26.8208  28.5674  13.2125  
14.8154  8.80959  20.894  
13.6003  4.75687  5.17955  
15.9112  27.0035  4.25132  
11.8875  10.4203  12.6305  
18.2924  18.4119  18.4659  
33.8076  7.3479  12.3378  
13.6943  22.4372  11.3894  
8.45686  27.074  7.92641  
37.2185  32.3466  22.3185  
16.8253  28.763  9.26972  
17.9173  8.51276  20.6366  
5.46593  16.1995  13.5711  
25.9724  10.5539  6.07334  
35.8397  32.3514  34.057  
15.8401  13.8202  14.5522  
42.1937  80.7623  11.3225  
25.3137  9.37063  40.6228  
28.253  4.70852  30.5725  
18.118  46.0457  18.8844  
47.1437  21.0303  12.4233  
16.5543  13.8105  17.7195  
34.4302  11.8215  33.0111  
13.2488  25.4393  13.7786  
18.5474  2.59661  15.459  
4.19968  1.42307  20.1996  
7.76048  1.37465  23.0689  
28.5603  40.3195  11.2496  
37.8719  32.6942  13.1648  
26.7101  26.9452  23  
29.1498  25.8321  23.43  
31.209  48.887  13.5497  
11.6595  11.4992  21.7589  
7.24186  5.88181  17.1653  
15.9949  17.2389  6.36893  
20.1596  9.27171  11.596  
9.49542  5.51053  37.2083  
21.6736  5.16839  14.072  
9.08664  11.6464  10.3999  
8.80654  19.7803  20.606  
26.2319  25.8378  8.03675  
32.3765  7.14381  5.70116  
23.0051  19.3499  13.1137  
10.1321  1.23853  7.36137  
20.0448  8.86075  14.0125  
14.1311  6.23914  18.9993  
17.9873  20.0557  21.7528  
47.0157  9.18444  7.25828  
6.92432  8.99982  5.11443  
18.2281  13.501  11.2497  
57.8096  43.2813  42.6301  
10.8406  25.2375  13.4546  
22.5024  15.0315  10.9943  
14.1935  30.0527  34.694  
5.91461  11.742  14.7029  
11.199  19.7377  11.9971  
22.5232  5.20034  18.0956  
7.64894  26.4916  43.9025  
12.969  9.44302  22.9143  
12.3058  13.5094  35.9861  
14.7355  3.16564  8.26363  
19.1578  4.4476  11.0989  
22.8681  6.35857  18.5632  
4.04423  10.967  26.8121  
7.99097  17.9351  15.8049  
28.4802  35.7441  25.7602  
22.0498  22.0839  7.27974  
3.0155  11.1328  17.492  
20.1752  18.2364  10.3417  
13.2395  49.8389  35.2518  
55.6866  27.1546  28.5682  
7.08649  39.2158  15.8918  
20.8  8.34187  31.5484  
2.57051  39.526  4.81436  
8.12215  10.1334  6.39353  
21.9979  27.5755  18.7279  
51.0493  27.068  35.702  
15.8097  13.3144  9.44486  
15.1213  4.77441  24.5459  
9.7144  3.36066  4.39974  
24.6343  7.6761  9.53228  
23.9823  33.747  19.5774  
36.1697  21.2322  22.9199  
21.9316  40.0925  11.3407  
19.8663  2.67899  13.9494  
30.5051  16.3153  18.5053  
8.31238  9.90009  14.8613  
8.1898  2.76851  12.4066  
13.0067  11.0716  10.243  
19.3891  16.3377  28.4551  
13.2052  7.63125  11.3655  
38.9612  13.6086  17.924  
29.4331  3.19709  28.2669  
24.1851  15.389  14.9228  
44.4392  22.8645  14.0508  
8.50281  27.0479  17.1052  
21.8813  60.3313  41.1817  
17.5826  24.471  7.19179  
13.1206  29.8683  9.55047  
7.18551  10.8906  12.6475  
25.1242  12.8049  13.7301  
21.9851  6.73946  20.3753  
7.198  5.80666  8.50036  
8.32951  6.73604  14.9118  
22.2901  32.1941  16.718  
15.9675  11.0888  5.35686  
30.0186  5.98336  22.777  
14.137  9.09872  6.47391  
5.76886  9.46326  9.73199  
8.72842  28.0262  14.3366  
13.8661  3.82821  8.80745  
5.10799  10.6668  12.3803  
6.44949  5.93795  10.6758  
40.4387  10.1808  21.5706  
34.4572  33.2833  21.0986  
31.9078  36.6714  27.0021  
24.1735  6.39344  23.9091  
10.2445  16.6754  5.20629  
27.9299  23.7149  26.3063  
15.912  7.30393  10.556  
22.0069  9.77641  11.9322  
23.7121  3.69323  5.67002  
15.482  13.5527  4.4786  
7.15164  1.36832  21.6232  
5.54844  9.10048  39.4187  
24.4128  9.21549  8.7912  
20.9648  13.248  15.194  
19.4572  6.87499  5.50736  
19.6086  14.7721  30.2044  
4.58085  61.6459  40.7114  
18.1438  12.6235  6.64088  
4.32484  20.7233  9.77077  
15.11  16.5022  2.71102  
8.25635  23.5224  11.2567  
4.26285  42.5212  18.8015  
8.65346  4.0011  9.36032  
13.2559  7.1732  13.682  
49.3599  25.8388  37.2818  
27.2917  17.6525  16.826  
23.0538  10.1376  8.57813  
9.14099  7.68143  14.1285  
11.0886  10.5932  13.8628  
11.2418  17.6818  6.17385  
42.7505  19.5165  4.69503  
17.7477  11.6488  6.36169  
14.0746  26.3716  29.1979  
11.5001  0.4602  12.3302  
10.9093  32.5714  22.8368  
18.2225  8.65838  15.0262  
26.2141  60.5562  21.1732  
7.37532  16.2842  29.0366  
28.3466  3.03625  10.2149  
48.1199  4.97001  48.5349  
31.0779  18.9838  40.0891  
8.92444  3.73389  23.9705  
13.1505  33.3098  14.236  
11.144  23.1829  13.9356  
29.7573  29.7404  10.9892  
5.38418  15.1231  11.9421  
26.8784  17.0151  11.5248  
6.82389  6.81074  41.1923  
43.878  45.4122  19.1809  
21.0393  9.43581  6.78327  
10.9701  17.1497  11.2588  
38.7342  55.9498  46.7743  
11.1387  23.9105  7.37343  
16.1833  3.56269  54.9944  
22.7381  23.5613  15.6901  
19.0079  9.55429  3.45551  
40.8212  20.4016  14.3234  
10.1767  22.4246  13.9684  
7.62097  3.44937  7.19429  
5.54757  4.12406  5.10084  
37.0364  15.9543  42.074  
12.7741  55.3151  27.9174  
6.13378  5.15002  22.548  
24.806  8.61154  5.93868  
20.7642  6.41859  17.6804  
23.7841  19.5402  27.9175  
10.0248  12.3646  11.1844  
16.8533  8.01076  13.2768  
4.78869  7.32292  11.4523  
6.40598  32.2729  21.6546  
67.7054  24.7699  46.1791  
35.4936  15.4312  4.15899  
32.8206  26.7961  27.0127  
14.6866  7.1608  18.7878  
10.573  13.7087  15.255  
9.51448  1.16069  38.0891  
21.608  6.78976  19.7335  
34.4304  13.8778  25.3557  
16.677  7.68841  38.9797  
8.05368  19.3833  9.80224  
3.543  45.8012  40.2606  
8.67107  5.48826  50.3165  
6.64362  17.943  6.1899  
2.10683  30.0432  20.1775  
24.0851  36.006  10.1465  
8.32715  14.1647  12.4528  
33.9919  29.0828  18.7947  
8.04103  23.5828  29.644  
36.1312  32.4121  40.9197  
9.82282  5.01491  14.9982  
15.2249  41.1538  23.7461  
7.51408  12.9043  17.761  
23.6199  19.425  23.7939  
29.9729  5.16607  8.93527  
11.7239  11.8522  11.2786  
3.88335  12.8784  18.3991  
18.1162  7.8301  16.4274  
8.14592  21.0876  6.84551  
7.1829  45.451  17.522  
5.33289  13.1016  11.3627  
12.0713  4.18174  5.72895  
12.6912  36.9522  30.7717  
35.0489  23.7061  29.9669  
18.7253  41.3611  17.7815  
16.5614  6.63384  23.0587  
13.3167  5.74985  9.40461  
33.1431  38.8879  19.2534  
6.90835  11.3166  22.7058  
3.90654  6.24525  25.8354  
1.81693  25.5661  37.038  
16.4575  5.02047  11.2725  
13.3543  20.5055  19.7227  
23.7385  29.5726  5.71384  
29.3853  3.50245  21.3669  
27.5338  26.9359  17.4525  
2.21101  1.63707  3.57582  
8.02338  12.3864  11.9754  
14.7376  16.0633  13.6698  
12.2852  15.5226  13.8018  
68.5528  37.2025  7.75169  
16.1039  44.3552  11.7757  
25.0528  43.0953  17.5214  
23.8767  11.6582  12.8098  
31.9187  25.3899  11.0087  
14.9807  12.2889  9.81335  
23.7096  22.2929  24.9677  
9.56404  11.1327  17.5934  
13.735  7.36399  19.1649  
32.5955  42.8352  17.8804  
13.5506  3.20732  11.526  
3.23352  16.8258  20.2578  
18.5045  16.9827  30.7066  
49.6476  3.64171  13.2666  
5.73552  7.52145  24.3683  
19.0182  26.2117  34.363  
17.4886  21.6229  25.6696  
12.1534  53.9876  7.46276  
11.132  15.9338  28.7279  
1.71235  3.62025  18.7935  
25.6507  9.51294  17.1684  
19.4216  21.0806  8.93837  
25.9227  13.0761  9.43513  
9.38967  14.1415  24.1165  
30.638  24.034  17.3623  
19.6256  14.0902  21.0851  
4.43413  21.9082  13.768  
19.461  11.5039  21.758  
35.9538  41.2173  22.0455  
3.98419  19.3217  12.9115  
18.4  21.3408  34.8913  
44.7352  10.616  49.9157  
7.27718  13.3814  22.8699  
35.2229  26.9059  15.0196  
15.0588  14.1281  7.04247  
28.395  16.709  9.03854  
7.19082  15.2063  6.0323  
11.6485  23.0679  13.249  
16.4919  10.6423  21.8436  
13.2868  22.3654  17.1827  
20.1503  15.2362  11.0175  
6.82647  4.44191  33.3687  
9.77344  18.2025  25.5558  
21.9157  72.8725  3.06563  
12.0894  11.6184  12.5118  
44.2744  12.0792  47.9023  
10.9843  32.7519  13.6644  
13.5956  13.4551  9.74477  
12.845  12.9735  27.3701  
10.9028  5.79198  12.2763  
25.2348  35.7916  20.4546  
22.0049  14.7976  12.4695  
11.3716  4.90135  11.4464  
15.0236  14.5314  14.9229  
23.4988  18.4887  36.336  
35.6797  52.3052  22.1497  
12.9947  12.4359  16.1766  
19.1296  21.4923  24.0754  
2.11626  24.9429  23.1802  
19.4508  9.13662  5.31417  
9.99163  10.3858  19.9071  
12.9552  3.36419  9.11288  
15.2384  38.9967  17.7048  
35.9837  19.1964  11.9209  
5.53397  18.695  19.9404  
9.72557  31.4093  20.3976  
16.8888  8.20546  20.8506  
8.23152  37.3982  4.07621  
18.4977  20.8553  28.0541  
15.63  9.21947  17.3772  
12.2793  8.09496  26.2771  
12.7845  9.20327  20.5584  
5.3941  30.2522  12.4484  
9.86281  31.8305  20.4004  
18.6505  4.42878  6.66589  
27.7565  45.5525  43.3336  
21.7311  9.47185  10.3684  
8.38839  14.2522  20.6299  
24.3548  27.2668  20.9099  
9.42391  34.2828  23.6211  
19.9075  22.827  18.467  
20.0276  21.3492  6.75955  
46.9767  19.1324  21.1647  
10.6187  39.7378  7.78909  
9.80512  12.0123  9.32597  
25.541  2.21774  34.9125  
13.8288  21.562  23.0303  
23.9574  36.2499  16.0692  
40.1534  36.1555  50.6596  
6.73661  12.3346  8.9898  
26.9552  20.9666  14.2604  
16.1375  14.476  24.7631  
26.729  10.0251  34.733  
42.9173  16.6155  26.4449  
1.04157  22.0895  6.76121  
5.31125  21.3914  10.7753  
10.1732  4.10828  8.75217  
9.44023  47.5548  30.4089  
15.3237  6.01458  13.0877  
9.77732  13.1806  10.4692  
16.1812  6.68427  29.0723  
17.3868  20.9948  30.5428  
19.7447  8.63738  17.7136  
6.53885  25.0925  19.4471  
39.3201  6.63155  10.4891  
16.0078  11.0108  14.4215  
46.8108  10.9249  20.8744  
7.62443  2.45788  3.84878  
5.40045  4.98706  15.7132  
12.2828  4.60836  20.2806  
22.5775  5.99351  11.9061  
21.5006  13.7801  18.9634  
10.0071  29.4668  23.7449  
2.59207  50.9436  51.8542  
4.00602  30.1049  13.8698  
11.1051  7.43338  38.2407  
37.2878  8.61134  38.1726  
8.77602  2.44571  5.96745  
6.29019  3.28504  34.2404  
5.51065  3.87786  25.9531  
3.0595  11.7033  33.7182  
24.1951  12.9315  17.4319  
28.3134  8.97858  23.3103  
2.16237  19.1141  23.1608  
15.3664  16.0758  22.726  
12.7777  17.7741  19.3548  
9.62345  66.7298  29.3723  
40.5847  49.7573  7.26106  
12.4202  19.0328  17.2638  
24.3494  30.4548  7.36088  
28.9665  28.965  5.43225  
20.3342  11.4633  8.81815  
2.16595  7.91332  10.8322  
12.5813  26.3921  12.8271  
20.113  1.44428  12.2809  
44.4507  27.4613  37.1755  
7.62103  6.32681  18.0564  
5.35078  17.6453  17.3709  
13.1291  43.528  44.1882  
9.91417  34.664  9.85386  
20.0154  41.5201  11.9052  
11.7323  7.21232  20.8091  
15.9457  2.66998  17.6385  
4.15837  16.3263  15.91  
29.7325  17.6076  6.45835  
19.2797  4.46175  16.6797  
8.58794  4.99358  23.8793  
32.8222  6.06014  31.7328  
20.8084  5.61263  17.9056  
11.6527  60.2471  8.24365  
67.3072  4.71365  12.6585  
8.95469  27.021  13.1773  
27.9943  40.1465  22.5087  
17.5575  10.3179  8.67363  
14.2778  0.77918  10.9189  
24.2925  15.0897  5.93164  
21.6181  21.4817  12.3499  
26.9199  18.3164  39.2503  
8.78015  4.04881  16.8086  
7.19871  18.1129  21.4826  
11.639  23.6258  6.08829  
19.5613  9.26236  11.7398  
27.3636  4.77325  14.0064  
15.781  12.8927  4.14974  
19.7915  13.0245  8.0107  
48.8605  54.39  13.465  
27.172  31.21  24.5986  
19.3055  34.1409  7.89154  
21.9372  12.8389  4.11878  
12.6595  5.95162  16.6531  
12.4015  4.36949  42.2402  
6.71735  20.4938  3.29661  
12.2157  25.2153  19.6523  
5.06078  8.47867  17.1948  
4.59878  39.6438  13.4776  
34.1597  16.1188  17.3435  
34.59  55.5689  15.8321  
14.0987  15.2063  9.87674  
6.05068  6.35567  10.6255  
16.5643  33.4422  14.0337  
11.1096  14.1496  15.4795  
16.8056  9.14236  6.86003  
49.3706  50.4186  32.0384  
28.8685  6.50091  8.03489  
5.45604  24.9364  3.16676  
7.45361  21.5909  6.17942  
11.8296  4.123  29.495  
15.0867  11.8486  15.9989  
18.7669  12.9981  12.0745  
19.5678  2.29086  8.53445  
17.207  3.73733  4.95808  
7.63834  7.13136  21.7657  
4.6086  23.6633  8.0268  
13.1673  56.0077  25.8215  
5.08506  18.7522  13.0913  
6.72321  11.436  18.838  
33.1611  31.842  28.2973  
37.8979  8.79196  55.4879  
19.8245  20.9273  17.7752  
31.0352  25.7705  29.1036  
25.2278  16.7455  20.7062  
8.19377  25.1053  11.8716  
19.3379  27.0303  4.19048  
8.82253  3.71457  20.4489  
23.3093  10.3449  18.3381  
9.5177  6.23597  13.2433  
12.7513  20.5961  11.9939  
33.3358  18.2161  22.7812  
6.14042  13.1008  19.7689  
31.4062  52.9383  10.493  
26.062  28.4618  8.67394  
12.0696  28.1592  3.23572  
9.29417  11.7079  8.91537  
4.54663  19.8049  7.92748  
26.2978  20.4198  16.4804  
12.7902  9.01257  9.89604  
4.09978  23.7513  13.8989  
13.7722  1.08182  9.95595  
35.7597  9.71607  41.005  
10.7538  19.6664  29.0972  
17.8471  9.00568  18.877  
21.6337  15.3799  21.2192  
7.4202  6.48431  18.3525  
19.0936  22.7345  12.2926  
28.0467  5.11188  39.0016  
15.4903  21.0821  34.5394  
31.0501  33.6055  11.5864  
36.7586  15.7744  38.0788  
10.4704  19.9096  23.5  
6.68602  8.66487  15.1454  
16.8419  17.0494  8.33523  
41.2967  8.33828  12.2087  
29.983  5.61009  15.8755  
7.31235  32.3494  39.2743  
8.19772  10.7063  47.2515  
11.5307  37.9328  14.637  
48.0957  42.2561  36.2541  
23.4847  9.41715  5.22603  
23.5214  13.8721  12.0676  
6.54958  51.2394  21.665  
21.2014  10.6332  13.6984  
6.90933  3.31849  29.7115  
14.9669  8.04925  8.78687  
8.50481  3.03618  13.4552  
20.7269  34.7274  15.4936  
10.7982  4.82036  9.81143  
45.977  14.8205  30.1932  
4.05867  26.4332  33.2403  
39.3739  42.1801  16.1425  
3.35207  5.01316  24.7405  
38.6752  4.14342  9.66134  
14.1747  35.5871  11.5478  
11.2232  7.00032  8.96517  
14.1621  6.6519  19.0731  
13.7276  25.3737  23.316  
10.6248  14.6026  15.025  
28.7335  19.9862  13.8531  
24.6239  7.54825  11.8673  
9.62413  9.00033  10.2732  
28.0205  2.83434  27.0796  
7.49727  16.2009  9.58236  
15.3011  4.7156  28.3025  
37.6104  49.9392  49.0046  
13.7119  17.5138  10.4343  
21.7819  21.582  9.52392  
11.7959  5.68746  9.57678  
22.0518  9.97722  9.42694  
16.4783  18.482  12.4275  
15.7228  13.5011  14.6565  
12.2049  16.1746  20.0559  
17.2149  12.3399  6.32989  
17.6211  4.4778  16.4093  
21.9964  27.1021  22.3975  
10.531  19.1427  21.1248  
15.3794  12.4841  17.8682  
47.9745  6.35511  29.4327  
5.50744  40.5032  10.943  
5.87354  26.8405  10.0327  
13.4482  16.1817  22.5516  
10.3403  18.7391  14.3631  
11.7135  5.42532  34.0649  
10.097  8.31664  8.33219  
22.0997  19.8342  17.263  
20.2097  2.98181  10.2116  
43.4828  16.0636  31.8381  
28.6557  17.041  8.9431  
14.9338  25.2744  23.8744  
15.1192  6.01557  20.2157  
14.2625  14.7197  5.91329  
23.8816  8.11573  41.7295  
7.55309  17.1578  7.48945  
11.459  19.2218  6.58852  
11.0812  17.3508  20.2001  
38.2231  33.4606  23.4365  
32.1022  26.3595  58.0096  
9.42398  7.04397  4.97546  
21.5976  1.12081  28.5872  
37.6699  16.3331  18.4247  
11.1842  9.22812  15.599  
12.8994  18.7225  30.5135  
