7.11539  5.27676  
3.63783  7.71585  
2.65157  5.27776  
4.70744  5.6331  
7.83989  13.367  
3.43915  6.07074  
6.19729  10.3667  
5.87948  7.31984  
3.36776  10.25  
6.67177  4.01987  
9.05266  8.78688  
6.75205  10.5931  
10.9084  10.7376  
3.1673  9.36753  
2.32124  11.9694  
3.56656  8.11385  
10.0994  9.09112  
2.79541  3.34938  
3.83434  6.3145  
9.39749  10.0503  
10.0617  8.64819  
2.76168  8.05606  
8.48328  7.49727  
6.03402  10.0098  
5.69057  8.78552  
7.78761  4.73599  
4.70609  8.55387  
9.60647  8.00071  
8.80534  7.87128  
7.36353  6.76229  
7.97488  5.30196  
10.4128  7.62478  
4.16842  6.81663  
7.29848  7.87285  
11.234  9.69281  
7.59184  5.73552  
8.30543  9.60871  
12.163  3.88273  
2.92007  6.83175  
6.55498  8.53883  
6.88867  3.51758  
1.22206  12.8772  
7.44963  10.8547  
4.61581  9.65775  
5.3834  4.6732  
10.662  8.34194  
8.04489  12.537  
5.171  4.13052  
4.6262  3.89069  
6.12765  9.81533  
6.14105  10.3349  
4.23847  3.31528  
7.47927  10.748  
4.58318  4.61019  
4.70476  7.30875  
6.18989  11.8485  
3.65573  7.06749  
7.49049  2.30974  
10.7762  14.4271  
8.5074  12.2836  
3.82026  6.1463  
4.17566  11.5257  
3.89865  7.76372  
4.36107  5.47412  
4.28344  13.0956  
5.79485  7.85388  
3.00345  6.05593  
4.92438  8.47408  
13.736  20.6144  
2.08106  8.53086  
5.38281  7.02849  
6.00012  9.26715  
6.28  9.11291  
6.01326  11.4481  
3.74759  10.3565  
7.7034  7.5594  
3.92072  10.8296  
4.78446  8.2053  
6.40955  4.08424  
10.8867  3.57017  
10.2338  3.85392  
6.40214  7.71368  
8.57201  9.12876  
3.60268  9.74128  
5.16661  7.91181  
3.35757  10.1555  
6.74904  9.26904  
9.18669  4.12259  
6.96514  2.59169  
7.54408  9.36775  
7.33326  7.70778  
8.46399  13.2574  
3.65379  7.57613  
4.97393  4.77433  
9.7533  8.96897  
8.95249  8.10683  
9.99638  9.63956  
5.80029  10.1342  
6.68717  7.59254  
5.61807  6.78499  
10.2484  12.1534  
2.5349  15.7256  
2.41288  12.8045  
13.1736  11.4343  
10.4828  4.37729  
9.3357  4.14981  
1.49281  3.34247  
4.63194  11.2117  
5.53567  6.5808  
2.41907  5.49765  
7.11578  8.74681  
6.59923  5.31906  
2.45008  11.5156  
6.54997  6.94408  
7.47432  4.12079  
5.28493  8.5479  
3.43452  5.37026  
10.8626  10.6299  
8.91096  9.73104  
10.6159  3.28508  
10.115  6.42647  
4.42468  1.31601  
5.83287  6.18535  
5.83138  10.9221  
10.1971  10.6488  
4.32255  14.6786  
3.77668  8.38927  
1.97503  6.06105  
2.63796  10.525  
3.12236  5.19312  
9.82057  5.09043  
2.47508  6.48137  
14.666  9.2025  
8.80527  7.60024  
1.45106  10.7835  
7.60346  8.84046  
2.3788  7.88104  
10.6033  9.15003  
3.88033  8.31193  
13.4098  12.4759  
3.37705  7.5884  
9.38162  2.58583  
1.30896  8.95916  
4.60561  8.43922  
4.54137  10.6938  
9.12452  9.84542  
6.09284  5.32227  
7.34933  10.8857  
8.57313  9.801  
2.66598  3.74974  
4.04253  4.40954  
1.2381  2.68176  
5.23877  6.92749  
2.31214  5.4862  
3.33313  3.11676  
5.53389  5.86314  
8.21642  7.6946  
4.6227  7.80395  
4.42968  10.8188  
1.86435  11.904  
4.91953  8.86709  
7.76588  5.19434  
8.29161  3.05389  
7.46712  3.09459  
4.0357  6.70293  
5.69753  5.25282  
7.62281  1.3956  
6.63312  5.75121  
3.83796  6.58133  
2.72446  8.16695  
0.473566  5.53031  
7.427  4.0599  
4.52085  8.85876  
4.70805  6.36691  
5.47744  6.26518  
6.3592  14.8602  
6.95552  13.5415  
8.6033  9.35892  
5.09389  7.12277  
7.30463  6.4379  
8.01868  4.91187  
13.5297  7.13302  
4.21057  4.93326  
5.17335  3.5228  
1.20191  7.1038  
10.8011  3.08451  
2.3516  10.5386  
6.42968  12.4681  
10.3423  9.32996  
7.10563  8.7999  
6.37093  10.7198  
5.06253  7.65079  
9.07987  3.83391  
9.58053  9.50909  
3.61462  9.17477  
3.45911  7.32613  
8.16201  11.7486  
9.945  9.16337  
3.24562  5.89417  
4.40923  9.92342  
5.07817  9.13879  
6.61187  8.21526  
7.52514  1.89662  
4.08039  5.09191  
5.01511  6.49455  
4.03918  4.72418  
4.18599  10.768  
7.07694  7.07982  
9.6767  13.2029  
4.348  6.57912  
9.24388  8.17136  
7.3551  13.3169  
2.32009  14.1957  
8.79514  7.72567  
2.70452  8.42719  
2.02046  9.34074  
13.6424  10.0518  
7.99105  4.07462  
1.52934  9.43008  
8.31878  4.74168  
5.85246  5.0817  
9.07117  5.31704  
8.91613  3.90697  
1.92027  2.91124  
6.19543  6.66592  
3.11269  7.80206  
11.4339  14.5022  
5.8172  7.12539  
5.7659  6.43589  
8.15918  11.0797  
7.57545  9.2234  
8.85192  6.96249  
6.92898  4.80207  
4.71553  2.53788  
9.56052  17.898  
4.48131  6.28086  
2.67592  6.00002  
6.04226  10.7356  
4.48888  4.96352  
6.64572  4.36842  
6.79075  5.93103  
8.92728  5.37085  
8.0357  4.09414  
8.6212  14.3012  
5.78877  5.30465  
5.75451  7.95521  
2.11009  9.72832  
4.6554  10.2811  
5.52885  9.6388  
4.16454  9.50658  
8.87014  6.88864  
6.40173  1.40728  
4.33149  4.88764  
5.48102  4.75365  
12.5893  7.63952  
9.80647  6.77776  
8.21945  11.0833  
3.69026  9.5173  
6.1543  7.44633  
5.8868  11.6351  
3.09888  7.28818  
0.641706  6.3687  
5.47103  9.31757  
8.37129  4.78766  
7.49847  14.6331  
4.22272  6.00769  
14.7933  15.8402  
1.0515  12.0111  
7.1223  7.17167  
9.34781  7.12214  
9.30344  6.07685  
7.4762  10.262  
5.83755  5.11238  
5.69467  11.406  
5.32354  9.15162  
14.7354  9.11111  
12.0318  11.6356  
7.16754  5.74334  
8.30898  4.5731  
7.59115  11.6801  
8.03108  9.95245  
8.2952  9.2073  
11.6028  4.39398  
0.903027  5.43249  
4.92396  8.2184  
7.46461  12.5772  
7.97564  7.43291  
4.29617  7.66408  
5.78133  7.68562  
8.19502  7.73106  
5.12667  10.2092  
5.3087  3.44934  
2.99709  8.31445  
7.01727  9.84531  
10.045  10.6269  
7.69711  3.42232  
6.24014  10.1195  
2.19172  2.19577  
8.27169  11.0075  
11.3894  10.083  
10.0418  7.04932  
8.65548  6.40461  
6.00048  3.80158  
4.55762  6.68986  
3.7194  5.30445  
8.18086  5.65017  
5.51695  2.60074  
8.18053  4.89404  
6.24957  4.2778  
4.90432  12.318  
14.0856  11.8899  
2.16865  5.52571  
5.30927  7.42649  
4.29726  5.10394  
7.51949  11.1502  
5.86746  12.7583  
3.71102  4.65134  
6.43046  5.62098  
16.1723  6.2958  
8.21261  12.3545  
5.80075  5.16655  
10.1857  10.8851  
6.97321  13.3723  
2.10487  10.1486  
4.43329  7.15058  
8.27694  6.86467  
5.99977  6.04306  
3.71904  10.4586  
7.65889  6.05634  
2.20772  4.96167  
12.1494  3.56342  
4.37288  6.73463  
5.32207  8.80765  
5.46057  4.44633  
6.26955  12.5598  
3.33779  8.42466  
6.27949  4.85161  
5.47186  6.73526  
11.3776  7.89018  
3.23747  5.49661  
4.27842  5.32153  
6.9027  5.58123  
9.66997  8.06058  
8.64894  7.19209  
3.24454  6.38058  
1.33741  9.18015  
3.89136  4.71148  
6.04522  7.6496  
5.6352  9.74124  
2.52149  2.61853  
7.582  7.42704  
6.81896  8.57731  
10.5645  2.30337  
5.04724  8.95412  
3.70946  2.47926  
4.70985  14.3295  
5.8936  5.07179  
4.77597  1.99071  
8.11488  9.87943  
4.5611  12.3751  
1.29516  11.7909  
9.72718  5.54549  
5.30194  6.41412  
12.3142  1.67566  
9.51835  7.90418  
7.91266  4.714  
4.37784  7.05769  
5.49795  11.1311  
4.05383  3.39934  
5.34807  7.42368  
6.98199  4.89286  
10.0877  11.097  
5.71002  8.47847  
2.43355  4.32316  
3.949  6.58592  
7.4823  10.7991  
7.57085  13.7954  
8.82499  3.04701  
10.4151  11.8849  
3.83879  3.81865  
6.53173  6.94329  
9.25628  8.23181  
10.0807  6.28932  
6.08509  6.1235  
5.7514  11.2008  
2.39956  7.853  
4.98719  6.9799  
3.8115  4.05693  
7.53004  8.66182  
7.77972  5.90987  
4.02419  5.4142  
8.3945  9.9109  
7.93486  12.1702  
4.31134  4.24043  
5.38351  15.6369  
4.14267  10.3238  
5.4373  5.02106  
3.97688  7.72839  
7.01063  6.2654  
13.7803  5.85972  
2.48114  3.65218  
6.23737  8.7203  
8.03861  6.4834  
11.8606  2.67692  
11.0361  12.8183  
3.80751  5.01413  
5.26558  12.3465  
5.99415  8.98554  
3.15882  2.76408  
4.07723  7.80731  
6.13028  4.3043  
2.68467  13.4511  
2.09302  6.96912  
11.3569  3.26835  
4.78095  9.26291  
2.484  11.4394  
5.9741  9.26972  
5.60601  8.49165  
10.4995  3.04107  
8.5776  3.18883  
1.5484  7.48987  
4.85345  8.2116  
4.2775  4.02758  
3.31134  4.4218  
4.66264  3.72178  
7.54779  8.64858  
7.04891  11.5789  
3.63542  7.43682  
4.05418  5.2362  
5.33153  8.06924  
3.24794  8.25636  
3.44957  5.4732  
6.0394  8.75427  
3.53653  2.84024  
9.77217  10.1483  
5.82081  14.147  
5.54923  7.18937  
2.98801  9.72066  
5.52557  4.29585  
8.95015  9.9857  
5.75597  14.3004  
10.8559  9.43859  
3.36104  13.7796  
3.25894  5.12572  
7.31511  4.47408  
3.77454  9.35029  
5.89568  4.40663  
8.30833  6.56151  
10.8014  12.1719  
11.6183  2.3204  
5.79583  3.03944  
10.1808  6.57308  
5.86934  8.13225  
5.08861  9.5446  
12.2567  5.57685  
9.80702  5.02842  
4.55877  6.17483  
5.68839  11.6453  
7.97555  7.39357  
9.1125  12.2242  
9.36709  10.3581  
10.8349  3.64669  
6.24682  13.0149  
8.69414  7.88053  
11.5741  10.2642  
4.92891  13.9132  
4.01346  8.20003  
4.86558  11.743  
7.11024  11.1073  
12.3721  9.14008  
1.01834  9.15109  
8.49431  10.0083  
10.1841  5.20636  
8.2145  0.72137  
4.63245  5.22584  
8.06939  16.4218  
6.02807  11.6403  
2.78665  6.38264  
5.9664  9.71138  
5.62045  6.82075  
5.35453  9.72589  
8.94043  5.33511  
4.43076  12.4237  
5.42417  9.81242  
8.43394  13.702  
3.97689  2.867  
2.92527  9.41492  
7.87938  4.59293  
5.01648  6.42442  
7.21913  5.58957  
2.61231  8.84939  
6.34975  7.48396  
6.08008  8.19608  
5.69401  3.37727  
8.34983  4.56825  
3.03859  5.4994  
3.45401  4.76289  
4.48791  11.3374  
2.26852  5.03659  
3.55789  8.51121  
4.00023  11.3981  
5.82487  6.54515  
4.00777  6.75448  
1.15398  7.51634  
3.31306  6.90696  
5.93332  15.1944  
5.30208  9.62879  
5.87634  3.61785  
4.62465  8.07489  
6.13202  6.36731  
3.42481  3.25807  
3.65943  2.60985  
9.6752  9.08711  
7.4182  3.7214  
8.30959  8.00816  
3.50521  14.4026  
8.90495  3.99913  
7.8239  6.76213  
1.16457  7.41498  
4.82884  6.94062  
5.13396  8.76054  
7.4776  10.121  
11.8104  11.6215  
10.2228  3.16081  
10.4603  5.51588  
9.93843  7.06732  
2.97186  6.61155  
9.81295  10.7157  
7.69178  5.99838  
3.00136  8.45015  
8.50813  5.97556  
4.11944  8.23297  
10.4866  8.84535  
5.10488  9.32548  
4.70979  9.26799  
7.33576  4.66786  
3.12943  5.91466  
2.55569  6.28289  
7.40155  6.94728  
2.60946  10.7909  
9.13048  7.05785  
4.80414  5.44842  
4.30323  8.56534  
7.85168  4.27557  
8.75293  5.55324  
4.51542  5.03681  
2.68146  5.12536  
8.1156  9.42929  
4.1373  9.5801  
5.48614  4.66741  
9.70327  5.12232  
8.34493  6.74415  
8.00926  6.59615  
4.03257  1.15822  
9.91807  10.0976  
9.58974  5.04055  
6.18722  7.51982  
4.72211  10.7832  
9.91318  11.6691  
5.56102  9.96023  
6.39016  5.73531  
4.94375  6.87231  
4.48673  5.42581  
5.77229  4.93427  
8.05934  7.90556  
4.71498  5.96443  
7.94876  10.412  
11.7473  11.6092  
4.62892  3.02074  
6.48931  6.79195  
5.07406  8.96996  
4.32736  4.54347  
4.32325  7.26035  
10.8528  9.20568  
7.0112  8.68483  
3.98282  9.96057  
4.88746  4.23287  
4.13317  7.87041  
1.95641  5.03431  
3.72375  15.0542  
3.49958  11.9994  
11.6571  11.1288  
1.72467  3.45636  
4.14586  5.85603  
4.71795  6.06486  
9.89033  6.81098  
2.77461  9.60493  
4.6195  12.2681  
6.46486  8.55961  
2.93338  10.3228  
4.2852  7.77064  
5.60091  10.0946  
6.67687  9.03462  
3.16998  6.71866  
4.29708  14.2545  
4.53377  5.0765  
7.43163  6.2935  
3.51027  5.92381  
10.122  8.47346  
15.0301  12.6386  
