3.18178  9.13482  4.4247  
4.59066  4.43252  2.36818  
1.51831  6.53409  1.78934  
0.64895  9.66207  8.32644  
4.07129  1.58783  5.37419  
2.33322  2.46732  2.7336  
1.5699  7.72032  4.44352  
5.31553  5.58423  3.76564  
3.31711  1.18584  1.98374  
2.95794  6.9201  4.99911  
3.83964  7.11458  6.57797  
3.27782  2.14423  4.52029  
5.98713  10.0552  6.23153  
7.93428  3.61189  12.6847  
1.54882  7.28052  1.47399  
2.64941  2.57957  2.79156  
5.87548  2.52  2.24468  
2.67969  1.91284  3.63623  
2.94594  8.69545  4.92724  
2.48418  3.51893  6.27057  
1.72039  3.76649  1.42394  
5.51596  5.34567  5.9278  
4.58097  11.9312  1.87121  
4.93095  7.35964  3.68896  
0.872494  2.9436  8.98881  
6.36907  6.32222  7.22021  
1.06868  8.83917  2.3793  
1.6405  3.88014  1.18857  
2.51258  4.03506  11.3796  
3.92848  1.55203  7.06248  
2.68006  7.792  5.11572  
2.39026  1.18263  6.72517  
8.05448  4.65564  7.19109  
2.89119  3.25858  2.6571  
15.0993  2.69337  12.0198  
4.89188  0.748067  4.14908  
3.74199  2.80906  3.75572  
2.23898  0.661877  1.96955  
1.77736  3.95792  2.61514  
1.19714  7.33226  2.27009  
4.47853  4.16137  4.71923  
1.43982  5.8112  4.88821  
6.14659  6.41565  7.6616  
3.87592  1.43838  2.13571  
3.73361  1.97234  4.67649  
2.66278  6.59621  2.37414  
6.02359  13.9435  6.25811  
1.99573  10.1366  6.6509  
1.02241  2.65925  5.42856  
1.2678  4.68968  7.08893  
5.26368  1.62761  4.70097  
5.83203  7.70122  5.63669  
2.81414  5.31909  6.88477  
1.67654  2.58817  5.35636  
4.73609  2.74872  1.76792  
5.13346  2.66198  1.68261  
3.8505  3.46907  2.11842  
6.42585  12.5085  1.28554  
2.99787  7.34  2.89781  
4.32739  4.46504  14.1297  
4.63642  0.989419  1.5886  
5.90282  5.77215  2.78761  
4.03631  1.99526  5.68532  
2.12691  1.27935  1.44011  
6.96982  9.0481  6.08707  
2.81097  3.60069  2.76466  
2.09924  6.92327  3.26424  
5.90503  5.10092  7.31765  
0.722982  3.76968  5.2006  
2.00412  4.20401  5.92872  
3.29168  1.64701  3.01291  
3.92107  0.444142  5.99465  
2.64515  3.56762  8.76896  
4.23413  2.15588  7.56481  
4.48974  2.26588  2.91323  
2.5091  2.34954  4.84184  
9.09259  1.25446  3.56569  
3.02288  4.88784  3.62131  
3.96687  4.49887  4.37891  
5.62054  4.74843  2.26715  
2.85112  4.72177  1.6452  
2.79443  3.15659  3.23439  
3.68446  3.90789  1.51044  
4.35814  2.20323  2.38355  
3.27986  1.81398  0.875353  
1.78434  2.03573  3.58303  
7.61952  9.25381  6.70587  
3.57168  4.47292  8.20252  
8.50849  1.4048  2.55842  
11.8865  19.7912  5.85586  
2.36385  1.39198  1.60267  
5.65894  3.1218  4.43566  
3.85838  9.96793  6.8753  
0.807704  3.7012  2.92365  
4.82418  5.63681  5.76062  
1.18595  3.51036  1.99522  
4.93146  0.783875  4.59758  
1.31284  10.6181  3.96654  
2.41599  1.31857  2.8993  
2.42704  13.7748  6.94601  
2.53177  1.37494  2.7766  
1.55888  4.6542  4.35401  
9.08193  12.077  5.98453  
1.63216  1.63394  0.965665  
1.05852  2.16928  3.17603  
4.39004  5.62515  11.1725  
5.64065  7.88136  3.99153  
0.72569  13.8858  10.3179  
5.75385  6.91137  6.13395  
10.0286  5.08259  3.69747  
4.18825  3.36893  2.83757  
1.06996  1.72502  4.21829  
4.60207  1.44429  4.58732  
5.48368  0.741086  6.97121  
4.17178  1.62261  1.53485  
6.03207  0.998771  7.641  
12.8037  0.674605  13.8542  
3.35169  13.1207  6.71353  
6.82065  9.79869  2.19212  
4.69028  1.40982  5.5605  
4.58328  6.01669  1.45459  
4.01256  0.479015  2.74647  
1.66437  10.1076  3.18645  
3.05553  3.08428  5.17375  
2.83255  1.48084  4.64199  
4.8944  0.643222  3.35027  
5.20553  1.73001  2.45823  
1.1075  5.88782  2.13509  
0.455519  6.78307  7.59122  
2.79655  3.32681  4.90483  
3.95261  1.38928  2.2908  
5.57478  3.7631  2.03754  
3.73485  3.30211  5.27531  
2.8161  5.03231  4.10143  
5.04203  5.53688  4.26558  
4.54939  6.55719  5.74401  
4.69898  1.64887  6.01404  
3.58354  7.82589  4.64337  
6.66258  1.40562  7.07229  
3.31628  3.71974  2.80292  
7.60915  5.12579  1.1845  
1.03288  12.0691  7.56124  
2.25183  0.286933  2.68367  
2.00068  1.6566  5.03288  
4.90102  3.6121  4.86667  
2.50371  2.26943  3.23794  
3.531  4.09182  1.31986  
8.15353  2.00167  10.1397  
1.25204  5.91627  2.28613  
3.87602  3.19277  3.9944  
7.16458  3.07248  5.21796  
3.35337  1.20942  6.86836  
4.84719  19.9257  6.13092  
2.37333  9.3071  4.49791  
3.48923  7.61894  6.10128  
2.87188  1.8874  1.11899  
2.18931  1.9772  1.19295  
0.936931  1.56859  5.00502  
12.8237  6.28128  2.86912  
1.16778  1.32238  0.937745  
2.69749  3.20469  1.54451  
2.00861  3.10063  4.43732  
0.981101  5.69646  3.03265  
5.65665  8.72855  5.52847  
8.77205  6.75983  0.901264  
4.05158  7.3784  5.01608  
10.6098  2.06778  5.05399  
1.50512  3.26469  4.18083  
3.20931  0.347673  1.58381  
0.900232  13.0584  8.6951  
4.21276  11.9281  6.90795  
8.05466  15.7658  14.4146  
3.80552  0.779968  1.27265  
0.962084  1.24685  4.05377  
0.923298  0.639731  2.95487  
8.20091  14.2321  6.3085  
5.53508  1.13296  5.56978  
3.56974  0.265645  2.1532  
2.15168  5.38017  2.9349  
4.22947  1.48347  4.27483  
6.46314  5.77842  6.75753  
3.74751  2.19146  6.15573  
5.00965  0.474741  2.76015  
1.80906  0.938024  5.04242  
1.25304  6.71256  0.973905  
1.74241  1.69879  6.16749  
5.83674  2.23771  2.97677  
5.32402  4.02658  6.08023  
3.49468  6.88546  2.84544  
1.52478  4.84355  4.74923  
2.43997  4.99206  5.15658  
5.5127  3.1963  0.448136  
5.33822  5.67752  11.2263  
2.4499  7.65586  5.11736  
1.27842  0.911518  4.18783  
1.45289  2.29259  6.2443  
0.288845  1.44177  1.98683  
6.04791  7.21524  1.53535  
4.45583  8.11431  4.95402  
7.64851  5.45732  5.13386  
6.18991  15.7942  6.22095  
2.72902  3.25109  5.07273  
9.71197  4.77863  1.9313  
1.40651  2.08198  4.64232  
1.72511  4.67168  11.4331  
7.87868  4.13315  6.62252  
2.14875  5.03316  7.6473  
6.96601  2.53672  7.58108  
2.93952  2.76305  3.1942  
1.24081  1.14522  2.68928  
3.4014  2.22007  2.05244  
9.04243  4.08454  3.35771  
3.10043  2.44291  2.01819  
5.66194  5.03375  2.21809  
7.02223  8.04188  10.9476  
3.84264  7.50169  6.3982  
5.56989  0.245815  2.71312  
5.05521  3.39996  2.58356  
8.67198  2.74011  5.40874  
1.49893  1.33958  6.3323  
6.52106  12.547  3.13515  
4.74428  2.98652  2.672  
5.94023  3.79531  4.86772  
3.06752  5.2448  1.54726  
2.02321  10.0236  2.75655  
6.65552  5.34658  3.35844  
6.63983  1.76158  1.62221  
12.5945  2.08231  0.997169  
0.892722  5.7959  10.4297  
3.37904  5.92291  6.23409  
6.34688  2.10587  2.0861  
2.86332  5.13288  5.78798  
2.71282  4.67539  0.834199  
14.3519  18.1682  7.49743  
6.46999  4.04752  1.75624  
6.1294  13.5756  2.34636  
4.46121  1.50949  2.79238  
0.997387  3.12957  0.823721  
3.08379  1.98961  4.96091  
3.73945  16.7381  8.03585  
4.14133  4.10459  2.77662  
5.43217  6.02936  1.72052  
2.16904  3.90856  4.76014  
0.851708  5.88005  4.73036  
2.50641  0.752883  6.21138  
4.37992  1.18649  2.19776  
1.1832  7.15934  3.99442  
3.37223  0.63008  1.61302  
1.66261  3.67684  1.89291  
4.11232  3.13398  6.86295  
5.81144  1.67389  8.02038  
1.7739  0.132529  11.3804  
4.83327  6.20629  1.70901  
1.35274  0.0918075  8.61619  
11.213  2.91736  9.09744  
9.91628  5.81184  10.5251  
1.72086  3.34112  2.48699  
1.56493  2.92554  1.74776  
5.36275  4.94276  3.23641  
6.97342  5.66447  9.17148  
4.40897  3.1288  2.6968  
3.82207  1.31241  1.33168  
8.11202  9.80629  3.37792  
1.43515  0.38511  5.85007  
2.57052  1.86645  3.44894  
6.85626  12.6976  2.771  
3.78767  4.06406  9.14366  
7.33049  8.08486  2.70674  
2.9574  5.91657  3.59703  
4.33448  2.90492  4.6382  
7.02049  1.14256  6.01422  
7.02663  2.38899  6.25461  
3.02485  3.00888  5.32885  
8.80882  8.00999  11.616  
2.38615  3.93036  3.33209  
0.838775  6.13642  7.80722  
1.07666  2.71549  2.76771  
4.01933  9.26472  3.59158  
2.10516  1.62396  3.53006  
4.5247  6.71059  2.52746  
8.77811  0.421338  9.30295  
6.36415  11.6608  11.1062  
2.4944  3.0053  1.37665  
3.62454  2.61368  4.38403  
6.38769  8.83962  1.52625  
4.61318  3.1592  2.0057  
7.53829  3.22857  1.43257  
3.96293  4.08172  6.34177  
6.11099  4.07256  1.87839  
5.59252  7.71455  4.44656  
4.94946  3.01227  1.72451  
5.97099  0.392006  3.3625  
1.29289  4.5903  5.5361  
5.00245  4.4718  7.70925  
5.01146  9.41557  1.4674  
1.61807  3.10476  0.946887  
1.42846  2.04385  4.66953  
1.88533  2.84825  1.9522  
5.41249  2.95124  6.53418  
2.53496  0.746556  2.64104  
3.5971  4.39736  4.97534  
8.52103  9.19032  1.53109  
0.951519  2.11961  3.46886  
2.92026  10.3828  9.83487  
10.2635  3.57208  8.26427  
1.07556  6.48686  6.71325  
3.43733  1.33039  3.37686  
1.38088  0.197421  6.73742  
1.93233  0.564303  3.4608  
2.79519  9.26904  1.18591  
11.4924  4.5496  9.92825  
8.09109  2.50673  2.57743  
4.20966  2.69778  3.96998  
3.74814  3.66768  2.73718  
1.59314  1.01252  3.9716  
4.30374  2.50912  5.11834  
2.09727  1.36103  6.86578  
1.66746  0.605909  4.57313  
3.63544  0.906178  4.43322  
3.37935  2.16728  4.06538  
7.99291  2.82208  7.38458  
0.800624  5.50311  3.97765  
8.62262  6.81598  2.46321  
4.8625  4.00381  3.76938  
1.3428  2.73514  3.14504  
3.61708  4.69718  12.6634  
6.56603  1.2144  7.63202  
2.3228  0.603141  3.56869  
3.64779  1.65544  5.08027  
5.20377  2.27827  2.08127  
5.47763  3.11181  4.30749  
3.90269  1.2122  5.39703  
2.18821  2.62816  3.98834  
7.37081  0.685265  5.48349  
3.69599  2.07083  2.15443  
5.54726  6.35782  10.373  
5.99686  14.4176  12.6225  
4.16481  7.26963  2.18902  
1.90896  10.6331  1.72136  
11.3304  13.5514  5.84769  
3.23904  1.45516  2.12178  
6.38288  4.49824  3.47789  
8.24575  17.4023  15.9377  
12.0219  6.49884  0.925667  
7.23716  2.42084  5.60149  
4.92174  5.58482  8.15332  
8.07835  5.7009  6.2421  
3.53435  10.4365  12.8611  
7.67642  12.5615  1.67169  
2.51764  0.399935  5.64824  
7.19541  15.6757  10.6005  
1.16949  7.21767  5.99144  
3.38761  1.53716  6.12739  
1.73732  1.65949  4.00333  
10.0427  15.9317  4.61137  
2.00121  1.08198  3.07138  
4.10683  9.58136  3.10699  
7.49746  3.84085  5.14315  
2.15264  4.20399  5.3434  
3.13975  6.97738  4.02747  
1.58187  1.57907  3.46813  
2.55909  3.61961  7.22043  
8.65039  1.26428  1.93076  
3.88832  3.49752  4.64602  
3.8516  1.36865  3.22161  
1.33011  3.64082  3.77326  
8.12576  4.65944  6.50146  
11.8961  2.51994  0.845629  
6.54866  4.17654  2.39472  
2.37799  7.04184  2.66706  
6.13608  6.64703  5.14392  
7.29809  6.13943  6.94668  
2.31429  13.7506  14.3153  
0.706951  2.89406  1.71516  
3.89658  1.6872  4.05433  
3.1016  11.3516  2.49087  
1.80446  12.0339  7.00712  
3.19899  6.53031  5.04122  
4.31327  5.7743  7.78315  
3.86834  12.8134  2.81925  
4.83067  5.75673  7.54623  
5.65524  7.30933  2.65213  
1.99885  3.35052  0.973833  
6.09196  10.0806  4.31134  
4.87085  13.9422  6.23692  
3.63218  2.00142  4.43134  
4.93276  6.9961  3.76299  
2.69191  5.24872  0.547275  
6.2199  7.06119  2.33111  
3.07216  1.06248  8.32933  
2.06227  0.235341  8.72446  
8.05141  4.27881  3.84782  
2.4948  8.17767  5.94706  
1.94524  3.3547  2.59088  
1.00391  1.53551  2.57785  
3.6255  2.80714  3.30254  
0.526664  1.42228  4.19992  
5.96185  4.82436  3.84743  
2.14635  2.91328  2.96243  
5.21064  1.00235  1.36462  
3.19347  7.04741  6.68659  
8.90025  2.61844  7.51274  
4.2462  0.486699  1.71229  
14.2945  8.14641  10.3221  
5.3912  0.795441  1.90748  
2.80799  4.41193  2.74758  
1.4031  5.3894  1.55879  
6.79547  1.10583  2.43573  
7.46277  8.27823  3.89035  
6.93953  3.10579  3.71328  
5.68208  0.866842  7.80358  
1.92597  6.02236  4.41916  
2.6089  9.13499  4.29679  
7.78266  9.20439  14.9215  
2.27295  6.9791  2.27542  
6.72667  6.23715  2.02088  
1.4503  0.941754  2.64782  
8.13059  1.65211  5.42361  
0.851175  5.12766  4.85604  
2.87715  0.543537  5.12948  
2.06538  4.74617  2.35583  
5.34787  6.4471  6.65856  
2.03657  0.111702  1.81152  
5.96002  3.28756  8.52846  
3.87786  2.50896  4.78293  
7.95444  9.09036  6.01993  
1.36042  8.33407  4.41464  
2.19297  0.512729  6.47232  
1.49552  2.09104  2.68909  
5.7946  14.2521  7.3332  
2.09683  0.590263  1.35329  
6.43827  6.17971  4.18314  
1.87023  2.72465  3.68368  
3.0937  8.98248  3.78651  
8.02574  9.36035  2.81079  
2.2359  0.805543  3.4337  
4.80117  3.27614  0.510806  
2.02765  0.323062  2.9508  
6.98834  3.61303  4.18702  
4.81599  1.42916  1.6863  
2.80349  2.94808  4.44469  
4.09253  2.23177  3.29979  
1.96757  6.88728  2.78081  
1.81617  1.87763  2.58563  
8.65033  0.452413  10.6598  
11.9261  7.81038  2.98652  
2.42998  3.17313  4.29027  
3.39883  2.69871  5.53536  
6.87712  1.82071  3.08591  
0.896819  1.97299  8.94713  
2.96191  4.89351  1.75206  
2.42913  1.67311  3.74545  
6.52796  0.823251  4.7509  
2.20001  5.20748  4.35492  
5.77262  7.92757  6.22254  
3.3527  4.5694  5.84492  
2.61001  3.73682  5.57872  
3.807  3.82964  10.8939  
4.4641  0.256525  8.43477  
5.30068  7.05277  6.06781  
4.61435  1.51205  1.56988  
2.57886  3.41921  1.4449  
5.78618  5.72556  1.42982  
8.02914  2.55709  4.80482  
0.818881  0.73629  5.18033  
10.0186  9.40311  6.37643  
2.44078  2.20636  3.31  
7.23651  1.33732  1.03687  
2.68307  2.44651  10.2334  
3.76802  2.91043  1.76633  
6.51065  1.3099  2.50258  
2.68811  0.423435  3.52831  
2.43868  0.847188  1.60991  
4.55681  5.94241  4.8229  
5.04604  2.98106  3.35246  
1.52612  4.27725  2.22596  
5.28335  2.69787  7.45851  
9.17446  5.86956  3.29961  
1.59644  7.46466  3.5108  
7.28688  8.24613  11.3016  
5.15266  12.4761  12.013  
3.74511  5.02629  0.737248  
1.12191  13.3787  10.8706  
6.1695  0.55981  7.68003  
0.870245  11.2748  8.17668  
0.44803  5.78418  4.57226  
6.34024  1.78814  3.67643  
3.33749  5.29785  3.96305  
1.62308  2.49606  1.22713  
4.17441  4.84828  11.7689  
10.8916  4.54426  4.74493  
8.17677  9.18813  4.80104  
2.95267  2.13745  5.64082  
3.05812  0.355171  6.10736  
3.22634  3.39342  0.833622  
5.51325  1.53753  6.60411  
6.09275  3.40191  3.94419  
3.15588  3.23019  2.03685  
4.12583  8.39129  3.67343  
4.04434  22.0884  7.31857  
1.85111  2.21722  7.70109  
2.48251  9.9764  6.08421  
4.37244  13.1896  10.0977  
0.865473  18.4121  6.78751  
5.2346  1.88364  3.63604  
2.40359  5.50615  3.03099  
5.60511  0.31755  5.16844  
9.58922  0.587326  6.7606  
1.88872  0.816785  2.23459  
4.64145  17.9346  9.30647  
5.28054  2.27289  6.20866  
10.4507  12.6613  7.45177  
0.764296  3.72482  9.69931  
5.5704  9.25959  12.6902  
5.21253  1.30739  8.03813  
10.1493  1.14096  11.6355  
5.29105  1.69275  9.0659  
5.32598  2.58616  7.93639  
4.65093  2.93236  1.15066  
1.79271  4.48145  3.13328  
1.69769  3.56835  5.54874  
5.44575  1.61587  1.25789  
2.12874  1.69068  2.64444  
0.538418  9.10073  1.16569  
1.11767  4.99272  2.44494  
4.17441  9.54565  3.87409  
8.33943  3.44847  7.84659  
3.15772  1.81845  5.5866  
10.3698  10.318  10.4768  
2.86052  6.02615  5.92015  
2.94602  9.39095  4.15884  
3.60621  0.751669  4.36938  
6.83529  15.3056  5.29539  
9.41297  2.38908  1.89983  
10.0275  17.6832  2.90738  
8.33637  3.62744  1.91865  
2.33729  6.82121  5.12851  
4.5309  3.04011  1.28654  
10.5366  0.993867  6.37126  
8.71716  3.30024  13.7394  
2.83049  1.68594  5.32553  
7.1743  3.08926  3.60636  
1.51553  0.339548  2.15624  
1.36931  2.91167  8.32918  
2.67334  15.6776  12.6646  
2.16764  3.86819  2.75679  
2.92962  8.81667  5.112  
2.29706  3.62158  4.78699  
1.24732  2.11055  5.26493  
4.97849  0.918669  1.32438  
1.8864  1.74142  0.897822  
4.84505  10.2588  3.29167  
2.2648  4.74906  7.91069  
2.89824  1.31626  5.02818  
2.71412  5.29213  3.85592  
3.3087  10.0729  3.35875  
3.97165  6.19734  3.31094  
3.09835  0.622456  1.07385  
5.5527  2.58447  2.88786  
6.20339  7.32159  2.38978  
4.12564  2.35286  7.03298  
3.21518  7.10682  4.21821  
2.01434  6.32716  7.28581  
2.96073  1.04156  6.1491  
4.44634  2.14363  3.20427  
8.8115  0.227929  5.38626  
2.78845  1.55792  3.02324  
4.07727  6.1433  4.49709  
3.67329  3.70165  4.96183  
3.69313  1.15089  2.09876  
3.97035  1.222  8.15343  
0.944131  3.75598  3.79107  
3.63873  2.15447  2.96615  
3.89398  0.576105  1.60574  
7.46299  2.07026  6.70831  
3.95026  12.6782  6.87142  
2.80941  3.57519  2.33462  
5.3483  3.74182  1.34979  
8.46791  9.36077  5.19052  
11.9685  1.29086  11.9821  
4.22319  7.71879  7.43676  
4.68674  1.17211  9.82311  
2.11537  1.42693  4.19483  
1.96936  7.99727  6.40672  
4.94345  9.07248  3.84044  
8.73561  3.85505  14.4006  
1.45374  12.8685  11.9282  
7.93799  3.26971  4.60588  
4.66137  3.17755  3.61817  
4.51101  1.10084  7.76765  
4.65469  3.22404  4.20959  
4.8459  6.01735  7.85123  
3.65016  6.66496  5.31814  
5.63739  3.46844  3.43898  
7.04611  10.2026  7.06938  
7.40676  4.67117  6.52121  
5.04196  3.8934  6.054  
6.38525  3.11296  2.05378  
2.31633  0.977581  9.91782  
2.60478  1.66217  3.04046  
2.73443  3.44207  2.49868  
5.28299  1.69205  2.89339  
3.35979  2.24167  3.40568  
2.09734  9.78444  7.93394  
3.00889  8.71503  6.11923  
1.26448  4.82582  4.97922  
1.72604  4.85635  7.27774  
2.56664  4.75976  2.75094  
8.57665  3.77811  4.57131  
1.89402  2.46514  3.44027  
1.17493  4.08756  8.94469  
3.7113  0.734189  2.71114  
8.46161  8.39994  1.46282  
3.62268  1.93106  2.64083  
1.83028  2.61427  1.3935  
1.38896  5.92794  7.98332  
5.74509  2.81063  2.30732  
5.92749  2.14425  1.85453  
5.65164  0.749183  2.5577  
3.52506  2.90596  2.8242  
2.83172  2.28591  5.20552  
5.046  5.64461  6.69188  
7.866  6.62683  2.76509  
1.96721  4.27057  6.39071  
0.898964  3.84539  4.99654  
5.01979  7.38239  1.6466  
5.95101  2.68632  8.97875  
4.1715  1.34952  3.4915  
0.600354  3.72888  6.65135  
5.54952  1.03135  2.12774  
7.4016  1.84219  1.40012  
3.60304  4.25755  0.5587  
4.13905  4.64317  9.34151  
8.82559  5.71053  5.05251  
2.06956  2.30728  3.45498  
10.2995  1.74886  7.71656  
6.55432  3.02442  7.15534  
10.0796  2.08316  9.04089  
2.06908  7.9681  2.09801  
1.55  3.27473  4.79957  
2.40402  1.62157  4.29853  
3.5469  14.3406  3.28115  
4.79498  2.83578  5.93229  
3.32121  5.21341  2.92046  
4.28008  6.89817  4.0389  
6.05039  4.82115  4.44001  
3.10893  8.92323  2.21479  
3.00613  2.16858  3.76828  
5.26557  3.7423  9.01456  
3.31155  8.94082  0.973999  
8.41276  6.9753  9.05771  
4.94682  15.0056  9.48317  
2.4144  1.28572  4.10346  
2.43551  4.97043  4.73621  
4.75793  1.37204  7.18251  
0.579497  7.04329  5.69242  
5.34258  2.87009  4.92701  
4.394  1.40605  3.5357  
9.96684  7.34944  4.56141  
0.843401  0.219844  4.47598  
6.99455  2.32806  1.22554  
5.02318  6.89218  8.30428  
3.93131  2.93073  3.85135  
2.21789  4.2223  1.92805  
1.70161  1.36593  5.55266  
1.3972  2.84867  2.00404  
2.86848  0.712905  4.86211  
3.63539  4.20305  3.79113  
4.62478  7.01924  5.75522  
5.56767  12.422  10.3303  
6.49978  8.4322  7.17325  
1.97336  0.468733  5.56368  
1.82271  2.97792  4.87629  
1.46239  2.70109  3.68891  
1.40784  1.65566  7.71255  
1.35435  3.73901  7.88975  
5.38095  1.89388  5.64077  
8.89149  2.10863  5.49612  
1.92156  1.13387  10.3511  
4.42994  0.659318  4.06002  
8.55848  3.63269  1.53289  
5.34046  2.63917  1.2518  
4.86865  4.85167  3.50028  
1.27554  4.11216  3.14488  
9.814  5.89642  5.90632  
2.10676  6.98149  9.28523  
1.38361  1.96765  10.7813  
4.45128  1.32551  4.85797  
5.9656  4.12607  2.15652  
3.61186  5.09509  2.35492  
4.58622  5.62366  2.86988  
5.58204  2.22211  11.2827  
2.97765  2.59425  3.46951  
2.45818  4.05724  3.27967  
4.05452  7.60509  4.7586  
1.53021  0.51798  1.1916  
6.15741  1.30355  2.11729  
2.18024  1.23864  10.8906  
8.22857  2.49783  3.66473  
7.3257  15.3037  4.74132  
1.31505  4.72246  1.12979  
5.56721  5.9214  3.5645  
2.24059  1.23657  5.79098  
2.54387  1.26896  1.06072  
1.32641  5.68069  13.8004  
3.96047  0.198155  2.03967  
2.27081  3.33154  3.07863  
4.35193  0.910545  4.5062  
7.22642  1.33486  10.8337  
3.35498  2.46115  2.72258  
10.7018  7.35779  1.32973  
3.082  8.09073  2.92569  
2.19598  4.99768  1.41387  
6.20857  5.37304  4.36991  
7.51747  0.650612  1.91925  
3.69144  5.59981  1.68893  
2.30771  2.01403  3.99001  
3.2315  2.73777  1.23994  
4.35782  0.534667  2.95236  
5.10927  2.31273  4.29616  
2.71086  0.692853  1.35086  
4.69817  0.405358  1.46121  
6.65275  2.42046  4.93966  
10.9865  6.81127  5.15216  
2.49198  2.13747  0.843286  
10.7929  1.51593  9.18715  
7.96574  6.82027  1.13922  
5.69703  9.11924  0.901772  
5.3393  2.39429  1.16001  
8.17513  6.17146  5.1876  
4.41839  3.36251  3.59807  
11.3547  12.495  10.7365  
5.14531  3.71053  0.823072  
6.7892  5.71406  3.83299  
4.49541  3.09138  6.25234  
2.83623  3.32231  1.93542  
2.04887  3.92337  13.951  
3.74557  7.07305  6.19652  
0.326621  1.27408  4.14298  
6.53896  5.64419  8.06638  
3.15901  3.75456  2.68716  
2.63317  8.58466  4.00328  
3.52021  1.27024  2.93512  
5.54191  10.7402  5.9859  
2.03214  1.12619  2.99445  
0.776437  8.87763  7.05373  
5.4475  7.11386  9.44157  
2.18061  2.97381  1.00335  
1.32632  4.19316  2.77761  
1.84381  5.88912  5.12642  
3.46787  3.35144  3.62514  
10.9294  12.3985  7.0373  
3.07888  3.49792  1.77041  
5.6761  2.01296  4.59983  
6.54805  1.57464  2.75343  
10.463  9.58572  1.02733  
2.96853  2.76081  1.31158  
3.02463  5.27101  2.41494  
8.33241  1.446  4.01561  
8.45701  1.32047  3.25446  
3.39264  3.12982  2.67377  
1.74445  2.82906  1.89671  
10.9491  0.95634  7.00054  
0.9682  0.721764  4.75236  
1.6418  0.722429  1.22337  
6.13955  2.94931  6.63518  
2.30635  1.64125  2.04613  
5.05265  11.0557  2.15654  
3.05857  6.45751  2.68626  
3.1379  0.714348  4.49285  
5.00407  5.25132  4.88567  
6.47791  8.59385  7.74257  
6.24037  3.41377  4.6261  
1.02335  2.96799  3.59749  
6.28156  2.36658  8.88529  
5.74642  4.17566  6.62634  
0.784084  0.82058  10.5172  
6.04345  5.52768  2.0919  
11.1716  2.57308  5.33201  
0.720009  1.51047  2.29162  
2.90119  7.08411  0.751769  
3.20332  3.12354  5.26127  
1.63386  5.36055  8.28697  
4.77012  2.62952  1.31473  
4.46433  2.96435  2.86939  
3.70589  6.42923  2.14735  
7.60778  1.60192  5.15807  
3.61893  1.64168  5.01116  
1.80447  4.53683  4.67344  
7.12776  2.549  8.37748  
5.00375  2.44998  2.59245  
4.86242  13.6005  6.01237  
2.05243  1.68526  4.00811  
2.56477  9.32144  6.62041  
5.77512  5.01031  6.81164  
7.32005  6.61159  5.6654  
1.09311  0.732098  3.8274  
1.27184  6.19259  7.2508  
1.43837  13.3929  2.3272  
7.64019  2.42959  6.92617  
1.66399  3.07729  3.34191  
5.18693  1.59772  3.48789  
3.18883  2.03734  3.80012  
3.37638  4.65217  1.10229  
2.05623  7.09586  8.27382  
1.26361  4.41021  2.50444  
7.07541  2.83964  0.780625  
7.02096  4.16805  3.74506  
1.32764  0.822941  7.07895  
7.96453  17.3339  14.1149  
4.03215  8.48626  4.21249  
2.17072  6.33082  4.91905  
3.0064  1.0957  3.64061  
3.21263  1.19191  4.28979  
9.96565  13.4452  10.341  
1.24848  2.02467  4.06264  
0.927645  3.74837  8.39697  
1.5759  0.289353  2.05942  
14.2415  4.70471  5.31025  
11.1559  9.923  6.2041  
3.03219  9.77497  7.08855  
4.37751  1.79234  6.64891  
4.04531  5.03196  3.46098  
1.25492  2.62378  3.72249  
4.70814  8.56807  2.05991  
9.41715  7.68419  1.86215  
1.71378  4.34035  7.82845  
1.06578  2.46851  4.63366  
7.72282  15.3303  7.04676  
3.66931  2.66084  1.03338  
2.09436  2.33063  3.83877  
1.83464  6.19227  4.94606  
6.45199  1.52964  3.25685  
4.58025  6.07124  1.84631  
5.90474  0.855917  3.50609  
1.26106  2.16481  1.60771  
4.90578  10.4302  0.833679  
2.16322  5.57925  11.0495  
4.934  1.99728  5.75924  
5.80798  9.97528  5.1222  
3.3195  5.54139  1.25326  
2.17519  1.54865  1.98747  
3.19489  4.73491  6.2413  
2.70529  2.59138  2.53815  
3.69003  2.31815  5.10141  
4.13626  1.96804  2.07555  
5.13279  2.44057  5.92263  
0.778927  9.71981  3.02887  
3.71875  3.7935  5.01643  
2.16431  13.972  12.7811  
6.96052  10.3842  3.55852  
1.82252  0.435296  1.73879  
8.11971  1.709  7.84745  
6.66294  1.00877  1.58639  
5.14553  1.5728  5.05242  
3.2715  1.29311  1.42331  
4.26438  1.96849  4.53912  
3.18571  1.75287  4.79302  
3.77821  0.745016  0.197588  
3.23166  3.37398  4.50281  
4.05644  0.81364  1.06223  
1.3625  5.69742  8.7861  
3.91818  1.01152  3.79689  
5.09048  0.773102  6.59948  
0.360812  1.42407  1.35285  
1.71746  9.70265  1.37531  
4.74876  2.02159  1.8085  
3.09437  2.28535  2.69921  
1.14508  9.52077  1.61291  
2.47469  2.14385  3.1014  
5.2432  5.14532  6.74409  
5.25452  4.39379  1.70601  
1.87191  0.910628  1.12983  
1.87846  0.607661  3.17502  
5.07969  2.24666  3.86876  
4.08256  0.440663  3.34476  
4.40165  9.01632  6.03646  
6.31679  10.137  3.42837  
1.57571  0.211652  6.17699  
0.577883  5.59396  6.66118  
2.63809  0.558059  5.08794  
11.9049  6.30458  9.42864  
4.87462  1.29113  7.68705  
4.32121  3.63173  1.92847  
1.34652  6.39335  0.772301  
5.28447  1.21849  1.59372  
5.12567  1.31322  3.93337  
7.98303  10.5038  7.24681  
1.52291  4.59433  2.89381  
0.389869  7.11912  3.22386  
8.11415  5.54867  5.50019  
0.675357  0.958167  5.17993  
1.7685  1.95077  4.29253  
1.65823  0.410672  7.92778  
7.22079  1.37183  10.9841  
2.48542  2.57397  2.04772  
5.85485  4.13849  6.00989  
3.49822  1.34156  3.65207  
10.5097  2.43167  2.53956  
8.14331  1.29742  2.91337  
2.30468  3.10051  3.89865  
4.97009  2.91197  2.76398  
0.523176  2.08367  7.48903  
1.37957  2.7404  3.08971  
6.41164  9.19001  0.787789  
5.44467  3.14302  3.81074  
2.29055  4.42079  3.52392  
2.33867  3.20965  0.323721  
4.73078  9.81531  9.42003  
5.96103  2.38591  9.18229  
11.1015  15.02  2.6347  
2.97188  0.151552  6.04599  
5.73086  2.15799  10.7124  
3.5966  2.1399  3.11611  
3.61331  2.67157  1.31493  
4.13259  4.61647  4.03557  
1.23671  2.7191  3.60459  
3.56026  5.14745  5.59528  
1.20638  1.19409  5.29032  
0.804025  1.50979  2.9805  
7.04391  3.12772  2.16665  
2.60483  5.08328  2.63623  
2.79713  2.59586  4.38502  
1.00253  3.61813  1.7047  
2.58896  4.02775  5.08188  
6.16577  3.20554  4.00074  
9.03522  4.26027  11.3155  
6.24923  9.04502  8.22116  
2.30762  1.16485  0.874543  
9.00704  0.783483  5.67152  
4.05134  1.64505  2.23423  
1.17239  4.0198  4.41597  
7.47173  6.11171  5.59997  
6.76899  2.74076  1.38318  
4.31914  5.73213  2.35039  
2.76938  1.13146  2.40889  
1.79937  7.35059  8.11674  
6.62213  11.0898  7.7364  
2.5537  4.72757  1.15046  
10.8295  5.1997  6.98784  
9.47464  3.06779  2.72067  
5.26058  2.06942  2.5074  
5.99629  5.93518  0.948574  
5.25572  2.48499  6.03265  
3.21139  3.29506  5.4567  
6.63719  4.28094  2.84006  
5.58672  0.781364  1.94307  
11.8452  10.2829  5.98657  
4.40961  2.11867  3.10914  
2.59251  4.34372  0.974022  
4.52052  1.72133  4.47621  
0.485512  4.02944  3.41333  
6.04343  3.02039  6.51328  
0.839123  0.874316  4.83108  
2.06257  0.843897  3.64525  
3.15271  6.04557  4.90035  
2.06711  1.27964  1.01885  
15.3936  1.74302  2.98362  
2.00695  9.45701  7.36153  
3.97715  6.54103  4.72847  
7.26287  1.30489  2.09709  
3.91396  5.83267  8.94648  
1.35606  6.9293  9.58084  
3.22678  2.75143  4.5931  
4.04491  7.18939  2.35541  
1.99267  13.0714  5.41766  
1.30517  3.9883  5.46811  
4.85247  14.0223  7.10552  
4.04933  3.0344  0.477687  
4.23342  1.3177  9.59495  
3.17123  2.4245  3.84127  
5.43182  6.76593  3.6992  
6.66061  2.92106  2.4625  
3.07317  11.3632  15.8111  
2.3416  5.15562  2.71623  
5.57153  6.97539  2.40777  
2.24871  1.05981  1.0012  
12.2314  6.27545  4.60565  
10.122  4.24055  0.969416  
10.4337  4.7179  8.5638  
13.223  9.68475  5.85435  
11.1211  0.908654  10.2554  
4.48021  5.16992  4.01975  
0.895112  6.69447  5.01818  
5.24384  0.31778  2.63323  
7.31517  7.11943  3.27073  
6.7918  5.31675  5.73922  
9.39966  8.58212  7.09249  
4.67086  1.5701  5.32098  
10.9335  10.0099  3.19929  
2.73088  1.1288  4.73667  
2.47549  2.92359  2.28824  
7.20933  1.18693  8.5252  
4.43014  3.16816  1.15663  
1.9601  6.25908  1.97714  
2.22525  0.480747  9.38584  
4.22181  3.29319  5.6277  
7.11291  1.81058  1.60425  
2.20739  4.27887  2.82531  
3.27479  6.51823  1.18945  
8.30334  6.26986  1.12983  
4.55905  3.11269  2.21792  
2.99259  4.53605  5.39261  
9.83766  7.3326  3.99716  
3.2931  0.485747  2.49862  
0.935049  12.5928  2.98506  
2.07178  1.20762  1.31687  
0.589138  4.71629  3.17278  
10.4602  4.17453  2.15533  
2.81976  6.77347  4.65314  
2.11848  2.4185  2.74623  
2.12537  5.0466  16.6337  
6.5936  6.75972  6.3633  
1.97309  5.84829  3.11568  
1.60456  1.91479  2.93013  
4.61154  5.704  4.66903  
4.87716  15.3061  3.10664  
8.86464  3.18998  0.68341  
4.75175  7.89134  10.0575  
14.8819  4.48654  10.8986  
2.49613  4.20521  1.64506  
3.42357  3.24317  2.58379  
0.947152  5.79394  9.37853  
5.33904  3.05048  4.33744  
4.54197  6.32168  2.01157  
3.53742  1.65704  9.10966  
3.67825  6.78492  4.71329  
7.07384  4.70122  5.30779  
3.5824  0.730536  2.67647  
4.40417  21.6905  1.26183  
2.23313  14.9467  2.42724  
7.0603  0.790047  3.27816  
4.6407  6.10006  4.20431  
1.78614  1.45924  5.86321  
5.57156  0.704732  3.18153  
