0.829105  1.4649  
0.336865  4.02973  
0.0353533  3.27622  
0.755047  2.58062  
0.877559  2.46683  
0.729627  0.927901  
0.480417  1.33302  
0.104635  3.6002  
0.846497  1.03323  
0.86346  1.4479  
0.422317  3.82755  
0.17801  2.15866  
0.409566  2.35727  
0.602668  3.44122  
0.260578  2.47808  
0.273103  1.7906  
0.0746244  4.79095  
0.0815541  2.75551  
0.221261  1.12933  
0.502752  0.492335  
0.173372  3.88213  
0.693189  2.76158  
0.353213  1.85005  
0.670451  3.67667  
0.262236  2.84929  
0.88835  3.23225  
0.180014  0.753262  
0.0849954  0.779636  
0.910403  3.02455  
0.92162  0.312798  
0.53558  0.465529  
0.283871  1.05735  
0.354909  3.3934  
0.501341  0.564982  
0.960769  2.14963  
0.0709438  4.63917  
0.387563  1.90587  
0.381952  0.599629  
0.521511  2.00512  
0.270818  2.88953  
0.475739  3.32497  
0.50601  1.81232  
0.517167  2.90596  
0.465523  0.363966  
0.268701  0.85746  
0.147467  1.26723  
0.544597  3.77449  
0.228461  2.5958  
0.935647  1.93767  
0.773229  0.797104  
0.30355  2.98456  
0.379709  2.56  
0.918712  2.29366  
0.823306  0.747211  
0.650569  0.807339  
0.821402  2.9582  
0.140326  3.26557  
0.103518  2.25416  
0.613829  1.59924  
0.949494  2.05895  
0.737985  0.951968  
0.810573  2.35238  
0.689672  0.836519  
0.277308  1.23823  
0.998033  0.109218  
0.332348  1.94702  
0.511837  4.24619  
0.142745  3.80603  
0.0383117  3.6358  
0.414381  4.38188  
0.547611  2.7986  
0.0416868  4.82224  
0.51404  3.64465  
0.426213  2.87932  
0.249948  3.64748  
0.287939  0.586545  
0.104305  4.09154  
0.264297  2.15024  
0.519455  2.42179  
0.945773  0.064394  
0.371561  1.41216  
0.514329  3.09431  
0.316463  1.42  
0.117877  0.752079  
0.749661  1.06626  
0.655347  0.401617  
0.55864  2.97195  
0.447125  2.64264  
0.109664  1.40771  
0.401452  3.84963  
0.342017  1.71574  
0.958366  1.56385  
0.727714  3.28381  
0.958296  0.215717  
0.227033  4.13553  
0.6907  3.95681  
0.163109  3.58018  
0.662571  2.93501  
0.658682  2.56861  
0.974699  3.19608  
0.898022  2.01974  
0.916893  2.28023  
0.243707  2.29456  
0.351571  3.55527  
0.586724  2.7308  
0.223874  1.33239  
0.189801  4.29342  
0.987836  2.5041  
0.448202  2.79754  
0.0604578  2.16788  
0.290972  4.4185  
0.885576  2.05841  
0.306367  2.01075  
0.423941  0.986983  
0.499066  0.778794  
0.480571  3.3175  
0.553273  0.365954  
0.266984  3.84897  
0.0536128  5.34897  
0.39538  3.55244  
0.918538  0.688529  
0.225327  2.34128  
0.475557  2.15899  
0.275638  3.67785  
0.439085  2.46077  
0.830898  1.70781  
0.572111  3.84357  
0.780042  2.73794  
0.240692  3.22281  
0.150815  0.867568  
0.97252  1.6771  
0.873336  2.49025  
0.897913  2.96792  
0.980204  1.05024  
0.146045  1.63779  
0.0551283  3.53895  
0.955208  0.498075  
0.452566  4.12015  
0.883405  0.395492  
0.595319  3.52046  
0.252416  4.13538  
0.76105  1.53641  
0.912072  1.44839  
0.354506  1.39338  
0.351962  2.37365  
0.643021  2.03148  
0.338337  3.99492  
0.282775  0.813318  
0.954004  3.27581  
0.416118  4.06222  
0.829909  2.58083  
0.635153  1.84078  
0.496352  2.67655  
0.272438  4.41162  
0.394555  1.87808  
0.339171  2.14295  
0.389403  2.81015  
0.195113  4.71446  
0.518865  2.60868  
0.595523  2.36268  
0.277831  4.08684  
0.897097  1.44347  
0.157863  4.59887  
0.434632  1.94314  
0.399514  1.0549  
0.610089  0.381375  
0.43271  0.903019  
0.594116  1.05555  
0.633218  0.37008  
0.00556066  1.05239  
0.218338  4.09636  
0.189939  0.691291  
0.866633  2.17985  
0.711948  2.25461  
0.613452  2.54727  
0.605691  2.59605  
0.167053  1.11937  
0.149569  0.98767  
0.445294  3.55506  
0.889692  1.66286  
0.400953  3.1763  
0.610342  0.348029  
0.43012  3.42795  
0.0953631  2.65295  
0.762207  2.06602  
0.508035  2.75447  
0.381606  1.73352  
0.57616  1.41504  
0.617663  2.54373  
0.212559  2.16215  
0.946068  1.5435  
0.408645  3.24185  
0.59929  1.01789  
0.105978  3.02829  
0.850364  0.927055  
0.426439  2.48637  
0.402603  3.06753  
0.602255  0.358195  
0.221397  2.67816  
0.033293  3.77133  
