8.1249  14.9155  
22.9135  27.5487  
18.4916  20.6593  
12.2012  14.4867  
7.39837  8.23005  
8.12842  7.05458  
8.88409  20.1747  
20.9008  30.4814  
22.6255  14.5636  
16.3759  7.79711  
11.1941  10.0515  
32.3674  20.0905  
13.4738  13.1777  
17.095  18.1959  
51.5054  23.3675  
16.0754  20.3025  
9.57474  28.4611  
42.4917  15.8406  
23.5756  11.115  
27.528  21.1699  
25.0346  14.9674  
28.5043  23.7715  
20.7203  3.49906  
25.3927  13.0909  
13.5467  21.2509  
10.7514  11.458  
14.5875  17.7252  
16.8577  11.8607  
22.9762  21.5423  
9.16703  10.6858  
20.1723  24.7047  
9.20935  15.1835  
20.5906  17.0729  
20.2148  14.3989  
10.5127  6.41139  
28.3134  10.7946  
23.7227  6.0855  
17.1862  15.1829  
36.5622  25.0645  
25.6124  10.0535  
21.0784  11.2844  
18.6322  14.8461  
17.0368  6.49885  
24.0918  18.709  
22.3088  28.0949  
27.0588  15.8183  
29.2058  7.24528  
34.1866  35.8549  
21.143  5.81615  
18.6611  25.0132  
18.9636  6.6828  
13.3636  28.7549  
24.9236  8.9712  
25.5072  14.4771  
8.84777  6.73573  
30.1029  20.3039  
7.31092  22.2182  
23.9026  24.9883  
9.31821  15.7325  
13.3298  15.3964  
17.081  16.0662  
9.28145  9.22192  
20.1887  15.1495  
28.3043  24.7836  
13.0941  19.9529  
34.5259  11.6232  
12.4812  3.79566  
10.8503  27.7959  
16.596  22.947  
18.8267  13.7245  
19.7153  5.39676  
19.9276  4.19714  
13.2381  19.0051  
9.9488  18.1025  
33.4458  12.4282  
8.46761  20.3773  
14.9131  29.911  
28.2341  22.6671  
10.0246  8.30437  
7.96311  19.2423  
13.3623  10.8998  
20.9505  11.9948  
27.2192  15.1446  
6.59696  25.9653  
28.8461  15.3144  
14.8477  8.64667  
26.9701  7.23996  
8.99087  27.5233  
28.8656  30.9452  
28.6963  8.73105  
20.9684  10.3492  
30.5318  15.4958  
15.694  10.1625  
13.4875  24.9525  
11.9983  11.4121  
17.8435  31.2588  
23.8008  43.0079  
18.8446  25.1522  
44.9682  15.1464  
14.4206  22.2599  
19.9705  22.9268  
26.237  13.951  
7.05433  9.28719  
12.6482  13.471  
34.4182  26.4452  
27.5472  17.0482  
16.1241  7.97816  
16.1415  19.6254  
16.9624  5.75896  
26.5734  17.7571  
29.6579  15.9163  
19.3223  27.76  
15.7177  14.4527  
31.805  9.27075  
20.0573  11.7832  
24.7202  9.07187  
11.1715  11.0301  
5.39189  14.0887  
15.4839  22.545  
18.3872  10.8761  
19.4417  16.753  
18.3959  22.7796  
7.47349  22.1449  
27.852  21.1214  
14.5207  10.4839  
28.0776  31.8669  
26.7169  16.6569  
25.1973  12.634  
13.9244  18.656  
10.8296  29.0394  
15.506  18.4361  
17.983  25.1112  
25.6695  26.3019  
38.5305  25.8973  
16.1852  15.3184  
3.91115  20.6003  
15.6868  25.9087  
14.7074  10.8614  
25.4356  15.9839  
35.2729  28.8576  
27.6388  8.26376  
8.69039  15.1734  
11.6293  21.9386  
12.3236  20.6034  
13.1242  27.3069  
27.2295  13.6062  
17.5235  9.9177  
12.3994  9.07614  
18.1562  28.0938  
22.2224  11.9014  
18.0335  17.9397  
21.3266  18.558  
16.118  8.75502  
12.7224  8.8091  
34.4019  14.7871  
14.2937  9.77568  
6.2762  15.6037  
12.2567  29.492  
24.2538  12.0409  
28.7523  30.7037  
29.6564  24.2312  
16.3909  10.1816  
33.6396  10.0132  
7.3308  10.6989  
10.6216  16.4907  
15.4139  30.5508  
32.2533  12.4821  
7.16026  9.64659  
25.9085  13.3939  
21.8031  27.0424  
23.1681  11.6809  
10.3582  25.8654  
13.0219  8.55924  
31.0375  14.1986  
16.0639  7.85815  
21.1894  22.3205  
16.7849  24.0113  
20.5345  14.1412  
11.0667  29.1203  
19.6159  12.8512  
16.9502  38.5968  
18.185  11.6467  
20.9911  19.4697  
26.7513  24.8031  
28.1106  9.26557  
35.5791  5.69832  
20.2356  24.6093  
26.4817  5.77436  
17.5989  27.6911  
12.4528  10.4903  
26.0944  15.3791  
26.5925  10.8504  
13.8453  23.1051  
19.7582  9.39096  
24.235  17.4221  
28.8983  16.5683  
22.3918  21.3986  
9.41518  28.3636  
10.4048  14.4673  
22.2281  22.4555  
18.6311  21.0232  
14.0315  12.8566  
19.2093  5.45658  
12.4271  24.6613  
16.4408  16.9409  
8.25606  10.6716  
29.922  20.8247  
22.8658  17.9918  
20.6517  21.0468  
32.9702  17.721  
5.16617  8.5332  
17.679  21.2706  
31.7095  12.8804  
21.3619  12.0118  
15.2125  18.2627  
21.4946  18.2135  
10.0821  19.105  
13.9374  12.7073  
18.6433  6.20955  
9.386  10.0652  
5.36242  30.4131  
20.525  30.5366  
6.88542  10.5095  
12.2366  35.005  
15.8287  9.8215  
23.865  25.4113  
17.8323  17.8484  
19.0833  36.6673  
16.6397  19.5229  
35.7524  9.90458  
23.9773  12.2571  
21.2529  14.034  
14.2067  9.06157  
12.9959  11.7819  
16.4372  22.0661  
16.7037  13.3194  
24.1591  18.3211  
10.7344  20.102  
21.7346  12.2781  
46.4502  28.2092  
8.14923  12.1023  
16.8936  8.76497  
20.4074  12.4873  
8.91394  28.3505  
15.8789  10.3387  
20.8558  22.3727  
4.52357  20.0972  
12.4642  29.4564  
8.60053  20.2004  
22.2451  25.4522  
18.0947  7.41764  
14.303  10.1997  
11.0549  23.5657  
19.825  20.3359  
22.5345  15.2646  
24.8695  9.93917  
13.9267  16.3977  
16.0153  31.1868  
21.816  16.0868  
13.3423  21.5667  
17.0472  19.2021  
22.4172  17.6628  
19.2544  26.2011  
22.3398  13.3011  
19.3391  18.7292  
14.8754  6.69292  
13.3152  36.3012  
29.0309  30.7731  
18.9293  9.79309  
11.2514  10.5428  
12.964  9.23733  
22.1956  18.7725  
11.0643  13.6646  
13.6345  18.4769  
10.7153  15.7759  
15.3861  19.3081  
21.7538  18.1183  
21.6741  17.0586  
8.4776  13.3556  
9.26431  25.1149  
6.78726  16.6084  
9.25093  12.2976  
7.00688  13.7299  
21.1254  10.7048  
13.5128  8.35264  
12.8182  20.9152  
24.6058  7.05979  
23.1438  16.1298  
10.0722  9.99981  
17.0948  9.85763  
41.9757  11.4709  
28.4776  24.388  
11.1097  32.6383  
22.4766  20.7269  
10.2768  20.7234  
19.1787  11.4124  
22.7041  29.9239  
19.8732  26.3434  
15.438  19.4701  
36.1671  10.4065  
20.0769  18.97  
26.9816  17.7951  
28.8821  25.2443  
25.4308  10.8979  
11.9613  14.9182  
25.9756  28.195  
21.417  9.31495  
36.1395  26.2538  
14.9224  17.4455  
21.9299  23.6403  
26.063  8.88242  
12.7467  31.2764  
31.5995  12.325  
22.4703  28.1485  
14.169  24.9371  
11.3156  9.93333  
27.5283  12.5897  
23.5979  16.2994  
28.0448  13.9149  
15.7953  30.2005  
4.30281  5.83808  
22.2506  6.20933  
24.2123  15.9124  
12.291  15.3103  
22.124  8.71649  
22.4668  23.9268  
18.7052  15.721  
9.04627  7.99431  
14.6017  24.4603  
22.9604  30.1745  
24.7795  13.4405  
5.63311  22.565  
3.3586  29.8066  
16.1011  12.3221  
26.4595  7.69053  
7.4413  14.7985  
17.3298  27.6632  
29.1187  27.3708  
26.5078  21.7466  
15.5085  13.2376  
12.4101  9.79301  
16.5276  18.4079  
32.249  13.3021  
20.5504  23.1106  
12.6462  18.7272  
12.9947  26.6409  
12.0262  33.5078  
18.8219  17.4208  
28.459  24.0564  
23.4311  26.1968  
32.6826  12.3947  
19.579  13.9668  
23.4942  13.622  
13.2106  29.5321  
23.3323  16.4041  
26.1499  22.933  
11.2255  17.9719  
15.1289  24.1544  
9.02302  24.7314  
31.3413  17.8378  
14.9463  4.29479  
21.4674  28.9459  
34.1976  2.17781  
28.3417  23.9198  
26.3689  11.118  
28.0045  11.9325  
8.40619  17.4678  
20.9184  17.8316  
7.18665  20.2789  
15.3731  16.8558  
10.6907  11.1421  
22.9944  27.3432  
12.4738  10.5124  
11.6918  24.081  
20.0659  19.0044  
13.5338  22.0145  
13.2858  19.2014  
16.7119  7.04108  
17.831  8.14945  
24.2663  9.24622  
8.60596  37.4725  
24.7099  17.1078  
20.6157  7.34481  
17.4943  17.987  
18.6511  9.80683  
37.51  24.4918  
10.2439  8.09194  
33.3755  25.0559  
7.64187  19.3149  
19.3348  14.9265  
6.59602  28.0487  
13.7574  21.6329  
8.73849  5.82276  
27.9829  26.456  
31.1594  24.5728  
12.8665  16.5864  
31.3842  22.1288  
16.5961  16.4184  
18.3303  29.7729  
11.8678  19.6247  
17.8679  14.3024  
24.1946  23.1085  
20.9516  19.5912  
7.50628  12.6717  
16.2912  22.9635  
26.4263  18.5567  
13.0529  22.1837  
33.8831  20.8176  
10.0521  23.5082  
22.2559  14.4378  
9.86312  27.8138  
7.52802  36.223  
11.1564  12.1082  
11.2976  16.4982  
7.9748  9.09596  
20.9077  8.17763  
20.1769  13.8644  
18.0465  6.60198  
14.963  35.8239  
11.54  16.1038  
51.1788  29.1338  
16.0999  12.7046  
19.5944  15.9978  
12.3484  19.1485  
25.6859  29.901  
14.4366  10.0601  
26.6318  8.76361  
19.0011  6.063  
15.6942  18.1531  
9.9145  20.9956  
18.0808  23.8663  
33.5376  11.4953  
7.27922  11.7808  
23.6054  15.7323  
21.1832  13.5045  
25.5653  21.5655  
18.9085  16.973  
8.02255  24.7723  
19.5927  15.1914  
9.65035  8.05334  
17.5325  6.79665  
17.1361  22.4416  
10.3358  5.64663  
33.0736  23.6911  
18.6672  13.3672  
9.93339  16.5319  
25.1103  17.576  
26.511  5.62983  
22.8155  13.3127  
29.9425  27.828  
16.8851  10.9414  
35.4649  7.88218  
23.8311  14.026  
19.9168  12.6587  
10.252  22.3461  
23.8626  21.352  
40.966  14.8047  
28.5445  14.6027  
6.66378  8.16023  
22.2022  22.2482  
21.637  24.7513  
13.2163  17.0716  
16.298  13.7505  
13.3218  19.3364  
27.1394  8.47113  
14.0469  21.8705  
8.0244  12.9245  
21.5727  6.58717  
8.86926  23.4371  
26.5982  18.6505  
14.5838  25.4829  
17.2304  27.5472  
13.0024  17.4675  
7.04629  11.2115  
7.17034  20.4156  
19.7917  15.3069  
15.556  12.3342  
15.6288  18.4705  
5.62031  21.0422  
11.4363  10.2408  
32.277  32.4207  
13.8619  28.8625  
4.18401  23.8672  
20.6184  13.9843  
12.2317  20.6053  
14.4365  7.26451  
12.9232  18.1199  
11.7309  9.48029  
20.4932  9.94851  
8.03094  27.1445  
7.03367  11.0928  
18.6355  26.8622  
18.0899  26.5832  
29.9829  9.68307  
19.4682  19.82  
8.88126  22.7926  
24.8531  7.67037  
27.1654  26.1605  
27.5421  12.2345  
28.0695  21.8205  
25.6037  10.337  
21.2384  32.9098  
40.6072  13.7294  
9.70223  28.7373  
27.6563  21.8178  
30.0213  31.0237  
19.9771  25.8545  
16.97  9.51395  
24.7631  9.25469  
18.1856  27.8478  
26.8578  14.4894  
15.8319  12.1426  
25.2082  16.6829  
20.2447  37.22  
39.2227  19.6484  
7.25751  14.9978  
6.74735  10.0571  
10.5381  27.0923  
6.16398  26.7915  
26.4666  15.0209  
5.12687  12.8817  
18.6361  3.93122  
20.598  19.4794  
15.4008  10.7155  
9.16423  9.52316  
8.49905  10.8013  
23.2072  19.7142  
6.81009  24.9208  
7.58767  27.4775  
30.0044  22.5365  
16.1395  13.3431  
11.6597  15.55  
11.7788  21.3446  
34.6096  13.6185  
12.2331  22.7419  
11.2074  5.75474  
13.9659  13.7305  
8.46175  16.4174  
23.5159  24.4264  
8.55501  11.8515  
19.9109  5.52054  
26.0124  12.3652  
18.6992  22.8776  
8.7936  20.7453  
8.23734  30.6449  
13.402  20.9211  
7.70036  25.4228  
14.5583  16.1495  
20.224  23.1193  
14.3127  17.7893  
22.2512  26.5862  
16.8375  32.9079  
27.5001  6.66917  
11.3058  20.9669  
20.5822  14.3591  
22.6872  22.2471  
33.9959  23.643  
17.1408  23.2365  
9.16333  19.2224  
23.3536  12.9569  
26.0016  28.1281  
16.1862  36.729  
24.505  12.9311  
30.3129  9.47504  
26.0413  9.03906  
9.67083  14.2015  
17.767  7.45627  
10.0162  18.1644  
17.0068  18.5984  
23.6807  22.6445  
28.1217  14.7091  
20.2308  12.8781  
21.8741  20.8472  
14.8397  14.4073  
22.1359  13.3567  
35.0084  4.46006  
20.7067  23.7226  
18.884  16.5304  
22.5169  16.3665  
6.0829  14.1683  
10.0248  27.4794  
27.7961  28.6866  
22.4927  25.7286  
13.3834  20.6374  
15.4972  19.0047  
21.6295  13.1049  
22.288  3.19988  
13.0076  23.1415  
38.2163  17.7464  
26.6555  18.5384  
26.4049  10.1846  
19.6647  10.7808  
23.0806  8.90603  
34.5145  9.01517  
13.7076  39.8505  
14.7854  23.3907  
15.1119  15.8175  
19.4305  22.123  
41.6346  27.9655  
27.2059  22.22  
