0.812254  0.604526  
0.568419  0.536705  
0.331403  0.972755  
0.787365  1.45716  
0.482644  0.873603  
0.708201  0.654468  
1.25496  0.692955  
0.427646  1.40013  
0.764692  1.20535  
0.727704  0.696183  
0.610697  0.966706  
0.741285  1.44003  
0.896964  0.557376  
1.57265  0.545533  
0.403443  1.31965  
0.32474  1.01406  
0.259899  1.28929  
0.453898  0.863032  
0.867557  0.665552  
0.990579  0.388138  
1.04451  0.341134  
1.28151  0.529711  
0.715163  1.23391  
1.52331  0.326305  
1.86467  0.318369  
0.695765  0.623402  
1.66594  0.646529  
0.385424  1.43933  
0.717196  0.765353  
0.628224  0.843806  
2.031  0.393143  
0.845091  0.475867  
0.48043  0.869418  
0.638766  0.8051  
0.758868  0.583803  
0.52258  1.26692  
1.11197  0.588385  
0.423589  0.827976  
0.670093  0.600012  
1.09203  0.59308  
1.54776  0.572987  
0.815989  0.596359  
0.478617  1.60628  
0.452189  1.18905  
0.681563  0.771657  
1.71356  0.149611  
0.793529  0.764802  
1.21553  1.15762  
0.310559  1.25892  
0.846856  0.595048  
0.532531  0.839288  
0.71111  0.558822  
1.12071  0.430531  
0.824796  1.43691  
0.855967  0.56515  
0.991599  0.460006  
1.22969  0.375556  
0.431318  0.874602  
1.19496  0.244899  
0.574604  0.973871  
0.377245  1.27401  
1.06012  0.622466  
0.723452  0.699886  
0.734713  0.420844  
1.10686  0.605991  
1.38848  0.784737  
0.693184  0.553419  
0.779536  0.927686  
0.975735  0.686271  
1.03774  0.439782  
0.825372  0.700855  
0.913078  0.369556  
1.37468  0.483881  
0.679357  1.18025  
0.576833  1.35479  
1.42185  0.433071  
1.6145  0.546659  
1.74469  0.612731  
0.716534  1.51569  
0.64634  1.45965  
0.434188  1.16858  
1.38661  0.713693  
0.965731  0.361532  
0.51044  1.37054  
0.858  0.627316  
1.34361  0.378042  
0.912501  0.788806  
0.795423  0.569162  
0.650889  0.817562  
0.792375  0.540044  
0.541418  1.93375  
1.05035  1.18397  
1.20605  0.214723  
1.05987  1.51994  
0.608429  1.86572  
0.953232  0.331545  
1.04846  0.624319  
0.926317  0.884724  
0.658968  1.032  
0.588865  0.604376  
0.873763  0.622616  
1.47146  0.231587  
0.832901  0.619208  
0.833399  0.852432  
0.723474  1.17969  
0.668197  1.20733  
0.840071  0.554985  
0.605448  1.27352  
0.664861  0.575792  
0.818227  1.00674  
0.806327  0.52016  
0.574846  0.883903  
0.605047  1.80801  
0.475662  1.47805  
0.815648  1.05108  
0.652382  1.38351  
0.525741  0.719537  
1.27543  0.751695  
0.865864  0.726102  
0.803749  1.27723  
0.696584  0.698762  
0.269129  1.41305  
1.00284  0.72775  
0.938914  0.990627  
0.766137  0.66919  
0.559107  0.623843  
1.21724  0.661843  
0.701057  0.755295  
0.798917  0.456918  
1.92843  0.402143  
0.856121  0.62748  
0.609935  0.877275  
1.18099  0.24294  
0.79299  1.50476  
0.759417  0.450118  
0.960755  1.39304  
0.756631  0.858232  
1.05053  0.548653  
0.715083  0.814094  
1.31259  0.875567  
1.70703  0.485808  
0.93766  0.482521  
0.902311  0.541352  
0.762418  0.933136  
0.781151  0.759693  
0.639762  0.987786  
0.778974  1.51059  
0.733296  1.08076  
0.754163  0.62824  
0.694034  0.734185  
0.511833  0.801112  
1.50369  0.513138  
0.527625  1.43957  
1.56724  0.269346  
0.53558  0.652268  
0.739488  0.459993  
0.651509  0.819322  
1.11873  0.407358  
0.429461  1.03749  
0.596411  1.44152  
0.563815  1.43774  
0.635734  0.621131  
1.04778  0.673217  
0.436483  0.975209  
0.724687  0.688109  
0.723577  1.10402  
0.63427  1.26578  
0.853667  0.620046  
1.02063  0.377396  
0.853757  0.620777  
0.760929  0.515569  
1.06987  0.751098  
0.761232  0.676834  
0.478409  1.07133  
1.6361  0.593551  
0.65053  0.862054  
0.691636  0.690456  
0.253634  1.96036  
0.729312  0.940204  
0.912767  1.59563  
1.08241  0.490024  
0.376185  1.10835  
0.454937  1.31621  
0.487409  1.03125  
0.787957  1.34777  
0.380367  0.888248  
0.317846  1.42818  
0.610445  1.70835  
0.272375  1.74354  
1.25503  0.648754  
0.684341  1.36742  
0.476302  1.304  
1.7337  1.08857  
0.621401  0.702783  
0.924668  0.634006  
1.09677  0.576007  
1.40811  0.820681  
0.796394  0.955859  
0.767536  0.729415  
0.6717  0.702998  
0.817217  0.603173  
0.578308  0.726424  
0.607661  0.562338  
1.41526  0.741668  
1.53179  0.480127  
0.591141  1.27074  
0.689502  0.808928  
0.673859  0.668902  
0.616252  0.627971  
0.520291  0.678655  
1.21542  0.30931  
0.765279  0.507925  
0.843378  0.410392  
0.698492  0.653805  
0.857661  0.46187  
0.600437  1.05564  
0.731386  2.02875  
0.432178  1.12984  
0.639135  0.86739  
1.28857  0.326645  
0.333174  1.26164  
1.17702  0.667253  
1.40977  0.424066  
0.865262  0.739293  
1.16243  0.602044  
0.760736  0.495117  
0.731749  1.44174  
0.890189  0.300299  
0.757853  1.00237  
0.466478  0.770728  
0.647483  0.958233  
1.00939  0.502511  
0.620345  0.685959  
0.502578  1.00043  
1.65957  0.653366  
0.899468  0.542002  
1.03866  0.48373  
0.713268  1.18288  
0.627056  0.549934  
0.553436  1.33228  
1.16726  0.64311  
0.572913  1.22516  
1.13381  0.486326  
0.812588  0.613879  
0.824743  0.589132  
0.399298  1.39635  
1.15043  0.437367  
0.59866  0.617957  
1.78768  0.686431  
0.479819  1.26385  
0.78326  1.10325  
1.02142  0.73717  
0.869716  0.437075  
0.938119  1.46354  
0.847931  0.617075  
0.739842  0.63615  
0.916364  0.432361  
0.521403  0.882748  
0.522058  1.58035  
0.526474  1.60399  
0.818942  0.610871  
0.76122  0.667761  
0.798544  0.717064  
0.855067  2.11764  
1.85413  0.331483  
0.792754  0.498726  
0.889315  1.36171  
0.684006  1.15097  
1.43189  0.340756  
1.26621  0.770597  
1.95146  0.978274  
0.982249  0.778979  
1.05248  0.447592  
0.411511  1.32745  
0.526418  0.970822  
0.809145  1.51637  
0.911561  0.506636  
0.528305  0.567138  
0.772002  0.959389  
1.1074  0.440832  
0.818424  0.500352  
0.500799  0.983538  
0.916516  0.62772  
0.849408  0.589561  
0.748835  0.795201  
0.78747  0.515296  
1.03011  0.468073  
0.829662  0.47798  
0.571564  1.21875  
0.981472  0.849734  
1.31292  0.771349  
0.465188  0.984006  
0.547624  1.49354  
1.10065  0.437744  
1.37374  0.732335  
1.30916  0.397204  
1.0061  0.50301  
1.33099  0.388315  
1.49214  0.254782  
0.69469  0.596921  
0.948889  1.3257  
1.04931  1.21189  
1.70707  0.534324  
0.483325  1.01705  
0.665164  0.737116  
0.6251  1.0941  
0.444162  1.18187  
0.797014  1.43483  
0.825977  0.336058  
1.54594  0.782057  
1.36338  0.40826  
0.627704  0.713867  
0.818706  0.716188  
1.54929  0.452974  
0.951953  0.924008  
0.638102  1.31126  
1.21912  0.575777  
0.599349  0.93766  
1.39704  0.285299  
0.88493  0.469559  
0.463214  1.29985  
1.76097  0.668931  
2.28224  0.716761  
0.387067  1.12081  
0.711044  0.564566  
0.673534  0.828271  
0.687661  0.745311  
1.10517  0.487067  
0.453118  1.12713  
0.685661  1.02318  
0.733225  0.414802  
0.663813  0.478057  
0.594945  0.953536  
0.27692  1.42355  
1.3035  0.625055  
1.42887  0.766892  
0.60738  1.33569  
0.994691  1.06267  
0.943886  0.457363  
0.813886  0.866758  
0.62122  0.795801  
1.03762  0.667937  
0.875363  1.242  
0.580823  1.62666  
0.630233  1.29754  
0.801816  0.830737  
0.910923  0.565562  
1.32544  0.591628  
0.635553  0.589209  
0.444888  1.03052  
0.978965  1.30719  
0.834499  1.86659  
0.818765  0.658929  
0.885972  0.41416  
1.92556  0.34931  
1.01495  0.533046  
0.844901  0.537522  
0.451963  1.16115  
1.06678  0.171223  
0.672605  1.43651  
0.487213  1.28104  
1.07624  0.432433  
0.475364  1.2362  
0.512685  1.24671  
0.609255  0.80578  
0.354552  0.831066  
0.608283  0.752536  
1.00728  0.64311  
0.887515  0.453661  
1.27224  0.436956  
0.787959  0.696285  
0.85083  0.729279  
0.837695  0.709775  
0.655021  0.83025  
0.445216  0.92736  
0.300163  1.64146  
0.340954  1.25432  
0.736177  0.715238  
0.407706  1.34906  
0.527757  1.23691  
1.06246  1.0978  
0.853957  0.44528  
1.79726  0.286893  
0.816786  0.514089  
0.751306  0.517622  
0.432203  0.905877  
0.808043  0.583539  
0.827133  0.791737  
0.870185  1.43519  
0.706035  0.723705  
0.479842  1.04062  
0.619988  0.84243  
1.20548  0.242484  
0.600107  1.32396  
0.813805  0.504649  
1.28923  0.69512  
0.892669  0.452266  
0.711973  1.65418  
1.14351  0.513404  
0.5795  0.63265  
0.306035  1.56179  
1.07157  1.47531  
0.733341  0.899817  
1.73252  0.57249  
1.46714  0.630434  
0.736172  0.796578  
0.405328  1.29607  
0.423012  1.13213  
0.740653  1.17172  
0.28191  1.61509  
0.678328  0.764727  
0.808117  0.668278  
0.475834  1.77662  
1.66976  0.532352  
0.45725  1.4584  
0.730263  1.1441  
1.26484  0.511267  
0.712585  0.869289  
0.80798  0.775026  
0.626926  1.32361  
1.2387  0.530043  
0.721702  1.45391  
1.22887  0.423135  
0.832505  1.47028  
0.809558  0.893466  
0.206911  1.21321  
0.646027  0.614912  
0.868744  0.728832  
0.763539  1.08336  
0.862017  0.751629  
1.19434  0.228472  
1.1781  0.517637  
0.464677  1.06334  
0.682158  1.13742  
0.815554  1.18323  
0.876032  0.547108  
0.658074  0.84044  
0.62013  0.976022  
1.33227  0.736411  
1.22944  0.565599  
0.748724  1.63922  
0.633994  1.00477  
0.490386  1.1206  
0.842863  1.06363  
0.570283  1.75416  
1.05612  1.3814  
0.494971  1.63089  
0.614294  1.01297  
1.06916  0.279263  
0.734555  1.1181  
0.737491  0.844666  
0.733158  0.620299  
0.936263  0.525661  
0.713636  0.704409  
0.563576  1.24325  
1.19663  0.575454  
0.59422  0.745924  
0.765019  0.685606  
0.734231  0.77501  
0.728071  0.686775  
0.719529  0.703501  
1.06738  0.352104  
0.29534  1.40689  
0.760213  0.736303  
0.684802  0.885315  
0.518958  1.48935  
0.3739  1.31677  
0.514264  1.61254  
0.367399  1.07775  
1.62313  0.411573  
1.27363  0.649238  
0.543451  0.847974  
0.550721  1.08205  
1.96335  0.829828  
1.21068  0.341819  
0.872226  0.605613  
0.653643  1.3399  
1.13318  1.40741  
1.18433  0.843338  
1.28212  0.554569  
0.665106  0.824376  
0.333635  1.25826  
2.073  1.13226  
0.97421  1.51872  
0.494827  0.888054  
1.03977  0.495618  
0.660881  0.647075  
1.18975  1.13878  
0.681373  0.59265  
0.769667  0.531323  
0.754209  1.66861  
0.614776  1.34833  
1.1245  1.5153  
0.990558  1.38036  
0.392093  1.11725  
0.876367  0.680368  
1.23207  0.557784  
0.650091  1.0875  
0.737573  1.72999  
1.2048  0.415578  
0.605702  0.806303  
0.645797  0.564523  
0.451507  1.25197  
0.864575  1.36215  
0.65681  0.926489  
0.768574  1.25449  
1.8556  0.695057  
0.372978  1.24845  
0.197085  1.79698  
1.38144  0.645139  
1.08851  1.05606  
0.7726  1.1715  
0.752688  1.4945  
1.17314  0.404833  
0.957899  0.668237  
0.728441  0.68122  
0.684357  0.630324  
0.165996  1.01259  
0.634552  0.560787  
1.20523  0.536261  
1.55718  1.05892  
0.620248  1.26317  
1.25855  0.545368  
0.374513  1.21709  
0.835671  0.653833  
0.77604  0.530359  
0.778857  0.810587  
0.597271  0.53237  
0.728734  0.602929  
1.10151  0.883818  
0.818229  0.729464  
0.911189  0.428374  
1.2368  0.790004  
0.721177  0.655337  
0.797492  1.71457  
0.693205  0.981061  
0.681562  1.22805  
2.26017  0.390075  
0.383761  1.10797  
0.531848  0.778542  
0.568762  1.45629  
0.899  0.506245  
0.683731  0.52728  
0.632236  0.649448  
0.857508  0.7041  
0.698904  1.82964  
1.02491  0.359463  
1.62694  0.638155  
0.539315  0.933745  
1.16423  0.419448  
1.42786  0.519635  
0.710632  1.27149  
1.12289  0.624694  
1.69559  0.833387  
1.40699  0.101579  
0.782869  0.581735  
1.15793  0.561714  
1.96888  0.649485  
1.01921  0.423692  
0.961717  0.551552  
0.662496  0.587717  
1.20221  0.505134  
0.913128  0.546393  
0.512077  1.24177  
0.84414  0.818284  
0.490711  1.18915  
1.11762  0.412294  
1.1371  1.21042  
0.865565  0.559636  
1.46646  0.547082  
0.706519  1.02872  
0.581444  0.709452  
0.398498  0.764833  
1.12434  0.444034  
0.823401  1.37312  
0.646372  1.27555  
0.696543  0.836229  
1.37007  0.300866  
1.3595  0.417324  
0.845842  0.596409  
1.14208  1.9752  
1.06709  0.349886  
0.939548  0.630865  
0.818148  0.725252  
1.6068  0.156212  
0.724341  0.941419  
0.566139  1.24002  
1.33656  0.514495  
1.01351  0.5783  
0.879842  0.664754  
1.07565  0.395775  
0.556784  1.0901  
0.929418  0.842733  
0.603171  0.765871  
0.798088  0.913179  
1.61943  0.82631  
0.518208  0.649224  
1.38428  0.538198  
0.43016  1.4802  
0.849531  0.698602  
