1.53581  2.2193  
1.39097  2.79466  
1.66229  1.62855  
1.51973  1.58632  
1.26078  2.71908  
1.89857  2.19434  
0.912117  1.40095  
1.10833  1.08  
0.902265  1.57382  
3.44999  2.10086  
1.738  2.10341  
0.985111  2.15315  
3.29074  1.45744  
1.63018  0.967937  
2.33602  3.25554  
1.94672  2.09935  
1.19272  1.13158  
3.38969  1.45637  
2.73778  2.00626  
1.02969  1.4922  
0.97317  2.33444  
3.07455  0.71434  
1.141  3.09348  
2.48244  1.96082  
1.89808  2.45247  
2.27981  0.987043  
2.40996  0.851755  
3.51529  1.4578  
2.04803  1.54922  
1.18486  3.69207  
4.20989  1.66288  
2.14311  1.54409  
2.1266  3.65071  
2.5686  1.55331  
1.15339  2.33581  
1.99061  1.31777  
3.78066  2.24567  
2.7297  1.85693  
2.76201  1.44726  
2.81358  0.86598  
3.03527  3.04127  
3.00151  2.42203  
0.709118  1.57381  
2.48565  0.811333  
0.910824  2.08533  
0.350847  1.02797  
2.89326  4.08174  
2.83081  3.72709  
1.89653  1.67527  
1.69077  1.89255  
2.725  2.35851  
1.33754  2.68535  
2.00407  3.13808  
2.3408  1.78517  
3.49767  0.80954  
1.36137  2.5908  
2.37469  1.71545  
0.555526  1.53199  
2.54312  1.68215  
3.98798  1.87647  
1.40593  3.79508  
1.78232  0.956065  
1.92915  1.98722  
2.04924  2.3447  
2.01179  1.44176  
2.56897  1.81944  
1.49589  1.50763  
2.45348  2.17714  
1.38126  1.97296  
0.896524  1.2518  
0.53324  1.25936  
2.34601  1.43583  
3.35553  1.39573  
2.12529  0.541202  
3.86426  1.53281  
2.67989  1.51579  
2.89902  1.23123  
1.52397  2.50575  
2.25661  1.07452  
1.96764  2.74316  
3.70111  2.66213  
1.76729  1.66613  
3.02749  3.11193  
1.25211  1.73031  
3.40287  0.680796  
2.00578  2.79205  
1.20031  1.2555  
0.689939  3.2858  
1.80227  1.74671  
2.91355  2.09185  
1.3919  1.83311  
3.21095  1.8168  
3.05171  2.89504  
3.01649  2.04967  
1.30325  2.64273  
0.828383  2.18066  
2.05709  2.60348  
1.3279  1.46618  
2.77495  3.5628  
0.582904  3.03833  
2.06212  2.33391  
2.60383  1.64734  
2.22636  0.875066  
1.92843  2.58485  
2.12602  1.47935  
2.85304  1.86537  
1.11693  2.30223  
3.09469  1.8015  
3.64722  1.73187  
3.62785  0.776009  
1.17647  1.28377  
0.674436  2.35431  
1.09271  2.21238  
1.91506  1.8181  
1.52083  2.0756  
2.05121  3.43908  
1.7899  1.63391  
2.97585  1.92748  
3.28535  2.86583  
1.55884  3.37977  
0.949889  1.16125  
1.30686  2.06083  
1.46401  3.35203  
1.79582  2.54064  
2.03939  1.50586  
1.59641  0.78279  
2.644  3.3913  
4.18991  1.20267  
1.24671  1.64083  
2.49104  1.07316  
1.4027  1.86169  
0.689264  1.60831  
2.10664  1.67095  
4.018  1.01606  
2.8224  1.5173  
2.12083  1.82625  
4.80899  1.32861  
2.15486  4.45786  
4.14392  0.917462  
2.01805  1.63926  
3.81946  0.698686  
1.43898  1.79564  
2.06036  2.82202  
0.781882  1.6797  
1.66462  1.58728  
2.39516  3.40837  
2.18909  1.97407  
1.92758  1.96042  
1.08992  2.79605  
2.67072  1.76082  
1.11189  1.94543  
2.40095  0.885968  
1.45148  2.82703  
0.842103  3.35038  
1.75704  1.73331  
1.72043  1.00854  
1.82073  2.11252  
1.90989  0.642011  
0.976735  0.889779  
3.45161  2.91592  
1.92359  1.11575  
1.51179  1.30643  
1.51192  1.07368  
1.81093  1.56715  
1.62221  2.0014  
0.928998  2.60109  
1.94927  3.92242  
1.21261  1.82399  
2.94057  3.29296  
1.46195  2.07845  
1.24161  1.59937  
2.90965  2.40593  
2.3965  2.79739  
2.80291  1.0568  
1.17312  2.58582  
1.20794  1.02152  
2.49667  2.79184  
2.43216  2.22326  
1.53377  1.44056  
1.53136  3.5584  
1.26993  1.40507  
2.79941  2.31314  
0.773052  2.81734  
1.73736  3.36677  
2.09616  1.99956  
2.10525  4.24791  
1.04146  2.00052  
2.42981  2.7452  
2.2471  2.55075  
1.26461  2.32326  
1.49982  2.33934  
2.07931  1.41423  
2.13503  3.46388  
2.46461  2.12782  
2.5846  2.46645  
3.2697  1.26788  
1.90415  0.554054  
2.81348  1.27487  
2.13278  2.53732  
2.03814  2.20596  
3.21551  2.20103  
1.43586  3.11024  
2.51189  0.773926  
1.73974  2.03842  
3.00648  1.87258  
1.51188  1.27516  
2.15079  2.28708  
2.11131  1.88653  
2.9458  2.51734  
4.34539  2.0405  
1.70086  0.657757  
1.18546  0.741193  
1.01103  1.2318  
2.30503  1.10297  
3.11742  2.32274  
0.0768706  2.30005  
2.27604  2.44512  
2.27913  2.78599  
1.89115  2.79745  
1.18057  2.72781  
3.10985  1.98608  
1.03119  3.38985  
2.79155  1.11666  
1.54081  3.89351  
0.571496  1.69183  
2.49505  1.16654  
1.95049  2.70927  
1.46777  1.89782  
2.08334  2.22091  
1.35925  1.10407  
1.8835  2.7719  
1.25745  2.71784  
1.9727  2.2747  
1.1385  3.2658  
2.63388  1.83353  
1.74743  2.01691  
2.35174  2.2715  
1.98624  3.38723  
2.21267  1.95676  
0.714467  4.21938  
1.70533  1.89456  
1.29493  0.34332  
1.38735  1.39748  
1.91855  2.08738  
2.89953  1.42891  
2.08141  2.74988  
0.938746  2.61032  
2.04599  1.10953  
1.79118  0.589422  
5.88426  2.63554  
3.90933  1.40712  
1.45861  2.11997  
1.03204  0.714306  
2.82218  2.6709  
0.277909  2.51136  
2.54902  1.49716  
2.7252  1.54342  
2.68103  2.87975  
2.54551  1.89685  
3.64155  2.7709  
2.3129  2.85286  
1.10217  2.6484  
2.08965  1.85099  
2.97256  2.29346  
1.57525  2.26395  
0.904441  2.15388  
2.32957  1.32629  
1.55125  0.361987  
1.56707  1.41511  
2.69135  1.286  
2.83727  0.970023  
1.71202  2.51625  
1.57381  1.55011  
1.45502  1.38033  
0.830333  2.50958  
2.12456  1.90378  
2.71946  1.39589  
1.9488  2.21519  
3.78847  2.11011  
1.66799  3.58358  
1.12828  1.50442  
1.69244  1.89032  
1.45716  2.9773  
2.20123  3.93869  
3.48673  0.954032  
2.5955  2.37695  
1.07187  1.01683  
3.94454  1.92351  
1.46526  2.30368  
3.5779  1.71108  
2.87386  1.6121  
1.72845  2.67808  
1.51146  2.31453  
5.0259  2.0345  
1.34646  1.11304  
1.46579  0.727315  
1.77551  1.83753  
4.07685  1.02762  
2.51088  2.78051  
0.97879  0.80695  
2.56421  2.05903  
2.31925  0.877902  
3.45164  0.631759  
1.15361  2.65719  
2.18681  3.6679  
2.07027  1.19432  
3.38452  2.55403  
3.28274  1.44117  
2.52818  2.6008  
3.13013  1.6902  
1.7695  3.14958  
2.79237  1.54373  
1.30894  1.82679  
2.28398  2.70723  
2.04576  1.64205  
2.6203  1.56872  
1.92611  2.73596  
2.03131  2.07379  
3.15964  0.38161  
3.00173  1.88349  
3.47924  2.8629  
2.4794  2.30282  
3.08543  1.05892  
2.70753  2.13188  
1.40434  2.12385  
2.51253  1.71717  
3.18984  2.0535  
1.7079  0.610112  
2.76682  3.337  
0.668763  1.73278  
0.624103  0.960486  
1.60621  1.417  
2.3216  1.13097  
2.4537  2.60466  
2.12843  1.74293  
2.61988  1.13923  
3.0721  2.96879  
2.51468  2.84667  
0.938935  1.15237  
1.1877  2.42581  
1.41441  2.30338  
2.20815  1.78039  
2.48893  3.16531  
2.37899  1.44575  
1.18815  1.2621  
2.54946  2.99733  
4.39602  2.2171  
2.11596  2.68078  
1.73739  2.30835  
2.02735  2.27122  
1.56202  1.71955  
2.0664  3.12219  
0.991271  2.61915  
3.8645  2.10858  
0.784444  2.4398  
2.56596  1.87229  
1.31218  0.55916  
1.86774  2.04193  
1.83542  1.76032  
2.4359  1.66966  
1.59845  0.826696  
1.35256  2.82279  
1.46074  3.5715  
1.39223  2.08521  
1.94178  1.29904  
1.38362  1.49827  
2.08384  2.71958  
0.373729  1.69963  
2.02263  3.02786  
3.90303  2.32939  
2.68742  3.11603  
3.73195  1.64481  
4.16415  2.19733  
0.615293  2.52589  
4.29602  0.87074  
4.01815  1.59068  
2.06208  0.643704  
3.25698  2.51169  
2.29751  1.62884  
1.59863  1.3363  
0.641949  2.2161  
2.52093  2.28227  
2.95957  3.28167  
0.935441  1.86156  
2.04159  4.06641  
1.71069  1.50519  
2.48245  1.54964  
3.4112  2.45688  
0.505942  4.06617  
2.6014  0.584536  
1.87538  1.70252  
1.74623  2.59094  
1.54656  1.64372  
3.59557  2.4944  
2.37354  0.394244  
1.08646  2.10577  
2.67615  2.30581  
1.33497  1.40772  
0.88089  4.33807  
2.73396  2.43509  
4.08004  1.48415  
2.03015  3.34021  
1.35094  1.71076  
1.89649  2.56067  
1.35738  1.52  
1.60033  1.55226  
1.70691  0.589835  
1.48641  1.47343  
3.29668  2.7155  
1.79369  2.18832  
0.91854  2.92403  
3.71109  3.76025  
1.9763  2.51794  
2.83157  1.82213  
1.22633  2.02499  
1.89958  2.57022  
1.88862  3.24682  
2.49618  2.30887  
1.47267  3.39021  
1.29401  1.24102  
0.373149  1.65892  
2.25981  1.52827  
4.44606  0.931234  
1.49051  2.39233  
2.11663  1.57906  
1.86673  2.92952  
1.85449  1.50723  
1.33042  1.72284  
2.64275  3.17233  
1.40529  3.0858  
2.10711  1.98028  
1.03159  2.69142  
3.37846  3.41529  
1.21859  2.4396  
4.15521  1.63443  
1.35038  3.6164  
1.82697  1.69477  
1.22104  1.55619  
0.80827  1.6844  
1.81455  0.785652  
1.44487  3.45257  
1.72588  2.50759  
2.42535  2.00636  
2.83287  2.49115  
1.53685  1.03358  
1.41743  2.58939  
2.83536  0.731409  
2.80471  3.97712  
1.66225  2.58477  
1.52106  1.63834  
1.26617  1.20844  
0.308831  1.87603  
1.49147  1.49337  
0.271042  1.69807  
2.78007  1.26166  
3.36794  2.23657  
0.801038  3.058  
1.87922  1.91552  
2.73833  2.22282  
1.45237  2.76603  
2.62656  3.2602  
3.14033  2.70031  
2.69853  1.68311  
1.05203  1.12509  
1.099  1.7499  
2.37339  3.00149  
1.5928  2.07122  
1.61804  2.04541  
1.89935  2.72235  
2.42383  2.29394  
2.73715  1.41984  
1.48844  2.47769  
3.0568  1.68777  
2.38903  2.39163  
0.484153  1.69125  
2.72149  1.2824  
1.35659  2.24135  
2.86391  2.02004  
3.07525  1.38778  
1.47393  1.94427  
1.4813  1.83957  
2.52479  1.55292  
2.36396  1.45047  
1.26082  1.82981  
1.29492  1.33021  
1.07405  2.04786  
2.46443  2.33821  
2.79521  3.25401  
3.04229  1.2289  
2.21815  3.16436  
1.72706  1.64574  
1.57448  2.21406  
2.76156  1.91262  
2.60575  1.94083  
1.61614  1.77593  
1.62705  1.06012  
1.4242  2.09489  
3.11562  1.06671  
2.56506  2.11476  
2.36552  2.66637  
3.18376  1.84969  
2.22338  2.59074  
2.22146  1.65845  
2.13098  3.09233  
1.27382  3.58407  
1.18478  0.752038  
1.98787  2.21292  
2.55922  1.19774  
0.690932  1.03249  
1.73358  1.74689  
3.25888  0.726978  
4.10227  2.72992  
1.20888  1.55447  
1.63668  1.91819  
3.3607  1.67618  
1.96168  1.19677  
0.994951  1.26978  
1.58372  3.33552  
2.75061  1.28494  
1.37357  1.59679  
1.957  3.05225  
1.24667  1.15635  
0.709956  2.03975  
3.06886  2.94386  
3.16599  2.48604  
0.98116  2.37362  
2.97162  0.392074  
0.159939  0.926127  
3.58805  2.4674  
1.58337  1.6979  
2.93139  2.59107  
0.567496  2.33851  
3.59166  3.13435  
2.24493  2.18006  
1.94161  2.35767  
2.96092  0.793774  
1.54746  1.95787  
1.94165  2.39022  
1.97826  2.00542  
3.55402  1.68072  
1.21152  1.19338  
3.06341  0.987574  
1.0333  2.41674  
2.82906  2.00459  
2.07692  2.5604  
2.36429  1.1478  
1.80789  1.81924  
2.91698  2.92832  
2.68387  1.05309  
2.41322  2.34358  
2.64177  2.37411  
2.36293  1.97101  
3.28073  1.66231  
3.02299  3.39674  
2.55674  1.90213  
2.18804  0.460369  
3.63928  1.28458  
1.19046  1.76435  
3.63082  1.83248  
3.75134  1.20623  
1.64912  1.70684  
0.96717  2.50803  
0.611641  1.50094  
1.16511  3.66336  
3.61038  2.5474  
2.32792  2.21749  
4.82613  1.83791  
3.31535  1.64091  
3.52009  1.01072  
2.25853  0.879771  
0.674109  2.55503  
2.14305  1.67062  
2.33347  1.57122  
3.02973  0.685504  
2.11896  0.998295  
2.84353  1.83331  
2.9051  2.71516  
2.70525  2.72633  
3.43348  1.22709  
2.40552  3.37235  
5.2826  0.608681  
2.711  0.917321  
1.23129  1.08812  
1.64134  2.31837  
1.87893  2.3931  
2.20299  2.37181  
1.16967  3.46161  
4.0548  1.99918  
0.266191  3.02409  
1.07192  1.46986  
1.32436  3.99438  
2.16025  1.40902  
2.27038  0.614482  
2.02415  1.79332  
2.28263  2.79857  
2.18837  2.78021  
1.43722  1.9123  
1.6012  3.86617  
1.80331  0.925511  
2.60554  2.16935  
