21.6806  15.1135  9.79549  
10.9051  22.4828  13.9133  
17.8255  9.27682  11.7781  
25.1829  25.1637  26.2201  
17.5802  12.9282  15.1415  
2.54273  5.8682  30.4712  
12.1621  14.3045  33.1072  
20.6325  21.5406  27.086  
9.13409  13.0271  13.7767  
18.6532  24.1313  2.59532  
14.0641  4.33311  4.76137  
12.1706  18.8324  7.88271  
21.081  35.073  23.5143  
12.4952  9.23991  10.2595  
24.7716  4.24046  4.72067  
25.7545  15.6022  17.6576  
5.4006  5.07877  31.1088  
22.9381  4.40085  18.8194  
8.45635  23.6362  10.395  
20.7992  8.18366  10.9245  
8.62455  19.6581  38.0728  
24.1704  8.85807  9.01343  
6.33037  2.7866  8.19799  
7.39053  46.8426  23.143  
21.7487  9.40808  40.2841  
20.5595  26.9328  13.0177  
20.4876  41.1111  20.4437  
10.5981  25.2332  42.1321  
20.9388  15.5237  6.74256  
6.3098  11.2518  23.564  
9.04646  22.4968  18.7847  
19.8015  8.03527  18.3656  
26.3906  9.28992  14.2017  
28.7513  5.61052  25.4163  
7.93542  12.3293  42.1442  
6.65895  32.3813  8.85237  
22.9763  17.9546  9.78948  
7.82861  8.59353  16.1038  
38.7725  5.15765  10.8203  
31.5737  14.2764  26.6281  
12.0723  1.80923  18.6705  
10.1007  11.7771  23.4325  
21.8646  20.3826  21.1583  
7.63519  7.96242  10.5643  
7.64512  3.47315  40.6035  
23.589  36.0606  41.4414  
11.6127  16.2489  7.05726  
19.3324  17.1232  2.93108  
11.3061  16.196  14.2895  
8.79588  4.75632  11.7225  
5.63168  17.1046  11.4265  
15.4844  13.7263  8.14225  
4.41967  9.90066  10.5734  
22.302  10.012  24.8911  
28.2855  22.8652  14.995  
16.8813  7.38294  13.4761  
8.59354  9.15602  18.1848  
9.59206  16.1951  15.6024  
15.838  5.58669  13.0384  
14.7972  10.5188  5.32482  
26.3618  21.2113  17.8956  
14.6725  7.52904  25.7782  
17.104  5.26285  12.1835  
7.57895  5.49814  28.1609  
17.3096  22.7918  8.45761  
35.4106  22.0691  19.1842  
17.9485  14.4196  5.95096  
17.8461  22.5339  24.5204  
21.7306  84.455  22.6133  
18.9017  3.09137  8.98457  
8.93158  24.3478  4.36049  
17.0533  4.81139  6.75081  
3.49081  2.89715  15.9446  
27.3018  3.50477  3.28963  
24.4034  14.1847  22.5287  
7.14154  14.3306  15.1789  
28.415  12.4551  51.3297  
24.9652  44.8856  56.6034  
4.79308  74.7375  22.0118  
18.0839  10.9034  35.4795  
11.5774  8.54716  3.21691  
29.2555  15.1293  23.5356  
12.1161  19.7554  14.4249  
28.4152  56.5533  22.0565  
10.8863  24.0568  12.2859  
13.5637  5.61532  28.4078  
33.6244  40.4116  62.0209  
12.0052  22.4033  16.0824  
15.7994  13.2977  15.8152  
8.19267  23.6538  24.4678  
19.0638  17.8067  19.0426  
7.7948  11.0534  18.5456  
39.2263  12.6711  49.9053  
10.4248  5.78243  34.7168  
20.7739  15.6591  16.6144  
14.0339  22.0484  9.10791  
12.9732  30.0823  31.6553  
24.5972  26.9518  18.563  
22.54  3.8549  19.271  
10.1068  51.0763  19.2944  
6.95969  24.7357  29.0095  
15.08  14.8553  21.1167  
20.0972  19.3817  18.3706  
4.85604  8.805  21.4306  
38.5272  32.4707  2.91821  
14.7568  17.4313  27.582  
7.36827  22.1784  36.1108  
4.61019  6.43322  14.7957  
29.2341  30.6117  14.2722  
24.5091  18.0218  15.7441  
17.5292  33.3364  34.5705  
28.1727  16.6135  11.7916  
23.1953  10.8015  11.4773  
5.26473  31.6893  15.1482  
13.6688  17.4099  16.9699  
16.5963  27.626  11.2559  
7.94427  3.00401  53.0554  
19.0662  8.54376  17.1706  
9.36167  10.7087  33.1574  
9.23204  46.6524  39.2896  
8.78371  5.93374  19.7886  
31.9812  21.9765  31.6641  
17.7058  13.2509  12.4437  
2.94156  15.1542  15.7753  
10.3474  9.03105  21.5908  
23.9543  4.54977  39.8083  
2.5919  19.1598  17.624  
21.3462  6.36914  9.33298  
7.28561  17.3837  6.12579  
16.9185  15.1178  14.938  
16.9173  15.9803  18.0831  
34.4229  44.3043  14.4437  
14.8716  25.5116  5.22021  
4.59067  31.963  5.83952  
4.10037  11.4455  5.7233  
29.7513  11.4168  5.54514  
47.3853  22.2749  25.9395  
6.00399  8.44983  11.8079  
26.6768  4.80096  8.90585  
13.4327  12.9654  13.4264  
8.18329  17.514  17.6786  
9.88432  6.88066  13.4073  
20.2447  12.9687  14.2234  
6.09157  7.70213  11.4154  
4.7828  12.4183  15.8113  
22.9057  2.26693  7.22023  
15.0406  11.4999  13.667  
4.02246  2.94955  8.55388  
14.4281  18.2364  14.196  
13.8395  39.0705  40.2856  
5.69359  25.6876  11.108  
5.88232  5.39461  14.537  
45.7434  3.63042  10.5724  
23.6487  31.0684  27.2683  
7.56303  61.449  7.79506  
29.0751  9.90516  5.25877  
11.8961  36.6223  43.2031  
9.27398  6.29926  26.4544  
25.1212  11.7416  44.6241  
19.5373  25.2533  14.303  
15.6591  16.4516  16.0256  
28.3204  5.7726  43.1057  
20.3283  20.5718  17.8005  
8.91371  8.79053  10.1987  
9.86899  41.4428  3.75685  
11.859  2.55443  33.827  
11.591  38.4085  20.5512  
10.2671  7.53193  9.74742  
24.1911  5.08091  14.0375  
7.48465  6.09512  22.7066  
21.1825  9.88693  18.4714  
20.0787  43.6232  62.2464  
37.8399  7.92849  13.5494  
7.13404  13.5239  23.9017  
22.24  15.1482  9.13708  
10.256  16.3776  10.2611  
36.4345  41.6882  25.8817  
23.0778  13.1779  8.52598  
27.7393  47.5369  18.0725  
21.1292  31.4546  17.5163  
16.9711  4.91912  17.397  
18.7455  16.9946  15.3059  
14.1891  18.8401  9.85067  
10.3104  3.33873  16.374  
30.2682  10.8186  18.3018  
19.089  7.21861  5.36085  
5.76436  14.1824  4.74169  
21.7837  36.0012  6.30344  
29.1711  21.959  17.4868  
17.739  17.5553  15.3092  
4.82626  8.38977  11.0615  
10.7304  12.94  18.4523  
14.0571  20.5108  7.98266  
5.40968  22.6967  39.4261  
58.8079  5.15345  27.0683  
13.0813  8.79631  17.834  
17.1262  3.75828  5.10566  
17.0882  17.8228  11.4174  
14.6535  16.3495  11.246  
11.9563  27.6857  27.5374  
41.5662  17.1797  11.0353  
24.4777  12.5673  24.5664  
6.24398  7.82872  30.6961  
15.0243  2.52404  11.0548  
18.8836  32.7931  26.7825  
4.0495  51.5724  30.1812  
7.12128  8.21187  13.6813  
25.2046  37.0259  27.7034  
32.0349  14.1905  10.55  
16.5249  6.97808  6.29624  
53.0357  50.0391  42.8655  
8.1459  13.8389  10.9204  
27.3443  12.8539  15.1161  
19.0381  4.0076  20.9967  
5.94244  15.4432  28.9148  
4.56785  9.36797  12.0853  
23.8753  13.9186  5.73965  
10.1423  12.1147  30.9705  
17.2794  10.4628  19.9628  
37.2783  14.5509  16.1619  
42.4857  8.21638  16.8991  
6.32612  11.9944  27.0268  
8.30639  5.1357  2.95324  
40.3634  4.20855  7.95201  
2.79746  47.7592  14.9971  
12.499  18.1958  13.4097  
30.291  11.6383  6.87742  
16.3882  26.1832  35.1963  
14.5907  5.30418  17.4456  
13.7292  18.0644  23.5199  
12.0637  7.66707  5.43766  
30.2896  7.12548  4.57132  
19.5344  26.7228  20.6015  
9.98034  23.3582  19.6291  
42.6616  11.8615  19.2619  
29.2147  41.0172  23.9112  
8.11668  41.3817  35.1752  
24.9932  7.17324  19.935  
44.8023  40.1883  36.7214  
20.5806  5.72189  10.593  
22.0604  27.3716  34.4049  
6.38822  32.7652  19.7137  
44.0934  3.23361  53.5585  
18.3509  8.13808  5.43179  
7.31149  5.3091  13.4384  
14.9896  26.9617  30.4686  
12.118  41.6526  25.8035  
8.92539  33.1012  11.4961  
9.20466  17.8738  13.0444  
4.69106  23.2028  18.5375  
18.7809  16.6652  12.4009  
34.3621  18.2768  11.9278  
23.7147  24.709  2.01031  
35.3982  4.20824  19.1961  
10.9491  21.1347  23.0116  
16.8891  39.3702  52.0833  
15.3709  5.76778  9.38883  
29.5201  6.78594  13.8133  
6.5136  36.6041  5.611  
5.03362  28.2771  8.21676  
4.90711  32.2949  20.1974  
23.8258  44.4279  12.2715  
21.2904  7.54034  14.6199  
27.1713  20.6354  47.379  
13.3452  9.72229  12.3484  
32.0676  27.8156  20.1315  
15.9944  4.92857  7.25925  
23.1156  9.98346  4.99646  
9.07405  13.5289  5.15738  
1.83014  18.142  42.6588  
11.875  25.7276  20.2915  
4.67166  15.8  14.0542  
16.0803  5.14772  25.0414  
28.3513  25.5504  39.6783  
27.1895  34.3193  10.0508  
63.8378  45.9119  32.7739  
17.0932  4.34194  13.9507  
11.4338  13.7045  20.7709  
8.30197  9.47387  4.06549  
16.2821  2.93175  13.1116  
17.2639  17.5504  5.62423  
6.64697  13.2256  17.2948  
5.43395  8.57929  13.0282  
16.6542  6.55695  6.07028  
12.0358  7.88073  37.184  
22.0463  61.9295  22.2566  
28.6961  32.5047  23.5585  
1.36434  8.36863  11.6409  
12.0125  2.01319  9.32767  
43.2107  1.73178  43.5671  
8.87578  25.1284  22.8217  
28.4389  15.0728  45.4499  
15.6006  30.2877  2.81918  
19.649  34.0692  8.85295  
60.45  14.513  30.2781  
14.0411  48.0562  35.1347  
14.2126  15.5426  12.8355  
7.76468  12.4377  22.1352  
21.9098  24.2495  14.1434  
9.73862  2.6106  21.5971  
21.5778  1.91279  32.7911  
20.255  10.6992  35.879  
4.4603  12.1634  14.9033  
13.6309  3.33855  11.094  
3.73761  35.0366  31.3215  
23.763  18.388  9.807  
11.8944  24.0965  14.3493  
17.469  14.1094  14.2189  
24.6066  25.6847  14.7855  
21.4858  4.35536  24.2903  
14.7306  10.1901  18.7789  
39.5984  26.4519  11.6343  
26.0476  11.9876  17.6476  
6.22118  20.0982  10.1142  
22.7231  3.31076  15.0188  
3.8161  15.9837  8.89677  
27.6368  14.8807  8.33684  
10.7227  13.7496  6.38624  
3.04366  19.0126  42.3954  
27.2902  7.52215  21.0248  
15.4906  10.7172  11.3765  
18.7467  24.3868  26.4797  
25.342  6.93373  28.6554  
20.0017  13.8573  27.7534  
20.7793  4.5138  29.4752  
18.7855  27.6385  17.7155  
17.8724  29.4377  16.2387  
2.1608  14.2076  39.272  
25.0735  22.4172  28.2271  
13.7347  25.6389  12.7541  
5.5486  21.39  32.5286  
9.57115  3.61887  15.788  
10.9162  10.969  20.2591  
15.0708  17.7132  30.8163  
12.7964  4.72341  21.5091  
7.66447  25.3763  10.3136  
13.0341  11.8718  20.5799  
10.2082  7.36856  10.9539  
19.4013  9.57288  28.9209  
22.0127  13.8261  9.22996  
46.4336  14.9529  29.0637  
10.5435  48.124  18.3793  
12.4763  5.89241  6.5829  
21.6283  16.9228  9.58749  
11.3693  6.07006  18.174  
8.69702  9.35803  9.99507  
14.4145  9.72884  4.73077  
11.8  18.0611  29.3789  
33.6797  14.6178  5.93107  
27.7814  5.74401  22.0715  
6.52107  13.7526  13.8672  
7.09326  10.4401  9.73573  
18.8378  18.2769  11.1946  
4.42169  6.18275  8.64088  
11.1455  12.7553  4.76631  
6.09056  5.56773  3.72016  
49.2681  17.1564  16.0156  
8.70918  15.2749  6.67425  
10.4471  13.3273  20.5076  
26.65  44.0264  58.1558  
31.907  45.5628  7.3692  
26.6973  29.6422  27.9856  
15.8954  20.8464  7.83305  
65.0808  45.1322  10.0603  
9.18162  8.93105  10.9755  
12.9771  8.06184  10.2837  
22.4873  21.3523  12.2127  
20.6899  3.88083  9.80569  
6.96578  37.9849  5.39495  
32.8027  30.5715  28.107  
4.80594  13.3362  5.81928  
31.5441  5.02308  37.8917  
4.83166  7.76575  10.2925  
5.67794  5.57572  25.4842  
10.8237  24.9655  8.84075  
27.854  3.78256  12.1738  
27.175  4.76183  34.8676  
14.5456  7.67574  9.64981  
10.7573  6.07197  4.99593  
31.7488  5.94706  6.1094  
6.21273  11.7195  10.8772  
13.8627  15.1712  19.3133  
10.8578  9.62041  13.7232  
7.84298  39.3091  16.0461  
8.28053  6.99694  5.0632  
17.8874  33.8701  35.1438  
18.0649  15.1657  14.3956  
18.8203  4.5531  7.83518  
4.9167  11.3495  24.3705  
11.8897  1.08322  14.5843  
33.485  52.8221  27.2382  
14.8035  32.8294  12.0288  
12.3752  18.7477  10.3757  
7.2012  11.7328  7.44957  
5.64564  2.22501  24.5077  
16.4318  11.5026  13.8308  
34.2055  19.7443  13.9268  
38.5146  41.63  25.2888  
27.4239  18.4934  35.2296  
12.453  60.2001  17.505  
14.2832  12.8348  16.4487  
11.8101  25.7446  24.8573  
15.0589  11.4155  19.8118  
12.8047  16.3196  16.9114  
25.0837  4.33517  6.417  
22.3276  8.96157  46.3704  
23.9773  16.4036  12.4533  
38.2966  4.46921  5.51681  
3.23726  12.0713  14.2755  
13.8221  4.33099  41.0635  
3.00262  12.9532  20.5156  
40.2288  5.09703  66.1415  
11.7163  24.0179  5.71482  
22.9514  19.5192  14.927  
10.0638  5.76338  10.5843  
15.1128  8.36222  18.243  
10.5705  21.8788  6.23845  
11.1099  12.5409  19.4597  
27.8498  7.98196  8.52761  
7.66132  8.59702  4.1653  
6.19455  18.3773  9.70107  
5.61244  6.70044  15.9247  
13.7827  7.87971  19.6724  
14.7057  30.6432  7.26552  
29.3233  16.7412  14.9969  
36.2393  71.7157  20.8086  
22.882  14.0909  21.7288  
10.4878  4.19752  24.7753  
17.9349  8.80835  50.3719  
22.5956  21.4992  12.9685  
16.7934  3.95201  41.0654  
32.725  9.84714  41.0246  
7.03913  7.82114  7.24236  
11.0298  8.14267  20.1818  
23.9222  7.38496  11.2419  
14.148  12.8187  6.84874  
17.461  20.3308  17.9683  
9.74529  5.72482  16.1954  
13.607  11.9836  32.4163  
8.98812  6.76712  27.1004  
15.1677  9.68001  16.565  
23.1547  23.0111  9.44094  
19.2808  17.6396  15.3824  
13.766  10.9315  7.7956  
32.9527  15.3199  3.87853  
30.5375  20.8257  14.0448  
5.98305  13.0224  13.5791  
20.6511  10.2677  13.2791  
27.9058  9.11138  4.98597  
10.666  19.4153  15.447  
14.315  5.25697  15.8105  
18.1824  32.5724  9.30303  
12.0876  10.8983  13.4038  
6.89867  4.66244  13.5667  
27.647  4.6107  23.1747  
12.8031  22.6708  17.1589  
29.8918  11.3579  41.1902  
15.2324  14.3662  19.089  
31.5225  63.6444  11.8673  
8.92582  21.5647  23.4905  
24.8517  9.58241  14.9558  
12.6585  4.12966  8.78804  
25.219  4.51562  5.39228  
20.6716  10.856  5.39359  
29.1863  19.1485  9.85066  
8.34485  13.6231  10.2257  
5.88365  27.1233  9.83687  
5.08958  29.8037  36.8719  
34.7082  18.4606  29.8723  
12.4844  15.5313  11.8811  
6.28317  38.47  27.3301  
18.2998  26.9575  20.3298  
22.0851  12.8571  36.4373  
21.4804  25.6457  7.40195  
4.11663  2.78463  9.76433  
19.0735  27.6065  40.3527  
14.8617  34.8889  31.6196  
21.4696  13.0922  15.9536  
16.3206  39.6708  26.5394  
8.95755  8.54771  11.7079  
5.84244  23.0546  12.0541  
20.0897  6.7749  25.9106  
21.4325  2.94263  17.4432  
41.2998  7.88304  7.86843  
24.2749  38.9322  17.3372  
17.3988  26.683  8.95681  
22.1044  35.0789  11.0992  
14.9687  39.3759  26.6829  
7.94894  17.8512  29.5565  
22.7173  41.2733  18.665  
4.09369  26.0228  11.9751  
35.6514  36.4256  4.10952  
6.66724  7.89707  24.9513  
16.7573  5.44562  10.5567  
33.8696  50.7097  39.3675  
47.6358  17.4532  8.64262  
20.8239  2.77117  9.84432  
37.716  42.4916  27.1968  
18.0572  2.85982  9.53778  
10.3455  9.04682  11.7858  
14.9112  28.9319  6.68124  
4.02138  20.4081  9.10752  
21.0325  14.4105  26.7219  
29.1303  53.0227  8.0013  
17.9066  11.7484  7.60684  
23.5491  4.70392  8.34277  
7.08709  6.20833  26.1517  
18.094  23.5506  19.6206  
29.1748  22.3726  55.5617  
20.9337  4.74398  5.54204  
5.14372  25.7838  15.4785  
36.9561  30.3326  46.5972  
17.9256  17.2557  11.7339  
19.2236  25.7742  4.06742  
11.951  3.77685  8.77139  
4.6244  26.585  28.4441  
37.0611  30.3033  10.3608  
31.3724  6.13496  5.84634  
9.8579  5.54979  9.1224  
21.7829  10.0824  7.63147  
24.4345  16.6754  11.9267  
36.2904  5.36339  9.15567  
22.1689  22.7398  24.5739  
10.9103  2.50381  15.1626  
8.84828  13.0207  5.96741  
10.1989  27.6974  10.2042  
11.0467  3.80043  17.561  
10.3038  9.75483  29.5537  
7.50987  8.12344  4.75848  
7.45701  3.93174  13.9426  
14.4027  2.39045  14.4733  
19.7454  7.3329  20.4022  
16.8399  4.55959  6.27479  
16.4243  1.70743  13.6692  
39.6762  3.16002  14.1612  
13.0681  3.5548  24.6217  
25.1734  25.9265  31.7677  
6.35065  5.92711  5.33802  
26.808  7.32784  12.9756  
13.125  16.2683  48.6976  
7.40952  22.3612  12.8063  
12.5691  13.9191  18.3307  
7.92273  1.49459  18.5371  
16.5554  38.9407  3.29128  
7.99208  51.3346  34.072  
6.60979  40.3745  27.2748  
35.9512  33.0567  7.76488  
31.8967  3.83745  31.3285  
18.1219  22.231  5.293  
24.0222  46.2015  48.5246  
43.4023  75.3861  33.4712  
22.2254  7.09767  9.28075  
5.25487  29.6517  32.1449  
7.28573  20.3257  22.518  
3.63577  11.9859  19.5382  
5.53185  5.81476  38.269  
32.9646  4.57491  7.05141  
34.8464  21.7591  28.2243  
20.343  28.1371  11.4068  
13.696  3.00735  6.22887  
32.8561  31.3275  36.9016  
29.35  57.4502  54.5518  
13.9886  3.46421  25.1724  
7.38314  16.8152  13.536  
20.2488  17.6987  10.7124  
27.9659  7.09714  14.0434  
39.8972  20.8277  22.3493  
2.38248  54.9481  29.1721  
20.7703  9.91955  17.8173  
21.8764  9.80637  14.4245  
10.3656  19.0071  17.1432  
38.3377  73.1121  22.8851  
33.0958  36.3435  19.4625  
23.2249  12.9397  33.7425  
56.4271  5.93523  2.82415  
8.46036  11.8061  18.1726  
13.4449  4.78308  8.52707  
16.1818  6.1628  20.8595  
28.2918  12.8768  36.7798  
26.0943  10.3159  6.82886  
19.848  1.55565  17.6777  
8.44235  9.31536  8.38951  
16.6128  21.9566  15.4684  
13.6184  3.38592  10.5808  
23.2444  16.46  15.1753  
12.9357  18.4578  15.1358  
5.83951  37.555  10.5518  
9.6667  4.06595  8.0967  
16.2117  23.7625  14.4047  
6.54127  15.46  5.05676  
52.045  13.6396  16.465  
8.45659  9.26585  18.5186  
17.765  4.0986  8.02555  
10.5828  18.8977  19.1247  
34.1867  7.77403  16.1558  
19.5906  22.415  6.73539  
18.2364  18.6067  39.8004  
24.4664  17.3785  44.2012  
13.4667  34.4747  6.92097  
47.4564  29.6285  50.7427  
10.6042  13.7494  41.7309  
29.4045  7.93709  13.1965  
3.45858  5.15027  13.8577  
23.3563  28.8941  48.379  
11.1697  23.2776  15.4533  
65.6265  85.8295  13.6948  
7.22925  10.1329  18.0257  
42.2414  3.23  16.5452  
13.7214  29.5486  6.27899  
55.2318  20.8146  12.6099  
7.42494  9.72045  18.198  
8.25334  7.98974  16.0506  
31.8071  3.58162  14.1678  
20.3835  5.78369  11.037  
21.8245  13.9491  11.7022  
14.4377  28.4959  11.9002  
9.99851  19.6577  16.4974  
18.686  16.9032  7.84397  
49.0907  25.5274  18.8363  
7.94373  3.8384  6.09818  
23.06  30.9721  41.4278  
21.4843  22.1886  8.32219  
6.1807  14.2471  8.16974  
18.9044  5.08858  14.9957  
16.9657  9.70017  6.58816  
7.89596  14.134  20.926  
18.0169  18.8738  10.3807  
9.25328  5.76693  21.7028  
8.33166  18.3784  13.9772  
9.091  27.4719  16.5783  
31.1116  22.861  10.6506  
17.6303  9.76073  21.6643  
29.7747  29.1671  25.0679  
2.08196  12.6471  28.6073  
27.1007  4.71339  8.65704  
11.8803  11.9364  12.7737  
15.2833  16.8334  11.8461  
23.2216  4.48197  17.5354  
10.468  64.777  10.741  
24.0549  34.0931  7.6667  
39.649  7.25757  21.3737  
9.22537  6.79076  17.376  
19.5549  11.2664  13.9883  
19.1522  6.11318  17.3429  
41.414  4.34441  27.5371  
11.6344  6.34134  9.83703  
7.521  23.2417  29.4387  
33.4183  14.5958  11.0603  
3.77498  3.43082  27.4253  
32.6848  17.7271  6.05638  
7.37975  49.3888  30.0415  
18.8744  37.1135  7.38759  
6.34249  4.70501  11.7291  
19.1436  23.2826  43.6058  
4.78299  56.1758  3.62459  
44.704  14.2279  13.6585  
9.13213  35.4839  27.874  
26.6985  31.2547  58.4237  
15.6473  26.7133  22.4164  
4.2772  31.6092  25.2952  
17.0639  27.6953  31.1982  
34.0474  24.653  22.7275  
17.4503  9.07996  20.9428  
31.7965  17.2665  9.59818  
11.0157  24.024  2.43797  
21.6002  34.4546  4.29285  
8.26654  8.6266  42.7251  
8.76492  9.53218  11.3082  
25.977  21.0476  8.19286  
31.8657  50.0526  24.2155  
11.3995  19.5062  8.3952  
44.3364  11.228  31.6349  
15.6819  7.479  18.6351  
48.9188  12.7468  19.7422  
20.6711  1.61289  5.1027  
10.8945  12.0746  19.8766  
16.4466  6.42441  22.5918  
13.0217  4.47643  11.9044  
6.19342  17.6887  32.5909  
25.0139  8.7392  13.8863  
16.5134  9.61784  13.4744  
13.5566  19.7855  5.16453  
33.4514  14.2536  7.81059  
23.9493  28.7989  12.1477  
11.8922  13.6116  7.78361  
14.4761  8.60384  14.1855  
5.58845  3.55129  17.5104  
14.1736  63.7462  37.7533  
30.9451  33.0141  22.7685  
11.0918  13.7882  12.2143  
5.85049  6.44478  33.6655  
42.033  23.5709  16.4235  
11.3911  15.0862  7.16963  
8.82209  10.0408  11.4326  
10.2338  4.4795  26.3639  
26.0871  19.0122  37.4017  
9.33416  10.1876  9.30817  
19.9094  41.2253  26.8614  
14.9395  9.29354  4.73167  
27.0925  11.8641  61.5603  
18.7339  7.98579  26.548  
3.39129  9.31844  11.0952  
5.94702  16.4483  9.18558  
8.65301  27.6428  12.8101  
6.99234  21.2393  24.0985  
12.8247  33.3155  40.1191  
19.6845  43.8228  13.9614  
16.5436  7.14235  28.7032  
8.95652  20.9249  28.5046  
23.9138  27.6783  5.24175  
10.2069  13.1002  20.004  
45.4266  5.65063  26.6445  
24.701  15.7721  19.2115  
4.88737  36.4779  14.4876  
20.1464  14.6326  17.4213  
35.033  34.7762  13.1044  
10.7935  20.9721  15.1629  
28.579  16.9602  18.2086  
33.5532  47.7383  6.55937  
48.1041  10.3297  22.0059  
12.4593  26.3205  15.0547  
10.7398  8.82345  13.72  
12.6656  3.8059  19.4417  
11.9309  8.43485  8.71236  
4.37417  11.4646  35.1827  
20.3862  47.3979  10.7503  
8.41539  26.4335  9.79597  
21.8936  8.92445  14.763  
30.4958  4.98388  6.548  
8.5678  8.47156  19.034  
10.3196  6.23508  28.4447  
25.7471  8.67654  16.4688  
6.74407  13.4395  7.69754  
2.94518  22.9741  33.488  
4.59654  12.0723  19.9316  
6.14484  1.9959  12.7921  
12.9888  21.1443  32.2786  
21.6525  4.04945  47.1464  
27.9647  6.63138  20.4204  
24.1828  36.3622  39.2968  
31.5743  12.4764  40.4524  
14.5395  8.06271  25.9035  
22.8358  7.22172  12.8611  
4.48861  40.2551  15.7724  
5.23386  13.4798  14.5776  
22.9271  3.56025  8.85733  
4.73762  1.96642  6.56975  
19.4578  28.1034  16.7774  
10.818  7.94072  3.48174  
28.3089  16.44  9.20681  
8.04832  10.8145  12.5045  
9.73796  4.55627  10.7479  
3.45313  8.77765  11.0196  
32.6365  52.2815  48.5535  
6.99454  27.3219  5.10837  
12.2243  6.88996  26.0776  
14.1498  32.3928  17.7705  
19.1559  22.8496  15.4388  
5.15871  5.64248  21.5919  
16.3202  15.694  9.58426  
16.4678  14.8124  24.0795  
17.6361  9.99625  13.4519  
11.7373  17.7452  18.0078  
20.7296  5.78126  7.05964  
8.03124  12.0859  7.85485  
23.3839  8.06854  18.1316  
40.2541  25.6059  32.9977  
14.8101  30.663  19.4857  
19.0818  29.2621  10.7379  
10.0072  13.157  4.71033  
7.14973  6.51323  15.1759  
19.1406  42.4482  21.31  
9.87362  8.57118  10.3735  
19.6648  23.8563  26.0333  
9.69152  34.731  16.0121  
7.62995  9.96172  23.471  
11.689  21.1594  37.6123  
4.60779  51.1192  26.5355  
38.7007  6.73188  20.707  
9.75486  4.7604  19.2835  
16.7276  24.8367  10.3894  
11.8187  3.93845  6.65108  
22.5089  17.0474  13.3442  
23.4601  9.5392  9.2326  
42.8426  58.5372  25.7883  
17.239  14.3894  17.8574  
5.30322  10.1822  3.8483  
11.4886  8.74118  10.1058  
11.522  18.3162  7.00386  
28.2544  7.71712  13.2299  
26.4745  23.3357  43.5267  
2.00091  1.11045  13.6975  
17.0732  42.4498  27.0879  
12.761  11.8399  23.3588  
12.6953  13.4456  13.9207  
18.2464  18.9541  36.2907  
12.379  7.46539  17.4021  
17.9029  18.6053  16.9088  
12.451  10.6171  40.6298  
8.82185  24.7904  33.5749  
35.564  28.7263  26.1602  
49.7899  16.125  21.4567  
14.0351  6.70852  10.9767  
27.8698  24.4915  22.3963  
10.3989  2.09245  8.24972  
27.9314  4.778  23.0252  
9.66982  13.3009  12.5828  
27.5951  1.98967  4.7037  
35.885  24.7318  7.40748  
14.0682  13.2718  16.004  
8.08912  7.17977  11.9801  
17.8143  16.7862  17.2864  
53.9741  18.6113  41.5839  
10.3959  25.2426  11.7425  
24.7475  23.5286  64.0722  
13.8013  20.5114  12.8061  
43.1579  45.0917  27.0671  
16.7661  22.3947  34.1806  
46.998  17.1522  16.5892  
7.87697  10.9266  15.8564  
14.4899  8.15026  8.84382  
4.83663  43.4729  23.6202  
12.2333  20.7695  6.74873  
11.5302  4.65316  15.0045  
5.46431  2.26433  16.0646  
14.7209  15.8305  11.3097  
33.9341  2.43043  7.75986  
25.9464  14.7119  32.9707  
7.75916  42.5313  27.4882  
41.7291  6.33106  63.5792  
7.44482  14.8497  45.5588  
6.16452  7.33431  32.3297  
35.5142  7.85124  9.47809  
21.8593  4.50888  3.04527  
15.685  32.0047  59.9934  
24.1129  7.06286  45.0603  
53.65  26.9184  50.8274  
11.255  7.46891  17.2013  
5.99165  15.9512  15.8888  
8.71889  16.7245  10.0587  
10.8347  13.4163  13.5174  
15.1589  14.0874  8.71835  
34.1761  35.5442  57.626  
20.6713  42.2737  8.74998  
17.5178  28.7202  26.7493  
18.5827  18.3316  10.7995  
12.9187  14.251  11.0144  
6.94333  7.00617  24.1326  
19.1867  6.35545  12.4859  
24.392  16.8965  11.2916  
18.3932  21.2467  28.1705  
9.43311  4.50201  19.6824  
19.7856  4.53856  5.75824  
41.9288  54.4896  41.6317  
17.7965  17.412  17.5209  
21.6308  28.0352  11.9295  
7.28836  1.23308  22.5984  
6.75259  17.7776  12.2277  
7.93381  26.3616  27.5307  
8.42608  11.6714  10.6677  
18.9709  3.52483  17.2886  
3.81061  48.973  8.23665  
8.87759  41.0033  28.8116  
17.2251  13.4258  15.5088  
46.5894  38.9673  28.91  
10.9656  12.1691  30.478  
4.81907  48.6219  9.13997  
6.45167  17.0054  5.51407  
6.19412  4.05192  19.6726  
12.0174  29.4791  11.4989  
19.4546  11.5601  3.62323  
6.07892  44.0757  26.8864  
8.1965  4.55586  3.55864  
19.824  16.1874  11.3581  
10.8088  21.7552  34.1691  
27.964  13.9648  26.6353  
6.10064  2.79643  12.1868  
35.8222  4.16643  31.3452  
22.3075  26.4022  23.4983  
4.85946  11.7076  31.4447  
28.4988  11.5843  3.35792  
15.3693  15.6629  8.74693  
3.58075  48.3906  5.30148  
4.63676  41.3011  41.531  
15.2828  10.4313  7.85914  
34.8091  12.3691  22.0378  
13.1922  5.12692  2.44903  
19.0104  28.2355  12.6159  
24.346  18.8912  10.2105  
37.0014  48.4  36.9086  
10.8526  41.1989  34.3165  
13.7123  9.5216  14.3372  
11.5329  26.8952  30.464  
9.21782  6.09871  15.7494  
10.9416  8.87596  16.6401  
21.2203  27.2408  8.63551  
27.4484  16.9219  18.2613  
16.5585  15.1559  11.2699  
22.86  9.62628  7.07043  
13.8572  16.0106  7.51042  
12.5779  23.573  9.79741  
18.4015  33.8138  46.6806  
17.4724  7.06819  5.3816  
26.2466  2.82821  11.9366  
28.0352  14.6266  4.46624  
42.2723  42.7139  8.4815  
15.141  3.67541  17.6312  
54.8429  46.0784  64.3657  
8.09507  10.9612  23.2182  
33.3093  41.8068  42.625  
27.7455  14.6804  21.8426  
26.7968  14.9252  21.674  
9.63267  26.5767  17.2349  
10.8609  25.999  17.0824  
39.1404  7.44059  7.53146  
6.47758  13.0924  5.91561  
12.8334  6.70364  15.8944  
7.68719  5.02253  26.6654  
43.1819  8.04248  34.6839  
22.4995  13.375  11.0437  
10.2969  17.787  14.4387  
9.50794  7.03976  2.58537  
16.5597  5.58257  25.5264  
12.1499  21.5509  45.2374  
13.6587  13.3694  16.5923  
34.3926  9.16397  27.8824  
4.94712  8.61244  5.35362  
18.3885  21.9428  23.0323  
6.28143  19.5439  11.2467  
25.7393  15.0265  30.9379  
9.44725  29.8042  7.97191  
15.326  19.4744  12.7619  
20.8962  8.06563  10.9331  
8.97037  40.7822  56.7272  
30.1703  16.7674  5.90563  
18.41  12.4963  4.39945  
15.8658  23.0508  13.455  
23.2562  18.8879  26.9176  
19.0909  49.025  14.1498  
18.5216  7.02037  17.9511  
6.3221  20.4361  11.9061  
11.0185  4.57889  9.7378  
13.8077  7.32852  11.9304  
7.32062  9.30615  13.6995  
12.3812  10.8908  12.763  
14.0678  7.70953  23.7735  
26.6698  54.9989  56.5605  
35.1197  81.9717  20.963  
28.3051  4.70232  26.695  
11.0445  13.7833  18.5585  
3.18801  25.5196  15.5693  
10.361  6.81233  9.47383  
11.7197  61.2089  13.3567  
21.8414  40.9309  9.75623  
9.09051  6.8988  17.0719  
13.8996  16.2447  29.2639  
12.6074  16.44  30.2156  
18.8089  7.52279  22.369  
11.1002  22.7225  8.93719  
17.5362  7.51357  7.16218  
6.35265  56.83  32.444  
17.2167  7.41682  16.6793  
21.6991  38.5222  13.352  
15.7063  26.5319  10.4477  
23.0837  34.4621  24.0197  
33.1314  8.33544  68.9809  
23.3252  13.7356  6.66702  
12.3082  13.1961  21.4269  
11.0511  2.44207  7.13512  
19.2001  11.4183  10.3231  
14.27  25.2357  23.8025  
5.98684  15.1  22.0965  
10.1702  33.4316  4.04881  
13.1055  58.9577  5.10973  
18.0216  34.5681  12.7845  
7.13271  44.783  3.78044  
17.6501  18.2811  27.4018  
3.57525  4.61351  12.7259  
13.9561  40.9403  22.2146  
19.9362  39.128  4.39014  
50.8567  52.1992  31.418  
26.164  24.9627  7.65655  
20.6449  15.2415  23.3958  
7.85637  6.84792  7.40323  
9.8726  0.79517  5.8643  
20.9615  50.1291  10.2717  
8.54057  17.6118  7.65533  
15.7834  7.156  9.50384  
39.6673  19.2496  17.3847  
7.18799  43.0959  17.9996  
41.081  22.8506  18.5439  
34.5316  36.9826  4.297  
35.9051  7.27528  7.86036  
10.6662  31.5794  12.8114  
4.9813  12.9654  11.1646  
32.8834  21.664  50.4437  
18.178  22.5319  7.58614  
3.57465  36.6118  17.0828  
41.1891  10.8205  34.0362  
18.5996  19.0457  4.2004  
30.7354  1.43388  14.3826  
2.40023  21.0456  26.6591  
28.0697  33.5521  11.8904  
16.9972  7.44756  10.5443  
29.4708  14.8367  24.355  
25.3468  11.635  5.30637  
3.84442  9.4713  5.03994  
25.2577  18.288  20.3798  
14.8943  37.3164  6.2793  
7.13535  4.23761  16.1399  
9.51311  19.717  5.23728  
19.0384  21.7012  17.7552  
31.6772  62.8341  9.80577  
35.9187  39.8016  22.0271  
10.6953  46.7272  59.7559  
29.5155  21.9293  25.0651  
14.7334  5.68095  7.93351  
30.8376  11.0501  41.9916  
18.0143  26.2849  4.87585  
9.59176  4.35031  21.3299  
10.7661  9.62848  24.942  
14.9499  16.8389  10.1438  
7.28065  10.1425  17.287  
10.3207  17.4246  9.47249  
4.52206  7.94123  26.8176  
22.5987  18.5757  9.75896  
30.8343  18.2148  26.2582  
13.6284  7.91749  26.021  
21.3696  41.2336  16.5099  
29.7023  18.0245  38.0605  
13.6339  6.71963  31.4376  
55.7226  43.3581  27.721  
31.0972  20.3599  32.4473  
34.6013  14.5475  6.34277  
8.56153  14.541  21.0853  
