7.13878  2.9836  
8.11193  6.77158  
6.0108  3.41325  
10.3333  8.92016  
11.0657  4.89088  
10.2965  14.528  
6.29617  8.6064  
10.3479  9.55347  
19.3651  10.2156  
1.99629  4.63401  
19.3295  4.54683  
4.82489  3.18426  
6.02239  6.1068  
7.1526  9.1048  
10.8061  4.25481  
4.18119  10.1325  
4.35173  9.15868  
14.2762  3.0371  
8.43785  9.33997  
7.74194  4.92055  
6.63131  18.6071  
5.41362  9.41726  
17.2222  5.57794  
13.014  7.09341  
6.43099  8.20073  
17.4791  7.46261  
4.21922  8.95623  
10.7302  18.7368  
9.6171  12.4928  
7.67995  5.03278  
9.72265  18.1119  
8.80795  8.54435  
4.42927  18.3156  
11.0674  4.47188  
9.78305  11.5945  
4.52672  3.72836  
12.3107  10.9917  
1.02366  6.83332  
2.50076  9.18756  
7.87579  14.0743  
1.23848  17.8825  
3.17825  11.4003  
11.7596  12.5408  
22.3335  10.7637  
18.2777  12.2218  
12.4121  3.93652  
19.3015  12.2326  
10.7392  13.1151  
3.85027  6.1562  
14.9581  14.8843  
13.4543  6.72477  
19.6434  6.6438  
11.4997  13.4319  
9.98105  10.6907  
15.814  5.78032  
13.32  7.87718  
5.47266  8.76951  
1.52426  10.6138  
9.76911  7.0638  
4.51957  8.30266  
13.4853  9.91695  
10.8397  7.15801  
6.20312  13.3754  
2.97158  8.8433  
13.2992  4.23458  
5.24198  13.8622  
7.96142  12.286  
0.62018  2.79201  
11.3768  4.25584  
12.6805  4.03995  
6.23937  3.77579  
6.73522  3.02239  
2.18512  10.1377  
6.07125  6.73914  
7.27784  3.32277  
7.27729  12.4571  
13.8179  8.35764  
9.53378  9.88515  
6.5403  6.57177  
7.62077  6.74734  
8.00083  9.38401  
7.09175  14.5054  
6.35809  12.818  
11.6378  10.1874  
15.0401  13.5148  
7.21435  5.2107  
12.202  6.28639  
9.40441  6.00998  
11.093  11.2171  
3.68482  13.3336  
9.02596  7.18018  
1.19522  4.20215  
7.845  13.6182  
4.88752  3.91413  
7.11439  6.30851  
8.70044  8.45532  
11.4932  5.11736  
10.738  17.6499  
8.67189  8.5502  
2.26295  21.7399  
3.76366  10.802  
6.12459  8.08228  
8.60314  10.2724  
4.26995  3.59384  
6.01937  10.0865  
13.3903  5.96118  
6.06184  7.98854  
3.02537  18.2275  
9.68878  2.11306  
8.95247  12.6021  
8.88118  3.72297  
6.10918  9.00549  
2.33169  12.1733  
10.2787  6.42532  
9.54123  4.96373  
19.5197  2.89206  
8.6875  2.30125  
9.42694  12.5112  
3.17244  16.9226  
6.38822  3.74132  
7.76028  14.738  
2.09736  12.1433  
14.122  9.75806  
10.302  11.5954  
11.5105  10.0723  
3.93221  2.41949  
9.61998  5.61581  
10.5383  8.46247  
9.00853  2.65736  
6.43372  14.5949  
2.67604  11.1695  
3.43016  2.24769  
3.61475  5.39302  
9.62874  8.58241  
12.6158  13.4746  
10.809  9.55034  
11.3833  12.1388  
10.2275  9.77658  
7.72399  1.08487  
8.33184  13.7537  
5.62021  9.48918  
6.75563  5.1042  
5.62217  7.40166  
4.87524  10.0679  
14.6201  2.27437  
2.50846  7.48932  
6.53322  14.7658  
4.65024  1.77114  
2.09663  12.0709  
2.47096  8.84362  
8.96056  12.56  
5.00189  20.9371  
3.32815  12.3598  
7.09402  14.7745  
14.4439  11.4718  
8.37921  9.35227  
5.47652  9.69225  
10.2572  7.5132  
9.06296  12.5745  
14.6917  9.11909  
10.7499  2.96908  
4.5771  12.9248  
13.8712  4.03904  
2.26207  4.105  
3.65566  5.28001  
7.18149  13.4699  
12.7752  7.98472  
4.04832  7.5777  
10.3905  8.93889  
7.50143  4.34016  
4.45309  4.73771  
2.81036  2.19159  
6.25473  14.4108  
6.12773  14.6878  
8.47546  9.73659  
13.624  2.61449  
3.6953  18.2308  
10.1049  4.08345  
5.86463  8.58654  
13.7488  7.33396  
7.03084  10.7868  
9.25863  7.24549  
5.29504  2.95582  
12.5343  12.8682  
8.86384  9.84503  
4.02945  8.46611  
10.0722  12.8229  
3.82019  7.1262  
10.6331  9.39671  
4.58077  12.356  
6.56441  5.12888  
3.36534  10.9177  
6.68523  9.56808  
7.27212  4.19607  
13.2293  5.19179  
11.6592  15.1589  
16.8624  5.51934  
10.5191  7.53089  
12.1773  3.71385  
3.83139  11.8896  
3.53071  8.38941  
12.5387  6.92823  
2.58695  6.45324  
4.95657  9.51451  
4.0621  6.42883  
8.84448  14.1798  
4.20658  4.93126  
11.4192  5.2539  
3.95758  5.77498  
9.19924  7.7045  
5.59901  16.8123  
11.3854  7.99576  
5.65148  7.25614  
7.6919  6.64306  
4.23785  6.9395  
3.51253  3.29109  
5.82406  12.1002  
14.1924  12.0293  
9.8956  9.00949  
7.11883  2.3941  
10.6265  10.3535  
11.294  8.89562  
2.55255  7.34256  
9.22702  2.43329  
11.2418  4.97833  
10.2262  14.9246  
12.5878  7.62429  
5.5676  6.49804  
6.69751  11.5476  
10.4291  16.1958  
1.83862  13.4063  
13.5084  9.12339  
6.63569  9.68158  
8.23226  5.83672  
10.2046  3.03866  
10.8275  5.07294  
10.8146  6.14865  
4.31428  12.6464  
11.0946  8.40047  
3.30142  6.26382  
9.24819  3.61673  
8.23145  14.3629  
6.90192  8.41212  
9.14064  8.18341  
5.91228  8.28415  
11.3843  4.64798  
2.83334  16.6331  
4.5551  15.3316  
4.66451  14.0484  
3.96182  8.53459  
7.48259  8.86659  
3.90673  17.1055  
15.859  8.80873  
9.30502  7.85178  
10.408  13.8804  
5.46511  9.68794  
8.06525  5.14987  
12.8926  16.0623  
13.0544  6.62022  
12.4117  6.55889  
10.7027  10.5085  
10.2978  2.92639  
5.57426  13.9029  
9.85392  6.50605  
7.58158  11.417  
2.82501  5.94357  
8.42458  12.1224  
4.68533  10.3955  
4.07022  17.2283  
4.21977  7.46517  
10.8962  11.2684  
4.99233  19.2025  
7.04422  4.93027  
11.4024  10.6608  
9.14451  3.50346  
3.60227  6.37178  
5.63553  6.67255  
5.74121  9.14963  
1.4429  8.04398  
13.7726  17.0438  
2.1294  4.66489  
5.82215  4.87002  
1.9627  12.4833  
8.46653  6.76341  
6.37223  14.0603  
11.3891  9.18705  
14.3987  13.8647  
5.16468  10.2113  
17.1086  15.1367  
7.83556  11.9052  
1.41227  7.9032  
8.62184  10.4655  
6.51519  6.29794  
6.73617  5.77753  
6.25231  2.40406  
3.2912  9.43655  
3.41483  2.84451  
8.46545  7.54811  
8.25798  14.7993  
8.63039  9.55301  
13.7554  11.0056  
2.62367  6.11982  
8.65004  1.67593  
6.16082  12.2098  
3.37799  5.43311  
18.3726  2.34759  
3.42872  10.8351  
14.9707  11.9585  
12.9726  5.09571  
4.9915  6.37555  
4.45115  12.3603  
8.66692  8.24648  
11.4117  3.69476  
2.09828  4.18534  
2.39108  2.73028  
13.241  6.37892  
10.2187  2.34591  
3.84127  6.77117  
2.94618  10.2599  
10.1917  10.6157  
5.94153  9.39487  
5.51226  3.36146  
2.17071  8.16079  
10.6305  6.68522  
11.1584  4.82577  
9.68117  3.77891  
6.83714  7.15304  
2.03066  2.82804  
11.4241  6.31978  
13.8132  10.0003  
5.02138  17.4433  
5.80249  21.5148  
11.2448  6.5438  
16.544  4.64987  
3.60451  11.4162  
19.0273  15.8859  
12.6779  2.11665  
2.98158  7.76283  
4.2301  17.4086  
7.70126  10.349  
5.20421  7.08881  
13.0358  4.19181  
12.4268  3.53411  
9.44921  14.6848  
3.86975  7.73469  
9.82251  15.4481  
5.59822  4.91306  
5.08348  14.6441  
9.8396  9.78893  
4.61646  8.72951  
3.40732  9.29505  
7.22751  3.4222  
13.1942  6.40142  
9.2049  7.24106  
6.32968  7.50805  
9.04363  9.94379  
6.34898  7.8707  
4.45508  2.62864  
6.4711  14.5111  
6.00166  12.7033  
3.51205  7.31804  
7.44539  3.43321  
5.75019  3.67014  
2.76296  19.4909  
7.98863  16.3666  
9.44394  14.4432  
15.0594  5.17334  
18.8916  12.2042  
3.40821  2.17725  
10.4069  15.3546  
5.3591  12.9471  
3.53122  6.65365  
7.28442  7.53781  
1.51592  3.87506  
9.59237  13.7887  
6.14485  5.25625  
4.26563  13.7735  
12.4214  14.5761  
3.83651  9.87802  
2.69773  13.2252  
9.34244  10.6767  
14.6358  3.93774  
3.36653  11.6568  
10.6629  5.89753  
1.65588  12.9579  
9.0507  13.5807  
2.2049  15.6572  
19.5016  4.55792  
3.85427  14.0305  
4.06218  11.4793  
5.2076  3.26985  
8.03785  11.706  
12.6883  4.53759  
8.0664  8.21975  
7.92696  11.5014  
10.59  7.20428  
4.69193  6.00294  
4.03109  8.67858  
7.46273  4.06951  
10.9504  13.7683  
8.41836  11.1316  
6.39652  7.12652  
11.4307  11.5487  
2.81232  10.1549  
13.0873  7.41813  
7.36484  14.4561  
10.4141  20.4192  
5.98601  10.4117  
9.63603  10.1406  
3.29922  22.3357  
2.47993  10.6705  
10.6268  12.1802  
8.64783  5.13575  
1.56461  7.86825  
6.51651  7.11115  
9.57364  12.7088  
3.69568  5.48108  
4.93474  18.481  
4.16713  16.5634  
2.27468  7.29994  
4.91379  11.1528  
5.44126  1.21041  
5.579  11.2346  
6.12743  2.30146  
15.1244  11.9388  
11.124  3.96302  
2.28732  18.362  
11.2735  14.9188  
4.43493  9.93033  
2.21088  4.67249  
2.38387  12.9071  
6.00746  9.87676  
8.10812  9.72563  
7.43101  15.2346  
7.3829  6.07813  
9.99652  2.48379  
10.7558  5.01545  
9.51685  9.81576  
16.8099  6.06295  
9.42285  4.03051  
9.226  10.5821  
3.69281  10.63  
7.0545  7.32836  
2.30647  4.96371  
5.06578  3.69452  
3.23732  7.13077  
9.7191  13.4074  
12.2653  16.0833  
12.2922  4.66243  
4.27439  10.691  
14.3938  13.8635  
18.4065  5.81733  
4.53447  3.5218  
11.4299  17.4241  
6.76154  10.0341  
4.76827  7.06159  
10.9987  11.9663  
5.58884  4.37861  
6.08109  11.0418  
5.33388  4.9313  
4.11212  8.47951  
5.15896  7.47761  
3.20175  3.08555  
9.25119  3.06953  
5.02139  5.0268  
8.88364  13.0048  
7.21122  7.86089  
11.6001  4.20993  
13.6103  3.28174  
15.1243  10.3908  
10.4713  8.58027  
6.78144  5.33363  
7.44373  10.9129  
12.0595  10.3806  
14.2173  3.63611  
1.19385  11.0028  
12.882  6.09044  
13.8757  13.9213  
2.29417  4.08679  
3.85866  2.38859  
12.5127  12.0309  
11.6714  16.2873  
3.64916  9.53806  
5.60809  5.02382  
11.6037  1.8556  
12.5375  9.5547  
6.2098  13.0133  
5.88654  11.0289  
11.1087  12.4099  
1.50093  7.29798  
9.94874  10.4141  
12.868  6.85257  
5.65399  3.78747  
10.8247  8.47022  
12.2944  9.04302  
7.3323  2.01831  
19.6911  11.821  
6.71145  7.95184  
1.06738  13.1781  
17.6494  17.1082  
13.267  15.1647  
1.97417  2.3435  
12.523  12.4428  
8.50533  4.81585  
9.33031  17.1146  
12.7648  5.01037  
5.46428  4.35439  
6.1565  20.6225  
9.78339  10.5056  
9.37857  15.1665  
2.53351  10.4159  
8.02977  11.9187  
2.59225  11.8216  
11.3823  1.91356  
4.54082  15.1473  
2.39987  11.3799  
3.16844  17.0558  
4.03248  4.02349  
13.1801  4.61231  
13.1549  7.48058  
9.18772  2.84202  
6.14798  13.6711  
5.5356  4.00194  
6.47535  18.1042  
10.9245  6.99168  
6.13846  4.84358  
11.5947  9.11046  
2.11076  5.79321  
7.67415  10.7593  
13.1632  17.2444  
3.23523  9.21228  
10.2942  18.8483  
4.56567  10.7156  
2.29839  7.43051  
7.33344  8.89528  
10.6341  3.29895  
4.83346  18.6592  
12.2034  13.2495  
10.0711  6.6491  
3.76051  2.16471  
15.447  5.57679  
7.53332  11.9796  
8.65025  13.8423  
6.381  14.681  
3.32292  7.83  
6.8112  3.78337  
6.31707  14.2444  
6.17424  7.89248  
4.96123  2.88652  
8.70011  5.08686  
5.71734  12.5782  
12.0213  7.97773  
17.5576  3.2986  
12.0229  5.81393  
1.83278  12.7157  
10.7385  13.4373  
4.73235  5.76784  
4.6685  8.66051  
3.63935  6.69784  
17.5261  10.6286  
1.92946  13.4098  
9.11725  21.9781  
9.68065  12.536  
2.0277  8.7785  
8.8011  13.1394  
13.9579  4.46497  
13.6324  5.52175  
7.0665  4.0108  
8.53068  14.6529  
5.9783  10.5384  
2.63379  8.1907  
4.03801  4.82621  
5.72218  4.18572  
8.65018  2.61727  
7.4129  4.45627  
9.37408  4.91424  
1.78218  2.93583  
3.12748  11.7285  
13.9415  10.5114  
8.00153  7.05307  
8.40096  8.79342  
6.47118  10.8427  
8.77973  12.7844  
9.2088  8.33364  
2.85028  4.97371  
9.98458  3.80121  
7.54457  5.12477  
12.5465  10.2211  
8.22604  7.40096  
8.50589  11.2553  
15.0268  21.471  
3.90111  13.2181  
4.79321  1.38694  
3.56842  4.54963  
2.24663  8.01644  
13.7576  9.56167  
4.28447  8.55817  
7.67385  8.75106  
2.10989  3.96245  
11.544  11.7278  
