23.8861  16.816  
16.5637  18.8824  
13.2978  6.51738  
28.9046  5.53584  
9.42006  11.8001  
6.16544  4.60147  
22.9014  18.3248  
14.1409  12.2899  
7.61159  9.74657  
28.8257  10.7464  
26.5695  19.3833  
20.8883  24.4576  
7.51839  4.08452  
8.54519  24.4194  
18.4691  9.7161  
36.7552  29.2671  
12.772  11.1615  
23.526  9.89332  
6.70635  23.6233  
27.6507  25.5235  
6.29409  23.631  
40.8991  22.9392  
27.275  8.47905  
8.72665  11.3988  
28.3857  8.95845  
16.9459  15.3271  
14.5547  18.0354  
34.782  10.0464  
14.7152  5.38374  
10.2056  15.8992  
13.3141  2.48076  
14.3644  10.2826  
8.86069  11.9216  
27.9455  7.6335  
6.30399  5.51359  
16.2037  22.8928  
14.4871  14.0935  
3.21026  5.19582  
11.9553  21.5343  
12.6474  32.06  
8.91558  13.572  
12.9953  9.2142  
13.3126  25.4741  
21.8231  9.26171  
14.9129  12.9326  
6.68521  8.58348  
12.997  18.5753  
26.2696  20.4448  
5.13775  19.5735  
19.7564  9.41567  
8.47948  11.9845  
8.99596  9.1537  
26.1416  16.3665  
20.8365  11.792  
19.5178  7.22788  
9.94463  16.8351  
19.014  17.2888  
7.51556  14.0254  
20.9945  14.4509  
11.7941  30.8884  
23.3162  25.2436  
10.5353  13.8029  
12.2389  21.0888  
12.1204  18.3965  
12.6971  17.2836  
12.146  32.5844  
11.8453  9.43254  
18.8098  9.01384  
31.5672  12.5144  
12.1593  9.05642  
17.9654  11.8042  
10.4234  11.3756  
20.2702  14.996  
10.6383  9.49838  
18.7275  12.438  
18.9465  27.9221  
18.0327  15.6506  
17.7646  31.6308  
7.41392  22.8753  
14.2509  14.3598  
12.2374  19.7636  
11.6209  11.5655  
14.8874  10.582  
25.6876  13.8447  
21.4551  9.74739  
7.69713  10.586  
11.8672  18.2872  
20.348  27.6163  
31.4935  41.0456  
10.1791  29.8407  
29.5519  19.2018  
16.1162  6.26469  
4.66922  12.5255  
6.80759  28.6514  
18.9369  25.3134  
3.29539  12.9541  
4.30019  10.1664  
19.1045  9.62995  
11.4444  13.2639  
19.0163  4.51422  
16.8308  5.88864  
10.2647  7.90611  
24.9916  16.7051  
26.6497  18.1841  
6.37114  14.7213  
12.3108  15.686  
10.0032  10.5012  
13.3913  19.7968  
10.7504  10.976  
12.0662  13.026  
26.2224  6.54472  
16.4021  32.216  
12.0296  16.4274  
19.8525  39.2309  
11.7283  8.02709  
4.80585  8.58242  
10.1881  15.6079  
20.1777  8.63405  
8.67794  7.93066  
11.6896  21.0658  
25.7093  16.6123  
8.18171  18.6734  
7.11428  21.503  
12.1758  21.683  
10.3756  36.3311  
10.9128  10.1933  
9.30258  19.1025  
4.70501  14.7661  
12.9921  6.01183  
21.1161  7.34922  
7.33253  19.8972  
21.0192  17.8856  
21.1407  24.4329  
29.9098  22.4797  
25.2404  25.1074  
3.04622  6.33499  
20.4987  8.40183  
17.9238  16.2901  
10.1948  34.3705  
8.24884  26.4322  
11.0149  11.4597  
19.7351  17.5598  
9.16345  20.4609  
15.23  5.31213  
14.9986  17.0949  
25.1834  19.4949  
11.6564  30.1648  
13.4842  21.9154  
29.1963  18.7033  
6.11871  13.3587  
26.4787  29.2936  
7.00716  17.331  
10.2257  15.97  
9.44018  10.8826  
7.936  28.0555  
13.2561  14.6715  
27.4317  14.5086  
4.77811  13.9511  
29.3905  23.3582  
17.0513  23.9419  
29.5891  11.6116  
18.4306  16.4164  
34.134  12.3888  
13.0702  14.1008  
23.3669  17.0319  
28.0452  7.97679  
16.7741  8.36216  
25.8534  10.3733  
8.13542  27.9536  
8.24202  5.24742  
2.14817  17.6986  
9.04741  17.3409  
7.74833  24.5274  
25.4997  18.7923  
16.7663  6.93759  
29.0695  11.8733  
14.0328  12.2234  
24.5072  11.0218  
24.6208  8.94466  
15.6201  25.2181  
10.5254  28.4681  
14.516  34.8713  
5.49986  11.1856  
27.9225  9.92675  
31.9178  13.0492  
31.5867  14.0013  
19.5123  4.75279  
23.4283  15.8191  
13.4462  5.60119  
29.3984  27.5916  
5.76726  26.89  
17.4365  14.4155  
16.0598  9.13764  
8.9026  7.25815  
4.63802  27.3555  
26.1135  3.44225  
13.5494  6.84026  
15.1501  26.2718  
5.56549  6.74481  
15.9925  7.20549  
8.7718  19.5534  
13.5458  17.6422  
12.2327  11.327  
10.8535  27.3256  
15.2639  14.3858  
7.52793  19.5255  
9.55793  10.851  
27.0462  21.6236  
25.5771  30.1797  
9.12954  10.3175  
31.8268  16.1347  
17.5933  7.75449  
18.5886  19.1062  
22.655  18.1567  
18.0705  14.891  
7.47424  12.9605  
4.80016  12.6234  
6.92199  10.3749  
23.0598  16.2755  
13.6511  8.13058  
28.4574  10.6436  
10.3869  24.1189  
31.5817  29.2329  
23.0192  8.48648  
27.2343  10.1089  
14.7768  18.8384  
3.77512  6.58475  
22.1379  15.9445  
14.4262  24.4932  
20.1758  11.9684  
15.4527  5.37057  
15.6193  19.0879  
8.51967  20.7846  
9.5149  10.9242  
2.77209  9.2902  
2.8313  22.6929  
36.6847  14.9472  
20.7931  14.136  
31.5776  33.965  
18.9525  13.5461  
11.8758  14.7154  
10.2011  7.81014  
20.7669  9.57836  
7.97966  18.0217  
10.8796  23.2959  
16.3474  9.13108  
17.1668  5.91137  
29.3714  19.3267  
20.2854  8.30207  
17.6587  12.8574  
16.9597  16.2531  
10.6749  4.25889  
4.43716  11.2475  
19.3536  15.8762  
16.9395  6.63683  
10.4892  10.6977  
18.2957  12.1347  
12.3587  7.16731  
23.0959  16.807  
24.4362  11.0288  
18.2846  33.2504  
16.2928  7.85065  
38.8439  18.8672  
33.4082  11.4832  
21.2287  37.2727  
17.8316  29.8473  
17.2729  7.4937  
18.9708  17.0927  
6.21345  12.8971  
14.825  12.028  
13.3196  12.443  
20.1601  19.9782  
19.8206  34.0046  
5.18944  17.1342  
14.248  16.2128  
15.2614  15.0417  
28.8355  6.55866  
20.5775  15.8161  
2.31138  24.5767  
3.75678  23.1315  
25.2012  16.5322  
33.9765  18.7728  
8.62155  19.2449  
16.1512  28.6204  
2.8808  16.7075  
5.67087  8.37485  
26.9413  20.1831  
22.4449  11.8736  
12.3164  5.59072  
25.5223  12.1749  
7.61674  10.3549  
18.4169  21.3846  
27.0445  7.37974  
13.4226  24.2487  
25.2748  35.3226  
15.4657  10.5895  
9.7432  18.9781  
14.2073  15.8774  
11.3765  29.3475  
18.5809  27.6172  
24.3631  26.3417  
6.53883  17.1244  
30.5087  25.8741  
8.30771  20.2495  
6.73236  20.4375  
22.4116  18.3286  
26.9476  18.6791  
18.6157  10.4211  
23.869  6.92615  
20.6304  11.1746  
17.9469  16.6904  
25.1447  14.1471  
13.9098  23.5139  
19.5118  11.548  
20.0726  8.61404  
14.0766  17.6088  
20.9586  11.6822  
14.7469  12.4311  
19.6621  13.8162  
7.74777  28.9325  
8.52124  10.0857  
10.6142  16.1649  
13.5716  29.1631  
21.1847  17.3219  
10.3818  10.6443  
26.7977  18.1602  
10.9336  11.8026  
17.0588  8.13273  
26.6769  14.1547  
4.50406  16.8102  
18.9166  8.67077  
13.8749  15.4065  
10.6411  22.4855  
29.4571  16.3921  
3.26615  15.2191  
26.3257  21.2173  
5.32498  14.4635  
10.8879  23.4076  
4.37561  22.7248  
11.0424  8.70299  
6.86415  9.38342  
9.67795  10.0359  
21.5231  5.18166  
9.89332  15.038  
33.5173  33.5568  
18.9971  11.4834  
12.476  14.2656  
30.4024  18.905  
8.19347  12.257  
14.307  5.91313  
20.3294  13.8385  
20.4287  10.6251  
20.8212  11.7707  
14.1475  24.0454  
5.98119  7.36193  
17.596  16.2217  
29.4487  17.6288  
13.3696  21.3247  
11.3805  6.24361  
5.96638  14.9816  
7.50735  27.4797  
13.2922  8.5641  
11.1522  20.3737  
14.7158  2.77736  
20.6022  22.6559  
8.24526  19.8034  
9.33495  8.94298  
19.731  12.8393  
13.3176  21.0595  
18.2684  7.12663  
11.911  32.7312  
21.1671  22.0588  
15.238  15.7863  
7.15285  14.8499  
11.7102  22.0168  
7.08273  14.2863  
20.8967  12.7182  
19.0459  6.81883  
7.59669  19.7758  
6.91073  18.711  
9.79015  21.2243  
28.964  13.939  
27.1402  11.9078  
8.22647  12.6268  
9.97409  20.0396  
6.81253  5.47889  
23.0345  12.602  
13.9774  13.343  
4.77123  23.3681  
19.7573  28.2362  
10.3095  27.8998  
14.8692  20.0332  
17.9735  16.8943  
12.788  27.0667  
17.9429  17.0916  
23.5104  33.2788  
4.12759  27.6118  
18.9107  14.5747  
19.7717  17.5118  
35.0295  5.84909  
6.32509  9.64733  
24.1009  12.4746  
9.91913  11.7679  
16.9736  8.71392  
22.454  4.36839  
32.396  28.6206  
16.5345  5.28091  
14.9418  9.47789  
30.3073  21.6462  
6.72931  13.8219  
8.19289  16.3545  
19.4154  17.2103  
11.4624  24.649  
19.6968  11.6513  
9.73829  5.25093  
9.2195  15.7773  
16.9966  16.4271  
7.31989  32.0413  
3.45418  12.6456  
4.89115  24.7634  
27.4528  14.1204  
5.48484  17.3964  
19.5577  19.6237  
14.4948  19.0903  
16.793  39.3695  
16.6808  18.399  
7.07629  19.54  
16.583  6.44696  
18.5506  24.8988  
26.1389  8.21295  
27.0849  24.1302  
26.8106  14.3206  
14.0197  10.3513  
28.4176  10.5422  
9.48627  13.3828  
3.64833  23.0594  
10.0692  16.644  
11.3617  18.5304  
39.2966  20.1083  
6.12268  14.7083  
21.4374  18.3115  
27.2711  26.1704  
3.67724  10.8559  
19.0694  25.7932  
17.7821  21.1399  
9.86062  11.2871  
7.2384  6.67472  
7.6099  26.7742  
15.0146  16.2144  
7.47186  22.9517  
15.1429  16.0793  
10.1031  13.9582  
7.07477  14.3732  
14.9003  10.4707  
18.1279  22.7916  
14.0293  26.3522  
15.479  19.1354  
14.2037  13.2643  
26.2511  27.3576  
31.4221  26.3775  
6.65843  13.655  
12.9046  7.55859  
9.74299  15.8476  
22.2068  3.75875  
18.631  15.9163  
23.8655  14.5959  
11.4819  20.7759  
11.5146  17.9676  
7.69205  26.4559  
8.14873  31.1629  
7.32637  27.188  
27.5325  14.3916  
12.8595  35.204  
14.7786  7.49152  
17.2862  23.3963  
19.4465  10.4982  
10.387  11.9242  
15.0515  9.9681  
15.0327  18.3401  
23.3828  23.0083  
20.0382  13.7461  
33.7955  22.1705  
10.7295  18.7013  
18.9113  14.6407  
37.208  13.7457  
4.44658  5.44669  
5.86076  7.14666  
10.4566  9.93  
7.34405  17.5543  
23.2145  14.3232  
4.50052  16.0964  
25.2666  16.3738  
26.7036  13.6785  
24.8894  23.3977  
17.156  17.6505  
11.7594  18.3057  
5.19532  22.9448  
10.1189  22.9357  
14.2235  13.8269  
28.4395  27.3659  
12.3442  17.4854  
23.5031  14.9438  
15.2681  25.828  
9.436  18.3857  
18.544  11.4494  
8.84662  10.5746  
19.7272  19.8749  
16.2349  10.6401  
16.755  19.4897  
26.9403  5.96847  
25.1536  18.1185  
19.5723  14.1101  
8.17581  18.1504  
11.2809  8.84234  
10.9181  8.1487  
14.2425  11.276  
12.4197  12.1265  
16.5371  13.5522  
15.5231  5.07117  
12.8988  16.15  
8.86845  19.5331  
21.9887  22.1076  
37.7005  28.6294  
16.8682  10.7632  
17.7201  24.5783  
3.68059  26.5449  
6.37839  15.2285  
7.67096  19.2535  
29.167  6.56266  
21.3002  18.5251  
4.87684  14.737  
16.2493  25.2466  
27.5966  22.0154  
14.841  12.8838  
16.5544  12.1833  
15.9732  18.4481  
12.2859  9.80313  
18.8322  12.6281  
20.6917  24.2904  
13.8214  11.5303  
12.662  2.69532  
24.5832  9.64311  
36.792  10.1637  
15.7631  7.95981  
13.333  13.2831  
21.0055  8.59083  
16.2906  9.41393  
10.8795  24.7245  
6.69416  12.2092  
24.8332  14.8701  
11.2996  12.6747  
11.1706  21.843  
6.37059  24.2547  
13.9324  16.911  
20.0482  18.264  
14.1932  15.6023  
7.97985  5.88026  
13.8941  2.7524  
18.5729  15.9353  
6.39669  13.1196  
23.3679  10.1015  
10.9105  19.7446  
4.76257  28.3047  
7.13172  11.1228  
16.84  16.0825  
14.6415  5.43744  
15.8104  34.0343  
13.2578  24.3445  
12.9142  20.0942  
24.1116  16.9942  
4.58152  13.6582  
29.5652  14.6897  
25.2991  33.2606  
1.13392  12.8063  
12.1828  12.7232  
21.802  15.7396  
21.0066  10.5177  
25.1797  9.4667  
21.9841  20.7224  
2.82573  15.8961  
13.3566  18.4339  
20.288  20.5339  
5.4081  13.3809  
10.3261  16.7078  
3.72157  19.7723  
23.6632  15.9818  
4.50187  25.2257  
30.1784  24.2042  
13.3944  10.7905  
13.0656  22.4031  
15.0212  26.351  
19.7133  14.0599  
6.65731  7.48625  
11.8418  5.3657  
3.43148  25.6143  
16.1003  18.0177  
30.3381  14.9849  
18.059  16.6872  
17.2678  27.9367  
12.5023  23.6982  
