0.853038  4.70013  
0.215444  1.26617  
0.401088  0.857422  
0.411613  1.52725  
0.401779  3.63514  
0.382153  3.44744  
0.444911  2.20037  
0.227858  2.67418  
0.930332  0.948565  
0.434126  2.79295  
0.883628  1.61907  
0.353286  3.07283  
0.994258  2.2739  
0.344691  3.30045  
0.0362332  4.21689  
0.509141  5.30336  
0.980268  3.76963  
0.839647  0.864812  
0.365067  4.87318  
0.13035  4.00517  
0.353195  5.64185  
0.0216761  3.84958  
0.474203  3.00227  
0.987696  2.15115  
0.856924  5.06929  
0.606475  4.09376  
0.279964  5.44568  
0.95277  4.10444  
0.756658  1.04562  
0.55983  2.94875  
0.170621  4.72849  
0.827138  1.88542  
0.658914  1.33999  
0.347471  3.6116  
0.0461946  1.76188  
0.949115  2.24809  
0.254209  2.06571  
0.929713  1.39022  
0.799679  3.30836  
0.781427  4.29418  
0.247563  3.11789  
0.136995  5.59949  
0.921365  1.73503  
0.315385  1.86691  
0.233813  5.69725  
0.383602  4.42613  
0.615503  1.3768  
0.0246053  5.1995  
0.166097  4.87678  
0.724707  4.98491  
0.537354  2.7506  
0.564886  1.89986  
0.802323  1.78718  
0.403606  3.1616  
0.0616771  5.83177  
0.962084  2.30752  
0.0604235  3.58941  
0.673327  2.75515  
0.552687  4.81496  
0.0219247  4.13656  
0.744178  1.99746  
0.376111  4.41842  
0.799703  5.15811  
0.536155  5.28255  
0.431199  3.77699  
0.0470216  5.06948  
0.0534738  4.3428  
0.569393  2.68052  
0.778128  3.05978  
0.415568  3.89639  
0.572284  5.01513  
0.540285  3.55138  
0.31633  5.01905  
0.0474443  3.90188  
0.482297  1.75539  
0.267868  2.91968  
0.288782  4.16512  
0.325683  5.47828  
0.670335  1.07281  
0.0169688  1.87223  
0.629082  3.38043  
0.560758  4.28362  
0.75359  4.17158  
0.850644  3.77455  
0.908457  1.46015  
0.730966  4.23914  
0.0731586  1.63227  
0.573436  1.56477  
0.362521  3.74688  
0.251252  2.3049  
0.223929  1.89248  
0.349028  0.974727  
0.0406013  3.54661  
0.94388  1.59633  
0.628962  3.93528  
0.452514  0.977193  
0.414533  1.68875  
0.423437  3.37355  
0.975594  3.40486  
0.107916  3.38252  
0.46867  0.794804  
0.714767  0.78379  
0.36942  1.38115  
0.477581  2.90933  
0.558175  2.29822  
0.0532399  4.96375  
0.217789  5.13326  
0.710588  0.724661  
0.675797  0.776442  
0.468243  2.0191  
0.866792  4.52774  
0.0995396  1.14681  
0.278179  5.67423  
0.0541333  2.4488  
0.567347  2.30958  
0.128221  1.25999  
0.0849459  4.30517  
0.825039  3.80522  
0.88269  3.43476  
0.418109  0.770054  
0.0302991  2.18715  
0.706614  1.30743  
0.655964  3.58192  
0.498197  2.87545  
0.916144  2.72897  
0.956303  1.61035  
0.917489  1.45283  
0.63564  1.59641  
0.211454  4.43265  
0.403563  1.97771  
0.0323875  1.92723  
0.570789  0.773468  
0.124196  1.9889  
0.592184  3.83212  
0.418812  0.955419  
0.784842  3.08192  
0.0747054  3.13031  
0.589992  2.54077  
0.457142  3.2093  
0.55101  4.52532  
0.0800796  2.94034  
0.840818  3.49703  
0.613615  2.03091  
0.959156  2.52179  
0.806571  1.10682  
0.896439  1.06851  
0.692993  0.877092  
0.0265262  1.62392  
0.723146  1.05937  
0.196734  1.26218  
0.271689  4.83664  
0.101748  2.7563  
0.174748  2.48718  
0.887491  4.16237  
0.319941  3.17949  
0.635684  5.12933  
0.150945  1.85533  
0.607663  4.58933  
0.314352  2.38933  
0.368555  5.51495  
0.135089  4.03187  
0.778891  1.24494  
0.975337  4.88862  
0.277392  3.65931  
0.930806  0.574531  
0.267876  2.08113  
0.792147  2.5179  
0.834054  0.49158  
0.236324  1.47678  
0.0919582  2.7282  
0.997497  0.721858  
0.85343  2.58192  
0.818015  2.14777  
0.426805  1.97327  
0.79419  4.33761  
0.618093  1.45098  
0.687571  1.12191  
0.966381  0.429259  
0.359066  2.19644  
0.130506  1.69598  
0.433957  3.10301  
0.893309  4.5116  
0.157797  4.65075  
0.0567689  4.65336  
0.777064  1.42406  
0.763881  3.14554  
0.684192  0.717876  
0.888977  2.62096  
0.0205043  5.8149  
0.575062  4.01226  
0.796166  3.93588  
0.679889  0.990229  
0.682289  1.43354  
0.855042  2.35929  
0.180276  3.96999  
0.453999  1.23  
0.341004  0.909508  
0.02594  2.06121  
0.637829  2.17956  
0.258217  5.40443  
