20.2674  21.849  
14.5859  28.1628  
16.3086  19.0036  
16.9638  11.7457  
10.266  12.3266  
15.3542  26.4659  
22.2629  21.7661  
22.9012  7.47766  
13.4723  22.201  
10.5074  24.0993  
17.3916  11.8346  
22.8161  15.2319  
19.7223  22.2582  
25.8869  22.3453  
15.9906  13.0399  
23.1496  13.7899  
28.6323  20.9393  
17.3473  9.00522  
15.3103  23.4801  
11.6504  17.2108  
21.9228  24.1101  
8.72922  18.8112  
10.0815  11.9315  
14.108  12.2916  
17.1367  16.3927  
13.3613  15.722  
27.501  22.3301  
23.9091  15.9897  
23.8313  16.6038  
24.7688  21.3769  
10.1635  12.332  
13.5253  12.4077  
17.8638  9.51792  
13.9132  18.4711  
15.7305  24.71  
17.7447  17.6752  
21.1452  23.6984  
15.0395  16.81  
21.2756  17.8095  
15.0019  19.3905  
16.0839  12.9881  
30.8404  16.1646  
18.9721  17.7873  
13.166  21.9573  
10.6619  12.1148  
16.1094  2.43754  
24.7764  10.9141  
12.0919  19.5388  
19.5453  25.1859  
14.9512  16.2891  
10.5477  19.1181  
30.1501  14.205  
16.8388  19.0007  
18.6497  7.59537  
16.5407  12.4487  
12.3342  16.1457  
17.8641  11.9183  
10.4928  18.9869  
15.4175  17.0217  
13.2547  35.2559  
12.8698  32.7011  
18.5376  22.8208  
17.1051  18.1489  
12.1043  18.4978  
19.8362  16.9123  
11.8408  12.5489  
6.54263  17.0883  
13.0732  21.0487  
11.3876  7.93779  
9.99825  13.4798  
18.858  26.9497  
19.4502  12.5796  
15.0761  15.8732  
16.6935  19.6586  
10.9578  23.0885  
16.3265  32.4161  
9.30225  9.66538  
9.68511  21.7554  
19.1819  8.10845  
14.715  13.195  
10.1415  16.9774  
23.6443  16.4498  
16.1344  13.0036  
8.45647  22.7821  
20.4955  12.2545  
17.5616  24.3552  
14.3384  20.5876  
20.4119  8.10086  
27.892  14.0669  
27.5566  15.3628  
11.1016  18.0379  
25.7777  19.131  
10.0297  20.3467  
12.3036  18.5051  
2.8798  10.9341  
20.8755  7.98046  
9.2251  23.2986  
22.1411  15.3013  
23.556  20.9929  
16.5126  14.5459  
16.5682  14.8142  
13.8776  19.5125  
16.4199  12.8444  
17.4718  19.2427  
12.505  20.4636  
19.0767  16.4844  
15.2869  19.892  
11.1138  16.6748  
15.2194  19.3844  
10.0383  14.5681  
6.60515  14.6842  
12.8609  11.3267  
15.2706  11.5516  
16.6286  19.484  
8.31158  30.5836  
20.7102  23.7788  
19.5244  17.0362  
16.8371  9.60109  
14.6639  27.3639  
14.7515  17.7521  
15.0321  16.6253  
17.5143  18.7804  
16.2366  20.5511  
11.2674  32.5593  
20.223  18.096  
16.5138  11.0042  
8.39462  15.7184  
32.2425  10.6224  
12.0203  13.911  
19.7666  21.4384  
10.5304  20.0068  
17.0042  18.4317  
20.4732  21.6896  
22.1023  13.1911  
22.491  13.6426  
5.04422  24.5463  
9.60238  19.5606  
8.92161  31.3072  
23.378  14.7728  
30.6286  25.6754  
21.71  24.1917  
9.2507  16.8406  
21.1923  21.5632  
20.0161  8.40963  
16.6912  16.7765  
8.20595  15.2977  
19.9359  25.8894  
12.8576  16.9248  
12.776  7.63153  
8.9265  17.841  
16.6164  20.2434  
17.2651  24.4787  
27.355  20.0647  
18.1426  21.3433  
17.0309  12.2107  
6.11992  16.3551  
16.7061  19.4878  
25.0378  30.6606  
10.4552  13.9205  
17.0139  12.8247  
21.5244  22.3456  
27.5777  13.6621  
8.57225  23.041  
17.1592  28.4971  
15.0191  15.5556  
14.1713  14.106  
12.0959  14.844  
6.35123  11.9415  
19.7716  8.83082  
18.382  24.4207  
6.55618  16.3211  
12.4729  17.2476  
18.2369  33.3957  
11.3594  16.7862  
8.91587  13.8481  
21.121  23.2765  
15.2716  13.0588  
12.6401  6.11094  
10.1895  13.8046  
19.6164  24.6264  
13.4273  21.0837  
10.3177  14.961  
13.4412  15.3398  
12.1792  11.566  
19.8252  17.5709  
21.118  13.995  
14.919  16.3144  
8.10903  12.9136  
9.4053  10.2922  
16.3008  6.71692  
25.745  23.5662  
15.8544  20.7169  
15.8696  17.2638  
24.5273  15.5217  
31.2222  14.6693  
11.5469  18.0437  
14.1211  17.5015  
20.6506  19.3761  
18.2899  14.0057  
7.10091  15.5952  
22.454  10.8478  
19.9939  33.8205  
18.6778  22.6751  
26.5671  17.9796  
15.5651  12.4719  
21.5291  12.1245  
14.725  23.6059  
19.2252  18.7672  
14.0677  12.4444  
23.4783  8.51739  
13.0318  21.1954  
10.8248  12.4094  
29.5539  16.7469  
16.9621  21.2485  
15.9187  21.0844  
25.1315  12.4279  
25.8643  20.4736  
8.02576  15.1228  
14.7252  16.055  
7.90019  15.4698  
20.8043  20.1929  
8.19947  10.9165  
22.265  20.3942  
15.0436  31.5558  
10.9024  17.522  
19.579  18.268  
22.2913  18.2634  
18.8029  13.1488  
23.3195  7.91693  
8.23177  10.1425  
9.25736  32.5899  
31.4861  15.8164  
6.97513  27.8948  
18.1247  14.9076  
18.7135  12.6869  
7.93855  7.4256  
20.8257  13.7605  
11.3615  20.7867  
9.15511  10.1019  
20.7241  13.5768  
12.1411  11.3414  
21.3838  12.1679  
18.0039  16.0405  
8.89419  16.4154  
18.5303  22.4672  
19.2738  7.01109  
12.0734  30.0867  
11.924  9.54616  
7.56049  18.4188  
15.3419  19.7336  
21.4593  16.0693  
17.6573  22.9282  
15.3621  19.7607  
9.59751  13.2316  
21.291  8.90679  
23.8042  21.8619  
11.0024  9.73345  
19.4316  9.51688  
4.15848  18.5949  
15.6205  27.7611  
13.7297  13.1973  
18.5174  19.3461  
14.3431  16.3291  
14.3453  13.8178  
15.1868  7.78974  
10.5425  30.819  
17.241  20.9841  
20.6804  7.06519  
32.3994  20.9593  
23.9431  12.9325  
23.8021  17.6728  
22.049  20.0541  
23.2111  16.1817  
22.0712  18.4696  
18.1129  21.2047  
6.69292  16.4706  
11.5011  20.0067  
11.8233  8.35442  
21.7745  10.4618  
11.2444  14.7198  
20.0077  20.3596  
19.6163  17.683  
12.5295  5.42649  
30.9809  25.7724  
12.2243  16.1886  
19.7502  17.8017  
20.4371  7.6721  
30.3994  18.0058  
12.4483  11.3826  
5.48943  14.0042  
10.8408  10.8754  
14.5516  9.37286  
10.9767  11.3191  
19.7411  16.0786  
13.2925  19.6389  
18.769  16.3261  
6.18179  24.5131  
11.9665  15.5896  
16.899  24.1653  
10.5074  13.3551  
23.4864  12.5622  
9.32045  15.5043  
11.3249  18.9108  
23.5177  19.6019  
12.391  12.0551  
23.1189  15.8586  
8.62795  14.0889  
26.3309  18.7885  
29.2039  13.9857  
27.3801  28.5666  
16.7058  26.7174  
5.29569  21.901  
21.3795  7.36864  
16.8201  21.4677  
13.2807  26.3501  
15.997  13.7107  
13.594  11.8536  
13.9422  17.9104  
14.7676  16.5658  
16.0576  8.99224  
16.5752  22.7953  
13.9923  15.196  
32.4679  11.5064  
5.82559  9.0437  
16.9295  18.5402  
13.2071  10.2723  
41.1013  24.1065  
17.3414  15.8184  
10.0541  12.9076  
8.15606  15.2359  
11.218  9.96701  
20.9836  25.1936  
17.7499  16.8204  
18.3767  18.4855  
8.89785  12.9492  
7.13555  18.7953  
9.55216  28.04  
19.4238  12.7427  
6.13504  18.0942  
30.9131  21.6413  
13.9938  26.3003  
11.5067  10.796  
13.3968  13.7724  
13.1881  20.0255  
10.6738  19.692  
22.9119  22.1105  
8.82231  21.3767  
12.636  12.1434  
9.96488  14.8615  
9.17939  15.4418  
20.7433  11.8933  
17.5749  18.3543  
18.6674  16.6683  
5.39247  20.3456  
21.5451  19.9447  
14.4283  18.6474  
17.5288  9.99119  
15.0388  24.4405  
5.27593  16.1007  
17.16  16.2547  
13.5562  24.2446  
17.3297  7.43308  
15.9428  13.0868  
9.56896  25.9449  
17.4059  16.8367  
8.22221  13.6041  
21.775  5.91024  
27.0536  18.3042  
16.7322  24.0372  
12.1228  15.9678  
14.0437  31.2177  
15.1216  13.2969  
11.9774  7.92094  
21.9691  8.89704  
16.688  8.09993  
14.7077  24.7925  
12.7199  18.9198  
8.40048  13.2848  
12.7206  13.3552  
18.7447  10.6547  
23.9834  25.9156  
19.4907  16.6726  
16.9967  20.3991  
10.459  12.2788  
12.2935  28.5087  
12.887  3.09019  
14.3002  20.5486  
21.4473  11.3493  
9.33637  21.9525  
19.5794  8.3679  
12.3165  15.0368  
12.7825  30.2204  
14.146  13.2201  
13.5465  11.1628  
31.5773  15.2124  
10.5059  15.8019  
15.1757  11.4886  
11.6727  22.0981  
17.0253  13.2444  
10.9283  22.4734  
28.7063  16.4435  
12.6429  18.2893  
10.3858  13.9523  
18.6158  22.1542  
8.08253  13.3984  
14.3628  17.2968  
26.2773  17.4098  
16.367  12.862  
4.7315  19.1388  
18.6854  26.0913  
15.1921  12.3956  
16.7367  14.0229  
21.2796  26.8461  
17.2937  23.7124  
15.1336  15.597  
11.7447  16.4065  
16.5055  25.1014  
23.3152  7.99108  
15.0406  15.1094  
11.4169  15.4805  
8.85581  34.1001  
18.2779  16.9191  
16.1868  12.6769  
9.9007  19.6321  
13.3789  12.0503  
11.1465  6.06008  
24.5344  41.559  
14.0114  9.20277  
15.5129  13.79  
14.6914  13.0736  
16.9381  7.4295  
7.36984  11.9395  
22.3339  24.6596  
14.6857  12.8455  
15.8526  14.6607  
17.8874  13.6155  
15.5746  23.1329  
15.5622  15.9775  
7.08758  17.6203  
14.2326  17.3392  
7.6262  8.74978  
19.8953  11.2764  
12.7542  28.9635  
9.49458  32.295  
14.5956  18.7223  
13.3194  20.1299  
8.9538  21.5863  
14.1815  18.3242  
14.7981  13.6767  
22.6252  11.5958  
7.93388  14.7063  
21.3388  21.7299  
14.346  16.2578  
18.1212  16.2827  
10.9973  12.7269  
18.0938  25.5082  
14.9071  18.3444  
28.3028  21.2891  
9.19311  24.1085  
5.5294  18.1971  
16.0425  18.6085  
23.3956  20.8826  
14.1496  15.3555  
7.00749  15.1156  
22.238  18.6091  
9.4356  14.341  
21.5456  13.3627  
16.0351  33.2241  
15.1379  15.0273  
13.1905  28.1339  
9.45407  13.9973  
15.112  22.1172  
29.4444  19.8756  
32.7226  22.5018  
26.8635  16.9725  
24.5716  10.6752  
20.7535  24.1189  
12.675  10.9311  
20.6675  7.95695  
12.3529  20.5691  
10.3679  28.8405  
24.1175  11.3981  
22.1857  12.8167  
26.6198  13.6168  
18.5117  8.20014  
12.9677  14.9679  
8.11513  16.5201  
8.27411  13.9797  
13.8779  19.9391  
6.78365  12.8884  
7.76683  21.8249  
18.6384  17.3553  
9.16811  17.509  
11.4289  10.9061  
13.7519  17.9205  
9.87894  16.9232  
19.3063  18.5306  
11.374  23.4857  
23.3513  22.1747  
12.7284  12.6149  
13.3058  12.2449  
11.8006  12.7214  
12.0775  12.7388  
9.75943  21.3766  
19.5778  24.3725  
25.3786  9.24495  
10.8285  25.7809  
14.149  18.8381  
10.2043  26.1052  
20.5685  26.4035  
20.6208  18.0767  
14.4626  7.43009  
13.5223  16.8911  
25.9664  7.75626  
6.4758  11.2677  
20.4325  23.2751  
12.2798  19.978  
15.2899  11.8446  
16.1472  16.5627  
8.24615  27.8025  
7.79369  14.1442  
19.651  13.8318  
25.7175  18.3267  
4.39699  16.3806  
6.74526  23.6801  
8.32574  12.6608  
12.3928  7.19526  
10.1641  19.6041  
6.15179  27.1004  
13.4666  34.3769  
19.8743  14.82  
19.4915  9.30542  
18.5647  18.6939  
23.7729  19.1945  
10.541  14.163  
15.6548  15.3125  
11.939  20.7507  
11.8729  31.256  
12.2441  8.33878  
8.91054  19.0886  
25.8154  12.4475  
17.9611  8.61434  
14.8487  9.39267  
18.2287  30.0915  
10.8044  2.22231  
13.9567  25.3286  
11.4712  14.4901  
13.0944  10.9745  
17.807  10.2734  
18.5228  21.2426  
17.7889  12.5867  
20.4483  12.2354  
13.727  11.388  
13.8347  25.7522  
7.96428  22.6659  
15.8746  19.0422  
19.601  24.7345  
20.386  8.06914  
10.8763  23.0711  
18.3426  16.259  
16.4019  17.768  
23.2454  15.3294  
12.6589  20.6677  
34.7457  24.3358  
22.6445  10.7445  
16.699  16.1945  
15.9769  15.0762  
17.9245  18.1522  
9.07063  21.5081  
7.85435  18.9891  
11.3882  11.6827  
24.7065  20.7765  
12.6836  9.81235  
16.526  7.14748  
13.0937  8.41411  
13.2977  16.6581  
18.5732  18.7924  
12.6028  28.9902  
20.545  13.216  
17.6101  22.5012  
17.8278  21.8339  
9.59664  20.5476  
14.8469  19.1175  
23.4615  16.5154  
5.63226  19.4309  
16.8317  8.08264  
24.4746  10.8944  
8.04966  18.3041  
13.7504  14.355  
21.4635  25.8196  
25.2498  14.2656  
17.306  18.7123  
18.7649  15.8468  
9.42192  11.3963  
17.7748  9.71239  
27.1938  15.3972  
11.3403  25.8466  
13.3409  18.2896  
21.2972  27.8489  
20.7485  13.8832  
