8.41347  6.84476  
1.18922  2.85993  
21.0591  7.50656  
7.3436  4.29682  
1.90943  14.0576  
7.45978  11.5452  
10.351  6.82481  
5.78516  7.67742  
7.29714  16.8161  
7.68257  7.35978  
3.85779  10.8074  
18.8866  10.7126  
9.48363  7.06603  
1.31055  16.3807  
14.1548  4.71965  
7.37518  8.98457  
13.4614  0.632848  
7.91514  14.3112  
5.86849  11.6275  
4.35402  3.25856  
0.570477  5.89153  
14.6092  12.7054  
6.0288  5.43769  
1.72955  6.95744  
11.5334  9.47867  
7.71043  7.02075  
10.1093  8.97548  
7.77929  1.67129  
4.19921  7.96914  
3.77208  15.4436  
2.37366  3.1157  
6.07343  7.79486  
4.0907  12.4612  
6.93565  2.40098  
5.59913  5.22888  
10.1503  7.88017  
13.1868  4.47354  
12.2172  8.98035  
7.00209  10.1422  
7.60622  8.49526  
1.88474  7.35014  
9.57528  11.781  
9.17032  5.31938  
2.98978  11.5213  
3.54338  9.2871  
5.06699  13.1379  
3.30221  5.62656  
9.7436  2.6397  
1.73801  7.79926  
14.2071  12.9996  
3.70632  2.51092  
6.42426  15.1976  
11.1303  8.6593  
3.23568  13.6806  
7.89181  11.5544  
16.8819  5.00084  
4.1598  18.2764  
6.5883  4.42111  
12.8643  5.85855  
9.77744  11.2291  
9.74673  8.77481  
9.7867  10.7507  
2.89222  12.6743  
12.2385  11.7686  
4.33839  9.7831  
10.2667  7.17643  
6.58338  2.59541  
6.01695  8.87466  
12.0051  13.0309  
2.53234  12.4984  
12.9401  6.22873  
14.4293  9.90683  
10.8898  8.07642  
14.5079  12.0119  
7.11124  13.9825  
9.02438  7.64327  
6.58801  10.553  
7.09872  5.26707  
11.7183  1.75066  
3.44925  13.7316  
17.1118  7.03745  
5.39763  9.55882  
11.3867  10.3106  
11.0374  5.86187  
4.71192  8.45211  
3.38915  5.33372  
2.88325  11.9375  
5.64037  9.56617  
12.3921  3.72235  
4.51841  13.3915  
11.1569  10.8392  
5.52109  2.89668  
6.17089  5.45676  
9.07128  18.284  
6.79628  14.8752  
3.20048  10.9557  
8.9186  9.34245  
4.06819  3.32854  
4.49165  6.00732  
5.97481  13.6572  
9.25359  10.2454  
10.1261  16.2916  
6.98965  7.45136  
2.22231  15.3138  
5.80489  4.70135  
2.26045  9.11423  
2.43966  14.6985  
9.68633  6.07879  
10.3645  13.9484  
1.71361  14.2956  
6.54768  6.75727  
7.91679  4.86048  
3.81563  7.2306  
5.70099  9.18143  
5.0402  4.22151  
16.3902  8.23683  
4.78008  5.09545  
2.25775  5.89799  
6.20499  4.14037  
6.50716  4.14251  
13.04  11.3146  
5.39878  15.0996  
2.36153  10.1647  
2.96081  6.87108  
10.6232  5.7005  
7.84112  4.075  
20.0847  8.24761  
7.50006  14.0309  
5.14975  4.42855  
6.72049  4.83923  
9.11787  2.63998  
5.644  8.3755  
5.36359  6.90172  
2.97458  8.04005  
7.04591  12.1552  
8.48879  7.07645  
10.7312  7.6344  
15.5569  14.9833  
6.2052  3.81097  
9.39252  14.1048  
8.75506  18.407  
11.6454  10.936  
5.1468  8.25736  
10.6381  7.82563  
7.62994  7.64496  
2.07572  5.25638  
13.027  7.2872  
0.734528  4.57843  
9.85032  7.6687  
8.56282  13.8716  
13.4159  3.44736  
9.46689  6.31355  
11.6979  4.81013  
7.21079  7.16732  
3.8139  7.07138  
9.97293  8.91302  
3.8029  4.88832  
2.59676  9.80475  
5.05226  7.00791  
11.4149  10.3923  
6.44392  7.96652  
3.4433  14.5276  
3.87918  8.00473  
6.64224  7.31864  
11.8555  5.60937  
6.43719  4.70946  
12.5042  9.28918  
3.5388  7.46857  
11.2331  6.66419  
4.56308  9.06409  
2.33949  4.19701  
12.4505  7.63811  
3.61431  12.3623  
4.04776  4.63024  
7.65692  7.69114  
6.09422  9.48776  
5.1959  9.01599  
8.97512  10.1406  
9.40816  10.6489  
7.50703  6.72982  
7.55491  6.1942  
10.9329  7.81204  
4.75642  16.9817  
12.2895  2.00866  
13.1886  3.96098  
2.35505  8.28564  
3.09172  4.76885  
12.0327  12.8663  
8.65939  11.9584  
13.8983  9.89933  
11.7012  8.12355  
4.78972  5.63088  
8.38241  5.21755  
3.81409  5.53977  
6.79763  9.17223  
6.88946  7.33904  
14.5879  11.3783  
10.7057  4.9114  
7.32177  9.42015  
3.61392  11.2335  
8.27736  5.11487  
7.76065  6.73001  
3.353  5.55598  
13.6395  4.08607  
4.72606  10.4681  
9.09589  11.2999  
11.1543  8.76308  
9.4955  17.1671  
5.68178  3.39495  
12.8497  10.0907  
4.98325  9.80449  
4.48874  11.4724  
3.33842  6.3215  
13.6772  3.13362  
14.5042  12.3174  
8.71845  4.02471  
9.92393  11.4404  
11.3972  8.74413  
1.7244  8.04449  
15.1078  8.81344  
7.82506  5.9974  
7.46183  17.445  
7.04853  6.11781  
11.7089  11.3195  
11.1022  5.69197  
9.42123  5.90368  
15.0083  2.74123  
4.3137  5.90965  
12.5674  8.56938  
6.31063  9.58024  
7.08963  13.0722  
6.88834  11.9403  
2.4284  9.56688  
11.8654  12.268  
14.2241  6.28289  
8.07955  5.7016  
0.890206  10.1005  
7.22796  8.04412  
8.24541  8.22328  
10.933  5.90689  
11.8505  3.04585  
5.42072  8.8358  
5.93195  3.29967  
4.66934  3.14372  
15.3644  6.75618  
13.0015  10.0203  
6.713  7.16012  
4.66831  12.9303  
5.78373  8.07012  
7.47056  10.3734  
9.08624  3.56836  
13.3453  4.77632  
9.92493  12.8465  
6.3484  6.75967  
7.72282  6.6344  
6.14063  8.74698  
7.28879  12.2554  
12.1189  4.17672  
3.84806  10.4711  
4.62667  20.8921  
10.6199  8.05163  
6.70147  7.00058  
8.28012  7.73554  
9.21205  6.94607  
8.44199  9.67241  
2.4134  7.29317  
4.9941  16.2916  
8.50299  11.1442  
15.488  8.90064  
4.18774  5.64238  
17.3068  7.7219  
14.5064  6.03647  
6.23216  10.3545  
14.8447  13.0127  
9.31493  9.39676  
7.74001  6.75087  
10.3653  8.05643  
6.49402  4.57273  
6.43745  5.28134  
20.0457  9.94137  
9.39732  5.24556  
9.932  7.81689  
8.46428  14.2457  
2.7458  14.2409  
5.04723  11.9912  
0.83398  4.95802  
13.861  11.6347  
11.1053  8.69526  
3.52088  4.15846  
1.51072  5.09367  
6.6664  3.06629  
7.79809  16.6828  
6.45599  10.6579  
9.80937  7.70334  
8.22219  14.9371  
7.9939  9.176  
19.2143  9.0293  
4.5312  16.9604  
1.24314  11.5851  
3.54817  13.9119  
3.98351  5.4998  
5.63841  15.7384  
5.98548  7.73032  
2.38861  6.94708  
2.56039  5.56321  
6.48256  7.27314  
2.61702  9.17361  
3.79888  6.39578  
6.12355  2.56947  
7.48617  10.252  
0.634613  12.8883  
19.6928  4.45912  
2.7034  8.75595  
6.89817  5.06871  
1.20519  6.86459  
7.35034  12.7345  
10.4069  13.1884  
0.62349  7.72569  
9.25223  13.0454  
6.8666  6.38304  
5.86429  9.0624  
6.9776  8.29904  
3.30978  7.07087  
4.02026  5.50253  
5.90159  8.13328  
1.16229  9.45893  
3.84073  16.7398  
8.0236  3.07158  
13.0194  18.2971  
5.75632  7.51831  
12.8151  4.86117  
2.32273  4.39355  
8.86259  11.0185  
1.89745  6.66901  
7.15129  4.77976  
5.24392  7.7166  
1.08955  12.5504  
6.41945  5.30017  
7.09963  8.25621  
6.81582  15.9597  
2.55609  15.2556  
3.17184  9.61076  
12.2095  3.20178  
12.2013  9.50941  
5.20413  7.26346  
7.58635  8.11731  
2.42424  9.2737  
7.22426  8.07166  
15.2222  14.6752  
9.39331  7.32919  
12.4778  3.1719  
2.37988  5.22449  
2.07784  3.00642  
1.0995  9.9463  
6.03049  9.7227  
3.7808  10.2872  
6.34368  9.91415  
2.86793  11.0554  
4.90252  5.26701  
3.61448  7.14522  
2.47609  8.06381  
12.5819  13.1591  
9.23761  4.467  
7.23595  7.38986  
3.85132  12.544  
8.41525  8.57404  
4.47832  10.6695  
14.9313  15.3267  
3.45011  5.8336  
5.50913  9.47381  
1.73834  12.2736  
10.1875  4.35594  
10.9789  5.30391  
14.2991  3.58019  
3.6178  13.0852  
2.73382  12.3892  
4.78555  9.95437  
6.74662  6.89869  
7.89871  6.46743  
10.4782  9.59607  
5.83368  9.2785  
10.9109  15.4028  
6.53169  5.66541  
7.23567  10.1911  
13.4409  9.40725  
16.1854  17.3659  
12.5292  8.84337  
11.4018  12.0957  
8.87283  18.3666  
8.35703  10.4087  
5.73031  5.58232  
7.22043  9.31879  
7.95611  22.2094  
2.78692  2.60683  
11.9459  10.8096  
12.6418  8.92415  
2.26769  3.60928  
9.12451  5.99907  
11.199  4.50451  
7.23165  5.34733  
4.41038  10.2117  
6.59208  3.98386  
6.93874  6.4111  
8.6576  11.3072  
9.22759  10.9984  
7.18163  14.9328  
4.5903  7.27774  
12.5342  1.76614  
1.44415  3.12074  
4.82081  6.89097  
5.84086  9.34535  
7.37369  10.4417  
6.90154  4.3897  
7.18962  4.34425  
3.41139  10.2537  
7.20322  17.6011  
7.14635  5.79059  
3.92263  1.90034  
12.5984  7.55764  
11.1365  10.896  
8.12395  3.25803  
2.05874  11.5444  
9.06035  7.97501  
7.73671  3.84977  
5.29966  12.4809  
12.0367  3.92054  
13.2544  19.1225  
8.46965  5.5528  
15.4191  7.97466  
6.4531  4.3744  
8.26142  11.0041  
6.51483  7.87988  
4.06282  11.8968  
4.34604  4.28845  
8.55041  14.5182  
9.89779  15.5278  
12.793  8.7743  
6.77095  14.8706  
4.61211  4.79672  
6.68715  9.73933  
8.87882  6.03337  
4.62525  17.9254  
6.48277  18.9727  
10.6672  6.79095  
1.62923  5.31779  
2.64861  3.81623  
11.9283  9.02169  
3.83829  4.28993  
10.4075  12.4152  
10.4244  5.28865  
8.84316  2.025  
7.76897  5.65249  
4.16554  20.7391  
12.754  9.53643  
4.0232  16.5631  
11.0551  4.75905  
8.27156  15.4141  
5.16626  15.3355  
11.5406  15.3938  
9.04365  9.03243  
6.28702  6.70401  
9.70402  9.54151  
11.3069  6.95481  
6.9947  4.66121  
17.2147  2.79003  
1.546  14.7574  
10.1723  5.04407  
7.38411  8.40966  
8.39963  4.97748  
8.32582  9.67849  
4.65523  16.1745  
12.7832  13.327  
5.9125  16.2443  
5.65027  8.29684  
3.25017  10.0807  
4.10746  7.53344  
16.4482  13.0575  
3.75618  8.54967  
6.21781  8.65987  
4.97351  12.0351  
6.72187  12.2076  
2.09349  1.84882  
8.85941  8.74928  
12.3943  7.91791  
5.65662  2.60294  
2.26249  3.66296  
5.98753  5.67955  
1.23341  13.1958  
5.78317  8.93355  
8.00945  9.21196  
11.6057  8.16038  
11.9878  5.21418  
13.4381  7.20902  
8.47942  13.3194  
6.31626  10.9616  
10.6804  10.9762  
14.8317  9.33107  
7.18324  13.5783  
6.19675  6.46536  
3.75013  9.63778  
9.93202  6.19838  
9.68278  15.0445  
4.47315  8.43714  
11.8315  7.12177  
9.98614  2.62338  
5.64289  2.63207  
7.94309  5.19991  
11.1032  7.70252  
3.44889  7.59534  
8.7331  8.37191  
10.5034  3.50214  
7.26775  5.08044  
8.50144  6.97764  
14.8885  7.6439  
5.37539  5.74818  
3.45462  8.85422  
10.6793  13.8728  
4.27214  3.85628  
9.28473  8.19116  
15.4072  6.29955  
1.27534  10.1126  
5.88016  9.5714  
7.82905  13.7485  
8.58524  5.11816  
5.78936  10.8435  
7.21041  11.651  
5.56704  5.764  
6.45265  1.83707  
11.1556  11.3239  
9.22865  10.8023  
8.68045  11.3153  
8.59929  11.6698  
8.37202  17.7192  
7.18805  2.8155  
2.43002  5.56008  
10.736  15.2434  
2.6779  10.0437  
7.99588  11.3944  
7.67266  4.67955  
8.93837  16.2087  
1.4599  15.3855  
2.43552  2.49105  
7.50534  13.3682  
10.0689  8.68832  
10.3564  4.68287  
3.57015  3.40945  
4.30214  8.57451  
9.5593  9.74341  
2.65667  4.63774  
4.01394  8.85916  
8.23084  15.9829  
0.883554  5.51713  
11.7887  10.5622  
3.20445  2.54099  
7.78123  9.63375  
4.74687  11.7834  
8.57723  11.0591  
4.98883  3.47811  
4.9164  9.06016  
19.7014  8.74622  
10.54  11.3229  
4.33374  3.248  
8.13161  6.39151  
5.48308  13.5815  
8.43782  1.90753  
3.99425  13.5686  
9.12132  3.21466  
6.79164  8.68499  
6.5711  8.2258  
5.32086  7.79171  
2.30648  7.01133  
6.2694  11.6598  
7.40373  4.84922  
9.80409  14.8553  
6.36235  5.81962  
10.0548  11.7498  
17.4132  10.1121  
5.94439  7.88623  
8.58757  7.85072  
13.5659  7.88906  
9.5026  13.7633  
5.79506  2.37596  
13.9117  6.80366  
3.68117  7.76904  
7.33158  19.7915  
8.74747  9.3437  
5.49185  20.2013  
2.65605  6.81948  
10.1608  8.16717  
6.11432  9.25721  
4.44781  3.65327  
5.30197  7.55302  
14.3051  3.80746  
12.8332  10.9689  
16.7667  4.54269  
10.1111  11.1553  
1.97061  5.72327  
4.6181  12.4027  
12.6981  2.76559  
16.7099  9.94101  
