5.72429  22.3022  
8.3526  5.25053  
28.9312  6.91801  
11.7814  12.0733  
6.18141  11.9427  
5.84131  13.0062  
10.2361  28.5625  
8.24722  26.2225  
21.3647  14.3207  
10.2732  27.6376  
8.9876  12.4835  
18.9516  30.6718  
24.7879  34.6813  
20.3134  7.6511  
12.4305  24.8393  
32.9817  8.91176  
11.922  36.4624  
15.0583  15.8155  
26.2451  23.2092  
25.9162  15.9808  
6.41833  6.19024  
16.2893  11.0997  
14.7374  10.8403  
25.8028  18.7045  
4.10256  13.6941  
23.3664  4.55331  
10.4462  21.2176  
27.9642  6.59586  
30.2965  10.2091  
8.59876  11.6032  
4.43572  23.7207  
12.0244  9.89115  
14.6075  14.0799  
31.8763  14.1765  
19.9746  19.2243  
32.8657  34.9751  
6.41903  26.6462  
8.74139  6.53513  
7.09895  20.0092  
30.3429  12.7209  
23.0267  18.6879  
20.4305  15.6538  
34.2942  12.5479  
21.6479  23.1096  
9.17029  15.1479  
28.046  17.3872  
3.70695  19.6143  
2.13033  13.8676  
3.99744  12.0341  
13.3611  24.2889  
27.2827  15.5417  
32.5577  9.52202  
21.1029  19.6808  
9.97531  16.1053  
2.49858  15.3804  
16.9161  12.7259  
5.07857  17.7215  
21.4054  26.2644  
8.3267  17.991  
16.5555  9.18113  
4.39538  13.5752  
22.9163  21.4941  
12.6089  14.5665  
20.6049  8.40195  
20.1915  10.3852  
9.10242  33.4086  
20.0619  27.9367  
5.16795  34.7677  
12.1625  6.45  
12.785  10.925  
5.03074  23.7269  
23.1024  13.1012  
7.22951  24.8498  
8.50079  13.1908  
6.02889  14.9721  
25.7206  11.7041  
14.426  19.1242  
9.02341  16.202  
4.45949  15.7807  
12.3503  13.4564  
33.2071  9.8902  
13.5191  20.5167  
13.6504  13.2459  
7.95533  14.761  
4.48727  20.9144  
13.511  9.38663  
17.2903  15.8846  
9.46492  11.089  
19.6236  11.2417  
14.0258  11.6971  
28.0503  16.3294  
27.0836  17.3717  
15.296  8.98351  
12.64  18.2996  
25.3827  16.0358  
19.821  17.0218  
22.214  5.78566  
19.6588  22.0558  
7.14972  10.1376  
17.1851  11.2091  
11.6414  22.8658  
18.3529  14.0833  
8.15254  4.32728  
8.92271  15.3097  
44.3137  21.2877  
16.2089  7.67302  
36.67  17.5399  
16.0311  9.52263  
34.3572  18.0532  
19.3371  13.6223  
13.8405  7.78337  
13.805  13.3316  
19.8097  10.6748  
36.6532  5.22753  
27.0898  7.92641  
11.5124  9.6629  
6.1279  17.7477  
18.325  27.3166  
16.0807  23.4537  
15.7818  12.9133  
17.9488  30.8605  
31.2169  17.6189  
9.0668  26.1784  
10.394  35.4888  
17.7649  12.3438  
12.5105  13.1037  
18.8562  26.5904  
5.67881  25.0822  
8.05454  7.60048  
5.38497  23.0654  
34.3463  17.9161  
11.146  7.43635  
33.1131  23.9211  
6.08904  12.1575  
17.2727  13.3333  
8.22965  9.338  
18.0591  21.0984  
26.0416  4.67927  
19.2804  23.6814  
9.16124  12.7619  
24.2464  6.00362  
13.8007  15.7069  
8.17428  4.43387  
20.478  32.5849  
10.2232  21.9786  
28.4064  9.59241  
10.389  10.0624  
8.30244  5.53496  
9.54492  15.7013  
17.9145  17.0153  
5.66102  26.8022  
17.4629  11.3856  
21.2671  24.7667  
8.31032  6.98726  
25.0872  11.0975  
9.81044  18.8988  
9.82371  21.311  
27.6404  20.3747  
18.9442  20.3608  
43.0196  19.4486  
3.24393  8.48025  
22.2281  21.054  
28.5088  17.8517  
18.0733  22.6724  
9.8737  10.8565  
16.6155  41.7314  
9.78573  21.2071  
9.85171  25.8073  
18.8645  20.3492  
13.1885  20.4842  
6.9423  19.7639  
9.23652  14.8767  
24.3364  11.2065  
25.4737  9.2935  
27.9742  29.9403  
20.5629  23.1726  
24.6458  5.70256  
11.8233  15.8079  
10.0993  15.6579  
13.2846  5.79825  
9.82865  14.1756  
29.3183  17.9867  
16.0448  17.9371  
3.72179  24.0509  
7.46487  13.3446  
21.08  24.4857  
22.2405  16.4329  
8.02415  23.3429  
13.7312  19.8624  
7.88244  10.4577  
8.66708  29.2831  
25.1472  20.3033  
12.5239  19.4393  
17.5309  26.7574  
32.138  13.2723  
5.36249  20.7713  
8.84433  5.40823  
19.5139  10.202  
11.9026  15.4906  
34.9328  13.6382  
20.752  16.4304  
14.0024  10.038  
12.4114  4.65032  
18.1044  21.4894  
6.60095  12.8226  
8.67287  10.1748  
16.9472  7.8182  
15.4645  10.8355  
8.45675  20.6902  
19.2837  17.396  
29.5046  6.8134  
2.7847  23.9734  
7.34403  20.6041  
3.26618  16.0517  
14.7993  19.6451  
3.77946  9.18728  
11.4898  17.8285  
29.9221  10.817  
20.494  15.9348  
26.7237  9.09728  
18.4661  13.8412  
31.1302  16.9748  
26.9653  12.8997  
4.91489  8.83461  
11.609  4.87807  
6.82312  13.0483  
8.90926  16.2067  
15.7573  2.91546  
23.1589  8.4265  
15.038  14.6533  
28.1765  3.72813  
17.6592  17.8363  
8.09753  3.75816  
26.2576  7.42085  
7.98119  19.76  
6.84777  12.6367  
21.1886  8.54858  
24.1009  14.9324  
14.6964  9.41435  
16.6097  14.1412  
27.1175  20.6666  
23.6972  4.95343  
20.9137  8.97299  
16.7707  21.5416  
18.0312  11.062  
3.15859  11.8076  
15.9653  13.4058  
12.6239  13.3188  
5.78189  8.6346  
6.10806  6.74914  
17.1382  7.29629  
24.4082  20.9459  
24.9343  13.1396  
19.8773  8.93659  
23.3496  11.3801  
16.9312  15.0253  
19.9302  18.5122  
24.0922  23.193  
14.8811  16.0748  
23.5838  10.1598  
12.2876  12.5913  
10.939  31.5176  
28.4198  17.954  
9.29442  13.7129  
19.8049  14.4996  
13.1676  22.8642  
18.0326  14.4072  
7.81719  17.3381  
15.6583  25.081  
33.0013  31.6156  
2.40664  9.16323  
6.3389  8.62756  
5.05889  11.454  
4.21784  21.4124  
8.99504  21.1732  
5.41526  18.2441  
4.41734  7.46536  
14.2804  17.056  
22.0867  23.7607  
37.5196  10.6618  
32.1555  15.1425  
5.87762  7.13395  
11.7363  12.9737  
20.419  12.5331  
19.3106  17.106  
6.14807  17.6158  
16.0064  9.34018  
18.3835  35.4429  
15.0494  24.7035  
12.1185  10.7342  
20.4207  30.9568  
13.0156  25.0483  
7.33243  20.046  
20.2461  16.0531  
6.13743  30.5786  
23.9306  9.47695  
26.4106  14.7566  
20.395  24.7911  
17.3428  23.2329  
21.9212  7.91034  
30.6461  21.2422  
16.861  13.0051  
22.5841  25.3922  
19.3083  5.68782  
10.2577  17.7003  
19.2367  14.1869  
13.6106  21.1716  
3.69263  26.6455  
31.1926  14.3193  
5.60596  28.8253  
12.5906  9.87597  
22.7408  11.6309  
5.22939  18.3145  
11.6927  17.6633  
16.5139  12.2289  
10.6594  9.79089  
23.2771  25.4015  
13.5349  12.0087  
18.2883  27.4678  
20.0359  12.5445  
24.9902  10.9486  
19.0443  7.74214  
28.2237  19.3969  
20.9396  29.2692  
21.3581  30.0931  
4.91063  12.1115  
6.11101  14.6611  
12.4304  15.8059  
23.1783  20.059  
30.4731  9.86678  
8.33777  13.9109  
8.95741  19.2719  
10.2888  16.1933  
24.5706  12.4475  
3.22933  20.5689  
8.3397  22.1995  
5.70299  24.2317  
26.7819  20.4236  
31.6026  24.9188  
9.87236  9.35446  
9.49275  10.755  
15.3009  22.1024  
14.3497  10.7283  
11.0993  14.4562  
10.6048  24.1465  
11.3687  24.6337  
5.47905  20.2928  
22.6934  18.4864  
19.6671  9.27688  
13.1569  15.4402  
13.8076  17.6409  
22.9691  15.2962  
8.69588  9.08655  
6.86383  14.0325  
4.42268  19.662  
13.2669  21.243  
13.5426  8.89141  
28.2203  17.0962  
39.632  17.5689  
9.3977  16.0168  
17.919  8.94204  
11.961  18.6746  
3.46891  4.48698  
11.4339  15.5649  
5.15134  23.1504  
24.3651  14.8586  
21.5714  20.0763  
14.0293  21.2099  
11.6994  19.4683  
8.25102  13.7309  
27.4456  15.8748  
27.7258  11.9016  
18.7372  16.4925  
16.9798  4.88438  
27.5017  29.8789  
7.93654  12.7213  
14.6973  19.7086  
18.7631  14.6152  
17.0716  17.8657  
31.8272  11.633  
6.49449  12.2741  
19.5535  15.9454  
14.598  12.7272  
22.4584  28.6627  
24.1908  18.1925  
21.3604  8.10512  
6.44735  18.8449  
24.2203  9.17856  
16.5087  11.0359  
8.06199  22.7721  
9.83643  17.7884  
16.7208  6.40766  
13.4364  12.9654  
6.23982  21.4933  
10.558  23.4817  
5.58278  15.9486  
10.7476  10.6873  
12.2468  9.68066  
33.0973  16.1004  
16.653  5.34032  
5.5363  18.3654  
18.3887  18.764  
11.3214  9.33143  
28.9433  20.0351  
24.3539  26.1729  
7.08881  29.291  
13.6121  19.8314  
23.6239  11.9877  
7.96964  15.1976  
33.0659  13.9601  
13.9345  19.4195  
11.4173  11.7877  
10.6134  24.5634  
17.1712  2.88011  
26.3734  18.4454  
21.4519  30.3676  
19.5441  13.2866  
21.9597  23.4704  
12.6593  12.308  
3.81387  11.5825  
20.6964  17.9353  
6.72248  19.124  
10.0306  17.4175  
22.7959  7.95396  
20.128  23.6428  
14.8592  8.80765  
11.9849  20.1248  
21.7913  22.9925  
10.4263  17.8084  
22.8095  16.0395  
24.4729  18.7625  
16.0733  24.5196  
7.17274  33.2632  
11.84  11.2267  
8.26354  15.4991  
10.2076  20.6826  
12.3804  22.4323  
9.66525  11.9386  
21.2024  25.0155  
20.8039  25.271  
17.833  25.8106  
6.38492  22.959  
22.7072  12.3807  
11.9382  24.4036  
11.1564  15.6008  
16.5473  17.9491  
19.3411  9.95578  
5.70769  12.6411  
20.2196  4.04953  
6.97634  20.9921  
12.1547  19.4557  
8.24955  7.75266  
5.47978  24.3725  
27.022  38.5516  
7.97875  18.793  
15.6829  11.094  
28.7383  17.7544  
5.35651  5.77337  
14.7925  7.33251  
19.8944  17.2863  
33.8793  22.7782  
10.6511  6.99513  
13.301  22.8824  
10.98  6.32914  
4.11156  11.5929  
20.1714  11.7109  
22.6552  19.2235  
2.64927  13.0633  
17.013  16.4851  
5.29955  16.7294  
14.85  8.17995  
9.58877  17.9944  
32.4927  7.05328  
2.44488  18.4876  
15.4389  15.7724  
33.8995  12.8195  
10.7561  11.4526  
16.6736  7.84435  
19.1973  7.45482  
15.5168  16.9388  
5.06623  18.2124  
4.28141  2.76742  
27.2424  9.67541  
36.9526  16.8118  
16.9159  5.86396  
9.99161  18.418  
17.2177  4.19117  
7.74591  36.2488  
15.2299  11.4092  
17.0542  25.6068  
23.03  7.35103  
13.119  22.4465  
26.774  15.5351  
10.0002  20.6613  
12.5003  19.148  
15.9367  15.937  
3.83214  16.3987  
5.43434  12.9102  
22.5283  15.9817  
7.64196  13.3121  
6.91386  17.3372  
10.5353  13.8523  
25.9279  25.6297  
12.3638  19.2426  
6.47682  13.2849  
32.4049  5.83158  
20.3541  4.58644  
33.035  10.7462  
6.81829  22.3514  
6.35445  14.9005  
4.24834  7.21105  
22.207  10.023  
6.91602  5.94754  
12.8812  24.227  
15.9496  14.2946  
15.4478  33.4979  
23.9006  5.70417  
6.4607  5.10168  
9.63239  19.1863  
18.6032  20.1019  
24.8715  19.3979  
20.9623  19.2746  
5.58825  21.9855  
12.7833  29.3711  
18.1763  9.67193  
12.4635  15.048  
9.13166  14.7502  
7.09427  10.6335  
14.2656  25.2162  
31.3431  15.7151  
30.6982  12.5243  
8.9245  19.7914  
17.4948  23.4044  
12.823  16.5552  
2.52162  8.53981  
20.7661  2.96505  
10.5132  13.4968  
20.684  11.7846  
2.6451  21.8873  
20.2887  16.2778  
5.51083  22.2182  
10.7044  21.6662  
18.3321  24.8923  
6.66388  26.4568  
33.3509  37.3659  
2.76676  16.2482  
7.38601  18.0282  
27.0695  12.1707  
30.2845  24.2127  
15.3286  13.9319  
4.59817  12.6494  
11.2681  4.76515  
18.4371  17.8996  
11.8994  25.2831  
9.07688  18.9679  
16.0254  13.9007  
21.9017  2.7649  
21.348  4.62602  
19.7186  37.9312  
16.9328  15.3962  
13.1177  18.1418  
15.7183  10.1353  
4.66258  27.5089  
4.09422  8.13747  
11.4958  17.7133  
15.7163  15.1838  
15.7581  13.0932  
22.0361  28.2034  
25.3674  8.88054  
19.8436  12.9224  
10.439  32.6508  
19.4614  12.6612  
19.8227  15.2202  
14.0256  17.025  
39.7187  14.5255  
12.0174  12.3597  
11.6616  19.2996  
25.1281  27.0807  
7.81385  22.0674  
10.5067  11.5158  
10.1541  14.0101  
14.855  24.2  
24.6749  5.3842  
20.5322  15.697  
20.9117  9.78968  
33.8935  18.9923  
40.2223  22.6889  
15.9902  28.247  
14.7284  18.9261  
12.4572  17.7972  
10.0558  10.637  
18.5407  23.2968  
8.07357  13.3662  
24.2542  17.6409  
27.5441  31.8068  
36.59  5.2496  
29.3251  16.1892  
28.6801  21.0621  
21.4185  19.7999  
16.0436  13.4508  
