3.55215  4.24283  5.22925  
3.25363  0.954161  3.49153  
1.64062  3.3844  5.06312  
4.23988  0.714821  3.70766  
7.66466  0.668762  2.60877  
1.20531  5.79515  10.4923  
5.84508  5.82866  2.75349  
1.16568  3.03165  2.36505  
2.07319  0.836123  7.18156  
1.01453  1.24726  2.22033  
2.68991  0.532009  5.73903  
2.18461  1.82812  3.42826  
7.7751  1.52462  5.24739  
12.187  1.42532  10.1529  
6.26265  9.54728  3.82914  
5.18745  10.0579  5.9644  
8.13696  3.09528  9.13426  
2.62175  6.54999  0.67768  
9.75602  7.72863  5.44606  
3.49831  1.11541  3.2714  
4.6795  7.03038  5.79785  
5.49459  8.97536  2.14657  
4.55171  1.17504  2.88744  
1.46688  2.67348  2.04575  
4.12528  3.93831  3.19876  
3.11962  3.92708  2.30865  
3.55018  1.61235  4.36231  
8.10309  15.67  8.9895  
5.7315  0.651146  4.00299  
3.10054  2.92785  8.73373  
6.52811  10.3126  0.611911  
2.54515  2.71844  4.66029  
11.7279  3.83486  3.41911  
4.71254  2.87674  3.46836  
2.89893  12.3692  1.48842  
4.66199  3.43293  2.92801  
5.43426  4.16276  4.17672  
4.03903  3.48771  1.65937  
2.71762  0.896796  2.99781  
9.22887  9.255  7.96412  
2.62437  5.75633  2.13258  
2.4143  3.16409  3.912  
2.70696  6.43989  2.58935  
1.59455  4.57605  10.5114  
1.17553  1.46149  3.49689  
6.07486  8.21594  4.7005  
13.3858  4.89829  6.31513  
6.01854  0.806552  6.07362  
12.9719  2.38776  3.22964  
0.700139  2.08454  2.55786  
3.00941  3.67175  2.29472  
1.724  2.05734  0.900635  
9.92794  6.84732  11.0475  
1.23242  0.328797  3.71576  
7.05237  0.729249  4.42115  
1.05094  4.02463  5.41208  
5.64806  2.88089  6.21239  
5.62562  1.72415  5.79112  
2.28018  4.08293  1.38043  
3.5817  5.5679  13.9975  
6.2372  2.69345  5.64864  
2.11046  9.92446  4.26538  
2.38331  3.16447  1.31099  
1.58347  12.9915  9.8414  
3.92687  3.46509  1.21881  
1.00155  2.07474  4.87181  
1.28334  6.33629  8.27066  
1.237  1.06167  2.60147  
4.94323  5.71451  6.25454  
2.38376  1.92938  3.11467  
1.17965  8.28607  0.622408  
2.73255  4.16624  4.58954  
2.11957  11.1735  4.36865  
6.9874  7.64931  3.4541  
1.25157  3.29383  2.49845  
0.292038  5.0754  16.3922  
4.80983  10.2269  10.5555  
5.17511  0.197443  4.76065  
5.57405  3.9912  4.82826  
2.10126  5.32984  4.27285  
2.15519  6.53214  4.56227  
3.25559  4.25066  5.56771  
3.03385  4.2808  1.60426  
4.08319  2.28092  0.579422  
4.13219  9.84472  4.92825  
2.38608  2.23476  9.27865  
2.12944  9.77052  5.34219  
1.53255  1.89954  3.63373  
11.031  1.44162  3.39603  
3.45988  1.52783  3.14884  
15.1427  4.25087  3.54713  
1.4935  4.89775  2.16971  
4.89347  2.26721  7.5105  
9.16027  9.6887  5.50303  
0.585529  7.56808  1.51021  
1.6639  7.21387  1.73041  
5.1055  5.0703  1.75021  
5.85141  10.9509  7.38916  
3.99269  9.26671  1.01396  
1.8  7.37662  6.99058  
1.9982  3.07893  5.63977  
2.87998  3.65178  3.21038  
4.36013  6.17265  4.25857  
4.15264  5.67917  2.61006  
3.03496  2.5082  3.86791  
2.21354  2.20156  4.12948  
6.58591  3.82631  2.17578  
7.34827  13.5252  1.94971  
6.41436  2.62255  2.76554  
1.4126  6.15555  6.17416  
10.1511  12.3107  3.61402  
7.45278  3.84353  7.98516  
1.48796  8.9872  3.04979  
3.62822  3.57435  1.80347  
3.87377  3.77057  3.67466  
2.28093  0.459102  5.10091  
4.65876  1.09067  6.19773  
2.82831  1.87025  3.03299  
2.48461  4.92691  3.43645  
18.0378  5.86251  9.28422  
10.2322  2.87648  1.91849  
1.80873  0.274425  2.34557  
7.58338  0.854467  5.19763  
1.25532  4.60146  2.85702  
2.74053  4.31149  4.10846  
5.32219  3.07989  1.98382  
3.0761  4.97095  3.84298  
2.90406  4.03852  2.14175  
5.83868  0.620848  2.86145  
1.25893  3.74827  4.10569  
5.17513  4.00364  3.87023  
1.47293  10.9109  13.2206  
2.70441  3.88306  3.57932  
2.20854  7.65885  5.75027  
1.63128  3.36513  3.98734  
3.50159  5.18136  2.84005  
1.53836  1.14037  2.81099  
5.46916  2.94387  3.01088  
3.36695  2.46958  3.96185  
1.15707  6.71125  3.61644  
3.34892  7.8951  3.48166  
4.25895  2.94893  3.61757  
2.23761  1.06286  7.92764  
10.4919  5.61448  0.592495  
7.6697  3.85996  2.46558  
3.12403  1.7708  3.01304  
1.69121  4.42069  0.727674  
3.46381  7.74451  6.33178  
5.39531  3.19221  3.2316  
4.45584  2.29199  8.75773  
2.53255  1.94836  2.75449  
7.51779  0.663669  4.31504  
4.29848  1.29424  5.9528  
2.69285  5.17268  2.83177  
4.59043  6.4788  3.29184  
4.1035  1.25607  2.66333  
3.97385  5.19894  5.02793  
4.59189  3.50275  2.1357  
2.62094  1.94213  4.0112  
5.91504  13.3756  3.8293  
3.7096  2.99077  2.60845  
3.50168  7.96605  0.739777  
2.85747  4.68129  1.46166  
5.32767  3.79494  2.38539  
2.33523  2.45844  4.18107  
2.57318  1.65183  7.78236  
5.58028  3.76152  4.42777  
2.46485  1.67566  5.48833  
6.79597  1.25064  5.06374  
5.66356  2.5439  2.16268  
3.45947  1.98151  9.46524  
2.16403  2.85009  3.08544  
9.44734  5.21415  9.96659  
6.66925  1.50306  1.03627  
8.90638  3.10453  6.32565  
2.60931  7.61102  5.27103  
3.16634  7.57084  2.22012  
2.59736  6.45384  5.83139  
11.3468  4.28152  3.87708  
2.3748  0.46199  5.94596  
4.62169  0.767914  3.62412  
7.84506  7.43967  0.758883  
4.47709  7.03984  8.36287  
5.67125  3.46549  1.20365  
7.49248  2.28865  2.59241  
0.765906  8.71859  10.2966  
2.84998  1.85236  3.13564  
2.53773  6.06017  7.92139  
1.38588  4.13889  1.72129  
1.85084  5.70927  3.13902  
7.30089  4.01336  10.4309  
4.33252  0.824003  4.97434  
9.85466  5.14156  7.52723  
4.7956  9.98379  7.5399  
5.32279  1.24024  3.65409  
2.10763  1.11304  1.92388  
2.76738  1.74668  2.7809  
8.61394  9.81833  9.56719  
0.451193  4.14296  8.03944  
1.32443  3.56757  9.74308  
10.8175  1.65893  6.35357  
6.97883  7.82253  4.51493  
3.53881  0.176673  5.75503  
7.56231  1.79625  4.72141  
8.62174  6.15795  3.99956  
1.27973  0.964654  3.49954  
2.49679  2.22733  4.85909  
5.45199  6.45436  9.25104  
1.89063  3.20814  3.85744  
2.95833  2.24741  1.00006  
4.6272  12.0726  4.52809  
0.724326  1.3662  11.2357  
12.839  5.66511  10.8647  
8.11366  1.6735  6.69049  
2.34478  0.902257  3.96011  
0.520268  6.69995  3.51094  
2.01373  10.807  4.3489  
7.84374  1.66291  1.6947  
8.34746  1.92851  2.87445  
4.51211  3.26821  3.29833  
3.51112  3.44071  3.24207  
1.55234  5.03731  1.23222  
2.65893  1.77033  3.17695  
2.85915  2.39824  2.12893  
4.05393  1.1801  2.69146  
4.03966  3.96945  4.2578  
5.99625  5.18602  0.997175  
1.2763  7.55261  2.44545  
4.66776  0.930841  4.87914  
5.33549  5.60721  2.08925  
1.34284  2.45857  2.81863  
6.79063  13.9132  6.98012  
5.22721  3.21048  1.86583  
1.41879  3.77926  6.49208  
3.93073  4.56236  7.56892  
14.2439  3.16291  1.70739  
7.2421  5.03983  3.98765  
2.47142  1.85901  4.30868  
7.03693  1.62673  4.90167  
6.21362  5.84358  4.79195  
5.6915  6.37888  2.31812  
4.08684  8.24912  2.29245  
3.9408  0.954193  3.51909  
10.1105  2.86431  6.50927  
3.26857  2.50734  3.35835  
1.03093  1.69186  1.31332  
5.70592  3.10054  5.36836  
2.83764  1.58954  4.30663  
3.06104  0.986309  4.62133  
4.13406  11.1439  4.68542  
9.10772  0.966097  2.61075  
5.06058  11.0001  7.48334  
9.10756  8.79065  11.0897  
17.542  9.77146  6.64909  
5.92947  3.99891  2.55928  
3.57556  1.38047  2.24845  
7.2017  0.968304  1.49967  
7.3914  6.30422  0.954544  
1.05931  6.81057  3.11523  
0.646172  2.52413  8.5928  
10.0964  1.2899  3.1074  
1.37614  2.74582  3.60785  
4.82621  13.4107  4.0791  
4.72152  4.78954  3.67174  
1.74  4.38535  2.53877  
7.12206  2.57717  1.46387  
6.24646  5.3044  1.84646  
4.53843  8.55002  9.23177  
6.02654  1.3145  3.3756  
5.79901  9.3989  7.93802  
6.30738  3.61364  2.03506  
0.976456  1.79108  2.37638  
2.21484  3.60846  4.63669  
8.22746  13.6447  9.17164  
0.992705  3.76509  2.1223  
8.4265  7.15694  3.97396  
6.35022  6.34394  4.98602  
10.3417  4.98811  8.53498  
0.475458  1.40014  2.54175  
0.952499  6.55153  3.0226  
6.42115  2.70112  8.90261  
2.8707  4.97912  5.32825  
4.73436  6.14428  6.20417  
7.0181  10.497  10.876  
4.33216  8.68291  4.49118  
1.37547  6.58212  2.41316  
5.87198  6.68126  7.7879  
0.974108  2.73561  6.98882  
2.59729  4.77266  3.13906  
8.28438  10.428  4.81416  
3.45132  3.39998  1.22856  
1.21528  3.7884  5.40139  
6.26045  2.46108  0.87262  
4.13469  1.28004  1.97041  
1.19023  1.1487  4.12047  
3.53215  5.60021  2.62307  
9.37514  0.543669  6.02456  
2.65415  2.42156  7.2815  
1.62937  1.97603  7.07215  
6.31783  1.4617  8.48356  
3.86449  1.11265  2.22149  
7.30312  0.887632  3.78744  
8.48864  0.791339  7.90547  
2.84684  1.18803  2.96811  
2.61331  5.1063  2.66545  
0.737491  2.23137  3.41641  
1.40763  1.58692  7.62202  
1.52086  2.77788  1.1004  
2.91022  3.15759  2.72376  
3.43642  3.26497  4.69224  
2.99213  0.728191  5.3885  
3.11094  6.69573  5.41966  
2.95382  0.572321  2.9938  
5.63204  3.05281  2.60016  
2.55269  5.41391  6.93398  
6.07693  4.77137  3.61251  
2.6188  1.47951  6.31338  
3.33144  2.14764  2.20004  
6.50692  4.7326  6.61629  
5.80464  2.33451  2.55609  
4.64658  3.01435  6.47687  
6.76351  4.1076  5.9136  
3.24958  4.44873  15.3498  
3.60932  2.76186  5.0769  
2.3719  4.49003  1.66625  
0.584948  6.01472  6.36405  
6.52217  2.51185  7.10444  
2.03796  2.58204  3.90079  
2.74933  1.41887  6.32718  
2.79661  12.0402  9.28257  
1.83944  2.54613  2.35186  
6.40326  7.24854  1.72849  
0.963136  0.470773  3.44095  
10.6906  1.94562  6.20848  
4.67169  1.23187  7.89573  
8.63078  1.24  3.9383  
2.78711  2.57932  3.1676  
9.68419  8.9225  1.36793  
1.84375  1.25983  3.37101  
2.35087  18.3161  4.00893  
3.35829  1.20599  4.63421  
5.24591  7.73261  4.62977  
4.80499  3.83917  3.90879  
4.32813  2.04179  0.764456  
6.74587  5.6701  2.49672  
2.72064  4.05341  4.13523  
5.23721  1.00881  2.80281  
3.5786  0.313023  1.6723  
3.54161  12.3867  7.66116  
9.47246  9.02483  9.67399  
2.42488  1.00159  8.13329  
1.09994  0.746128  4.50916  
8.26665  5.78627  4.93498  
3.4348  2.37031  1.39165  
3.94485  2.07544  3.29157  
8.33236  3.27173  4.25565  
4.60473  5.94538  2.51071  
1.29024  3.27551  4.24925  
1.44621  8.87233  12.2693  
9.38934  13.3838  8.50848  
3.47992  7.52576  8.05883  
7.15224  6.51299  1.6586  
5.02204  2.79162  1.92111  
2.68702  1.47661  4.07222  
5.04931  2.74546  10.4285  
3.89906  2.31854  5.42493  
6.11619  3.00446  3.88651  
4.7108  0.980605  1.1662  
2.27349  3.97442  0.649601  
0.678559  0.701567  4.7189  
4.37173  3.93746  3.55622  
3.30297  3.23169  1.37318  
0.277133  6.19419  3.87546  
1.32722  1.01789  4.74712  
1.8814  0.783009  3.43564  
1.76099  12.9071  5.00983  
2.01517  0.252791  2.22032  
5.44953  1.76333  3.40016  
1.88778  0.665113  4.16445  
2.75082  5.29155  4.00781  
7.09563  0.938256  4.83573  
11.3772  7.82139  5.56587  
4.28932  0.658033  5.45163  
2.56728  7.21524  1.30887  
1.94338  2.00669  1.79577  
2.80521  1.08084  4.04891  
5.09474  1.90344  3.92376  
2.91841  1.57457  2.68021  
8.50371  1.4069  11.6545  
10.8138  8.46098  7.95214  
11.5563  6.54574  6.25855  
7.75511  4.06049  7.81538  
2.25426  4.30904  5.30022  
6.48005  1.83896  5.34444  
5.81913  1.87931  2.09944  
0.370991  3.0037  2.14789  
4.96222  10.5728  3.37777  
2.48737  2.757  2.24317  
0.705695  4.69945  5.32452  
7.25687  1.02959  2.01856  
6.15211  0.866991  8.55393  
3.36156  2.19082  3.32972  
7.06644  1.98484  0.922793  
5.50732  0.351385  9.83078  
2.45981  7.13601  1.33693  
4.57675  5.40627  1.24462  
1.11482  4.21224  5.03287  
2.92642  3.56647  1.10494  
2.85856  8.48192  9.76107  
2.88878  4.4181  3.87803  
2.62682  5.20232  1.99013  
2.68475  2.88503  3.26606  
2.566  2.0922  1.59082  
4.04292  5.61312  2.98894  
1.93546  2.76821  5.91132  
8.62543  0.904369  8.45615  
4.10823  1.17502  4.95814  
5.6867  0.769991  7.923  
2.72501  1.94823  4.76654  
3.1362  1.8336  7.3278  
9.55569  13.5319  8.50838  
6.2896  4.88419  1.70755  
1.56335  3.71998  5.10084  
1.53702  1.96148  2.60775  
4.23947  4.72648  1.54756  
11.1955  14.9694  4.08001  
2.01314  1.13818  2.84084  
8.07491  4.28466  1.36803  
1.12513  9.97661  5.9378  
6.11625  2.20909  10.3937  
6.64773  8.81621  1.95855  
4.86811  6.96381  5.05985  
1.73743  3.95806  3.7674  
4.40272  0.470172  1.7377  
5.53211  6.32266  13.5403  
3.41208  1.30785  2.67425  
11.4822  7.33125  6.40907  
4.07297  9.10205  2.65631  
1.88592  0.130616  2.10121  
7.03433  5.56918  8.18171  
3.92482  3.09807  1.42203  
2.2085  0.255091  2.50871  
3.02975  0.870066  3.82258  
6.81789  8.35219  4.81982  
14.0317  2.61765  3.27437  
1.37994  5.70923  2.19197  
2.66537  3.87628  1.30726  
4.20707  9.715  1.63237  
5.01955  5.29309  3.83779  
7.0406  1.94473  4.52077  
1.80599  4.30652  5.94244  
1.70187  4.94806  4.26607  
5.70879  6.25917  2.49131  
3.76592  7.57148  5.5856  
2.04195  1.6864  5.81337  
0.779526  10.6841  5.45068  
4.68527  3.97963  3.78702  
10.9102  12.2329  3.84116  
3.24252  4.81327  3.0118  
4.09781  10.1506  5.86554  
6.4425  4.03882  4.4453  
5.27499  7.51679  3.16082  
3.7042  8.25161  8.6269  
2.79925  3.00277  5.20764  
3.22035  2.34432  4.0678  
8.6206  7.11552  3.95828  
5.65129  0.66104  8.92473  
5.91017  7.00807  3.35615  
2.60379  8.62977  1.96491  
6.98715  4.15221  4.75332  
5.01522  1.16974  3.04291  
3.88965  1.2693  5.33541  
5.93602  2.87318  3.07153  
5.15792  1.15089  4.46429  
1.32351  3.47006  4.93655  
5.86177  7.47625  12.2158  
7.18902  0.527665  1.71961  
2.55013  14.3338  2.98938  
4.76476  3.56273  3.47738  
7.55863  5.43973  9.62287  
5.77108  7.89648  4.87073  
4.34935  6.17336  5.563  
0.716322  1.44955  3.88505  
5.0033  5.99065  7.38671  
5.71039  1.78413  4.85925  
5.82297  3.6645  5.03004  
2.11055  0.34044  1.9628  
3.85792  1.09152  4.59612  
3.39453  7.25836  6.06738  
3.67493  5.86767  3.93124  
4.00775  13.4341  3.21439  
0.868526  5.06096  9.45337  
4.42225  13.192  7.83041  
1.71659  4.33073  2.94727  
6.92116  9.94378  6.83624  
1.41664  5.911  0.744642  
3.26926  5.64399  3.29501  
3.13615  2.49991  1.96575  
2.92119  0.873043  2.83796  
4.95731  7.92957  4.55383  
2.68892  3.70145  2.01185  
9.90754  6.25927  0.811618  
0.107256  9.13435  9.41229  
3.04488  9.58229  3.19981  
1.35207  3.80926  2.35612  
1.82181  3.26915  4.47613  
3.01523  7.3376  7.60281  
2.27652  1.39854  2.1782  
1.25577  2.06393  11.5636  
2.12001  6.2656  11.4534  
5.22321  4.6267  7.90179  
2.58531  4.80222  4.80504  
1.67634  8.15479  8.92281  
4.99135  1.91164  3.72913  
2.07941  2.56193  4.95057  
0.294898  1.9633  7.86482  
6.09484  4.56408  8.40735  
0.597282  3.46787  4.17335  
4.03869  6.34335  1.19239  
9.52002  1.64036  4.32392  
4.81078  5.22584  3.70731  
2.57265  3.19565  3.31955  
1.03896  13.14  5.26351  
5.50824  4.22515  2.98713  
3.74182  1.37694  7.08391  
2.22748  3.52167  1.70619  
7.0168  6.09583  4.92159  
2.17651  3.85286  8.60635  
11.3942  3.2414  2.94812  
7.97147  1.68388  4.01547  
3.51295  4.12414  4.61679  
2.7637  3.90253  3.75942  
7.97709  3.66429  4.10544  
5.12116  5.86358  4.7656  
1.54322  6.34213  4.38142  
2.82652  3.98926  2.79143  
1.079  2.04103  6.31174  
3.82937  0.959031  4.81511  
2.64911  1.55175  5.7877  
3.00406  1.02115  5.05071  
1.33739  0.215881  1.75369  
1.03226  4.10901  7.06638  
4.24205  2.78375  4.72311  
11.2708  5.52905  5.36655  
14.2082  9.47175  5.25335  
4.22879  3.80922  4.90608  
7.94567  6.39939  4.57751  
4.53894  0.430142  2.14996  
2.16528  3.35818  4.83237  
5.87946  11.8505  7.43373  
11.2006  11.1803  11.3727  
3.82671  10.7056  1.48002  
4.6194  2.2241  5.32865  
2.61687  3.11203  1.13169  
3.75782  9.52954  8.33531  
9.83337  2.98136  4.25665  
9.39105  7.1583  8.79298  
3.06816  3.94704  1.52238  
6.53555  7.21479  2.68154  
4.61478  0.194488  3.79104  
2.29957  1.62992  7.24382  
5.2309  9.33665  11.0559  
2.3502  2.53492  5.27445  
15.324  9.18224  9.90245  
3.01252  6.63507  5.23941  
0.520163  5.45775  2.03765  
3.57849  0.216934  4.37785  
7.07147  1.40393  1.97857  
3.73243  1.74474  8.70032  
3.13233  1.42664  1.20828  
4.11134  0.880372  4.57244  
4.12601  1.90037  6.47534  
9.79349  1.83076  4.58229  
8.69038  13.7357  13.6021  
1.57924  4.65152  3.2305  
5.68881  9.67341  4.28974  
1.01329  1.08158  2.64161  
0.675449  8.12719  4.48801  
3.69845  4.72232  2.26586  
4.45427  2.66379  4.18247  
2.24466  1.02445  1.65613  
1.53404  5.6604  5.53216  
5.72069  4.37093  3.13042  
3.42914  8.63096  1.18314  
5.94986  8.32801  10.8557  
0.833283  0.390761  7.48517  
4.41856  8.15448  3.43806  
7.40104  1.21525  0.748267  
4.15876  2.72166  2.00899  
3.79376  4.24161  10.6831  
6.75272  13.3275  1.57318  
3.58764  2.14361  2.32359  
0.815634  1.68304  3.10421  
1.31597  4.86592  13.3412  
2.98218  4.31951  6.1832  
6.30316  13.1859  3.27391  
5.38376  4.09198  1.30569  
5.72137  8.25644  8.69207  
2.35276  3.92044  5.31072  
13.0468  1.61377  4.03014  
2.68939  0.491399  1.4066  
1.28021  1.63377  4.20057  
3.10113  8.32711  0.761594  
2.67088  2.6933  4.01873  
5.57438  3.36412  6.63269  
6.54079  1.5959  1.07566  
2.8513  3.90348  1.06287  
3.04711  2.50729  5.98935  
3.29069  11.5743  1.11148  
1.98306  1.96187  4.36585  
7.82694  2.88483  1.33513  
4.55425  3.14413  2.77792  
2.13809  3.00399  6.23966  
5.55914  1.9844  8.31123  
4.0619  0.893874  1.52549  
3.20584  4.29469  5.17666  
4.78097  16.9497  9.44359  
5.15982  4.38191  3.18763  
10.185  15.9667  5.1913  
4.56484  1.70164  4.02427  
9.5886  1.011  7.55644  
1.20253  2.56286  1.62691  
10.1634  2.43654  3.99383  
3.94247  1.49689  9.497  
4.90774  4.19466  1.6884  
5.35035  9.14408  8.49199  
8.18923  3.10561  4.88786  
2.14469  3.39615  7.3407  
6.36688  12.8489  5.86552  
3.7047  1.73266  1.24787  
3.63631  7.45601  6.74359  
8.13026  4.20314  2.63787  
5.68017  4.52778  2.15951  
6.35375  4.31813  5.48527  
5.05944  9.21468  2.18037  
1.23895  0.471785  6.60569  
0.891769  8.8262  2.67905  
5.85998  1.52965  1.34212  
5.80313  8.62234  2.418  
8.25794  3.35196  1.4412  
1.02194  2.83673  5.67729  
9.44326  8.93987  1.88683  
6.3382  4.80077  6.27182  
3.43136  0.330487  5.02778  
1.65008  0.600891  1.96639  
1.36787  2.51492  10.912  
3.94808  11.2835  5.88519  
5.45341  3.30623  3.45707  
5.66643  1.93184  6.13267  
5.04856  7.5553  3.74518  
3.60417  0.599038  5.67732  
15.3715  1.77078  8.86938  
1.67863  9.67037  5.56139  
1.0614  0.921279  2.39817  
3.01422  4.31963  8.14186  
3.50614  5.82468  1.67497  
3.62015  4.67915  3.42922  
2.44238  2.80451  2.91036  
5.06102  4.60046  4.20066  
0.893704  10.929  1.437  
2.82036  5.60743  2.88325  
2.50365  3.58613  2.67225  
2.98833  2.14965  2.60845  
2.97493  3.55882  4.27644  
7.95698  6.3034  4.17677  
2.15517  5.82731  7.73668  
10.2276  8.48291  1.31982  
3.18409  4.05035  1.66557  
2.12355  8.43296  2.69239  
7.36297  4.36906  6.98363  
4.82174  7.32964  1.21068  
2.98704  0.419704  2.2419  
2.11693  3.65795  6.82639  
1.8152  1.80462  10.4811  
2.94195  1.31149  4.44216  
4.74593  4.47589  1.53619  
3.21713  0.985808  1.75955  
2.59791  1.46784  5.43589  
2.06675  3.07712  5.14829  
2.22221  7.89442  0.989672  
4.05375  1.35026  0.437549  
2.55112  2.41412  2.43181  
7.15107  3.00089  3.19923  
0.385058  4.99871  3.50104  
1.23945  0.72305  1.73819  
2.88255  1.64405  5.78646  
3.21395  1.42003  6.45859  
2.2048  5.54352  6.45593  
2.33908  0.133252  2.43321  
11.2167  2.41213  2.56488  
3.4935  1.18935  6.79636  
4.07776  8.43528  13.0313  
9.3234  1.50533  6.13522  
7.96723  1.18912  9.72891  
0.999963  3.68381  4.16772  
1.41404  3.46877  5.87969  
4.78397  4.55115  2.98446  
7.89246  11.8367  8.12544  
6.43444  8.65629  4.2804  
3.49828  1.06333  4.20981  
10.0964  11.525  4.48439  
2.23799  2.04815  2.07268  
0.656081  5.46056  4.17562  
7.36026  1.76584  9.4257  
4.10013  3.13303  6.49802  
4.62353  1.03567  6.07824  
5.15528  6.86133  2.59579  
8.76335  17.214  4.43076  
0.241839  3.61741  12.6224  
3.31744  5.70968  4.62658  
3.85315  1.05516  1.97491  
3.78798  3.18967  3.97532  
4.82966  4.22385  5.09525  
2.14396  10.4229  1.06639  
4.22029  1.41144  0.285613  
2.94969  1.66314  2.08757  
3.23135  2.77371  5.44901  
1.39506  3.20074  3.27376  
1.95134  8.16541  4.59448  
1.70127  2.26043  5.88366  
10.2063  6.94904  9.1011  
1.51255  2.99874  1.46946  
4.95768  4.57663  2.76484  
7.2858  5.9135  0.908936  
4.16052  5.52995  2.15902  
1.48612  2.14212  3.44446  
1.65504  5.50852  3.12451  
2.17827  7.44491  7.59835  
3.75515  1.29917  1.63366  
9.21182  10.553  3.62925  
7.482  2.59083  1.78799  
8.39774  14.8565  19.3618  
3.18402  5.88232  4.76821  
5.86923  1.1224  2.30691  
3.02679  0.282197  4.84685  
3.39822  3.82502  2.10582  
4.68975  2.77185  3.7477  
6.26739  0.848312  2.19196  
3.41298  3.20777  4.05105  
3.54572  0.812277  3.2939  
3.70047  8.02102  6.75929  
3.71525  3.10855  3.96547  
8.79674  9.81929  3.36101  
0.904296  3.23116  4.13745  
4.48556  0.844662  2.57427  
1.99869  5.26641  1.69525  
1.26378  2.58212  8.78366  
6.76676  2.05687  4.89857  
3.19083  12.0764  8.25046  
0.680874  3.0736  1.57762  
1.97465  0.411761  2.45774  
9.45398  1.26222  6.59014  
1.39827  2.80783  3.35979  
6.07377  1.07151  1.60619  
1.79352  3.13098  5.54905  
5.58218  2.91174  4.58716  
3.95183  0.417056  3.38601  
4.03008  2.58845  0.734497  
0.752246  6.34198  6.41431  
9.57948  3.36963  3.76398  
1.1376  7.56411  4.63016  
3.03265  1.37889  5.60689  
1.30171  0.642814  9.33441  
5.57812  5.62919  4.88838  
1.9364  1.02745  4.29566  
1.96004  5.73952  2.56504  
1.86007  5.34602  3.74918  
3.38445  3.82309  1.45778  
1.06538  9.44534  4.55594  
3.75265  4.74105  4.64687  
1.89097  1.8283  5.00786  
1.48131  0.663705  6.18071  
1.84535  2.88313  5.30129  
5.01821  2.96245  2.38375  
1.53091  5.84815  3.74372  
1.71046  6.73173  8.40735  
2.11663  3.4634  3.884  
1.33723  2.28755  6.31995  
3.96056  5.08237  3.0776  
3.4577  2.20786  5.20432  
2.52397  0.637247  5.01936  
3.79034  10.2721  4.04517  
3.50396  0.876706  2.31412  
3.44697  2.93201  2.98435  
1.8894  0.985961  3.51593  
1.25028  1.04579  4.402  
8.4127  1.49012  2.76417  
1.68243  4.88859  3.19153  
2.54717  7.03576  1.96676  
3.32166  8.73558  2.14882  
6.51088  2.51168  5.01945  
10.4501  8.12146  7.49267  
6.45449  8.81594  3.16094  
4.59956  1.85034  2.73075  
3.07836  4.63577  0.508691  
6.14531  1.28215  5.88975  
1.32126  3.36129  3.93288  
6.00779  0.140062  0.973616  
1.54178  0.502004  1.21081  
5.12241  4.7031  7.28266  
3.56608  1.58058  3.61203  
6.89713  3.85777  12.4606  
2.71482  0.554946  8.03336  
4.38764  2.89043  3.2705  
1.31376  3.14672  5.21351  
10.0536  7.16788  1.68203  
2.64549  9.31858  2.908  
6.64121  3.55907  1.88764  
4.30809  2.1256  2.48416  
10.1324  5.74621  7.46038  
4.49489  2.1315  6.00013  
2.50812  2.87502  1.99988  
7.70044  4.91468  4.71004  
1.7507  3.90917  1.56561  
3.81621  2.83252  6.74588  
3.93716  2.40391  0.904099  
2.68043  1.81685  7.83545  
6.20054  1.69844  6.7429  
4.89442  2.43377  5.30877  
6.36396  2.39641  3.17375  
1.62245  3.00443  4.18928  
4.0889  3.72279  0.766893  
2.5179  1.29154  4.76532  
6.27058  14.4398  4.78678  
3.93001  2.94406  3.41989  
4.08302  6.30648  2.75736  
3.13457  8.13056  6.18413  
4.30096  3.49662  0.736258  
6.97327  16.6971  5.13339  
2.77795  4.38191  6.31576  
2.23666  0.872277  8.11248  
6.2044  10.0175  6.23443  
1.89809  4.73577  3.69866  
2.26277  1.27936  3.02862  
5.52887  7.24283  3.72385  
9.21168  4.26636  2.97283  
1.24173  11.228  1.2808  
12.5445  4.7457  3.48132  
10.1733  0.04538  3.65345  
5.37071  12.0888  1.42564  
4.42039  5.13495  12.2299  
4.14024  3.69398  2.22406  
9.39876  1.70946  12.1131  
12.1637  3.82001  11.9322  
4.34415  1.42167  2.36955  
5.60683  13.1234  2.85337  
3.58652  1.98666  3.82163  
3.16669  2.81525  4.7741  
4.36611  4.83988  8.58343  
3.80342  1.98084  3.77427  
2.05447  7.23688  5.59816  
2.39271  0.957538  8.51007  
2.68341  0.363268  2.09586  
4.9301  2.51466  5.04733  
2.34301  4.84441  2.68294  
1.43411  5.56053  4.39398  
4.30658  1.93002  2.73169  
4.34033  5.6588  2.17204  
2.50281  0.381688  4.79013  
2.78132  5.89195  3.58158  
1.6202  3.92189  3.52736  
1.48516  0.361869  4.93993  
4.75257  2.83808  1.90627  
6.61933  16.2916  1.91176  
0.527804  1.41599  7.92804  
3.99055  2.24951  3.81546  
0.812281  2.12828  2.44797  
14.6436  15.3369  5.22898  
4.82291  2.82335  2.883  
4.50831  9.1139  3.30397  
1.77843  4.24573  2.62113  
4.13638  2.89744  11.1202  
2.94906  2.37883  6.35382  
4.23201  1.1365  2.15945  
14.8026  9.98688  9.1439  
4.7207  2.46861  7.83822  
4.13168  2.57349  2.08066  
2.71681  4.14575  3.0376  
5.87063  10.8716  8.21072  
7.06195  1.28251  6.39552  
2.72705  4.88059  4.17914  
5.16471  6.06299  5.5496  
12.1521  4.08288  4.45862  
4.9297  5.26017  4.33549  
11.1111  11.5913  12.1987  
11.0377  5.5011  6.75988  
1.74466  4.65395  4.77403  
4.24563  3.10149  1.21808  
1.79615  5.45227  2.24564  
1.942  1.82173  3.31274  
3.52331  2.0345  6.03309  
2.3882  1.11709  2.80864  
3.79946  4.50701  4.23669  
1.41409  6.17768  8.35599  
3.45796  1.06576  2.38414  
9.70156  1.01009  6.46023  
0.743954  7.57186  3.7804  
4.10589  5.35304  6.90525  
4.90837  3.72049  13.3383  
9.78525  4.08472  5.5931  
2.82778  12.0488  3.46887  
9.8203  6.34874  5.70329  
7.32624  3.9836  11.946  
7.924  2.03488  1.60279  
2.9308  1.49493  1.38871  
1.9065  3.32547  2.90854  
6.07953  0.417616  10.7525  
2.1406  0.699517  3.94534  
5.01679  0.660852  1.29675  
1.80891  3.40139  4.09938  
1.79267  0.387383  5.59042  
1.51057  1.25373  4.54864  
10.528  6.29479  5.25942  
1.69361  8.04324  5.49574  
7.10001  6.1734  2.996  
2.35037  3.55601  1.65161  
3.84891  1.73153  5.73046  
4.5111  1.95774  2.78322  
3.68261  3.66941  1.48411  
8.22652  1.66389  4.02833  
15.5591  13.5008  9.87577  
12.2069  6.38631  3.42774  
1.94025  9.27439  4.17838  
3.69245  12.9681  5.12088  
6.42384  1.90603  4.65098  
7.88393  1.38022  7.43209  
2.02676  4.1075  1.54782  
5.34859  3.65151  3.5188  
2.65132  0.845872  4.00493  
3.03677  5.78106  5.72377  
6.67071  12.5197  8.10821  
1.68955  15.2295  6.79054  
5.39515  2.05578  3.63218  
4.39075  1.45126  2.92269  
3.40373  2.40771  1.18429  
10.5534  3.11818  4.40462  
1.57625  3.45798  4.01409  
5.30462  11.2178  0.913466  
1.67781  3.00747  7.20192  
3.7669  3.80865  3.35275  
2.9071  1.57184  1.422  
3.94816  9.37005  1.35667  
3.57341  6.27291  0.892575  
0.869538  3.45053  4.49884  
12.1236  2.1581  10.5881  
5.08277  9.65379  5.7855  
4.57478  5.63715  8.3102  
9.72296  8.68784  1.66309  
7.55281  8.28923  9.74459  
2.97784  5.67896  5.9016  
1.89552  2.85946  2.10551  
2.0333  4.22666  3.54095  
2.21089  3.04617  1.30169  
5.47461  5.2211  1.19155  
3.93989  1.33916  3.19305  
4.20362  4.80748  4.59871  
5.24911  11.2092  2.28689  
3.28005  3.93365  1.74576  
4.39047  4.20495  0.955967  
1.62947  5.88027  10.1162  
2.62239  5.90564  0.453738  
1.96177  4.65221  1.46367  
1.927  5.98227  1.84864  
5.08616  1.96844  3.01697  
3.8198  2.37392  5.27696  
4.8023  3.63352  3.39893  
11.7454  1.2185  6.25141  
4.74943  2.62808  9.70617  
12.6127  1.1234  14.0376  
3.78035  2.35429  13.149  
10.4441  3.51629  2.23442  
2.79137  6.91983  6.84484  
4.97219  1.75364  2.84097  
8.11517  8.18519  2.76928  
0.454186  5.74943  4.96612  
2.35465  4.4419  8.27038  
10.8697  5.37383  0.983573  
4.44984  10.0873  5.29799  
1.21613  4.29  6.85898  
2.4221  4.10823  9.95334  
1.55367  4.7966  10.0443  
1.25756  0.660346  2.92274  
9.46988  2.21032  5.31598  
8.5159  9.01301  2.00359  
1.05357  0.635723  4.83592  
1.11992  2.2736  1.94571  
1.40591  0.706929  5.56432  
0.797387  5.00875  6.75966  
7.66923  2.30605  5.34218  
5.45292  7.18932  1.61663  
3.27717  2.75144  4.41161  
6.88171  0.792526  0.687206  
3.19583  5.05226  4.40912  
6.142  6.63331  1.68842  
8.89664  2.86301  9.7883  
1.0278  3.13567  1.06494  
0.899013  1.54161  4.23465  
1.22693  6.27682  2.18852  
4.60282  5.81147  5.28148  
4.17494  4.89968  1.8083  
2.17096  2.28306  3.18583  
9.62974  2.44242  9.45302  
7.98586  1.65654  9.93302  
2.15617  8.61731  9.40119  
4.87116  2.13561  3.7805  
6.92659  3.01331  2.98262  
1.32369  3.17212  1.42837  
4.77168  2.9519  2.31611  
1.81803  3.69408  11.485  
4.74049  1.12934  2.71929  
1.93426  19.2315  4.01277  
5.5459  6.33356  8.54098  
7.30288  1.35059  4.4172  
1.08141  0.891588  5.59508  
12.5616  3.81923  6.13151  
0.785745  1.71649  2.75366  
3.40629  4.70411  2.45054  
10.3441  1.40407  10.6047  
8.49178  10.143  12.0295  
2.87069  7.22637  1.93159  
0.330947  5.35762  4.8984  
3.35512  6.72263  11.6651  
2.25419  1.69145  3.34069  
1.84766  1.64922  3.06262  
5.22931  1.22224  3.05416  
4.99147  5.45896  1.34547  
3.89898  1.34825  3.03076  
2.60129  4.18166  3.67633  
4.48066  1.79766  2.91298  
2.88373  2.68491  3.07374  
11.4556  1.52259  6.96572  
2.97874  1.77322  2.09135  
4.07363  1.90629  4.58347  
13.733  11.8829  3.97783  
6.57014  6.20991  1.44982  
