0.905064  0.735592  
0.725313  1.54146  
0.915281  0.434141  
0.695204  0.680697  
0.820217  0.603658  
0.740036  1.5383  
0.339934  1.18561  
0.571048  1.12138  
1.00709  0.39052  
1.67578  0.396718  
0.203599  0.963711  
1.73609  0.638455  
1.45731  0.297715  
1.33564  0.541767  
1.5532  0.328374  
1.32354  0.500599  
1.07576  0.626525  
0.507133  0.805623  
0.863593  0.413489  
0.891615  0.496439  
0.815983  0.566957  
0.737748  0.950677  
0.941695  0.327194  
1.3418  0.44113  
0.605137  0.746166  
1.1802  0.53388  
0.623409  0.807613  
0.988612  1.1648  
1.22096  0.389797  
1.29567  0.577591  
0.662695  0.726512  
0.901059  1.37744  
0.718506  0.892179  
1.02953  0.753013  
0.544097  0.871949  
1.31531  1.04832  
1.04845  0.321142  
1.02524  0.678033  
0.860963  1.59013  
0.541498  0.895693  
0.749779  0.562522  
0.892851  0.636275  
0.270027  1.37479  
0.987607  0.777505  
0.632797  0.738274  
1.29297  0.627046  
1.43589  0.599175  
0.68991  1.51875  
0.749819  0.470642  
0.528347  1.00571  
0.702718  0.92861  
1.28862  0.496523  
0.616156  0.735133  
1.06706  0.892596  
1.56942  0.757129  
1.19066  0.483874  
0.766155  0.732618  
0.417123  1.05659  
1.20342  0.391021  
1.48028  0.202133  
1.31722  0.409256  
0.844184  1.08854  
0.515779  0.997748  
1.28889  0.573461  
2.22702  0.619823  
0.796724  0.45523  
0.432994  1.57135  
0.674069  1.18631  
1.59346  1.04575  
1.45193  0.324765  
0.575122  1.64859  
0.907982  0.810449  
0.861049  1.01614  
0.788803  1.426  
0.72545  1.32456  
1.05083  1.04399  
0.734481  0.604929  
0.56503  1.34063  
1.15931  1.75909  
0.688461  0.816183  
0.535382  1.01702  
0.785849  0.550507  
0.763579  1.61008  
0.87167  0.355825  
0.515183  0.671591  
1.60742  0.77198  
0.465552  1.22653  
0.690989  0.660553  
0.558106  1.09777  
0.788984  1.29885  
0.768739  1.26662  
0.886156  1.06742  
0.633057  1.34139  
0.878821  0.516943  
0.654586  1.63628  
0.737798  0.733584  
0.919331  1.38009  
0.519357  0.688551  
0.542924  1.42145  
0.944931  1.64243  
1.14208  0.64245  
0.55  0.799026  
0.534972  0.793941  
0.551208  1.27106  
0.477391  1.671  
0.479666  0.80578  
1.24935  1.29352  
0.874543  0.635866  
0.711159  0.674553  
1.08166  0.314901  
0.553838  1.64994  
1.58717  0.518535  
0.539604  1.18598  
0.639188  0.659247  
0.840323  1.10042  
0.916058  0.587435  
0.355306  0.806073  
0.94606  1.31724  
0.749049  0.529612  
0.917393  0.47418  
0.929142  0.795745  
1.50243  0.993306  
1.02388  0.624319  
1.10933  0.417993  
0.614824  0.959773  
1.57963  0.140137  
1.19174  0.695046  
0.679309  1.61199  
0.820297  0.852127  
0.668629  0.519291  
0.774306  0.54589  
1.28189  0.757784  
0.771741  0.800784  
0.963311  0.571101  
1.06089  0.356388  
0.473549  1.03335  
0.825411  0.642908  
0.864027  1.70151  
0.840423  0.54413  
0.502253  0.860697  
0.878471  0.391037  
0.600617  0.684458  
1.14644  0.577741  
0.441797  1.1781  
0.693275  0.644729  
0.740986  0.484313  
0.796043  0.525327  
0.42371  0.970704  
1.14539  0.827257  
1.27062  0.240055  
0.852732  0.525591  
0.947286  0.712541  
0.557184  1.26878  
0.690302  0.836038  
0.981607  0.619138  
1.50191  0.860283  
0.91772  1.16641  
0.580609  1.06414  
0.796418  0.557266  
0.951936  0.469349  
0.862773  0.712684  
0.721132  0.783941  
1.31325  0.213842  
0.996685  0.388637  
0.581626  0.913386  
0.619179  0.621995  
1.20016  0.442984  
0.930166  0.617997  
1.17104  0.465406  
0.666975  0.558923  
0.39827  0.980405  
0.943286  0.79127  
0.696806  0.802476  
0.272685  1.26056  
0.578325  0.944225  
0.880551  0.378801  
0.854399  0.404445  
0.724537  0.853612  
0.711068  0.837523  
0.673287  0.696439  
0.713794  0.536787  
0.769271  1.00837  
1.20298  0.646089  
0.728553  0.587756  
1.01707  0.525792  
0.773588  1.09133  
0.50147  1.1452  
0.841507  0.93542  
1.43234  0.603526  
1.30143  0.523588  
1.13493  0.602863  
0.543833  0.849474  
0.799089  1.31092  
0.992914  0.475261  
0.812128  0.398069  
1.25256  0.668986  
0.97556  1.56105  
0.6178  1.0867  
1.31125  0.799021  
1.1507  0.656689  
0.629319  0.980541  
0.932924  0.370611  
0.250918  1.68967  
0.845128  0.896835  
0.253438  1.45952  
1.38848  0.462361  
0.47882  1.07146  
1.09672  0.49749  
0.817037  0.860128  
1.0928  0.607769  
0.2757  1.58336  
0.716484  1.1218  
1.67594  0.870725  
0.56401  1.58763  
0.730591  1.14316  
0.56749  1.13498  
0.978694  0.554815  
0.219933  1.48874  
0.885502  0.471949  
0.494694  1.33844  
0.851897  0.569184  
0.428526  1.76524  
1.40509  0.752307  
0.790415  0.53474  
1.30904  0.62314  
0.606565  0.763552  
0.737098  1.13309  
1.09538  0.445972  
0.46897  1.47722  
0.788693  0.564377  
1.19571  0.500986  
1.00005  0.502107  
0.950275  0.719054  
0.951306  0.698907  
0.656969  1.25504  
1.05117  0.620405  
0.919116  0.849312  
0.331062  1.42038  
1.021  1.37137  
1.37632  0.675934  
0.654762  0.583058  
0.820239  0.675974  
0.729996  0.564005  
0.895758  0.737379  
1.09891  0.520841  
1.19209  0.630951  
0.891189  0.563649  
1.11553  0.394395  
0.950481  0.607023  
0.665963  0.564157  
0.656018  0.661545  
1.73345  0.38938  
0.682129  0.878484  
0.852598  0.340041  
0.843562  0.507013  
0.414823  1.25523  
0.499835  1.3303  
0.77357  0.83767  
1.25551  0.559737  
0.972204  0.567252  
1.07883  1.20272  
0.768119  1.0208  
0.595742  0.799338  
0.603662  1.35057  
2.12102  0.621804  
0.738235  0.399086  
0.812251  1.2536  
0.63146  0.614085  
0.897335  1.56653  
1.16462  0.652673  
0.511252  1.21935  
0.599579  0.528427  
0.75345  0.859602  
0.592013  0.629875  
1.11003  0.42087  
1.00928  0.618652  
0.922375  0.949095  
0.821766  0.520765  
0.606476  0.717403  
0.663775  1.2697  
0.799177  0.58369  
0.773799  0.64384  
1.11201  0.646574  
1.35489  0.539289  
0.785619  0.622088  
0.679975  1.74574  
0.613777  0.636317  
0.490434  1.51203  
1.08004  1.09205  
1.47763  0.548101  
0.485291  1.18862  
0.928331  0.318994  
0.286158  1.26544  
1.16878  0.548349  
0.7635  0.615736  
0.231473  1.36739  
1.02049  0.37356  
0.880475  0.683441  
0.919128  0.368625  
1.0422  0.619218  
0.876035  1.18599  
0.983145  0.862773  
0.925132  0.910327  
0.694608  1.07302  
0.801822  0.574331  
0.359775  1.24563  
0.626128  1.42931  
0.43469  0.914455  
0.893256  0.422353  
0.898118  1.09359  
1.17947  0.579681  
0.88831  0.860312  
1.52503  0.464594  
0.76066  0.505981  
0.462002  1.06123  
1.38116  0.520935  
0.770567  0.555098  
1.46339  0.529577  
1.98946  0.647127  
0.950436  0.61525  
1.08515  0.428708  
1.64425  1.00342  
0.724938  0.670216  
0.840192  0.588077  
0.933602  1.12355  
0.770755  0.671913  
1.05156  1.3831  
1.41806  0.818122  
0.832352  1.0879  
1.49635  0.672762  
0.855308  1.00664  
0.351703  1.02842  
0.62187  0.987089  
0.916373  0.65732  
1.0405  0.663748  
0.930063  0.530731  
1.20658  0.410185  
1.30743  0.534443  
0.711469  0.984949  
1.00359  0.629822  
1.23444  1.4496  
0.725  1.0836  
1.06159  0.739  
0.434836  0.757768  
1.12074  0.397889  
0.719269  0.577911  
0.785742  1.20217  
0.829696  1.52885  
0.497861  0.693577  
0.384456  0.855363  
0.735469  0.74047  
0.774688  0.725646  
0.591586  0.900678  
0.261407  1.26346  
1.02935  0.567632  
1.87658  0.324984  
0.996282  0.651144  
1.14048  0.565915  
0.570305  1.10828  
0.603421  1.24876  
0.727578  0.938613  
0.553528  0.993269  
0.340696  1.39724  
1.13938  0.74842  
0.649142  0.683664  
1.57479  0.361183  
1.05109  0.391674  
0.715064  0.891879  
0.286276  0.951944  
0.71328  0.6193  
1.05687  0.582354  
0.565577  0.643013  
0.708158  1.46352  
0.771082  0.418649  
0.715302  0.893054  
0.751612  1.11547  
0.809332  1.27995  
0.413324  1.25241  
0.782318  0.884647  
0.354519  1.19231  
1.72946  0.529528  
0.635265  0.896403  
0.770889  0.637226  
0.674284  1.11888  
0.525674  1.4715  
0.37917  1.56815  
0.703438  0.869458  
1.24938  0.345741  
2.08323  0.238103  
0.455897  1.19229  
1.0256  0.704125  
0.649087  0.906215  
1.00051  0.932493  
0.874904  0.672292  
0.659763  1.51757  
0.984996  0.589129  
0.70026  0.515303  
0.70648  1.35862  
1.13275  0.297605  
0.319685  1.38871  
0.579864  0.932716  
0.430948  1.53515  
0.68004  1.10391  
0.699481  0.705799  
0.676295  1.61256  
0.904742  0.428204  
1.1103  0.730378  
1.05559  1.49397  
0.257905  1.17709  
0.946941  0.592924  
0.762822  0.570583  
1.30621  0.38813  
0.709053  0.569766  
0.702502  0.668104  
0.63575  1.21313  
0.547697  0.731509  
0.80503  0.871773  
1.47266  0.790288  
0.79768  0.407118  
0.583277  1.2797  
0.784251  0.385132  
0.370016  1.1881  
1.2111  0.349207  
0.776545  2.15462  
0.566782  1.23338  
0.753868  1.31551  
0.689642  0.747949  
0.35209  1.49058  
0.910214  0.814304  
1.14585  1.54075  
1.01073  0.49203  
1.04402  0.59413  
0.756276  0.490398  
0.820002  0.559705  
0.782777  1.38834  
1.04522  0.36315  
1.90202  0.580786  
0.468382  1.02463  
0.542195  1.11945  
0.445803  1.46918  
0.435032  1.21015  
0.523372  1.01193  
1.92182  0.480936  
0.516069  0.786232  
0.965642  0.694353  
0.53023  1.15056  
0.769279  0.336855  
0.650491  1.10352  
1.26286  0.549432  
1.67031  0.530608  
0.944547  0.571711  
1.09996  0.4997  
0.803278  1.44067  
0.745732  1.64437  
0.58278  0.756355  
0.542704  1.45099  
1.212  0.516251  
0.700024  0.482849  
0.826143  0.795633  
0.599989  0.726505  
0.938471  0.296366  
0.506731  1.08542  
1.52554  0.493148  
0.622072  0.695526  
0.872059  0.662262  
1.29618  0.563507  
0.886379  0.520763  
0.475259  1.14632  
0.664193  0.455738  
0.657953  0.657651  
0.716291  0.548731  
0.270979  1.07861  
0.986305  0.732499  
0.749963  0.703241  
1.23308  0.226475  
0.606163  1.08669  
0.683218  1.16821  
0.971862  0.398667  
1.61267  0.449417  
0.740153  0.740143  
0.970412  1.03905  
0.724943  1.08767  
0.63318  0.842284  
0.182527  1.45538  
0.908997  0.615144  
0.66793  1.49838  
1.15003  0.666932  
0.508443  1.83131  
0.750389  0.897016  
0.954756  0.694056  
2.24967  0.86594  
0.482649  0.873447  
0.698894  0.932995  
0.845712  0.656976  
0.720743  0.753908  
0.506827  0.726509  
0.78951  0.754603  
0.811904  0.39026  
0.700085  0.702606  
0.738855  0.600783  
0.562651  0.629528  
1.39412  0.743874  
1.33018  0.363079  
0.664502  0.846371  
0.554081  0.990287  
1.10635  0.668761  
1.88833  0.469563  
0.996096  0.868993  
0.982594  0.455213  
0.766393  0.528288  
0.704478  1.28877  
0.545046  0.936272  
0.480306  0.999082  
1.31733  0.371722  
0.540356  0.638993  
0.844632  1.73878  
0.904525  0.587361  
0.659639  1.34076  
0.734479  1.17003  
0.687639  0.981435  
0.683204  0.801035  
1.1398  1.36764  
0.658501  0.690399  
1.45041  0.655736  
1.04774  0.408716  
0.82154  1.03379  
1.06976  0.383432  
0.561427  0.81484  
1.12539  0.691865  
0.847893  0.34387  
0.558661  0.832979  
0.939685  0.931444  
0.908625  0.859972  
1.8447  0.287784  
1.9577  0.501214  
0.742182  0.774369  
1.36206  0.340777  
1.04293  0.658693  
0.392665  1.39036  
0.305133  1.15075  
0.672398  0.994913  
1.5054  0.577162  
0.69021  0.678925  
0.693067  0.786127  
1.31711  0.651935  
0.570892  0.972551  
0.78232  1.54157  
0.235045  1.391  
0.473534  1.52629  
0.864004  1.2122  
0.884752  0.803375  
0.408174  1.23919  
0.578162  0.749936  
0.977474  0.855411  
0.428313  0.992997  
0.716005  0.620147  
0.731776  1.06679  
0.95591  0.565092  
1.16573  0.538515  
1.00169  0.447819  
0.67893  0.763709  
0.867652  0.843818  
0.302388  1.76533  
0.995312  0.796338  
0.376378  1.10082  
1.42481  0.505528  
0.436888  1.04386  
0.549754  1.28409  
0.864798  0.578999  
0.310497  1.84186  
0.808431  1.09244  
1.68811  0.663379  
0.589016  1.2918  
0.250468  2.14942  
0.299273  1.25457  
0.553718  0.65653  
0.886093  0.467653  
1.01924  0.397426  
0.540655  1.08897  
0.846715  0.47366  
1.57785  0.82677  
0.680601  0.978833  
0.627736  1.22995  
0.509217  0.852881  
0.793101  0.535632  
1.28034  0.620277  
0.324751  1.38473  
1.1341  0.382092  
0.713252  0.854452  
0.772425  0.918945  
0.333759  1.34055  
0.648655  0.630035  
0.731736  1.38254  
0.602497  1.57951  
1.04123  0.504421  
0.831182  0.770219  
0.998179  0.678281  
1.53102  0.677009  
1.72893  0.418962  
1.00642  0.638863  
