33.1328  11.9471  
6.70828  12.0694  
15.5874  5.98115  
11.4019  18.1932  
16.8799  14.187  
20.5892  13.8737  
25.9493  26.6471  
10.7501  12.982  
17.216  16.2589  
32.0451  17.1543  
28.6414  8.13827  
10.3478  6.48596  
4.781  33.0976  
14.6683  17.0002  
43.3912  16.8124  
15.5867  16.4197  
23.1823  7.66288  
19.1865  10.7339  
29.8423  17.0546  
16.7903  18.9364  
23.4173  11.0533  
22.6343  17.4862  
33.7168  24.905  
29.8355  27.3892  
14.2043  31.0527  
14.6499  29.9161  
9.83242  21.4381  
44.6146  40.4237  
20.7242  3.87784  
9.91255  7.24168  
48.4874  29.9169  
26.365  9.56084  
13.1772  17.038  
5.35564  25.7945  
10.3455  25.4621  
8.35372  23.6985  
18.7409  12.5371  
19.097  26.3399  
32.0389  36.8139  
12.8996  12.2373  
16.0325  13.1826  
22.0419  18.3788  
21.6527  12.9252  
32.3021  34.6741  
13.9571  21.2648  
5.3012  33.5396  
20.0259  32.0123  
8.25349  4.58738  
34.0097  10.719  
16.2591  30.9775  
15.8056  23.8271  
7.17417  32.0787  
35.7104  10.6092  
13.9237  26.7955  
30.2064  14.2348  
14.5398  21.0412  
7.52819  20.4786  
19.9138  18.2746  
16.6736  7.11577  
35.2036  12.9004  
15.7019  25.986  
15.8507  7.35463  
13.9484  6.94336  
21.2205  13.6286  
17.3325  9.3182  
9.36983  17.196  
30.3077  16.7797  
24.9801  10.5644  
6.34821  12.5056  
16.7738  16.3843  
23.5327  16.4758  
23.9143  19.5193  
15.2272  14.1788  
13.003  25.6002  
14.888  21.7097  
9.54358  9.83683  
7.23098  8.26531  
21.4202  20.8025  
6.4977  30.6947  
19.3084  24.9388  
11.8955  11.3113  
16.5198  20.9776  
12.0558  28.7523  
22.9293  11.0921  
21.6556  10.7742  
41.2424  14.3869  
11.7541  22.0323  
15.8458  10.339  
22.859  4.03951  
20.1132  23.5494  
13.4185  6.5985  
38.8257  10.1426  
9.32825  22.115  
33.1962  26.6156  
11.4406  19.7525  
27.2091  12.8599  
31.1562  11.4136  
9.6733  20.0965  
19.8561  16.9874  
20.1079  15.4422  
26.5789  27.6836  
11.2893  11.2119  
14.769  26.5163  
8.90275  13.0479  
21.1926  13.6147  
16.9182  12.8505  
9.49312  23.6655  
13.8114  28.2329  
19.9864  10.2129  
27.6117  9.95897  
16.3909  4.1865  
21.8818  11.4234  
18.606  14.3596  
19.7576  6.74152  
35.3429  9.81301  
18.7256  21.0286  
11.1956  19.8681  
8.83202  15.2771  
11.9334  30.3568  
14.2394  19.636  
14.8808  10.5992  
12.8411  14.7317  
28.8914  18.1767  
10.8802  34.9262  
23.2716  19.0781  
12.5519  4.65959  
21.6905  15.2914  
16.8894  49.0808  
14.193  7.23884  
46.3614  16.7795  
19.9967  12.1341  
14.5803  19.1469  
14.57  30.0377  
18.6314  13.105  
6.87718  9.68697  
9.97114  26.9551  
12.8326  15.2101  
15.24  21.9084  
23.0179  15.8579  
21.6053  20.9198  
30.5855  18.709  
36.1696  19.9834  
34.4391  18.6411  
31.3435  25.086  
13.6757  32.1743  
20.0153  28.9076  
12.1749  7.96671  
15.7621  30.4199  
38.7274  35.1183  
12.952  15.4147  
6.8197  16.235  
23.3143  25.9453  
16.0822  18.2456  
12.5311  5.61035  
13.9187  3.44195  
44.9822  9.78583  
15.5999  10.682  
9.45813  20.8878  
10.0885  17.642  
19.9217  9.15751  
17.1592  11.2154  
21.1204  15.541  
18.8474  14.0169  
24.1867  20.6656  
14.9545  17.6524  
24.4226  14.133  
13.8346  9.49266  
34.1149  25.2713  
20.9968  14.0844  
8.09891  36.8229  
19.9636  33.2343  
20.2105  17.8203  
24.2536  20.216  
14.0411  8.66529  
30.072  10.5614  
33.8308  19.5371  
24.5881  7.70805  
25.061  8.09225  
16.6481  18.4897  
34.081  22.8869  
24.0427  13.6978  
24.2841  5.9695  
8.46661  22.0033  
18.5827  15.9129  
27.4035  23.9406  
11.789  11.5705  
24.1357  21.1859  
19.5981  6.70258  
16.4366  18.8976  
34.122  13.582  
21.5827  25.9185  
16.6764  26.1988  
24.6458  13.8316  
10.8422  18.9991  
13.1023  24.6152  
6.7443  20.4058  
30.5872  14.0057  
32.401  18.8301  
6.07238  10.0771  
18.8919  13.7862  
11.9782  22.5044  
15.1891  7.52543  
11.1455  17.3147  
21.5362  23.3676  
33.9114  7.97963  
27.0948  12.6825  
13.6231  29.6628  
11.6329  20.1625  
27.2122  13.5885  
18.0019  7.55368  
20.8372  36.3804  
25.218  14.1475  
27.9843  11.077  
22.2703  5.57184  
9.50704  18.852  
6.95453  30.8514  
23.7189  9.18921  
26.4616  12.0213  
20.0526  4.47912  
32.4549  8.51323  
19.6878  9.92096  
8.69266  14.1609  
17.2293  11.3657  
20.4751  9.59993  
36.1295  25.6428  
10.4535  26.5834  
16.6751  19.0019  
8.89009  10.9188  
24.7237  24.921  
23.5331  11.4546  
3.23978  14.1398  
20.2285  32.7947  
27.2643  19.0558  
19.5941  16.7555  
44.2242  9.85242  
11.0138  19.0493  
21.995  18.5167  
18.2571  30.9995  
21.2696  18.583  
9.54504  14.8274  
22.9909  13.2677  
21.7703  34.2902  
22.6285  16.3238  
12.9631  29.4901  
9.90426  9.23523  
8.73611  9.19416  
28.7395  7.25303  
12.3791  20.1774  
32.4752  16.5182  
37.5722  25.3036  
31.353  16.0779  
13.1006  20.7583  
27.9195  6.9668  
18.0569  16.9788  
15.8874  8.16694  
19.5341  17.9331  
19.616  20.2979  
12.8235  14.924  
5.99973  16.3327  
32.2221  18.1132  
14.3545  17.1899  
22.7625  8.62047  
31.8004  22.9455  
11.6078  7.25876  
29.2978  29.6633  
16.3631  11.5803  
30.4571  18.8096  
9.14041  26.6606  
15.581  38.3805  
8.11764  19.9805  
31.9672  29.4836  
22.996  7.27728  
32.8221  16.6639  
43.2179  16.647  
22.1954  21.6669  
33.5001  15.8815  
8.24733  18.9517  
21.7643  32.0833  
13.4838  45.3188  
22.1369  12.6055  
11.9788  14.9228  
9.38442  12.3352  
6.94801  23.0312  
22.862  18.0162  
31.1629  31.8517  
23.3224  13.0285  
12.9987  13.5672  
17.572  18.4157  
20.7166  22.4408  
22.8425  7.14019  
33.3226  24.4414  
18.2907  11.6699  
21.2775  8.65745  
10.9915  8.94064  
25.8486  12.9232  
19.4737  14.5664  
28.0139  13.596  
7.90587  25.1218  
13.1118  11.8989  
31.8425  19.6089  
6.1102  26.7762  
17.7503  29.4487  
14.2903  32.9201  
38.295  18.5748  
20.9035  17.7747  
25.3944  13.5702  
21.2357  22.3918  
27.7353  13.9371  
20.6239  24.107  
14.2202  10.0451  
8.93965  28.5851  
18.0201  14.7387  
9.54159  17.8693  
15.7651  17.33  
6.33721  26.4837  
15.7535  16.0814  
10.6861  34.64  
14.4283  21.0477  
33.5966  25.4436  
13.1348  24.9659  
8.9439  25.9997  
13.578  16.2954  
18.9845  13.456  
11.7116  20.2403  
7.43597  12.2987  
8.82788  22.1669  
9.57774  6.96297  
18.7786  19.8571  
14.0931  16.2249  
19.372  20.1373  
9.82803  22.4656  
26.2099  22.6749  
11.9684  10.9976  
12.1811  15.4303  
29.8068  14.9478  
20.391  10.2915  
17.4603  15.4626  
19.6482  16.2855  
16.9483  14.5414  
13.9854  19.431  
18.6946  32.7766  
12.0693  15.9745  
22.1779  5.42914  
13.288  11.4568  
21.5228  32.5582  
20.9465  13.0656  
20.4534  13.3081  
13.0818  13.9196  
22.4994  6.63005  
22.4257  8.78935  
8.67887  33.7002  
22.7903  28.1324  
17.0891  21.9125  
24.0721  9.84472  
25.2422  26.9096  
12.5057  28.4798  
22.6083  18.9686  
16.1546  14.4333  
23.2606  25.8034  
30.6634  30.0923  
25.1494  28.0284  
29.7704  24.5958  
20.3701  13.2658  
23.3353  18.2104  
41.2773  21.8497  
24.0183  21.1689  
39.6431  14.4724  
26.7206  3.51077  
32.2482  10.6217  
13.7977  19.5905  
23.3042  18.5741  
27.2767  11.2779  
28.6333  21.8175  
21.8539  20.5342  
14.4354  16.7561  
33.925  23.9575  
7.87767  10.7286  
24.6021  25.3566  
6.98111  22.0988  
27.3772  38.9646  
28.0499  23.7586  
7.74706  16.3597  
7.67263  10.989  
24.5933  6.67875  
14.2669  25.453  
10.5029  16.6724  
9.80737  5.01624  
19.7557  6.19518  
10.801  41.0641  
24.6794  11.9602  
20.359  9.69542  
16.4194  19.2909  
10.4706  21.7725  
12.2311  33.8719  
21.2353  13.2228  
23.1349  21.241  
12.6028  11.5825  
31.2445  13.0392  
14.2556  24.7501  
16.1779  22.6789  
14.8037  23.0501  
12.6744  28.8574  
13.4916  4.07742  
14.3264  7.89546  
21.0327  22.4425  
25.2821  16.732  
11.0353  30.1732  
25.9239  11.1231  
38.9576  13.7124  
22.8205  24.3412  
16.1803  25.8419  
17.599  14.2071  
7.99328  34.1001  
43.5454  14.1351  
19.1324  13.1901  
19.7662  14.4734  
12.6756  25.9159  
20.982  20.6479  
32.2433  20.6968  
22.0892  26.0056  
15.1211  16.6966  
12.4992  10.779  
29.0727  10.6488  
13.8533  21.1556  
28.7918  42.0349  
9.75769  9.07642  
24.0941  12.4442  
13.5004  23.5148  
21.572  20.4725  
27.2866  19.8373  
24.4626  13.215  
18.5129  18.2605  
29.1253  18.0504  
28.8119  8.38318  
9.83082  13.1802  
12.5879  20.9928  
17.0923  8.50282  
30.6791  4.80948  
12.4385  16.6016  
23.4664  22.9246  
22.6948  14.5993  
10.4024  33.5771  
24.3589  8.22649  
19.3666  13.5894  
11.4422  23.3049  
11.7353  25.6689  
13.6172  26.8061  
19.565  14.0461  
8.12844  7.764  
7.24493  18.4105  
22.1123  18.5155  
18.4918  14.8114  
27.6244  4.47866  
25.2104  12.1248  
29.5326  6.93623  
24.5896  10.7742  
29.7598  25.635  
35.079  19.3221  
10.9821  7.78545  
10.5016  23.3859  
10.3609  14.3073  
19.7847  21.7132  
17.0424  10.9206  
37.2791  6.9389  
13.1317  25.2971  
20.0594  13.4376  
4.9654  9.11628  
13.6058  5.35877  
22.294  19.4689  
8.25716  15.7314  
27.704  10.1267  
24.137  27.6568  
5.07916  17.2818  
21.5661  18.5436  
29.571  19.4719  
28.6999  12.6025  
28.2161  24.1476  
29.5186  17.533  
9.74527  17.5755  
18.4773  12.776  
27.9186  18.9057  
19.015  12.6374  
15.0981  9.43683  
14.638  22.6063  
24.9057  23.656  
16.9661  18.4797  
20.2201  5.86457  
27.3259  11.677  
32.1075  5.63476  
18.968  14.4654  
9.16287  14.8908  
15.3347  20.3135  
14.1417  13.1682  
19.8104  24.2463  
12.6694  6.87031  
10.9532  20.3618  
19.4201  11.6335  
33.313  29.7195  
9.25888  34.3796  
30.782  5.87981  
19.3089  18.6385  
18.918  11.2397  
30.3691  14.3489  
22.6647  28.5305  
14.0509  35.3236  
25.1276  10.053  
28.9069  8.70321  
41.3165  20.307  
27.5606  4.11709  
6.76289  22.4525  
20.7587  19.0672  
23.3666  20.6967  
24.4342  23.0397  
13.6437  39.4614  
19.7087  13.3483  
9.74724  16.3624  
36.6731  17.1214  
24.7124  25.7941  
8.83478  8.00495  
16.6054  15.4407  
18.2521  18.1591  
12.1659  25.8488  
22.6904  13.1979  
20.3149  20.5602  
25.7866  14.0499  
15.7132  5.84062  
21.8877  21.9271  
20.5216  24.5084  
14.0503  21.8996  
24.0491  10.9792  
39.8998  27.481  
21.3188  4.46917  
36.9366  11.7043  
14.9793  35.1023  
12.6131  19.279  
20.6862  20.2088  
23.195  25.9538  
20.5272  23.4945  
30.5039  14.1575  
14.802  15.0554  
23.305  24.1654  
17.5672  18.35  
22.278  4.36675  
12.7141  16.0778  
19.2588  15.0921  
15.837  31.1888  
7.71109  23.268  
12.2313  14.0229  
26.4299  19.3077  
19.0136  6.0846  
18.8753  18.5674  
7.30415  22.1889  
32.2109  6.32332  
20.5689  12.0142  
22.4681  17.5392  
31.0547  14.1078  
18.4912  29.1255  
34.3818  11.0885  
10.6379  30.7091  
23.6342  12.0562  
21.8996  22.7603  
33.2921  15.8443  
20.8426  14.9986  
24.0814  22.7477  
24.6509  20.8565  
19.7744  34.7477  
16.9114  10.4226  
21.7708  14.2097  
12.9218  29.8019  
25.5154  25.9021  
19.7163  10.1012  
32.736  4.99293  
25.7146  15.2558  
24.6819  23.2329  
14.1291  8.47913  
23.8924  10.8453  
19.8621  22.3273  
24.3123  15.7649  
22.3322  3.72337  
23.3671  22.4154  
11.3694  16.5526  
28.8091  16.1594  
20.8549  7.79486  
14.9487  24.2029  
39.0312  20.0775  
14.3169  9.36819  
31.0882  33.9616  
34.3194  19.7034  
13.1099  15.4384  
12.0934  16.1149  
25.7108  26.9571  
15.8885  16.7304  
26.596  12.5492  
9.3746  35.0593  
18.4263  6.32506  
10.0278  14.6912  
30.9118  16.7226  
30.3965  26.449  
17.175  16.5949  
16.7994  16.3807  
