0.984937  0.221246  
0.331652  3.62708  
0.753539  1.0145  
0.170342  3.22458  
0.350454  3.56099  
0.997066  2.35599  
0.65735  0.881514  
0.12329  3.02447  
0.481666  0.478402  
0.590521  3.04877  
0.414338  1.13423  
0.402989  1.4027  
0.148182  2.35214  
0.259883  3.59417  
0.711619  0.790635  
0.941399  1.84981  
0.635928  1.91464  
0.296543  4.42321  
0.692501  1.60227  
0.168552  1.09598  
0.934751  1.62438  
0.150072  1.98958  
0.110752  4.75797  
0.673237  3.64392  
0.708839  1.23155  
0.901647  0.154951  
0.170914  0.896567  
0.244953  1.1882  
0.398407  2.61488  
0.683411  3.04208  
0.0178328  1.83705  
0.612103  3.47075  
0.661499  0.793376  
0.534497  2.13455  
0.855984  2.8507  
0.70266  1.88134  
0.738365  2.6453  
0.40592  0.583247  
0.0383944  1.44548  
0.296766  0.679933  
0.640763  2.44642  
0.756765  1.76492  
0.0248797  4.85852  
0.810104  1.23311  
0.463668  3.41245  
0.49305  2.58484  
0.204716  1.91859  
0.253672  1.46036  
0.98867  0.591763  
0.202773  2.88327  
0.555454  3.29304  
0.439249  1.35409  
0.084092  4.94917  
0.350382  4.12248  
0.223901  1.59784  
0.286535  4.00291  
0.861108  0.2431  
0.804349  0.151848  
0.467716  3.68711  
0.103116  0.818974  
0.714338  2.61094  
0.179624  3.39506  
0.898659  1.87181  
0.638336  0.533282  
0.616232  0.83706  
0.703697  1.60615  
0.289499  3.28343  
0.808101  2.77992  
0.247916  4.12562  
0.66221  0.484335  
0.451661  1.58516  
0.583524  1.91082  
0.825096  2.82173  
0.208519  3.41961  
0.430137  3.16166  
0.648181  0.670264  
0.335701  3.49967  
0.881218  0.344909  
0.00602683  2.50058  
0.130097  1.36682  
0.593088  1.8032  
0.813067  1.04786  
0.563058  1.63646  
0.548576  2.90336  
0.374826  0.552766  
0.945015  0.600398  
0.958781  1.66741  
0.390789  2.26579  
0.797218  1.9186  
0.464126  1.22476  
0.177239  1.15419  
0.769461  1.00745  
0.880391  2.38201  
0.519192  3.554  
0.45102  3.8817  
0.219438  2.77675  
0.150938  3.29918  
0.947606  0.841824  
0.835444  0.928992  
0.557476  1.42333  
0.144343  2.69383  
0.498841  2.72579  
0.834424  3.17914  
0.0494068  1.66643  
0.050321  5.17222  
0.218432  1.38942  
0.307219  2.53977  
0.301804  1.02933  
0.559544  0.620059  
0.918533  0.590951  
0.929008  0.408848  
0.962622  1.7262  
0.899853  2.02287  
0.587181  0.659407  
0.0469093  2.92166  
0.258065  1.88971  
0.923193  3.37614  
0.597122  1.36086  
0.836916  3.06634  
0.425243  1.24994  
0.715405  1.30086  
0.511829  0.86909  
0.923419  2.74994  
0.592823  0.813928  
0.0793377  0.940258  
0.958442  0.657925  
0.214277  1.20615  
0.521021  4.14094  
0.133747  2.90144  
0.9365  1.55908  
0.462886  2.03034  
0.231729  1.83457  
0.973901  2.478  
0.659228  1.50475  
0.0567896  2.98828  
0.521089  2.45854  
0.907175  0.834236  
0.78006  0.908187  
0.0130875  1.50479  
0.977079  2.86469  
0.800238  2.64344  
0.162044  3.47792  
0.56735  1.67627  
0.935586  2.50476  
0.0169036  2.48291  
0.47744  1.64372  
0.931374  1.60577  
0.48452  0.653899  
0.270048  1.6333  
0.196799  0.600763  
0.933258  2.60095  
0.0219916  2.79828  
0.290792  3.72913  
0.175209  3.21424  
0.618104  1.99041  
0.776991  3.65972  
0.553477  0.83413  
0.680421  3.46724  
0.523314  4.10081  
0.627264  0.807848  
0.418388  0.853613  
0.675739  2.94296  
0.289221  1.74092  
0.592289  3.09289  
0.153024  1.83138  
0.796049  1.33331  
0.28984  0.57583  
0.461848  1.11573  
0.0348374  4.01987  
0.648615  3.67519  
0.667443  2.71771  
0.990892  0.948209  
0.00440024  1.75452  
0.739325  1.96449  
0.489611  0.360999  
0.460149  1.07113  
0.891384  3.25655  
0.480517  1.57417  
0.880095  0.438091  
0.0863672  1.19454  
0.293996  1.0069  
0.688006  1.91028  
0.169657  1.9171  
0.422946  4.15978  
0.554285  1.81173  
0.281798  1.98518  
0.399005  0.933739  
0.538491  1.09739  
0.17505  0.6085  
0.466423  0.557728  
0.505112  2.91793  
0.00166815  3.57669  
0.210776  4.58178  
0.671805  2.10553  
0.164788  4.72836  
0.415666  2.9659  
0.942884  2.70664  
0.772082  2.55485  
0.575769  2.38441  
0.537115  2.27695  
