7.79958  7.96223  
8.23225  22.6843  
3.22872  8.30203  
4.71092  7.59002  
10.4682  4.26919  
3.59321  8.79856  
6.27399  6.22773  
4.04191  5.99148  
5.55547  11.0209  
7.11097  8.51711  
8.15638  5.86059  
9.30175  4.54202  
1.37368  14.6939  
9.57657  2.451  
7.55075  6.28923  
8.21833  3.87997  
12.0767  4.58736  
5.12395  9.95435  
4.89483  5.8915  
9.69332  4.37197  
8.78748  10.4998  
8.67491  7.71341  
5.06493  3.52627  
1.45643  14.0681  
9.19157  7.45414  
14.4032  10.5748  
10.5709  6.18057  
6.20302  7.41943  
6.84558  7.3785  
6.69292  7.24304  
10.7287  7.59521  
2.75665  4.75101  
8.60567  10.1123  
5.80624  9.39845  
2.70459  7.9432  
5.26235  3.10059  
11.6547  10.9843  
6.87011  5.65248  
9.57826  10.3472  
4.68317  12.6453  
1.97793  15.7483  
5.03253  8.39736  
7.23682  6.62559  
11.873  6.88927  
3.69606  8.76789  
2.57344  6.10284  
8.18888  7.94691  
5.16033  12.6055  
2.26351  6.83955  
9.51693  9.50178  
9.30189  4.13817  
12.5344  8.92314  
3.35273  6.88434  
4.31169  9.11266  
7.98927  8.82365  
3.23355  8.73176  
10.3748  9.18534  
6.05547  11.1112  
4.88232  7.4785  
3.91685  9.57072  
6.71828  7.65764  
8.32122  7.76694  
5.72365  2.56332  
7.84047  11.1601  
7.52485  13.3229  
3.60594  5.79008  
6.05222  6.2263  
7.14774  3.43829  
3.85701  6.83641  
12.7022  5.3522  
3.54702  8.41949  
7.97266  6.82889  
4.58509  8.50454  
4.97348  8.0803  
4.69129  7.71846  
3.97138  4.25198  
9.29413  10.2728  
2.82002  7.50655  
4.61957  6.60923  
5.32541  7.81955  
8.87512  6.78943  
4.93426  7.85533  
7.1434  9.39301  
6.0988  7.66772  
12.5502  13.5438  
4.78471  6.67094  
1.8723  7.80955  
3.91685  6.48501  
9.26107  17.1134  
3.24915  3.57677  
1.80753  5.98481  
7.43013  16.0165  
7.40551  13.734  
5.8981  7.03244  
1.69244  10.175  
6.75207  11.6406  
5.88481  5.27198  
5.17743  5.14519  
5.19124  3.97444  
8.85014  6.16654  
8.79444  7.18186  
5.89844  7.4992  
6.79751  3.97914  
5.78102  4.55841  
11.6273  12.718  
8.5171  4.82263  
1.37749  10.3651  
4.47779  3.78153  
11.3628  6.93809  
5.99572  5.60668  
2.08092  4.12522  
3.17325  14.802  
7.72669  10.0867  
6.86704  6.90297  
5.13326  7.43776  
4.17727  6.97897  
7.55327  6.29492  
1.25267  7.21906  
9.89209  11.1533  
7.1339  5.60319  
6.77007  7.6291  
6.11562  12.7613  
3.60417  2.62008  
8.85114  6.8069  
2.23776  9.63779  
5.96957  10.1781  
4.9087  6.2278  
5.05146  4.86397  
10.979  7.10049  
4.09961  9.32833  
9.70633  5.227  
3.464  2.33862  
8.95444  6.64649  
4.65236  6.96158  
7.401  7.54605  
2.95893  7.27438  
10.4285  4.9333  
5.98717  5.48487  
5.94503  10.6588  
5.64658  9.85809  
6.49228  6.86  
4.27451  5.59734  
10.798  5.53555  
5.25697  5.10405  
6.33816  4.40745  
6.22842  13.5205  
8.09298  0.972773  
5.26421  14.9805  
14.5651  8.39503  
9.44272  6.3816  
8.37625  10.2938  
2.46456  3.92326  
4.51059  13.4781  
8.37059  3.38076  
2.72463  2.97252  
4.80578  4.5735  
4.32328  2.36198  
4.67704  10.0559  
1.57007  4.22143  
6.84179  5.56409  
6.70269  2.28849  
2.16884  3.95254  
3.81892  6.36345  
2.82633  3.0904  
5.92179  10.4304  
7.3203  10.4869  
6.74184  7.26513  
9.63126  4.10987  
13.5472  8.99166  
3.23671  11.221  
9.83624  5.50143  
8.08483  5.99902  
3.56422  4.2855  
3.9447  7.15568  
3.48807  6.24255  
8.35281  4.76468  
7.63749  4.66769  
5.42441  6.43213  
9.7192  7.86291  
9.51794  4.59124  
6.55114  9.39335  
9.41439  5.72647  
3.18468  3.84398  
6.90343  3.5146  
3.85597  8.04329  
5.89114  4.78331  
9.99858  6.07177  
7.7023  3.01392  
7.23985  6.29801  
5.97074  7.55328  
4.00882  6.56574  
5.98863  6.25502  
2.9062  6.16475  
9.01767  4.86331  
6.50587  5.83167  
3.92127  8.0936  
3.8487  4.84966  
9.57485  6.47978  
7.04563  6.83387  
16.7998  10.6171  
2.47864  4.3156  
3.66789  11.0823  
3.06975  4.07018  
3.45508  12.3301  
5.19195  8.33596  
4.08716  10.8528  
5.2486  12.1081  
9.13534  6.4918  
2.76904  10.1291  
11.3023  8.40065  
2.75038  12.5562  
5.45564  6.65631  
6.35049  8.24472  
5.47655  7.08642  
9.634  6.39888  
3.35043  8.26704  
7.93004  10.5464  
5.68824  3.57911  
7.86776  5.71825  
5.42501  7.9766  
16.6447  3.66124  
3.11461  4.11268  
3.59439  5.50704  
12.0129  1.91316  
4.32129  6.97529  
5.32543  7.30693  
6.83865  2.84979  
6.29035  5.73228  
2.98087  6.50982  
3.14405  5.86573  
7.82432  8.92909  
4.20401  5.43354  
11.2235  2.85261  
3.98835  4.56587  
4.54805  6.87729  
10.7551  2.32227  
4.10434  3.35309  
7.74777  0.935785  
4.72592  9.15013  
1.85908  9.87311  
3.21982  3.76307  
7.41796  4.89731  
4.62806  7.68753  
12.257  8.48728  
4.78429  12.2451  
5.02073  5.75385  
15.1117  10.82  
5.02879  8.19155  
8.42647  4.86606  
13.9249  5.99332  
12.6319  4.91247  
7.92172  11.5371  
3.8927  9.92179  
3.99163  4.74642  
1.3669  6.6667  
3.1266  9.21059  
1.96847  4.49841  
4.18279  4.18564  
6.96106  10.5552  
6.95845  8.72899  
5.38919  15.3368  
11.9448  7.93679  
4.51287  5.65937  
3.44328  2.43849  
12.809  8.01825  
8.70107  9.85491  
9.07713  6.749  
6.58477  3.90335  
8.77266  4.91566  
5.01177  11.3248  
4.7293  6.32531  
4.91158  10.8812  
4.19097  9.15801  
4.49048  9.83052  
5.65633  4.47573  
3.89783  7.51003  
3.61586  6.93465  
8.77381  5.11169  
2.80432  5.73373  
5.02057  7.16917  
11.1864  11.4009  
6.21513  6.81085  
16.323  8.98613  
11.6171  2.61304  
4.36162  4.51115  
5.00158  10.5721  
5.86363  3.23255  
11.7156  7.89242  
4.75052  7.00049  
9.11129  5.50709  
3.53586  6.20617  
9.68286  7.29938  
2.90261  4.90278  
11.7709  3.18556  
9.53442  7.98238  
6.33291  9.60484  
2.11563  7.23051  
5.75254  7.07283  
4.86522  2.64633  
6.97861  4.27076  
3.17672  5.70945  
7.90581  10.388  
10.4472  9.06449  
3.20457  4.07702  
3.26447  6.35845  
9.50178  5.42266  
2.80816  7.53751  
3.70336  6.96707  
5.35222  7.69613  
8.14347  5.56335  
11.3545  5.31714  
3.80507  6.64401  
8.58122  7.90534  
8.48746  6.73852  
7.92979  7.29876  
3.19671  5.72678  
10.0055  12.0116  
9.01183  4.99694  
7.68743  10.5013  
6.29378  24.2015  
1.97491  11.2221  
11.82  17.7083  
5.30193  13.1971  
9.95438  9.26931  
4.60187  6.16652  
5.83995  5.18443  
5.33513  13.8041  
9.18719  2.66054  
3.3387  5.37724  
2.31149  9.48288  
9.6518  3.68287  
4.05987  10.6458  
2.11062  8.66653  
7.11332  8.89305  
11.7407  6.49133  
4.33098  5.91526  
4.95667  6.24606  
2.32015  7.5933  
19.8285  7.43768  
5.99476  0.834256  
6.72288  7.53623  
3.09811  15.7285  
6.71231  3.46261  
8.9553  6.66906  
4.17612  12.6581  
4.87544  2.86951  
2.83841  7.32349  
11.2423  2.00313  
6.92759  9.18046  
4.96726  9.92899  
4.73352  10.3952  
5.67225  6.08106  
4.83935  6.27502  
3.66896  11.0403  
3.84868  5.57613  
5.71403  5.71798  
6.12683  7.11321  
6.72336  9.88564  
5.42154  7.14797  
8.20775  7.59234  
5.36137  4.19805  
2.34546  7.04626  
19.597  9.11972  
4.70424  4.97803  
4.85876  4.35424  
12.8177  8.98922  
2.7183  8.92451  
9.07664  12.7526  
7.20147  7.27417  
11.8885  7.82086  
2.42253  14.2589  
6.04822  12.5392  
5.15856  4.46784  
3.3752  8.88359  
2.76021  3.31066  
5.32458  12.0972  
10.1261  4.42554  
2.48108  7.21058  
4.45257  7.91837  
10.3984  4.33674  
2.63281  9.16754  
3.47024  8.7201  
14.3788  7.44863  
9.68665  7.0636  
6.16272  7.32238  
3.87423  8.45753  
9.77796  10.4755  
1.65042  9.04073  
6.1733  7.26342  
9.1497  9.36853  
3.99805  5.65232  
11.7294  10.3104  
2.3077  1.48594  
4.49168  6.30252  
5.03775  12.1534  
5.85567  6.52723  
7.08286  6.13337  
7.79903  11.182  
4.80342  5.08619  
6.88189  6.88551  
2.29587  8.08531  
9.29105  8.85036  
12.8939  10.9011  
6.36597  11.0774  
8.32538  4.99784  
5.92872  9.10404  
3.73855  2.71392  
11.5363  6.84854  
6.92816  3.95985  
2.92568  5.57516  
9.7376  5.6098  
8.66441  8.77603  
7.26041  12.1985  
6.15411  7.45799  
14.538  7.72538  
10.6548  7.79072  
3.8563  10.1001  
6.05559  7.99366  
7.27459  10.8529  
3.63037  4.71431  
3.73323  9.14474  
1.28692  6.55612  
3.15448  6.38071  
4.85138  11.3337  
9.44897  12.6428  
6.34614  4.97168  
8.91489  9.17816  
6.22178  3.4862  
6.50152  7.10888  
5.90456  8.51136  
8.03885  1.86757  
3.96774  7.5644  
1.93725  9.96617  
9.23877  6.59785  
4.45313  8.13149  
5.0063  5.97184  
13.294  13.2971  
4.97971  8.22764  
4.27151  7.05345  
9.31205  6.78655  
7.09304  10.7655  
9.29212  2.91383  
3.77479  7.70184  
7.52716  7.56193  
5.61416  3.33791  
5.5066  6.96752  
7.71731  2.96493  
9.75671  6.08648  
8.51443  11.7855  
5.73613  7.28602  
4.83813  9.45318  
11.9711  14.1784  
2.77408  5.73829  
4.90198  13.3991  
4.03077  6.69196  
5.73749  8.01272  
6.60753  3.17416  
2.75543  7.21168  
2.46965  5.38021  
5.42345  8.83688  
4.49481  6.13015  
3.17602  11.1101  
5.90706  6.77127  
6.43761  1.98976  
7.44358  11.9478  
3.81243  9.67399  
3.29608  5.5361  
10.9327  4.03432  
14.7393  7.75737  
9.97556  12.4192  
7.34496  5.18228  
10.2768  6.89358  
0.690397  9.54469  
1.43569  8.55641  
11.5086  12.0488  
4.32832  2.25494  
1.83996  9.20282  
7.73803  4.51538  
3.70131  3.33165  
5.81511  7.22959  
9.9203  11.4831  
2.87996  9.33284  
8.58153  10.0615  
5.07075  5.00641  
5.32627  6.15033  
11.9153  11.1404  
3.54522  8.66238  
3.67912  6.44254  
5.31245  4.83101  
4.73478  11.4203  
6.12232  9.88566  
5.8069  9.01458  
9.03292  7.10367  
5.96762  4.53839  
8.66589  13.3486  
5.50858  8.40043  
3.16751  3.73102  
3.43141  6.98702  
8.19841  3.25452  
5.45782  5.00738  
8.21925  7.04248  
6.15421  4.17823  
5.70916  14.5469  
7.37398  3.66793  
7.72199  8.0991  
5.96562  6.6597  
8.66155  9.40185  
3.65235  6.54893  
5.58281  8.66955  
3.48345  6.05775  
3.26715  8.00087  
9.48008  2.67426  
7.26176  6.18104  
7.26799  1.715  
5.77219  8.36601  
5.98939  4.83045  
9.26857  3.18414  
3.25384  11.9578  
11.6711  2.81866  
8.493  10.807  
5.86841  10.2358  
6.82476  4.62715  
7.13709  9.65837  
8.69907  2.98483  
2.25688  7.65442  
1.56197  12.069  
4.59038  5.29384  
6.89738  10.3359  
3.42117  8.16786  
3.88552  5.12761  
6.71765  9.84032  
5.15115  12.8396  
8.93006  13.0122  
5.48978  8.29299  
10.021  7.03909  
11.0519  8.46265  
7.60686  6.98081  
5.28965  7.28254  
9.1044  7.03627  
3.3151  4.49392  
10.683  5.38939  
10.7891  4.67303  
2.47576  5.97349  
11.2669  12.5035  
8.92512  13.3244  
6.74424  9.95795  
7.9578  7.06274  
5.76111  6.68939  
4.68562  4.2246  
7.38474  11.7822  
7.94669  4.44455  
6.12711  9.45297  
8.97479  4.72371  
6.99828  3.86818  
6.94037  10.6922  
4.15278  7.90229  
11.2346  4.20355  
4.9681  8.18632  
4.25619  9.99914  
5.32376  4.93245  
1.33197  5.77574  
3.58819  13.9296  
8.61583  9.98827  
5.50802  2.78509  
7.06331  3.68797  
3.23223  5.11878  
8.76936  2.80382  
3.01715  9.3557  
1.19887  6.00553  
6.97179  11.4506  
9.96122  14.2506  
2.83601  12.1132  
6.86321  7.05159  
6.93954  3.88929  
7.8821  1.55731  
5.05511  6.74465  
3.01552  13.6661  
4.89322  19.8337  
5.51465  9.65183  
6.81498  6.84215  
2.9342  8.30838  
5.52891  4.20168  
11.9785  2.42583  
11.7777  9.71377  
6.45328  8.49169  
6.99662  2.44648  
5.41818  3.90049  
7.10446  8.26352  
11.2338  10.3463  
4.46653  5.70002  
12.3749  13.0664  
1.70443  4.3743  
3.41414  9.06566  
3.85973  7.5514  
2.76322  9.25409  
7.58308  5.20833  
7.25211  7.11608  
6.28025  7.47121  
7.43609  7.65169  
8.52723  9.80661  
