13.2231  3.78107  
27.9079  22.109  
18.1397  9.22815  
21.5586  14.0725  
24.1783  13.8705  
8.78158  14.2382  
19.6474  19.9509  
13.6008  9.09489  
21.7134  26.3176  
25.3062  23.4888  
18.7025  6.80636  
11.2255  23.9794  
11.1202  7.24939  
11.2849  10.3818  
25.0139  18.1313  
21.0945  5.85866  
15.4567  5.68167  
21.9992  15.8679  
18.1076  13.4388  
22.8821  14.703  
20.8442  42.1227  
21.819  14.9249  
3.128  12.3279  
27.2807  4.34469  
24.508  17.109  
13.9735  4.39379  
20.0572  18.5701  
12.2862  23.6766  
23.3646  23.3627  
20.9682  26.9006  
9.84361  11.7643  
18.4218  6.59704  
7.22083  12.5662  
7.33856  10.296  
23.5914  22.6561  
6.81412  9.02363  
13.2342  23.9529  
18.1544  4.81601  
19.7507  4.50695  
32.8291  10.6337  
18.8189  6.85608  
3.82645  16.615  
10.5224  19.6364  
20.292  12.202  
33.9179  13.3042  
30.1133  19.3434  
9.39393  9.1159  
7.486  12.1927  
18.4295  12.8542  
19.9038  14.9447  
18.9472  15.6457  
4.57667  11.1788  
18.6123  11.9037  
12.5409  9.06671  
2.69952  18.8685  
19.5296  8.1729  
16.3113  35.0959  
17.4738  8.2522  
30.2394  5.661  
6.97282  19.6018  
4.57597  17.5866  
24.539  7.84613  
21.0327  13.987  
14.081  7.21785  
23.0915  22.1153  
31.4494  2.39816  
28.17  11.6283  
7.1458  8.02566  
34.3133  23.3092  
9.24779  6.77548  
12.4963  9.50737  
4.30948  10.3908  
12.0013  6.21159  
4.64338  20.2828  
31.6583  28.4846  
20.5298  19.8726  
18.3581  24.3675  
13.3588  28.2206  
8.86142  19.3945  
11.7972  15.5848  
17.051  25.7865  
3.33986  12.8987  
14.127  17.5764  
13.7668  17.9488  
4.99644  12.9669  
7.70762  13.2521  
17.0944  10.7464  
17.5687  11.303  
10.9158  12.0086  
18.0703  12.3691  
9.72818  12.2231  
17.4323  18.884  
11.6908  8.07783  
3.79419  32.9827  
16.4483  14.884  
16.2776  19.1368  
16.5834  12.7953  
13.4324  9.92444  
7.06542  12.6385  
10.6531  25.4295  
14.4038  4.57576  
9.41276  22.2054  
8.09643  34.1113  
36.1802  21.573  
32.6394  10.919  
20.3106  22.8737  
14.0554  16.2202  
18.8684  32.2921  
17.0732  14.3461  
10.2229  5.91633  
22.2647  25.5074  
20.856  9.57118  
12.6649  19.511  
10.3679  17.2769  
15.9469  31.8745  
24.366  12.5459  
9.281  22.1864  
16.8061  14.1402  
6.62824  20.1076  
3.62938  27.9192  
19.6188  13.2496  
24.7931  20.9407  
16.2662  9.11668  
11.6093  10.9831  
17.1953  9.47866  
34.2198  8.6672  
9.92219  15.9001  
12.3699  17.197  
14.9094  17.4434  
14.0945  16.9402  
34.8387  17.4623  
22.4408  13.2195  
20.6092  25.0284  
21.5489  19.1137  
13.85  17.6665  
13.9382  26.3925  
18.8599  16.3434  
15.098  18.3259  
14.7705  15.5529  
30.4626  11.081  
10.1832  19.8927  
26.7553  18.1038  
8.76231  38.0335  
6.84762  23.3754  
15.7955  11.0472  
17.8482  17.1521  
11.8874  16.2088  
5.74252  9.77443  
8.12355  22.0059  
18.7039  7.07971  
27.6222  11.8934  
15.5619  22.2892  
19.8186  6.71877  
18.6312  14.2213  
13.5609  10.4996  
14.9647  19.0273  
16.2942  16.4477  
31.814  9.49951  
26.0451  22.3998  
8.02004  32.6646  
3.68559  13.9294  
23.2207  15.374  
17.3521  28.337  
5.79821  26.3156  
12.0622  8.81533  
9.68249  7.71131  
7.6568  19.5096  
24.3884  3.25355  
18.9515  7.04149  
18.0873  4.57951  
10.5694  20.7675  
4.99367  16.1405  
6.08253  16.7408  
30.665  4.49301  
10.6988  17.0225  
8.21126  25.96  
6.16228  8.51962  
20.8548  25.2935  
12.7789  14.0077  
25.4723  12.5629  
17.106  29.5933  
11.4192  16.4303  
7.21198  14.3841  
5.84166  11.387  
13.5498  15.3882  
27.8674  11.3321  
5.91572  25.394  
22.2994  13.5263  
13.2629  5.63584  
19.928  13.2021  
18.7885  25.1282  
13.3252  25.4772  
17.08  9.83802  
11.4121  16.9803  
18.7963  21.8831  
6.09887  16.4886  
18.8596  5.98235  
21.2508  12.1906  
3.16922  28.2283  
17.4845  7.83323  
15.7569  6.147  
16.2913  12.2576  
10.7069  26.3427  
13.3287  14.092  
7.87182  12.682  
17.7256  33.0563  
30.3637  16.4533  
19.9298  10.1314  
30.9221  17.1396  
13.62  10.4854  
8.57235  10.8764  
11.4564  3.29529  
12.228  13.625  
12.3342  25.1272  
17.0512  20.5232  
15.8956  18.4208  
13.1901  10.3595  
14.5778  11.6857  
5.14523  20.9249  
13.4058  14.1472  
12.6283  22.7046  
13.5834  5.89028  
11.4219  15.5991  
16.9936  6.97551  
29.7624  15.2972  
20.7232  4.38091  
18.2736  16.3259  
7.5579  7.34215  
26.5355  16.7585  
13.9797  11.4575  
13.1131  13.0021  
13.7035  20.2848  
3.17881  21.5691  
24.3486  23.073  
19.8241  7.53885  
12.8047  23.5376  
6.35669  10.6033  
28.4247  25.3816  
20.9099  17.0888  
6.36125  18.5547  
30.4144  5.58314  
4.11474  16.6635  
5.15264  4.33629  
10.168  25.4051  
13.3145  10.6424  
14.8365  19.7545  
13.8347  19.9966  
24.9695  6.61714  
13.3675  19.0288  
8.52447  14.0262  
8.2772  33.3237  
24.0816  12.6616  
20.6504  14.705  
18.649  33.6527  
18.9407  18.5554  
4.40646  11.2518  
7.58744  11.1854  
16.2863  5.02321  
16.4002  17.4167  
4.13158  19.5131  
4.33876  20.2992  
6.04532  8.05653  
7.24076  19.1335  
6.64516  22.2105  
31.0415  18.0847  
9.71445  22.478  
8.39936  3.09478  
17.1704  25.9591  
8.92736  13.76  
4.0024  25.0716  
13.8636  34.978  
26.9908  16.5017  
19.3492  3.06819  
17.9388  22.4534  
24.6014  15.2236  
18.4666  18.9881  
16.5117  23.5357  
10.1879  23.9078  
18.4631  8.7057  
12.6055  5.09311  
13.6182  11.3399  
19.5733  39.938  
25.5411  8.31692  
17.4039  17.6399  
17.8683  8.87439  
20.1113  19.9261  
21.1133  30.4747  
13.6738  14.7322  
18.3806  15.8258  
28.2359  27.284  
7.89432  20.1688  
8.46163  6.58369  
7.25084  18.9139  
18.7882  30.9872  
10.3045  23.1017  
19.9061  10.8652  
24.4764  13.6064  
24.5885  30.972  
9.00558  8.81598  
21.7615  26.4223  
27.2214  8.05755  
19.2086  7.78927  
20.8981  30.2355  
17.9615  15.0713  
15.4971  6.88906  
7.04636  33.9092  
18.2484  17.3054  
32.5289  13.8914  
31.414  10.8141  
9.72366  14.5996  
41.3401  21.2466  
2.92781  6.4962  
16.4558  8.38439  
11.684  17.7586  
31.2642  21.7557  
21.4215  14.8271  
19.8668  12.3276  
8.63443  29.3795  
23.8525  21.4272  
29.8099  4.11215  
9.23513  9.34725  
23.9868  20.1111  
33.4697  13.064  
29.0692  20.2941  
13.8687  23.0186  
24.7687  10.2042  
1.8661  16.8318  
9.60537  10.8125  
14.8177  15.5015  
13.0734  10.7634  
19.7479  27.4935  
15.2983  18.6755  
25.8144  12.7066  
14.3441  17.3985  
13.521  4.43015  
22.6202  18.345  
36.7562  16.2066  
29.5018  19.8823  
31.8802  14.5011  
15.3483  17.0414  
13.9073  11.4697  
14.7822  10.9809  
34.3178  18.0077  
10.213  11.08  
8.84602  26.8757  
29.6874  3.64798  
27.5092  5.90207  
20.8534  28.315  
19.644  16.0588  
9.19344  7.93176  
10.014  14.0811  
20.2423  8.65247  
3.79828  14.177  
5.17262  22.5937  
19.8215  20.8301  
16.0973  13.3302  
11.7973  14.213  
25.4958  10.1136  
10.0493  22.3411  
19.7215  7.80239  
20.717  13.2554  
42.9438  7.30332  
18.8866  7.58775  
15.8608  18.6472  
18.2532  35.5996  
32.1274  3.77622  
24.0403  18.6952  
23.8326  8.757  
11.8352  13.7729  
5.87783  37.6121  
10.5245  31.7657  
13.3805  22.1426  
35.4194  26.7858  
17.7689  26.9807  
5.57247  22.3501  
18.0097  24.1418  
12.3363  3.96113  
18.3662  17.1204  
8.70362  3.31546  
21.2244  13.3798  
23.9613  5.98451  
14.4702  14.1006  
35.8461  14.8124  
5.47612  14.2396  
15.8495  12.2889  
27.3971  20.5552  
14.1105  15.6977  
20.1353  13.6953  
10.6733  17.5715  
9.11199  25.7851  
18.6026  25.1166  
15.5491  28.583  
14.0762  29.6446  
9.51457  6.2081  
11.3291  18.9019  
7.83749  11.5665  
8.83763  4.63917  
24.061  18.2877  
10.3882  14.8316  
11.9518  32.4482  
32.5079  23.1021  
27.3569  25.3256  
15.4948  22.7633  
12.625  21.85  
13.4115  8.99728  
7.3621  25.5426  
6.88184  10.3039  
22.0938  6.93348  
30.2711  15.7984  
30.9863  8.9194  
11.6001  15.7141  
22.0106  11.2153  
18.6428  30.5662  
8.73066  14.2478  
8.49933  18.8005  
18.9837  16.2445  
18.5907  20.1454  
16.5787  9.36702  
8.45724  22.7864  
28.2428  16.4909  
5.04715  20.2341  
23.8054  12.1175  
8.85263  7.83835  
20.0481  3.74351  
21.1678  12.5353  
6.97532  6.28145  
22.3163  10.203  
14.7054  7.01883  
19.5839  19.3586  
33.1566  17.6334  
20.3677  4.21087  
13.7273  24.1552  
23.7615  6.45789  
13.8259  19.516  
11.7628  15.3367  
10.2021  17.7605  
15.9476  7.32984  
17.2707  14.9433  
11.7833  12.3644  
12.4573  24.2263  
13.7432  16.003  
11.7963  15.9434  
21.9571  10.5932  
18.6925  20.768  
24.2026  15.2212  
21.5344  13.7179  
28.1986  17.2038  
24.9844  8.49834  
6.00646  35.7022  
11.8716  24.5678  
13.2114  11.9659  
18.5116  15.1287  
16.7358  12.6298  
17.5954  26.7996  
16.8181  11.9862  
17.7482  13.1245  
21.1213  5.49124  
14.8912  5.4219  
11.7635  11.8514  
3.78985  5.21754  
21.8133  14.9028  
23.7632  10.2116  
8.82483  16.7156  
5.24546  13.846  
12.4825  16.236  
25.0671  15.8306  
24.1818  6.57348  
11.0647  16.0055  
15.5453  19.4194  
7.80424  13.8204  
9.98185  9.78254  
27.6082  18.6697  
29.9185  29.7749  
10.8746  25.1845  
15.1522  34.6842  
11.363  8.675  
8.06314  18.7559  
14.3626  12.9523  
9.44813  23.5536  
7.34007  6.27727  
20.2554  8.60735  
19.3527  15.3104  
19.81  13.7101  
30.5807  13.6642  
20.5013  10.6561  
20.2237  26.1797  
15.0195  25.4297  
25.7167  11.9354  
10.1011  17.4849  
11.1149  15.0216  
20.0195  23.2795  
19.3032  7.21011  
25.955  16.8547  
28.3414  22.875  
14.3324  21.5878  
33.2343  10.0724  
17.1736  13.2157  
30.8048  3.47174  
6.18363  11.1581  
11.1869  22.0989  
16.5813  9.95241  
5.44604  13.4419  
12.7926  12.909  
26.5779  26.9297  
28.8255  14.803  
14.3983  6.06085  
12.6552  4.79006  
29.8452  7.882  
7.91578  18.8812  
25.9377  20.9155  
6.40854  24.3207  
21.3697  25.7909  
14.9705  10.6352  
12.9197  10.7033  
37.8752  35.9467  
21.366  6.34139  
16.1436  8.38197  
11.3516  19.2483  
23.2171  28.209  
16.1024  19.9305  
21.6156  20.1508  
11.1831  34.183  
26.3363  23.8561  
17.8846  22.2706  
11.0197  38.1564  
8.07048  21.7937  
3.43604  20.6711  
7.7736  8.63975  
23.1482  23.3629  
9.294  30.7616  
13.4334  7.05019  
21.0323  25.3872  
11.1939  17.357  
6.83513  14.9393  
24.1574  34.6129  
18.9605  14.0883  
16.7324  24.1503  
26.1398  9.41248  
18.4855  12.6171  
16.1256  10.3788  
10.2284  14.0562  
3.76929  15.7769  
25.5259  13.4085  
26.4061  12.9598  
16.7976  9.22845  
31.0303  17.5342  
13.9677  13.3948  
18.2676  9.89112  
11.8654  10.542  
22.6506  23.4664  
10.3495  25.9742  
19.9224  16.0678  
5.10739  13.6556  
19.2072  10.3902  
5.6004  22.4538  
13.7012  18.3094  
15.2866  24.9254  
46.5074  14.0059  
7.92274  10.3698  
5.37036  20.6753  
24.84  25.7229  
29.5647  17.1146  
12.3584  3.94444  
11.1065  10.1598  
22.4209  21.4564  
11.8757  11.4334  
8.56075  12.2324  
12.5664  7.59806  
16.6215  18.0249  
24.0681  9.08008  
12.2321  7.03638  
31.7704  21.5969  
14.7082  17.1854  
15.4226  28.9663  
5.73767  16.2637  
30.0041  22.9932  
19.0699  17.8246  
15.5283  4.9698  
20.0763  10.1552  
26.1204  17.617  
14.8149  10.2411  
12.9805  8.66015  
10.1016  18.3031  
8.70032  14.0597  
21.512  25.9816  
16.13  10.629  
8.28765  14.9837  
14.787  17.4774  
22.9386  13.9862  
11.8645  11.1719  
9.1535  9.02824  
9.74383  21.9516  
20.6398  17.0955  
16.5282  4.01801  
8.76892  25.1731  
9.17803  10.171  
32.9627  12.0327  
17.6619  13.9113  
10.5005  5.96158  
9.19021  22.9054  
