0.136758  4.46607  
0.696949  1.72058  
0.53206  1.74734  
0.38961  1.75107  
0.821945  0.60452  
0.363417  3.25054  
0.890055  0.0801847  
0.20537  3.01607  
0.682871  3.40682  
0.780561  0.745927  
0.850935  3.10491  
0.451887  3.00299  
0.845909  2.98563  
0.597757  1.45652  
0.395837  2.58511  
0.341139  3.98739  
0.998884  2.33959  
0.240084  2.12752  
0.0405045  0.862055  
0.920666  2.92115  
0.518259  2.35566  
0.110079  2.9669  
0.373385  3.49671  
0.905768  3.24262  
0.189574  3.86191  
0.9295  2.97398  
0.973844  2.42897  
0.558114  1.54161  
0.967053  3.37012  
0.387847  4.27789  
0.182323  4.40361  
0.439873  3.61745  
0.83978  3.2017  
0.149839  2.41564  
0.198687  2.86157  
0.328201  1.41379  
0.684666  2.12574  
0.214176  1.81621  
0.0852679  4.6557  
0.986568  3.11638  
0.412386  3.23338  
0.857862  2.32408  
0.50821  3.72128  
0.0439104  1.72539  
0.116771  0.832874  
0.167896  1.97386  
0.98149  0.732259  
0.10459  2.48096  
0.179344  3.10797  
0.941952  2.60534  
0.410868  0.878852  
0.00389239  0.991834  
0.302731  4.20808  
0.0696784  2.59764  
0.974003  0.867671  
0.807263  2.66226  
0.513676  1.53729  
0.578549  1.48799  
0.540258  1.97416  
0.153802  4.6895  
0.0621413  3.19077  
0.414255  1.74211  
0.667707  3.78623  
0.852554  1.68384  
0.287167  2.97693  
0.697999  1.1388  
0.552455  2.13294  
0.239957  4.43053  
0.145017  5.04132  
0.652892  2.15296  
0.291583  2.44054  
0.557909  0.625837  
0.197831  2.15123  
0.353858  1.45568  
0.653902  2.23387  
0.720211  1.46473  
0.994952  0.798115  
0.749853  1.52068  
0.477912  4.22336  
0.248215  2.95207  
0.640654  2.92304  
0.356575  3.59244  
0.235715  1.34498  
0.924432  2.98951  
0.757863  3.43188  
0.519547  2.17222  
0.883829  3.24098  
0.359059  0.489565  
0.552742  1.16771  
0.0656336  3.01147  
0.0454025  1.54726  
0.0104819  5.2514  
0.12705  2.85522  
0.738128  1.47597  
0.477834  2.84168  
0.954793  0.525825  
0.748469  0.677727  
0.51944  1.6358  
0.854682  2.87599  
0.433831  2.85845  
0.416648  1.30253  
0.719143  3.37908  
0.59303  0.756677  
0.999085  0.891703  
0.710922  0.559027  
0.340401  1.73373  
0.639273  2.76337  
0.952902  2.73768  
0.4401  2.6494  
0.115584  0.887683  
0.563692  2.34673  
0.485561  1.55689  
0.437955  1.6573  
0.458739  0.445276  
0.56982  0.289848  
0.631967  3.00047  
0.853587  2.45691  
0.470525  1.96731  
0.53789  1.96824  
0.937758  1.59766  
0.490532  3.82213  
0.0433454  2.65161  
0.606164  1.07563  
0.877868  0.431303  
0.338523  2.5161  
0.0487942  4.36523  
0.160248  3.21389  
0.603874  3.33353  
0.511083  2.62619  
0.78433  1.05439  
0.317655  4.58147  
0.717322  1.35466  
0.571422  3.28241  
0.809376  2.66697  
0.851483  3.46313  
0.291235  4.24431  
0.605676  1.83432  
0.717978  2.23573  
0.839263  2.43683  
0.00890385  4.96483  
0.562238  0.674187  
0.0369726  4.25662  
0.171522  3.8275  
0.726251  1.91179  
0.11277  2.24215  
0.71579  0.824277  
0.938536  1.81738  
0.0590297  5.35881  
0.389129  3.53164  
0.69599  1.16172  
0.993007  1.03522  
0.301907  3.69497  
0.259289  3.61694  
0.653923  1.00421  
0.190932  2.76204  
0.0449964  2.65108  
0.457324  3.05049  
0.83886  0.938049  
0.241134  1.92587  
0.0379609  4.53031  
0.00265659  2.03771  
0.812146  2.245  
0.795428  1.18773  
0.793621  3.43241  
0.473667  3.76012  
0.376007  1.06049  
0.305661  3.91615  
0.648438  1.22759  
0.407887  4.41276  
0.995789  0.733452  
0.967896  0.864178  
0.627059  1.27663  
0.0195934  4.74874  
0.414605  1.96163  
0.582959  3.37235  
0.0527509  2.94502  
0.957542  0.484481  
0.180643  1.70211  
0.88785  0.868003  
0.0365188  5.48746  
0.577714  1.2272  
0.800218  2.29863  
0.693843  0.757782  
0.471943  3.90499  
0.16642  1.41583  
0.62242  1.99914  
0.573764  2.45786  
0.224437  3.67356  
0.0268827  3.83407  
0.720202  1.23536  
0.32773  3.50855  
0.724948  2.2183  
0.223188  1.08926  
0.136494  2.73186  
0.0395683  2.34656  
0.770889  0.881571  
0.627071  0.302968  
0.892429  3.17849  
0.800394  2.75673  
0.961702  1.76326  
