0.261592  1.50932  
0.17489  3.38548  
0.241314  1.99366  
0.048951  5.6591  
0.146986  4.37219  
0.709194  4.55792  
0.743841  2.46546  
0.590057  2.40461  
0.831492  2.12052  
0.374273  4.14344  
0.312951  2.50969  
0.696478  2.21554  
0.773294  0.683562  
0.284594  2.02862  
0.482577  4.65755  
0.136645  1.13187  
0.895483  1.2869  
0.448432  2.49187  
0.398441  1.54464  
0.17299  5.61216  
0.82189  5.00629  
0.5427  0.701495  
0.343312  1.43458  
0.753601  1.8037  
0.789375  4.16795  
0.576545  3.54531  
0.0791418  3.50715  
0.77803  3.5766  
0.0265072  1.18047  
0.381117  4.33055  
0.578598  2.71832  
0.299734  1.28349  
0.558127  1.66937  
0.0611152  2.85541  
0.451156  3.82476  
0.705532  0.682917  
0.531348  2.51677  
0.932078  0.548207  
0.266796  3.57853  
0.133094  4.14497  
0.63408  1.56897  
0.946255  3.97586  
0.858913  2.00295  
0.25659  5.35625  
0.422547  2.69094  
0.416412  2.3325  
0.25847  2.63194  
0.729101  2.98087  
0.774681  1.56357  
0.0741004  3.9764  
0.817851  3.16091  
0.513105  0.599892  
0.579507  0.798207  
0.14612  4.99683  
0.251578  4.78158  
0.640365  4.05156  
0.199691  4.8304  
0.128967  4.27864  
0.96749  0.470566  
0.458329  0.739903  
0.62435  4.59394  
0.177371  4.17803  
0.996166  0.972432  
0.83578  5.10638  
0.365931  3.79843  
0.711702  4.55046  
0.036846  3.47888  
0.918319  2.26533  
0.0529326  5.33458  
0.967607  2.35924  
0.464606  0.95092  
0.553528  1.39992  
0.818386  4.49086  
0.469584  1.00972  
0.347539  2.743  
0.393072  0.92051  
0.953651  1.52147  
0.0687305  2.81817  
0.385209  4.15504  
0.484277  3.51657  
0.781662  3.33397  
0.712844  2.33919  
0.708111  4.55001  
0.482335  2.20879  
0.0150554  1.88105  
0.992484  2.77825  
0.684648  1.99245  
0.829092  2.04495  
0.600431  0.738005  
0.261591  3.96087  
0.908807  4.59845  
0.943584  2.97158  
0.0597832  4.17428  
0.774146  1.46784  
0.951213  2.63019  
0.564988  1.87405  
0.668594  3.93381  
0.487664  5.33453  
0.918743  2.66849  
0.727727  2.62699  
0.875122  2.9742  
0.0706279  5.48125  
0.366475  4.76495  
0.810177  3.97917  
0.904291  4.80643  
0.37524  5.52027  
0.0296702  1.84636  
0.645849  1.16338  
0.718809  0.603124  
0.578233  0.659537  
0.691504  0.715737  
0.0688317  4.22379  
0.372823  2.05181  
0.476193  2.77364  
0.256086  5.38592  
0.0908573  4.44767  
0.460236  2.16541  
0.0716091  5.48174  
0.85912  2.51631  
0.94801  5.10399  
0.53226  4.61784  
0.0104921  3.71255  
0.708756  3.02232  
0.0843918  3.03631  
0.841477  0.517338  
0.304345  4.72204  
0.16122  4.44188  
0.896921  0.460143  
0.491892  3.91943  
0.442394  1.89857  
0.942281  3.63961  
0.386393  4.66444  
0.414801  2.81689  
0.471301  2.21035  
0.380272  5.37009  
0.587415  2.48229  
0.270822  5.41573  
0.723269  3.1443  
0.460292  5.08011  
0.953401  0.603291  
0.13584  2.41385  
0.468895  3.05402  
0.443355  1.47094  
0.569507  1.49582  
0.744496  2.16195  
0.436525  2.4178  
0.949271  3.52453  
0.853577  2.01763  
0.509884  4.70779  
0.412246  2.87287  
0.125356  3.77955  
0.162925  3.50923  
0.922752  3.28186  
0.864374  1.64836  
0.19919  4.06479  
0.832035  1.28063  
0.776393  3.91469  
0.0637723  1.43722  
0.438406  3.82035  
0.196402  4.70472  
0.510484  2.84568  
0.887865  2.58723  
0.404618  2.79965  
0.150431  1.76509  
0.992825  2.30817  
0.301377  1.12813  
0.676892  4.10039  
0.699288  4.55818  
0.0662242  4.2798  
0.637754  4.88796  
0.737739  4.42129  
0.0495344  3.56294  
0.0744442  3.7987  
0.629151  2.71003  
0.676953  4.10948  
0.468971  5.07788  
0.88211  0.901519  
0.520752  3.15983  
0.323125  1.03548  
0.0886988  5.84023  
0.171185  2.70783  
0.318685  4.83574  
0.740634  3.74793  
0.565451  4.62982  
0.0806649  4.74327  
0.102086  4.72336  
0.64395  4.34907  
0.191262  3.4203  
0.00812392  3.84995  
0.738147  0.69752  
0.834901  4.21181  
0.872234  0.717645  
0.221504  5.09364  
0.217466  2.07657  
0.746625  4.16532  
0.348366  5.1947  
0.071586  2.13245  
0.051577  2.29892  
0.190496  5.79358  
0.859743  5.0973  
