0.469871  2.69577  
0.953384  0.161601  
0.257323  1.34551  
0.845188  3.12353  
0.877869  0.613784  
0.517195  0.569603  
0.981251  1.85977  
0.806269  1.09693  
0.77014  1.39391  
0.792417  1.33239  
0.207909  1.62755  
0.649717  2.82606  
0.729103  0.539926  
0.557287  1.58297  
0.0893091  5.24508  
0.337365  4.36511  
0.996775  3.31967  
0.261522  0.872654  
0.110547  3.31097  
0.683842  3.9217  
0.896215  1.04258  
0.0485487  2.41276  
0.580211  1.04186  
0.156885  3.1431  
0.993334  0.664865  
0.582519  2.02864  
0.11531  1.2713  
0.947581  1.53273  
0.884373  0.617389  
0.391667  2.71653  
0.681175  3.55112  
0.981263  0.532575  
0.593727  1.32752  
0.149108  0.87814  
0.786741  2.74773  
0.528314  0.37123  
0.0784627  4.69666  
0.197134  4.81564  
0.0623489  2.7256  
0.741674  3.24171  
0.755426  3.70594  
0.458535  0.367153  
0.380384  3.92816  
0.822351  0.347215  
0.140837  1.1343  
0.220576  1.18588  
0.582401  4.00231  
0.449198  1.24825  
0.0410147  0.939161  
0.881118  0.830521  
0.850404  0.482503  
0.774209  3.61092  
0.777441  2.00779  
0.210305  0.593041  
0.525046  1.91648  
0.822302  1.55761  
0.856293  2.66303  
0.0992117  4.10862  
0.791975  3.39558  
0.97961  0.574667  
0.0136585  3.9132  
0.0388595  0.843029  
0.533728  1.48659  
0.0238792  3.18939  
0.109402  1.83605  
0.663413  3.08181  
0.149352  2.8229  
0.978488  1.79502  
0.824854  1.19363  
0.919456  2.5402  
0.0759499  4.55542  
0.828641  3.27326  
0.657365  3.66675  
0.405604  2.53118  
0.632353  0.909895  
0.690738  0.428576  
0.369631  1.86462  
0.165472  3.71828  
0.719033  2.14949  
0.46179  4.28663  
0.588087  0.410662  
0.568557  4.04315  
0.793894  3.17955  
0.290152  1.14768  
0.271677  3.24032  
0.600179  2.96262  
0.507114  3.22152  
0.792259  2.63431  
0.486671  1.48708  
0.812912  0.811476  
0.0566352  4.16333  
0.856926  2.45822  
0.990831  0.267378  
0.627234  3.39044  
0.12657  1.30266  
0.251872  0.797573  
0.810986  0.721221  
0.0243899  5.24076  
0.370608  3.27858  
0.415541  4.21142  
0.176519  2.04786  
0.989021  0.195043  
0.437958  3.20623  
0.41598  2.46428  
0.25469  3.95384  
0.440364  3.24792  
0.122694  2.11731  
0.00585965  2.86796  
0.0704233  0.917036  
0.324065  0.760724  
0.0737477  2.07173  
0.822631  3.74794  
0.759409  1.56419  
0.967818  2.85116  
0.609599  2.75975  
0.835243  2.98981  
0.168642  1.25247  
0.226902  2.9655  
0.336098  1.69247  
0.316794  2.91955  
0.628709  2.60426  
0.141855  3.83426  
0.467857  1.50803  
0.493734  3.93562  
0.572428  0.338942  
0.668075  0.584511  
0.528029  0.607885  
0.577786  3.29116  
0.518659  1.74567  
0.173216  1.97358  
0.541061  0.856791  
0.274029  1.99014  
0.412195  0.833978  
0.223022  2.27993  
0.265309  4.44782  
0.477343  3.66016  
0.5758  0.458492  
0.629481  3.90224  
0.908477  2.65685  
0.1096  3.48154  
0.706242  0.803767  
0.664615  2.93176  
0.240009  2.37251  
0.712657  2.6435  
0.59525  2.41148  
0.303299  1.0496  
0.0241887  3.4299  
0.183487  1.55182  
0.350815  3.67301  
0.0828982  0.922954  
0.1795  2.56058  
0.34601  2.45316  
0.914585  0.950668  
0.213323  1.59835  
0.293581  2.70008  
0.441101  2.90345  
0.61075  0.274035  
0.0210227  4.17915  
0.497272  0.702168  
0.992671  2.29135  
0.536534  2.02384  
0.119291  4.83332  
0.221517  1.63197  
0.100049  2.85825  
0.726237  1.48323  
0.52461  1.24692  
0.510623  4.20619  
0.15575  3.08104  
0.922845  1.4506  
0.836651  1.68893  
0.609738  1.08233  
0.716636  1.33356  
0.386198  1.36193  
0.471887  4.15285  
0.891229  0.299963  
0.274014  3.62358  
0.242317  2.33732  
0.215217  3.26558  
0.32236  1.40522  
0.908512  3.47532  
0.0510376  4.37534  
0.138935  3.96708  
0.939725  2.35923  
0.534108  1.60324  
0.0931686  1.70936  
0.992699  1.92617  
0.260299  1.35322  
0.297374  3.72766  
0.694292  0.942013  
0.745245  0.346119  
0.624483  0.838969  
0.307524  3.97669  
0.0142984  4.31351  
0.106608  3.79035  
0.0349727  1.06915  
0.254448  0.739483  
0.518871  4.07537  
0.96116  0.971737  
0.665293  0.908211  
0.0618132  4.39901  
