7.86528  22.0604  8.86871  
16.3175  6.33323  12.9981  
7.47039  8.8738  9.96441  
7.10745  6.81629  5.6608  
5.37312  1.36997  2.97445  
8.7391  1.77399  22.6701  
8.2203  2.94486  13.175  
6.03752  11.2929  13.0908  
17.8747  5.79051  18.0963  
31.3585  46.9124  12.0963  
26.9847  4.47762  6.18024  
14.3248  0.229115  13.5957  
6.1818  25.0854  6.64778  
3.16129  10.0724  18.2815  
12.0868  6.59476  11.4893  
8.11346  20.694  7.91833  
9.3994  26.6784  12.29  
21.5689  7.12494  4.24748  
7.04405  11.9012  19.5881  
10.7552  19.7206  12.6045  
16.8461  13.2809  12.1007  
9.24155  20.5556  6.08271  
16.3058  3.02687  17.1924  
10.7721  19.7795  3.72743  
17.1905  26.9455  12.0345  
11.9878  2.07219  11.9482  
17.746  19.3631  12.8068  
21.8119  6.37543  16.584  
15.7625  3.13573  8.69732  
19.2703  12.9557  13.3007  
8.23345  5.87428  8.40721  
5.43613  19.5732  20.885  
2.08438  32.9408  13.1614  
17.6284  0.173686  16.8676  
13.9788  6.09855  16.5136  
2.27422  4.45754  6.11714  
4.15041  12.098  3.76122  
8.95769  5.39104  7.47536  
17.2423  3.28501  11.6222  
2.45033  1.29239  5.49202  
18.1465  22.1802  3.50513  
4.25886  4.57302  11.6324  
6.77312  1.38223  14.2268  
8.04749  15.1927  3.83959  
7.34044  4.52104  5.02479  
11.4094  38.3098  41.1035  
13.4631  12.9297  33.3262  
8.74024  7.47172  10.2655  
9.96811  12.4971  2.85775  
16.2906  8.94199  9.68694  
12.8348  27.8822  11.3311  
21.1936  7.13316  4.97593  
25.5425  23.1713  13.1601  
16.2895  8.01998  22.4456  
7.17598  15.6081  23.9489  
16.5855  5.37227  26.7977  
9.33577  10.7082  24.0885  
13.1224  8.39949  11.1002  
15.9141  6.69109  6.38446  
4.86269  13.0543  18.3842  
8.07344  6.25083  18.0231  
7.95197  9.28387  7.68658  
1.32423  25.1017  17.7039  
11.5582  3.81967  12.7588  
15.6561  9.57511  10.0426  
19.2218  11.6408  17.6724  
6.03374  31.7741  12.3862  
3.93098  9.72481  15.3348  
14.446  11.192  10.6255  
6.65191  21.965  11.0817  
27.5026  16.0185  4.61452  
2.32095  9.11821  17.9087  
5.94038  12.9547  26.8526  
4.04829  8.58857  26.2104  
20.1374  0.661993  3.84978  
3.99235  0.878055  19.0854  
11.467  9.09957  10.5999  
21.0022  7.20641  15.8888  
12.8735  36.9199  10.7814  
7.1176  10.0003  6.31467  
2.57052  7.61327  10.7058  
14.2274  4.37591  14.5243  
7.08923  1.85881  18.5121  
3.07532  11.0295  13.203  
4.67711  15.3946  6.14631  
11.1433  17.3409  6.75292  
6.43595  5.83545  6.17358  
1.78781  21.396  16.8003  
10.2848  6.80577  10.4312  
11.9603  18.3346  17.0729  
10.448  0.993921  12.2754  
23.1852  10.4457  12.052  
17.9239  2.92527  13.6988  
3.15264  17.5719  15.8131  
7.69013  7.45077  11.624  
8.57788  15.2318  4.54672  
10.8191  7.28287  13.5038  
8.14799  20.0372  8.54514  
11.8612  25.3266  8.17972  
19.8491  9.39587  7.27021  
15.5569  9.69795  6.26767  
13.1343  10.088  2.16519  
5.42913  8.05076  3.35882  
16.1425  10.2153  8.69578  
10.8333  14.9718  12.149  
17.6328  4.7085  16.1953  
25.6337  6.70398  29.6192  
2.37212  25.0829  14.8808  
4.38008  0.894708  33.1573  
3.28758  14.8558  16.3208  
9.3592  1.82115  13.8077  
1.84159  8.1389  6.30211  
4.89976  30.98  29.3102  
9.42333  2.14517  14.538  
23.3537  0.926993  21.239  
1.84331  15.1793  9.35692  
8.28466  19.2835  2.80333  
2.58185  6.46822  10.6147  
9.33201  31.5659  21.5286  
20.6773  12.7796  12.0315  
9.70011  7.26624  1.86859  
4.52103  20.4911  4.2332  
3.52839  30.6947  11.3135  
13.1607  17.0276  15.4544  
5.13742  6.1343  11.3596  
10.2607  28.9686  13.6606  
9.89133  10.2187  10.6792  
16.0973  20.432  9.33042  
11.9081  13.8937  3.93686  
9.994  29.767  10.9048  
11.7229  20.5771  17.183  
8.08071  5.26176  16.7136  
8.17327  22.5118  23.4877  
9.43006  2.98322  10.8423  
18.1793  15.3341  14.3609  
11.2864  1.87343  20.8727  
15.7341  8.34539  13.3784  
6.01746  22.0113  5.84642  
4.15373  32.4519  17.0697  
8.41347  8.18941  10.0912  
20.2996  15.7768  15.7985  
24.2311  40.4632  14.4572  
11.0367  4.53916  21.4458  
12.9456  7.20301  9.87847  
10.6518  6.191  27.3368  
12.5183  9.85824  10.2505  
0.684972  1.1565  24.4076  
11.0438  7.56787  2.11647  
19.9476  3.22724  32.0184  
3.24898  28.1851  5.59635  
15.7789  25.3172  5.60249  
7.63979  7.24149  11.8171  
20.8569  4.24886  3.27218  
24.2595  3.7751  19.4193  
10.8786  18.4021  15.6495  
7.58051  15.7759  15.7335  
13.0477  3.26359  3.80365  
11.9735  23.42  4.84259  
6.51191  10.7575  14.0843  
9.37518  0.708463  18.9791  
14.789  36.276  23.0525  
19.9814  21.3065  8.10361  
8.96014  3.48774  17.7216  
6.93304  14.2281  8.53551  
28.6168  26.9448  9.46042  
24.0152  0.156693  3.41204  
6.16814  14.5557  10.7173  
8.25548  25.8724  32.1794  
28.0155  10.1448  6.06213  
21.9822  14.6968  10.5471  
22.9115  1.18234  3.82743  
16.5928  24.4763  3.28361  
11.9179  26.6577  6.63236  
9.44157  2.23594  24.2171  
19.9985  1.57088  14.26  
1.90904  10.9441  7.07861  
7.67813  13.3604  9.96192  
12.2863  11.7002  10.7671  
24.7598  18.5043  6.1833  
22.5784  6.98021  6.7673  
3.71693  2.48713  5.07925  
17.1342  24.8027  7.91861  
21.2059  11.8215  25.7297  
12.8086  5.26966  6.43344  
15.7757  33.1737  10.4195  
10.6485  17.5011  18.3671  
6.5881  3.06476  14.7243  
11.3425  7.15779  14.5616  
13.7019  15.4435  9.60827  
14.3504  7.85503  4.17211  
12.7348  29.7494  22.8826  
3.89362  4.01566  23.1048  
12.5019  17.9918  2.63729  
4.98141  11.3973  1.56791  
9.72046  9.0399  9.26221  
10.715  14.4184  22.2952  
11.8029  13.2326  12.7543  
22.4381  19.589  25.1375  
8.92081  12.7298  25.8772  
10.4454  1.48801  13.3173  
7.83503  5.54837  5.20546  
15.5697  5.64603  23.6796  
8.14492  5.49104  13.5047  
1.15543  4.60405  4.00984  
26.1317  1.94651  17.4307  
2.92272  17.5066  21.8519  
13.3264  6.33663  2.77431  
15.6085  18.2448  15.4936  
9.85023  10.695  21.1725  
26.2092  34.5208  15.3149  
19.1943  5.59179  15.3143  
17.2161  32.6366  26.3888  
18.4371  35.3793  19.032  
12.5805  8.83216  18.0007  
10.9072  24.3401  29.9531  
7.70329  3.77485  3.73915  
2.58946  7.48322  5.95744  
12.2164  3.64774  5.64024  
6.03709  1.83116  12.4291  
1.33268  2.54312  13.6339  
15.0087  2.2617  20.6354  
1.08161  10.351  15.905  
19.2032  7.85495  13.453  
14.1837  7.17375  16.801  
10.4153  7.74634  22.0476  
9.2118  9.16328  11.5489  
1.23216  1.63802  9.56237  
12.3429  16.0899  9.34703  
10.0092  17.9845  19.4399  
7.93874  17.0222  14.1705  
9.20365  19.2735  6.0354  
16.5763  1.30093  3.1681  
21.4424  34.0632  13.1983  
6.15589  17.7358  14.1705  
13.9316  29.3716  19.1868  
18.7963  4.36201  14.1734  
4.51349  3.69152  5.27547  
14.0262  11.1023  13.2595  
13.682  18.5855  16.7177  
6.57323  15.7234  18.4855  
17.4996  7.99678  15.2411  
13.4698  18.5027  9.29154  
17.9262  32.6497  18.2568  
10.2194  1.6739  15.4574  
7.77758  1.14602  21.7238  
10.6086  15.9796  8.59106  
11.7442  12.1462  17.8425  
12.2404  5.67816  1.82899  
10.628  4.40586  9.11207  
11.3478  0.606993  11.0795  
14.1735  10.1752  16.5449  
20.5042  11.4289  9.63786  
8.24814  13.2599  5.83601  
17.6692  16.677  10.3305  
6.1512  12.5917  20.259  
4.8488  6.8567  8.75002  
2.61823  1.57072  14.1144  
18.4836  7.37222  4.80171  
7.07908  13.245  13.2196  
5.61569  21.5001  10.8042  
12.475  9.862  23.0857  
4.88029  14.0964  27.2182  
9.12521  5.41676  9.4972  
16.2061  1.80685  6.24203  
11.0126  26.2459  12.6768  
10.4062  8.25367  14.6458  
14.8154  6.7213  15.3098  
12.3256  20.5736  9.9884  
15.0466  9.26475  15.1067  
5.94783  8.91685  14.3343  
1.46545  10.8226  9.19825  
20.0446  20.4472  10.3604  
9.09864  13.4119  7.5629  
23.2885  4.16653  5.81631  
2.05912  2.0637  14.945  
20.324  35.0237  15.9149  
17.778  9.4839  8.43289  
6.08441  11.5638  24.4519  
16.0826  10.6547  12.5718  
19.0017  0.252713  7.64247  
7.96009  13.5998  20.2668  
4.10973  7.82896  22.6635  
30.1447  7.11515  18.1215  
11.0438  5.58474  9.56319  
1.96093  23.6207  16.267  
12.5468  7.71333  8.00494  
9.2841  1.08818  25.0477  
13.0883  9.26849  25.4906  
9.11617  5.0218  18.4054  
14.5628  7.29438  15.2247  
12.0466  0.939989  6.15083  
11.0472  10.8989  14.1654  
13.9737  3.69488  5.77502  
23.0603  13.1727  10.6944  
8.08349  13.1814  13.1789  
24.8532  6.32681  10.1434  
19.524  18.7358  10.2125  
19.5729  5.03285  7.32747  
45.8265  17.3517  14.3237  
15.9691  1.31028  15.4323  
4.27119  0.452884  15.1341  
18.5864  6.2594  3.83263  
4.792  9.58849  13.5349  
9.32996  37.5936  12.4846  
11.8598  9.07501  9.43172  
6.30875  22.4271  11.8166  
14.4163  20.5451  0.92047  
8.5958  4.90155  4.03195  
20.8755  9.66019  14.6066  
31.9488  18.6137  17.1664  
24.7402  20.7408  2.42194  
21.0221  15.227  9.04468  
16.876  4.95805  15.0329  
21.4953  26.209  22.1971  
16.0055  6.57486  9.16074  
7.7624  14.4334  9.11159  
8.80005  11.4543  10.2978  
14.653  25.3246  10.7446  
38.0622  27.9512  4.77537  
30.3811  11.069  24.0482  
21.6758  23.6264  18.7933  
18.9908  2.11381  10.9203  
1.87193  10.2485  18.3764  
13.8975  24.5444  0.582424  
11.3417  24.6597  4.57353  
6.62892  22.8157  13.8536  
13.3882  7.65  9.45811  
12.6164  16.6841  12.9619  
13.512  26.6334  20.6993  
12.4989  20.4072  14.3162  
17.1922  2.69814  10.1591  
8.58273  15.0352  5.4424  
1.89033  15.2516  7.59532  
20.417  4.40621  6.33912  
15.3871  21.618  7.08349  
7.81393  27.2575  5.87788  
11.1841  6.51264  2.19667  
8.66776  11.2468  5.23912  
6.70137  9.81288  21.9083  
8.86264  29.5176  9.0501  
5.58906  11.4687  10.4337  
17.2605  12.5245  8.23692  
13.5628  18.0691  10.5378  
8.14652  11.68  8.25815  
8.4874  17.1298  15.4006  
7.77718  1.40242  14.0432  
15.2717  14.1832  13.0136  
19.5954  9.33949  28.0479  
19.7336  20.2436  0.809345  
1.49028  3.05247  37.6931  
3.05299  14.0242  21.9188  
11.4825  2.78558  6.289  
15.3401  12.6051  12.8192  
14.4675  5.06202  33.7917  
34.9318  13.5861  5.97273  
9.44654  22.329  17.1366  
3.3541  5.42902  16.6865  
13.6587  5.88818  8.70108  
7.31885  28.1907  29.7056  
14.6124  14.4285  6.72157  
20.9069  2.02679  11.4801  
17.8365  34.5054  27.9769  
16.2824  7.95829  15.8031  
13.8753  24.843  23.0622  
24.2226  37.6524  5.51043  
0.707454  5.33277  2.1065  
2.32921  18.0245  11.9552  
13.0615  5.52502  2.30524  
21.96  1.49954  0.799365  
15.4055  14.8139  11.0234  
4.80423  14.3472  19.056  
10.6036  10.4182  13.2741  
10.0087  2.60456  11.307  
8.77664  20.9184  8.58671  
4.89468  1.81266  13.0172  
5.25505  23.4098  30.6668  
24.3103  24.9538  11.1719  
9.83968  20.2775  12.7737  
12.4233  19.5755  11.2143  
3.27988  8.96915  21.274  
10.0043  27.0855  8.40472  
13.3602  13.7225  4.82687  
2.99138  3.93144  5.9733  
19.6849  5.22127  9.63833  
21.4239  15.548  7.57005  
8.58389  12.9758  3.98602  
25.6541  8.39029  8.79088  
10.8877  0.640733  11.9183  
8.3445  6.89185  1.03291  
10.5213  6.42451  7.50469  
15.2321  19.8715  8.39687  
30.3864  5.75541  23.9676  
33.971  3.06131  22.1815  
13.9875  14.7853  13.2466  
13.3667  2.42191  19.6439  
22.0754  6.18702  7.92986  
6.55984  11.3505  5.44847  
14.288  16.4676  12.1914  
29.7057  33.8957  18.1491  
11.7879  11.0898  3.03874  
14.6426  11.4964  9.30416  
3.50684  8.70305  23.7851  
14.9019  6.60625  25.4841  
13.5635  16.549  8.33718  
13.8691  15.9372  18.192  
10.1091  1.88507  9.04456  
4.07406  28.5778  9.40379  
13.8168  12.2334  14.0976  
4.81455  21.5435  10.5471  
7.14229  3.95197  11.1816  
10.7907  23.8482  23.2169  
12.6712  7.51884  15.3892  
19.2829  9.7594  9.36462  
8.24537  1.87873  15.2662  
2.27844  12.5023  8.58294  
27.1751  16.4336  21.1083  
32.6745  22.9941  13.2011  
10.1185  9.20666  18.4656  
9.79784  21.3733  15.1139  
9.80027  5.22746  9.95634  
3.86012  17.3764  16.1278  
19.0067  11.3508  20.3332  
1.90485  26.834  17.3871  
5.0526  11.1734  18.7412  
6.87134  3.0362  1.78441  
15.6158  25.4768  16.6439  
8.48929  1.56651  9.65125  
4.5894  5.39  21.8982  
13.1925  11.8825  17.3756  
6.86274  10.4483  17.6632  
19.6633  5.55391  6.36158  
13.4048  4.98469  10.9096  
5.58207  2.16829  12.9524  
3.66009  26.1876  4.69344  
2.76569  16.002  6.99056  
14.0722  13.3646  8.72102  
7.72482  3.77314  11.5465  
6.98987  14.4498  14.48  
14.031  25.9864  14.7395  
30.4064  10.2983  24.9391  
13.314  10.4446  5.55526  
4.73818  0.531716  17.1857  
12.3918  28.4535  10.2329  
14.6969  20.9086  13.3664  
8.17939  10.8094  5.0577  
14.4662  16.0456  6.80329  
35.4461  10.5896  15.1422  
23.3275  10.8467  25.4286  
14.9606  4.55538  6.42349  
15.3548  20.3017  8.0439  
3.70258  1.57192  19.0724  
3.02934  11.1627  16.7221  
7.49239  15.2312  9.17293  
5.22694  31.777  6.73985  
6.9297  11.89  2.04985  
22.7417  3.41837  4.87503  
7.54026  11.8059  28.145  
6.20888  41.4221  6.22476  
24.0555  14.5112  15.0832  
13.1711  7.03691  9.29378  
4.56308  16.2141  19.9388  
12.7674  16.4176  15.6788  
19.3875  23.0995  5.43952  
16.0934  7.44021  14.4764  
14.3879  11.3028  13.4313  
36.4106  27.5451  23.2406  
27.7921  22.4325  6.19707  
13.789  1.33859  9.04684  
9.16732  18.6149  7.07792  
9.66221  14.6945  5.13  
15.8162  11.5631  6.78428  
12.8097  1.60888  31.3421  
8.97  16.0349  7.39045  
7.09858  31.6005  15.6558  
20.7086  6.91046  19.2816  
11.5769  9.93984  15.6808  
1.50489  8.91268  9.69628  
7.37729  21.3556  4.82808  
10.5888  13.2856  13.3926  
6.00954  4.28854  22.4567  
12.4235  11.0643  12.1216  
31.5396  6.11713  6.73776  
9.03517  8.17301  7.38105  
31.586  18.6428  28.2448  
3.41024  12.5547  10.5807  
5.49653  26.4446  13.2585  
9.74783  7.87869  16.4033  
6.2384  13.1895  18.6055  
13.2149  9.18271  6.09752  
2.32196  17.963  18.955  
19.7503  23.5894  2.43214  
24.0566  13.777  4.34126  
30.4078  13.7434  10.8694  
9.04717  3.20798  14.7115  
23.5832  30.1936  11.4175  
20.3647  7.6734  14.8424  
7.97387  9.08682  9.03617  
8.39151  3.80543  10.384  
16.4054  11.6619  10.323  
18.7439  0.887194  14.8212  
13.6063  12.8689  15.2192  
14.345  14.3729  20.9938  
4.45951  19.7318  10.092  
12.1554  16.31  12.8464  
5.26615  16.0266  29.4346  
10.0528  18.255  1.65036  
26.9327  25.7892  11.0256  
4.88043  0.484394  2.87546  
8.24879  20.2608  7.60566  
26.6143  1.68749  8.33846  
3.73878  25.9988  3.03891  
11.2669  12.513  11.9251  
15.5414  13.0257  3.15767  
17.8331  21.2814  11.3535  
7.66632  15.7154  7.56334  
13.9996  22.1492  10.9595  
15.1445  7.61426  28.6907  
19.4064  4.50453  9.81985  
28.5997  15.1757  27.373  
19.2973  5.1348  6.69199  
4.53268  15.0292  6.4281  
0.591219  37.3256  20.7503  
8.2266  5.46106  27.0649  
6.64597  13.711  6.19149  
8.63558  21.071  19.5771  
4.28391  19.3626  7.44682  
11.5722  23.1476  8.35638  
2.52073  19.0503  5.99904  
25.4936  8.69193  42.9379  
7.80574  14.5751  1.58971  
18.5752  1.52136  6.18358  
5.07573  7.23738  15.0642  
15.2978  21.0308  14.5226  
22.6881  11.2809  9.737  
7.54664  13.8501  3.95937  
5.4072  24.6351  7.51743  
6.23267  37.2341  11.9727  
22.403  9.57723  8.90751  
6.66696  0.298051  14.9874  
18.8629  8.12815  18.4705  
11.8835  13.8498  8.77459  
16.0373  0.957099  15.5918  
19.6913  2.31982  3.91269  
2.26266  3.63139  14.8003  
17.04  14.5007  7.3985  
6.81538  14.0339  4.91263  
9.2731  10.0499  14.3278  
6.15313  5.388  6.31475  
12.9742  20.4961  4.91738  
6.74988  18.0573  1.75551  
12.7468  7.32927  9.54854  
1.9422  11.2356  17.6658  
3.17847  4.61126  9.39324  
1.52754  16.9897  9.43063  
3.98664  13.5294  8.13159  
19.7347  0.387616  22.8151  
6.04023  9.24379  7.91044  
8.65997  6.89288  5.51032  
9.16315  18.2127  6.05035  
15.3323  17.1615  15.0396  
17.7796  7.25098  17.7523  
10.4937  5.92786  4.41536  
7.89012  3.42704  9.39992  
14.262  9.67489  14.5367  
3.70087  12.4548  1.773  
4.20479  6.38136  23.0902  
15.4298  27.2849  18.3054  
7.05541  16.9779  24.5067  
24.1829  30.9357  14.7269  
26.7173  21.7935  8.51734  
14.1756  15.8617  9.78065  
14.8961  13.6446  1.94113  
9.67891  10.7971  17.1742  
1.54576  22.5164  19.0346  
3.49797  16.0068  7.93328  
17.6882  26.1194  28.8241  
8.35182  15.5733  13.6409  
28.9722  21.467  16.6505  
16.8324  22.1799  6.79797  
16.3021  6.59294  9.30537  
6.29236  9.41889  6.21057  
8.11683  13.5435  12.9489  
17.5153  9.19107  18.808  
29.6061  30.6085  8.12643  
4.00963  9.73029  8.35139  
5.96231  1.66403  7.24683  
7.91006  16.3667  9.68814  
19.1169  2.81413  28.3945  
11.7615  34.7581  7.34521  
12.1306  2.95921  13.6686  
6.315  3.98085  10.4261  
12.7592  8.22331  15.0259  
10.8111  3.34623  1.49493  
15.4995  17.6824  12.3829  
10.4921  14.9824  2.73193  
7.68375  9.50656  20.1465  
18.8192  1.16075  29.3666  
16.0443  3.7159  6.86117  
17.7108  28.9166  9.05344  
23.9928  12.071  8.64417  
22.2293  11.462  10.9663  
16.3778  8.42638  9.46535  
9.58124  0.437602  18.5203  
23.0558  17.2993  5.09207  
3.7371  17.2891  13.481  
32.1899  5.57128  22.7269  
14.8769  33.776  8.46654  
9.58391  18.8968  7.39064  
9.37046  26.3423  6.23815  
5.81079  11.4312  5.54697  
17.1833  10.8404  29.6366  
3.46592  20.4748  5.8295  
6.01928  8.04169  4.21743  
5.66891  22.5735  14.0434  
32.9975  31.0745  10.9216  
11.6837  11.7519  20.617  
24.3817  5.49297  43.78  
5.03416  0.514167  2.26643  
16.3196  18.659  12.3032  
14.3174  21.1035  19.0526  
7.30224  11.3434  8.79813  
15.3922  11.3916  5.87352  
14.7227  23.9156  5.61498  
9.63119  11.5698  15.4367  
27.2067  15.7909  12.3723  
1.36878  13.0597  20.6207  
15.0262  8.97948  21.4025  
13.9291  26.8552  30.1198  
6.27511  21.2079  9.57693  
12.4309  3.25166  3.26232  
15.6205  11.7497  17.3047  
18.8527  6.42885  5.08262  
10.7149  18.5779  10.1682  
31.5852  10.4628  10.9275  
8.96086  2.17844  27.4825  
12.7009  8.57513  14.8677  
11.3168  36.1142  20.972  
7.66739  8.64503  2.27557  
10.2421  5.11893  15.131  
16.329  27.2962  3.95347  
27.7104  1.47405  14.9126  
4.92173  8.57648  12.3734  
19.6545  39.3765  22.2622  
16.6658  16.61  5.70158  
9.68788  20.3017  8.16831  
14.2853  16.9224  17.4859  
14.8675  23.5818  4.83216  
3.23632  0.543715  8.37791  
6.8981  7.87784  7.47852  
5.62905  9.69394  19.6092  
12.4298  21.2963  10.8534  
8.29946  17.2791  5.89422  
20.189  12.0196  3.75468  
7.05279  3.66345  6.59837  
3.20528  18.6034  13.0269  
9.27322  17.4889  17.1182  
21.7633  16.394  17.9409  
17.004  1.56433  22.497  
18.56  0.25599  13.4636  
17.1557  15.152  4.42455  
16.731  14.8149  3.01261  
26.6138  9.0746  15.5894  
12.6353  30.6644  18.6051  
14.0471  16.9978  6.75155  
5.46722  3.37312  3.59945  
14.9578  13.1761  11.216  
21.493  5.57688  36.4696  
11.3642  9.49919  7.46124  
16.7962  16.8212  7.22551  
1.96786  22.3338  9.68071  
14.0622  17.0479  13.7983  
8.10622  15.991  11.5464  
17.6052  14.689  17.1193  
28.1856  2.54156  2.91356  
4.46168  21.1628  19.076  
14.2682  3.66957  4.81259  
11.5985  26.1447  26.0464  
13.0338  15.6395  16.687  
20.1877  22.8365  18.9615  
12.8837  17.1136  9.6  
3.98054  5.47472  20.0908  
13.6459  4.169  14.2553  
7.88257  14.6728  13.7049  
16.1091  8.89898  24.4567  
13.6645  18.4761  15.3518  
9.50151  26.9043  7.75363  
5.04017  10.2468  16.6923  
16.9598  28.4599  21.5719  
20.5125  13.2583  5.37866  
19.367  8.97999  10.4018  
12.8641  19.2045  14.4588  
15.6899  18.8607  33.1425  
37.035  9.52312  13.7518  
15.9745  5.06819  27.6476  
8.18375  10.8986  12.3483  
30.5306  4.90398  11.3778  
21.0973  5.94319  15.518  
27.3235  8.43227  2.04755  
16.0832  7.72835  14.7251  
4.3473  29.5447  4.82409  
14.3469  24.9642  3.8299  
16.2084  29.406  12.581  
28.9135  11.936  3.47101  
3.207  2.32267  7.31686  
13.0546  18.4693  16.773  
16.0744  7.28084  15.7126  
25.8249  11.5833  24.6585  
30.1152  17.392  16.6777  
8.2166  10.3876  12.0628  
16.4787  0.364355  17.3625  
6.01023  5.53854  10.7333  
13.3024  8.26071  1.99118  
5.40287  6.32441  7.88346  
5.72684  16.6642  6.92157  
4.0821  14.2604  16.0673  
7.83013  19.4081  12.5314  
12.0665  27.4073  2.65787  
23.0662  14.6667  24.9561  
13.0104  10.9442  4.0376  
21.9431  12.1858  2.46824  
8.33311  17.4572  7.94044  
9.86355  6.14671  17.9877  
13.3211  22.4958  23.4589  
17.3626  42.2087  16.8977  
10.5429  16.8682  1.80556  
30.4701  27.0306  2.57697  
9.73732  4.79732  12.199  
6.57168  6.61007  13.5164  
10.2547  6.47588  20.2524  
9.97561  10.7806  10.0873  
6.4112  15.4901  16.9239  
11.0745  5.09725  26.9333  
4.30354  2.43307  19.893  
5.19102  25.0479  6.68476  
21.7108  18.998  1.97964  
16.9631  1.32088  9.98115  
17.9478  18.2022  17.4488  
6.58831  23.053  3.74157  
19.7008  1.25767  17.3794  
8.7704  2.06628  11.4687  
18.3308  1.3613  2.23159  
4.96711  14.3863  18.7583  
4.80247  38.0553  5.08364  
16.1894  7.84298  9.3239  
7.57372  18.8852  31.5056  
13.3198  7.81598  18.9211  
18.3549  13.7449  6.23299  
7.81391  6.8046  8.77387  
15.7277  14.6799  22.2294  
5.97464  9.27748  28.9145  
7.09251  14.3226  28.5872  
12.9378  27.6827  11.037  
13.2203  11.038  5.11055  
19.517  4.27414  11.4036  
18.6994  1.47474  23.6205  
2.51158  12.0806  1.67837  
14.228  8.24021  26.0079  
19.3385  12.8979  23.3963  
4.66112  1.46842  2.98676  
17.1687  25.7499  15.0558  
28.3351  26.8649  11.2878  
22.8743  23.9545  8.56961  
9.28368  8.07624  11.3941  
21.1344  5.0616  12.6062  
7.29975  47.0682  20.1144  
8.37704  13.3743  17.4753  
8.59994  16.628  9.51092  
4.31139  6.258  10.6273  
1.94025  21.7485  10.712  
11.6646  9.42863  4.06063  
13.2095  6.19677  19.4942  
20.1953  19.3422  4.50929  
20.7087  5.03065  19.9558  
8.97993  20.307  11.8738  
9.37121  10.9835  7.9824  
9.2287  25.2643  23.1043  
15.0415  7.81714  6.75126  
20.7149  12.5555  17.2636  
7.35739  1.98913  11.0757  
12.4744  4.65598  13.8428  
11.6412  31.0239  21.3464  
5.18064  29.4278  12.0736  
5.16097  12.4883  3.43529  
5.79001  5.57549  7.23862  
18.7295  3.37414  5.06236  
3.51817  15.8021  18.6684  
13.7751  17.173  5.74572  
14.5157  4.31196  8.72428  
19.8258  9.72024  6.26685  
4.14416  6.66205  22.1434  
11.8149  1.54184  11.3888  
13.2844  13.6344  5.51795  
6.65668  12.3356  6.65126  
13.9901  10.9047  10.8287  
10.3903  6.64146  11.2756  
22.2927  10.1846  2.53248  
10.1383  5.41819  24.8321  
11.009  1.96672  20.1853  
31.3538  1.4322  11.2422  
33.184  8.3141  9.17566  
4.96134  11.1294  15.2172  
13.5281  1.67643  14.5636  
6.82022  1.66373  21.0474  
9.84787  11.7604  17.7013  
9.98542  15.9749  11.1204  
10.8373  12.3792  26.2898  
17.7648  25.8217  23.8528  
11.5922  13.3249  11.0878  
28.3381  7.81865  9.11225  
17.1418  32.5562  17.2541  
1.74404  2.80637  3.45564  
23.82  23.8305  3.91915  
10.8556  8.93665  5.85078  
7.45413  0.409694  11.0163  
10.1998  10.2959  17.6357  
20.3599  20.7916  14.7813  
4.4709  8.78351  11.7085  
9.87067  6.00058  7.56688  
27.4979  3.45573  6.04093  
13.2767  1.37945  8.42239  
28.7066  2.328  22.3318  
20.0249  8.52285  4.3895  
9.44326  40.2315  11.1519  
15.2339  2.50194  12.6969  
13.2531  21.5443  12.3698  
7.60272  5.24129  10.0993  
5.14848  14.5601  5.97871  
1.33768  25.8  32.3818  
11.2337  2.13071  10.0861  
5.95642  3.90145  7.6312  
16.2175  2.97083  16.796  
9.90822  10.6523  10.1405  
11.4084  9.65346  5.15665  
13.3045  10.0672  12.2818  
2.50876  8.16674  10.8144  
3.02334  2.67037  11.2296  
10.4072  21.0414  12.5966  
4.66839  5.94869  14.3257  
3.76636  15.6788  8.54641  
5.4153  15.8817  13.2525  
8.44213  15.6689  13.6052  
5.18136  12.2823  17.9779  
16.0613  7.74436  11.11  
16.585  0.649822  6.59635  
7.45086  25.47  20.2235  
14.2677  8.86265  22.5076  
9.65407  24.7914  2.0674  
1.8951  6.70473  16.507  
7.77807  59.4252  23.6201  
22.624  14.3781  15.8901  
4.51055  4.54758  13.2829  
12.7333  6.68513  12.0438  
8.917  9.32924  6.19261  
15.0696  24.871  11.778  
6.33683  27.0733  10.8938  
18.2822  7.53847  9.17206  
4.73557  2.48907  9.50541  
6.76548  4.84233  16.1315  
2.58689  6.04981  26.5055  
7.41907  4.83526  15.2361  
5.02286  18.9013  11.4563  
11.0798  27.0018  10.0751  
14.2734  21.6633  8.43427  
12.1376  28.1822  6.57811  
2.00889  22.1044  6.49908  
8.5232  0.828591  11.8264  
14.1627  18.1929  8.47085  
4.14575  8.06605  0.545567  
16.9491  1.14539  5.62262  
6.3797  18.9702  4.10048  
8.56304  11.9792  9.41899  
15.1144  2.01069  4.10673  
8.19697  7.49407  5.54591  
1.87561  8.10346  10.2498  
12.0984  22.178  3.94659  
17.9913  10.2587  15.2433  
7.58607  2.76305  7.40247  
2.01318  19.0276  19.7461  
3.76814  13.4125  2.38529  
9.25389  12.4308  13.056  
25.0445  22.827  5.61173  
5.07124  15.3775  3.97531  
7.62495  10.5932  8.13049  
6.91607  19.2412  5.65551  
8.10158  20.8055  16.4091  
9.61222  14.7328  6.73575  
8.09299  7.56238  6.02219  
12.831  1.0663  2.65419  
13.7369  18.6416  17.6312  
2.45065  13.3808  14.4753  
10.5777  7.17108  8.87686  
7.32148  15.5538  3.97994  
11.6986  9.62779  18.7131  
6.78319  17.0158  8.25203  
11.8078  15.934  7.14519  
1.93621  19.3314  24.6208  
20.1549  31.5107  17.6434  
5.64674  9.70981  4.95242  
15.0935  4.21524  12.0861  
2.08804  23.6295  7.81885  
17.5619  32.4891  8.37354  
10.583  28.5807  22.3158  
10.9614  18.6247  5.80537  
16.1769  18.6954  13.4194  
5.7516  7.62822  4.69841  
9.21105  25.6365  18.062  
6.77623  21.2475  7.91715  
14.4554  22.1607  3.39989  
4.51155  33.5596  14.8561  
22.5083  1.25194  5.69152  
24.235  5.78863  23.0373  
7.40429  31.3045  16.3602  
14.015  13.3149  25.2292  
33.9682  5.6016  7.5729  
21.2296  2.20253  16.7188  
10.6014  31.3154  11.8379  
17.3863  10.3283  8.81228  
5.02726  20.5881  4.21859  
1.93977  18.4696  1.87155  
8.55543  15.2217  14.3198  
15.8285  4.62921  29.7397  
12.9612  6.41852  15.818  
23.5765  9.82868  14.264  
9.69839  10.7999  3.93811  
26.4919  9.65592  15.9589  
4.09024  2.13061  12.0762  
9.28364  2.60021  22.7329  
6.49807  24.6193  38.8874  
21.2673  9.09316  14.7521  
0.574463  4.00079  25.522  
17.587  0.201364  8.53863  
11.4047  11.5773  20.7771  
11.3858  24.4031  10.7456  
12.9105  41.0098  10.8505  
21.4587  3.33104  8.54216  
21.224  9.00595  22.2005  
14.6369  16.379  13.5947  
7.62736  2.28878  10.1263  
5.14831  35.2495  4.75532  
10.473  10.0726  13.1341  
16.3158  13.6497  2.57549  
2.66443  8.06097  4.54836  
7.20616  10.6042  8.28424  
3.39353  23.3393  16.3693  
7.36019  15.3818  9.13349  
3.50164  9.26604  3.44332  
18.4579  15.2879  10.3306  
19.268  15.1012  12.7154  
25.0422  5.90613  3.75117  
19.0363  1.66556  11.4145  
4.06561  1.85357  17.2423  
9.64224  5.39456  22.8163  
15.2314  1.63434  11.6962  
11.9733  14.3268  14.1505  
8.94721  20.2965  11.9409  
7.05019  16.5982  2.09263  
9.01632  7.48304  6.96833  
19.6789  30.9633  27.9117  
12.2188  7.36596  6.44962  
16.4215  0.165504  16.1156  
9.31025  12.798  2.2721  
10.7289  15.4903  13.7948  
9.24354  18.0104  3.29132  
19.961  10.3823  30.5428  
9.38747  4.98822  19.8525  
19.2961  3.21289  13.3538  
5.36909  5.5481  7.48494  
5.5362  8.52152  5.07529  
2.16192  24.4497  13.6275  
5.43231  30.1109  20.1865  
5.17728  5.69503  14.652  
8.16188  3.66615  3.00113  
4.74735  3.87395  4.33059  
5.44974  11.1857  7.25621  
1.47548  40.4186  34.5822  
13.6727  15.8823  9.05232  
13.091  7.51736  4.52861  
26.4095  15.3599  22.9663  
2.96968  12.7922  6.95319  
13.5515  6.81114  8.89087  
14.9493  12.3438  4.94186  
8.09399  1.65751  12.1587  
9.12443  10.9604  21.3637  
12.0014  4.79125  9.75451  
18.3608  11.2148  6.01603  
6.42887  22.4185  20.6997  
32.6358  6.85201  7.34188  
16.9107  11.1361  8.14406  
10.0175  14.4208  10.0353  
13.7581  16.8051  16.2897  
1.53236  1.66602  12.5491  
12.8342  1.25087  2.27185  
32.7534  5.1163  10.7504  
17.0002  6.8541  31.4224  
2.22619  4.29404  15.5149  
14.2333  6.57793  14.3779  
20.5356  23.4411  13.6011  
5.20681  22.1676  12.869  
15.2853  17.6537  20.3232  
20.2537  11.6575  2.09377  
16.0226  26.5626  7.06531  
22.7739  4.84758  10.7051  
9.23195  15.3901  5.6103  
16.111  9.82129  7.96537  
12.6425  3.58024  3.37906  
9.98637  17.9019  11.7616  
24.2449  4.27417  2.7902  
9.01922  35.7375  4.01394  
8.6998  0.803887  16.3371  
25.4572  15.995  19.8246  
17.0074  8.9021  24.5059  
16.215  6.03561  5.55285  
13.7578  6.22257  27.1653  
5.04188  4.47722  10.0714  
13.5667  22.32  11.9677  
3.8543  15.6826  11.9378  
10.4951  19.6993  15.7873  
9.71948  17.4786  11.6575  
7.41641  10.7647  3.51651  
9.45338  6.70041  14.857  
4.93129  2.11715  4.65719  
7.41285  12.326  23.0463  
9.95542  11.472  6.89333  
11.3892  25.2815  11.2274  
0.984833  26.9078  12.1568  
7.22017  1.15095  4.48701  
12.8461  1.28512  6.61434  
5.42474  7.38391  18.3626  
14.9643  8.20382  9.97907  
5.77652  4.80736  15.8299  
17.3589  51.98  4.90698  
20.2081  25.6415  20.6259  
9.4479  8.90316  4.72375  
11.8615  7.45064  12.9672  
4.32143  0.932326  12.1096  
