5.90133  30.2534  
7.0459  27.6746  
23.6688  24.9032  
13.0648  19.9532  
14.8713  22.5522  
20.3776  12.9461  
14.4168  16.4633  
12.9355  27.3118  
25.0229  16.1651  
13.7779  13.6656  
20.4411  6.20932  
20.9288  16.0373  
13.9801  19.2595  
11.8071  8.87712  
12.7083  8.55666  
11.5456  14.3964  
12.5298  13.346  
13.2215  13.5417  
13.4854  17.4118  
19.7555  17.9152  
15.2553  7.6497  
9.28542  13.1823  
14.7785  14.6241  
18.0996  16.1028  
14.4463  22.2901  
12.3468  19.2117  
11.4281  25.6157  
11.0386  15.4112  
13.1071  18.052  
22.3835  24.3917  
14.5394  30.289  
3.87554  16.7894  
36.2153  9.5426  
15.3445  14.566  
17.6539  15.5309  
12.5273  25.1195  
25.8908  8.55356  
21.8592  8.57047  
16.4618  21.8924  
21.4973  27.8026  
15.6813  19.015  
8.72024  10.8261  
32.474  7.35213  
6.03449  16.9125  
8.81772  15.7216  
7.74775  5.46552  
12.3164  18.4703  
16.873  11.3496  
16.6553  13.3152  
20.1482  18.472  
14.9585  22.7185  
29.6296  19.6515  
16.2199  13.7019  
15.5708  17.268  
9.56703  26.4863  
34.0201  29.9511  
22.5913  18.3786  
10.4861  16.7219  
15.2283  21.2608  
8.95089  21.2454  
25.9045  12.3248  
22.7235  24.894  
23.7546  16.436  
19.7138  24.3642  
10.2986  24.4439  
21.4287  13.522  
12.0356  16.4717  
18.5525  12.7829  
15.2597  11.682  
8.33817  17.3055  
10.5743  18.8092  
15.7125  21.6663  
8.65095  17.218  
13.6752  10.4231  
14.1623  20.5947  
19.8424  9.68009  
32.5611  16.4964  
16.1146  24.0985  
14.5239  13.5241  
18.9249  18.6146  
16.0966  15.1525  
25.8318  9.03479  
20.8606  13.6208  
26.5858  20.0081  
38.3279  20.3085  
19.6595  23.8564  
20.8994  26.7263  
17.6613  15.7322  
23.1167  18.7225  
19.2289  22.7705  
19.3226  24.5641  
26.3975  17.0392  
24.606  30.1848  
21.4548  9.81347  
20.3659  21.0515  
11.4249  19.7124  
28.6414  26.9575  
19.5096  9.34461  
28.9798  9.65815  
14.6762  15.7675  
18.733  11.0195  
16.3829  16.8703  
7.4056  18.1866  
18.2581  16.7703  
7.71985  13.6433  
3.94035  17.3017  
21.0942  22.1492  
24.7596  14.8575  
14.5792  23.7399  
21.5744  11.5241  
12.529  12.6706  
26.5799  18.7764  
12.3177  7.47502  
11.804  14.5406  
8.35951  27.6806  
10.1137  13.368  
31.9289  12.8808  
14.2183  21.7601  
24.1414  17.0093  
22.4226  10.2316  
15.4278  21.8771  
13.8964  13.3268  
16.2989  9.32989  
17.0602  18.5006  
12.7522  9.138  
14.8366  12.5907  
17.7879  5.31423  
18.2743  5.72443  
6.95887  28.6238  
23.03  6.15291  
31.022  5.43932  
6.04325  23.4693  
8.11077  9.97985  
19.7432  15.2405  
16.2815  13.4027  
11.8924  29.0414  
18.1129  14.0911  
15.3551  13.8093  
22.6468  17.438  
23.0676  24.9727  
11.8001  24.5854  
10.7333  11.9836  
34.3324  10.2954  
19.3541  12.015  
23.1544  15.7902  
16.4797  11.5143  
24.1042  14.0746  
10.0867  11.0648  
13.959  10.6744  
14.6059  28.9072  
17.3325  5.41706  
10.4901  22.2531  
23.9612  12.2912  
15.0742  9.59267  
14.2515  16.0808  
13.385  13.4246  
11.7294  16.2247  
23.8218  10.2542  
23.1003  15.3529  
16.8254  13.609  
16.2915  18.6834  
26.9231  11.5524  
15.9648  14.4881  
14.0038  24.9513  
6.4586  17.4425  
22.8223  15.7111  
22.1535  12.2221  
17.2708  17.286  
16.2693  17.9338  
22.4564  17.7565  
17.7234  24.9357  
10.0885  22.7171  
13.8336  9.23142  
17.8031  13.575  
27.3986  13.9694  
13.6624  16.277  
16.2  12.5844  
9.28208  14.2401  
13.4037  21.7662  
32.8736  16.2669  
21.3077  33.5151  
17.0337  19.0878  
14.8016  26.5674  
19.2509  16.277  
22.5558  29.0987  
15.5123  18.4093  
11.011  21.0471  
10.9937  8.31469  
18.4961  10.3993  
21.9  20.867  
18.3989  14.4392  
18.0965  19.9659  
14.4518  25.4256  
10.7954  17.8328  
12.8025  17.9209  
8.57951  15.6667  
14.889  7.08392  
23.4317  23.0496  
29.6253  16.7576  
6.29941  11.3435  
7.973  26.5668  
27.581  18.6127  
23.5495  17.0947  
18.9763  9.77263  
17.3381  7.34929  
15.3708  16.499  
16.0495  13.4907  
28.1903  14.2816  
17.9066  7.66186  
16.4167  8.27415  
7.60833  20.2941  
10.5777  23.1487  
12.5892  8.44332  
9.7766  10.7547  
15.7547  7.96223  
15.3448  14.7385  
15.455  13.9194  
16.0441  9.6401  
6.5298  15.3007  
8.01233  10.1061  
12.7235  17.6337  
6.92755  25.4815  
29.1726  24.9408  
12.285  23.9128  
14.6541  23.3554  
6.83137  21.6523  
12.5354  12.7815  
10.5741  12.2986  
10.8983  19.0518  
20.7916  11.1917  
14.6337  10.8842  
7.95952  10.5447  
6.85628  15.155  
11.8338  19.2984  
13.0861  25.5461  
20.3886  15.6253  
16.4451  17.6598  
10.8029  11.524  
12.8581  11.2326  
10.2179  19.617  
18.5076  18.4111  
12.5957  15.584  
8.94753  21.6235  
12.4514  21.3129  
10.0416  22.6762  
9.99243  9.82577  
17.742  7.70622  
16.6329  10.3857  
5.94004  6.57154  
15.2052  12.9219  
13.4757  23.4341  
16.5355  7.40254  
22.0847  11.3494  
16.4975  12.6461  
21.5322  18.4714  
13.6119  20.0937  
19.2842  12.6166  
9.54113  13.5686  
27.1012  20.5867  
15.1284  11.8558  
16.7026  14.4708  
18.3899  25.29  
18.1309  6.6336  
6.13165  14.3701  
15.1591  18.0851  
18.5259  19.3949  
12.885  32.5759  
16.9085  18.8999  
6.156  20.4817  
17.6677  19.9557  
13.2341  15.2211  
22.9211  32.6312  
18.5933  20.0062  
14.7799  8.93883  
15.4032  15.9326  
11.028  16.5724  
10.3162  8.40595  
21.4929  24.3002  
21.9184  16.2443  
29.5465  26.5156  
14.4593  10.3463  
21.1251  14.7006  
13.6815  10.468  
23.8921  18.8873  
8.6873  7.74356  
11.1001  7.54675  
16.7735  19.2141  
13.231  7.01064  
19.2628  16.7773  
12.3831  15.1537  
16.7603  7.43692  
23.3614  20.3728  
18.72  10.1077  
18.0076  19.8648  
20.5863  25.2927  
20.6528  22.9246  
28.9517  21.122  
19.1744  10.8705  
19.6134  15.6198  
9.39473  20.7559  
14.3018  16.6295  
18.9217  11.7934  
9.62356  20.5224  
8.41624  14.2766  
10.4043  13.8376  
27.305  17.0609  
7.52716  18.7882  
12.134  16.8504  
11.2456  5.56109  
14.1963  9.41377  
13.0254  10.9326  
12.2513  17.8023  
14.0202  20.7802  
33.6769  17.4388  
15.886  24.3803  
22.7442  18.3118  
16.699  12.2397  
25.2887  29.6748  
22.336  15.8231  
16.436  7.95605  
13.1388  20.7153  
10.8918  13.5742  
35.2716  22.7801  
9.45111  15.8572  
28.0215  7.43885  
7.51875  18.0045  
21.7753  17.2881  
19.4979  7.55241  
7.54497  17.6933  
13.0845  12.4002  
21.7468  25.5748  
17.8139  15.4293  
13.9608  22.1084  
20.595  15.5757  
21.9127  20.5456  
18.8977  31.98  
9.21374  14.3109  
16.1688  13.5956  
21.4716  17.3643  
9.88956  18.5475  
12.8093  15.9341  
26.2441  19.3677  
16.5972  27.0508  
8.57893  8.40459  
20.7529  13.6108  
18.0742  17.7077  
14.0477  28.6221  
11.7312  26.9261  
9.47565  30.7903  
14.5046  11.8883  
12.462  21.3145  
17.5492  20.4722  
15.821  8.21415  
3.31361  6.28981  
17.3044  17.2942  
9.34659  13.9466  
12.7089  25.8481  
18.666  14.5816  
7.70411  20.9347  
15.0844  14.5322  
11.4294  14.9797  
17.3667  14.1588  
13.2174  27.768  
25.5689  10.7925  
17.9954  14.9937  
12.8757  19.8036  
16.3711  18.4441  
10.763  20.969  
19.8961  21.1426  
13.8004  14.458  
19.621  22.8812  
16.2909  15.6614  
24.5071  10.8286  
21.3834  15.1155  
15.8547  18.2154  
16.0895  12.1873  
23.5395  21.889  
26.7747  15.338  
12.025  22.3252  
15.2803  16.7066  
18.826  21.8334  
16.4797  21.8995  
10.8347  9.79997  
16.4664  25.0489  
9.71107  20.7357  
15.9707  25.3619  
18.905  17.4842  
15.316  17.7825  
16.8334  11.9942  
14.5636  20.3241  
12.7115  15.8962  
14.8884  18.464  
20.6701  9.50202  
11.9189  14.3961  
17.5683  16.3014  
19.6819  6.94926  
25.1976  20.3039  
26.9772  9.59548  
14.5132  21.7304  
17.3926  19.2041  
12.8508  19.5269  
13.3869  6.96444  
22.8362  24.4238  
21.5209  13.4477  
21.5676  15.1893  
20.0718  6.00534  
17.9126  7.49661  
10.6476  13.2712  
16.9071  11.9072  
8.42355  21.9263  
12.3898  14.2021  
7.14494  15.6388  
11.5156  20.9564  
12.3591  15.6234  
28.2882  25.814  
14.6562  15.1419  
7.70497  23.547  
33.6454  17.2622  
24.8886  16.3554  
19.3358  4.39127  
13.3098  17.9271  
15.1585  17.3807  
25.4371  25.8876  
19.0031  7.50453  
16.9643  21.9664  
19.6096  12.4713  
14.0126  14.4976  
12.4808  34.7966  
17.8713  16.6566  
27.347  17.7264  
9.11864  17.8121  
12.7284  12.08  
18.2369  17.9611  
20.4145  12.9686  
13.3521  21.2732  
28.7387  6.89847  
13.111  18.9119  
10.8252  15.846  
11.1455  11.8484  
8.58597  15.7996  
12.1838  24.42  
30.7612  22.5595  
13.511  9.34993  
14.7964  18.0406  
12.1248  11.9481  
12.6238  16.5545  
21.5986  16.3778  
7.4486  22.6842  
15.0967  10.1083  
16.3571  19.5067  
11.7772  15.0138  
11.5538  19.5288  
17.3572  17.4448  
18.632  24.7275  
12.364  16.2589  
13.0793  21.3806  
15.5183  12.2626  
10.0025  12.4208  
32.4634  27.7362  
10.175  15.845  
17.366  19.1116  
17.16  25.1191  
15.4002  10.0596  
15.3133  21.9606  
16.0453  7.7828  
18.1964  13.0095  
24.2248  23.2235  
9.51963  18.4627  
15.9699  13.4617  
12.0357  14.4926  
21.0475  17.6108  
30.8199  13.4788  
17.9926  22.8097  
20.5135  7.30957  
20.0418  6.2049  
17.7615  18.4404  
13.2472  23.0113  
23.7897  20.4244  
21.5762  16.9066  
14.7526  26.7776  
6.97016  7.41457  
12.2979  13.4675  
10.4195  14.1687  
13.4198  11.7287  
15.7291  21.6448  
16.8368  22.1436  
17.4276  24.0232  
21.587  25.7934  
15.1671  9.57215  
21.5955  21.4076  
17.254  22.4478  
20.2515  12.2975  
13.7718  20.6134  
12.696  11.6279  
4.79137  9.33615  
16.4913  9.39139  
21.4212  21.4795  
13.7613  10.9238  
11.0499  16.1824  
23.6156  9.9032  
7.08839  24.4307  
5.9388  21.8508  
13.6292  9.37563  
26.3726  18.7206  
15.8052  14.2316  
17.9473  23.8179  
14.396  14.4979  
19.3775  18.324  
20.8119  24.7433  
17.9159  23.7972  
14.8266  12.4064  
14.5219  18.9236  
7.82484  10.8637  
13.11  26.1508  
8.75168  13.4271  
14.172  13.2437  
11.6399  17.5224  
24.6228  14.5956  
15.2623  12.2664  
16.3407  21.2464  
8.99391  10.2347  
32.8388  21.9897  
15.6382  13.7708  
29.313  18.22  
12.6537  10.8075  
19.2922  25.6421  
23.378  10.8636  
15.9516  16.9378  
11.8434  17.0135  
22.5919  18.9328  
17.5109  23.067  
18.5026  11.2313  
15.5419  4.83143  
29.2966  12.6992  
30.2141  11.233  
14.573  14.6823  
15.1256  20.8033  
19.6875  24.5913  
21.5495  15.6122  
13.6828  11.4817  
20.7328  13.9382  
14.5227  17.916  
13.0743  19.0234  
16.6128  17.4753  
13.9911  21.0302  
12.4868  11.3834  
13.3834  9.60094  
9.51119  23.2893  
12.0344  13.8841  
25.1996  11.86  
12.465  13.3631  
16.2323  10.4898  
15.8739  17.6127  
21.5004  13.9066  
17.3581  17.6822  
9.90356  20.0388  
37.6908  14.2046  
19.2679  16.6328  
15.1786  17.4519  
10.2734  16.6128  
23.2713  18.6282  
18.8263  10.1525  
7.64894  10.3335  
11.3654  18.3069  
22.7703  12.8471  
9.4798  11.9537  
8.64566  16.8973  
13.1325  16.9195  
14.7335  15.9187  
21.2709  13.0142  
11.9773  16.2494  
16.4142  18.1029  
11.7842  15.1397  
29.5795  9.73719  
21.2832  25.1573  
17.1165  13.7693  
15.0586  24.5235  
13.7778  12.4937  
22.8936  24.6686  
18.383  22.1273  
5.18966  11.3158  
26.3046  22.0645  
21.8672  7.44212  
16.2008  8.73161  
13.0178  9.67589  
14.0572  9.99285  
9.09106  8.1145  
19.7525  26.477  
25.9416  17.3972  
8.42126  21.7636  
21.4453  11.357  
17.1872  15.1782  
24.3532  9.88345  
16.5755  24.209  
16.2179  21.341  
11.5608  19.3288  
15.3344  22.696  
12.1487  10.8221  
12.0839  13.7843  
7.57214  15.4029  
