13.4079  21.3248  
20.2622  16.4636  
12.7877  24.0151  
8.71936  19.4163  
10.349  13.7979  
16.7095  20.6491  
13.6399  14.5928  
16.5418  12.4592  
10.4904  26.8817  
23.9042  8.8413  
13.5786  26.3267  
21.3266  10.7126  
14.2795  10.51  
15.8734  10.315  
27.4144  13.1811  
13.3951  9.30118  
16.4722  7.28484  
14.4956  15.5254  
17.0009  17.2983  
28.5324  17.7749  
20.5578  20.6044  
14.3728  13.2581  
17.5674  21.4672  
26.2801  17.1696  
11.5365  13.5474  
28.9067  24.7214  
12.2266  10.2885  
17.2778  16.3923  
17.5646  13.3921  
9.34983  14.1471  
15.1673  16.338  
20.1194  17.5749  
7.71569  30.0446  
13.3163  14.4941  
16.7006  14.6198  
20.6385  8.21467  
16.4372  15.2935  
16.9854  15.3613  
19.234  20.1699  
7.33805  23.103  
14.1825  15.271  
9.20702  21.914  
12.8671  10.5949  
40.5916  18.2412  
11.8464  19.7307  
22.8985  11.841  
13.174  17.0586  
17.6075  17.1372  
8.28825  32.2096  
18.9648  11.8111  
15.7628  33.9161  
30.9755  31.5959  
20.5198  14.256  
11.8065  15.6991  
27.891  19.7885  
9.41945  15.6778  
9.77858  19.7896  
14.0438  18.165  
11.7302  28.8438  
11.2039  16.9707  
6.08518  28.3305  
25.0181  34.3597  
23.1984  16.6431  
21.1509  19.3487  
13.5759  5.86959  
8.43586  22.7042  
14.982  17.8359  
13.158  27.3126  
20.4262  7.63011  
9.81341  12.0928  
7.0959  13.1414  
15.8765  20.5188  
10.4773  15.2933  
16.648  11.8432  
17.4929  13.9269  
17.0239  27.8941  
12.7783  9.72976  
20.4389  24.2791  
21.3715  17.8925  
11.7811  21.0736  
8.89044  17.5077  
21.0263  9.91341  
12.3909  23.1515  
17.9155  21.0035  
12.6624  20.9148  
4.93676  17.4152  
11.7302  37.3814  
10.7007  17.8116  
12.7605  13.0909  
12.5904  9.99753  
14.7476  13.0015  
14.6674  21.3822  
12.8962  12.7307  
19.2226  16.2906  
13.1733  14.7457  
15.4442  3.72916  
8.81153  13.0732  
22.1459  31.105  
20.5599  13.7873  
19.7052  9.19391  
17.0583  18.9549  
19.0738  22.0056  
14.735  17.7186  
8.77227  6.72209  
14.6562  9.22603  
25.1163  21.4081  
23.2119  9.60457  
20.3774  13.9013  
17.3622  11.3264  
23.7401  19.4352  
19.2801  10.7477  
14.117  17.4628  
17.9027  15.7891  
8.79725  16.2689  
25.5263  11.9548  
9.0706  6.20768  
20.174  25.7374  
18.8444  11.5565  
12.7421  10.308  
18.7877  27.544  
37.3663  18.3119  
14.9755  19.826  
11.6173  10.0829  
17.5735  17.287  
26.9262  14.0411  
11.9436  12.3413  
10.9374  16.004  
15.5891  20.9597  
16.1401  22.4972  
16.8161  17.2755  
15.1028  16.2991  
22.6289  27.667  
14.2294  16.2003  
16.9161  15.7792  
13.6825  15.8797  
21.9901  14.7833  
8.94046  12.4288  
22.7435  14.4539  
10.048  20.7874  
13.1185  18.4969  
13.0307  11.4567  
12.9207  19.4332  
10.6362  22.8345  
14.5997  7.00154  
11.3493  12.6923  
15.5423  13.7117  
5.68316  12.8659  
12.3831  9.77212  
27.8649  16.1436  
6.10296  19.445  
18.9625  24.3548  
19.84  13.2377  
23.1981  9.68816  
17.4882  5.98597  
22.1639  24.1449  
11.1356  18.2353  
10.7708  14.8062  
16.4478  13.7863  
13.8108  9.91017  
25.2698  8.32524  
16.1516  6.15086  
13.8498  30.0135  
17.8101  15.4236  
12.4942  13.5715  
9.68105  8.7904  
28.6233  11.092  
18.9712  15.3806  
15.3071  13.1784  
30.5269  15.7644  
7.49005  14.8526  
23.7992  7.26652  
9.96312  18.0459  
26.1984  13.7721  
19.7265  19.8351  
20.0438  12.4397  
11.1129  16.7237  
7.96045  25.1483  
8.57475  28.1568  
10.5832  30.8851  
8.14757  11.4398  
9.93903  18.3614  
12.2578  12.5868  
16.4844  15.0958  
18.4897  16.6323  
14.3368  8.78061  
24.2848  14.252  
9.31637  18.3143  
19.2898  8.87795  
14.3565  16.5996  
21.2571  13.2751  
10.3527  17.3597  
24.8745  14.3192  
30.3891  17.6256  
20.7644  16.4363  
8.51323  20.7021  
12.6263  24.6242  
12.8834  22.9762  
13.9575  10.2937  
28.2833  20.2745  
12.5978  11.6882  
26.008  8.16895  
6.97436  37.869  
31.5794  15.1248  
8.97905  17.4172  
6.10221  11.9244  
26.5444  12.5341  
9.21548  8.59699  
12.6915  11.912  
27.8617  21.5832  
14.6369  13.2535  
14.7696  11.0325  
11.9075  12.5598  
18.6725  14.3812  
11.1554  18.0603  
11.1847  11.4656  
10.9096  16.5621  
20.4938  10.3904  
17.3026  21.4475  
16.5316  14.4751  
17.225  27.8458  
21.8955  16.8664  
18.8821  20.8351  
7.58726  32.7962  
20.5952  15.6239  
20.6731  13.5134  
10.6112  18.6064  
26.5743  18.1597  
9.54258  20.5153  
18.5555  22.9421  
14.9407  19.3585  
21.0996  12.7045  
10.2782  12.0052  
22.355  13.6325  
4.23845  22.3685  
13.1121  12.5542  
23.4014  16.8177  
12.5407  14.6464  
25.3099  14.5849  
11.0766  11.6049  
13.741  11.3118  
19.1779  12.0613  
12.7968  16.8793  
20.6026  11.1737  
15.5058  16.4357  
11.9999  13.8002  
17.4094  6.71006  
20.1362  13.8952  
20.6915  18.6537  
16.3322  10.959  
12.8061  18.4179  
24.5158  10.345  
17.6709  14.0168  
5.82591  20.1514  
10.5401  18.8726  
14.5452  23.4118  
13.1118  14.319  
22.5278  16.63  
14.3018  15.6459  
13.2425  19.8705  
18.2387  10.4215  
16.3859  25.5211  
15.6172  23.8897  
17.0643  11.2513  
16.9801  8.25932  
23.6899  15.8476  
22.5061  6.21022  
24.8394  32.6147  
18.2718  17.0437  
17.2443  24.9276  
12.3871  23.1234  
12.8761  25.0503  
19.3929  15.8499  
21.4397  20.5254  
23.8324  11.866  
23.465  20.9339  
17.2516  28.704  
8.27174  7.22294  
23.5421  20.6261  
15.8719  18.7496  
21.5828  16.1228  
32.7578  20.2594  
11.4905  15.1543  
13.994  12.501  
16.9248  18.0892  
12.939  18.5227  
11.4454  20.2716  
12.8512  28.4719  
15.147  11.2809  
18.4905  16.9041  
12.4032  20.6112  
14.6032  18.6219  
22.3769  10.4212  
14.6426  29.2984  
10.7389  6.74784  
22.6754  14.9366  
21.1488  22.9342  
23.2452  24.2984  
18.1077  5.64384  
16.4729  16.6458  
22.1988  12.6109  
18.1402  15.917  
14.361  7.21996  
7.42572  17.9478  
17.4462  19.2215  
6.22715  17.5948  
15.6433  20.0681  
15.8698  9.91726  
20.7998  15.6604  
12.6154  16.4711  
12.6233  15.6657  
20.5568  25.9402  
10.2876  22.3169  
11.9726  7.31475  
7.5534  14.3791  
21.7116  21.1169  
7.9419  15.5238  
9.76157  15.5912  
22.3983  17.0692  
17.0226  17.5109  
16.217  17.0907  
23.047  11.1944  
17.7748  10.5737  
11.0979  17.9633  
10.6315  27.7153  
15.3811  5.75004  
15.2144  19.1586  
11.2814  9.17428  
19.9832  6.58612  
25.5663  13.3907  
22.2258  9.91814  
20.2359  19.16  
20.1764  24.8817  
12.8658  14.3881  
7.76236  20.6621  
18.3748  11.2046  
7.60189  17.5369  
25.4376  21.5149  
12.643  12.7753  
12.344  26.3263  
10.5104  21.2212  
18.3203  17.6691  
15.234  6.88064  
17.3283  11.3306  
21.4359  22.2561  
30.334  15.8881  
15.8472  12.9688  
18.9173  13.8582  
15.9019  10.4506  
23.2364  19.8797  
17.3769  21.4928  
15.6119  8.45908  
13.4177  16.5986  
11.4051  16.9218  
15.8135  18.1728  
11.5149  22.8179  
19.0908  14.9732  
28.8797  13.299  
15.6985  12.1764  
12.9126  18.5023  
7.97828  23.1532  
12.7715  12.6032  
20.1478  12.7998  
27.5167  11.6616  
10.5472  8.69551  
30.9706  11.8825  
14.0049  17.2658  
8.51032  16.5077  
25.9606  20.3554  
18.7325  12.3997  
9.92916  14.9266  
14.2806  17.6258  
20.773  11.5538  
25.7653  18.0143  
25.6688  19.9612  
8.11127  24.3838  
26.2954  6.45433  
9.44651  28.3376  
23.9829  20.058  
12.3516  13.7174  
10.9956  14.7231  
21.2378  10.2826  
10.0064  16.8684  
11.2957  13.1733  
18.3329  17.5488  
14.2082  17.87  
12.8208  21.3286  
12.9457  7.21169  
17.9536  22.9806  
15.8295  11.0352  
24.9731  8.96392  
11.6766  22.9147  
8.50289  18.2992  
18.6552  21.3727  
10.1811  11.2255  
13.6662  19.3726  
19.4862  14.7472  
6.58533  25.9141  
9.73052  16.5286  
14.963  16.0296  
7.80628  13.5227  
10.1055  19.1731  
21.2273  9.13533  
10.8747  15.8314  
11.9103  14.2956  
15.0953  34.5539  
16.0235  4.01814  
12.0739  17.5713  
15.5316  13.6631  
16.1741  15.2684  
17.1534  14.2583  
22.5313  30.0595  
10.0573  15.9743  
23.0348  31.5315  
15.4783  21.8629  
10.8597  31.2231  
6.08373  11.9073  
21.4491  16.7547  
14.7438  19.9601  
19.5207  8.38812  
7.86982  13.5711  
15.6766  17.1277  
10.3563  13.1904  
14.724  17.4225  
13.5444  13.5991  
13.2719  16.0471  
16.8199  12.6006  
20.3661  12.8341  
20.9817  9.36604  
11.0495  6.09078  
15.2097  21.2667  
21.6978  20.7188  
18.6585  27.3938  
19.569  11.7425  
11.5357  13.3338  
27.6793  15.0896  
16.812  16.9013  
12.8441  23.4602  
21.1248  12.8879  
17.9348  21.0226  
14.7912  15.9159  
6.83782  12.9559  
27.6895  22.8453  
8.14981  12.6807  
15.2412  20.7655  
19.9493  20.9596  
20.5294  9.2448  
9.70568  7.59255  
14.2614  8.2817  
4.63677  19.1995  
19.1291  19.7156  
25.9285  20.3525  
16.1653  9.86164  
4.03216  9.60392  
26.3242  11.6449  
12.8445  13.2103  
17.794  11.6414  
26.1596  15.0229  
20.8728  6.41585  
18.0991  10.585  
7.95112  10.5635  
28.4858  14.731  
16.2761  22.7775  
10.8438  22.2038  
18.2967  22.3616  
9.4493  12.2384  
30.7772  9.17209  
10.1225  23.0884  
11.5899  10.7379  
15.12  10.1733  
13.2831  11.0858  
11.2747  23.7539  
15.1876  21.0356  
24.2166  11.4813  
13.4411  9.15538  
16.8346  20.6747  
19.0154  11.5527  
10.6268  20.6996  
11.5298  18.1879  
14.5357  22.6192  
14.0425  15.8477  
11.6798  18.4635  
17.0436  25.8966  
12.3212  15.9697  
16.1391  8.48002  
10.3279  22.671  
14.5802  14.8681  
19.6419  20.9902  
11.3803  16.9631  
13.9685  10.518  
19.0403  15.3281  
22.7295  25.3442  
14.891  21.6208  
9.81612  17.1588  
20.8459  19.3739  
27.8252  13.6925  
10.8863  19.0378  
8.50044  20.6679  
14.1777  19.6902  
10.4839  24.792  
15.049  22.1442  
10.9927  18.4518  
20.2409  10.8184  
12.9825  17.0028  
21.8026  12.7157  
11.1575  12.0662  
10.949  22.2382  
12.6505  18.3228  
15.1059  22.4904  
23.01  9.49552  
23.6815  18.491  
19.4883  14.2241  
11.7294  10.5096  
10.8025  18.788  
14.4394  6.87497  
15.2263  15.2906  
19.5254  17.3849  
9.61951  18.8355  
10.0634  16.2996  
13.8804  6.83235  
9.6069  11.9466  
20.2379  16.2389  
33.8318  25.1908  
13.4885  22.3827  
13.2505  10.9111  
7.55227  19.1876  
8.90917  18.0934  
25.4319  21.2289  
15.5151  13.834  
13.5589  22.917  
18.0612  24.5315  
10.2319  19.4507  
12.1779  13.8069  
18.8364  16.0863  
14.7651  19.939  
22.2439  14.4056  
20.9649  9.11894  
18.8253  14.766  
26.801  12.0196  
10.4299  15.1816  
13.1454  19.6963  
13.8499  16.2644  
10.8649  10.0599  
9.67098  15.5632  
10.443  18.4222  
6.19268  11.3119  
18.7026  17.0177  
18.3932  12.3246  
16.1135  10.1668  
19.3059  10.4838  
15.3546  23.0797  
18.0682  9.73655  
16.3487  20.7337  
12.7731  13.8268  
23.5079  25.8848  
14.9951  9.54915  
13.1397  30.0508  
13.448  15.7813  
15.2195  12.8671  
20.664  20.2053  
21.2048  10.9978  
11.3756  12.8093  
11.7698  7.68829  
8.78387  27.2725  
16.2126  9.8851  
18.2623  16.5384  
16.429  19.1878  
14.4906  19.4359  
20.4099  19.8864  
18.8489  19.361  
16.5807  13.6321  
18.9144  25.3243  
9.60181  15.7608  
12.3196  14.2035  
14.273  24.2429  
14.6195  34.0558  
17.9666  15.6473  
11.6691  31.2503  
19.7824  11.3859  
14.6523  25.6165  
10.5184  18.2591  
10.7148  9.32035  
36.7689  13.8919  
25.8692  9.28694  
10.3737  16.568  
15.4885  19.9326  
12.8626  22.1331  
7.94154  4.66162  
12.1389  19.0734  
14.4648  12.4528  
13.8449  15.3085  
16.2949  22.8427  
14.2629  8.77835  
18.005  13.3745  
14.2293  17.3637  
11.4419  7.30371  
10.8287  11.1834  
34.1752  13.4629  
10.303  10.1717  
16.7247  14.4533  
12.4247  15.2429  
