12.5562  13.1209  
8.29329  6.65688  
2.58765  12.1791  
10.4115  11.1372  
0.293936  4.00543  
12.095  9.71087  
7.51365  5.67026  
5.59513  6.18111  
4.16869  2.64961  
5.48579  4.99841  
3.55074  9.25648  
7.96971  8.82824  
8.34499  15.3094  
11.6852  7.21411  
11.2036  7.10768  
3.6266  16.424  
3.84071  8.19851  
5.82029  9.509  
7.26111  6.46968  
8.26236  3.12735  
14.8418  6.23435  
8.85686  8.37903  
7.54562  9.04365  
3.87744  8.38097  
8.21963  7.36936  
10.9189  4.05467  
5.45544  5.13026  
2.49598  2.82229  
9.3354  9.95264  
2.87536  5.60337  
14.5531  4.98682  
16.7754  7.19008  
3.77794  12.2119  
14.2386  13.4173  
7.40246  17.6356  
10.3638  1.49996  
5.04407  4.81193  
17.7384  11.2803  
7.02722  6.647  
6.13008  12.1019  
3.77482  4.7731  
5.50486  8.44611  
5.13172  12.9063  
9.86299  4.95177  
2.16532  7.42029  
6.59378  5.77684  
9.66065  5.65696  
10.1658  13.2663  
4.4753  17.0661  
5.71666  11.0493  
15.6762  6.11065  
10.629  5.67325  
14.8866  2.36416  
9.99668  2.2444  
12.4281  6.22586  
17.5061  13.1507  
4.70355  6.98705  
2.67588  16.0548  
7.90361  8.84089  
12.7713  15.5377  
4.13738  5.67297  
17.2375  14.4199  
11.3438  5.96758  
7.16637  3.95239  
3.55374  3.36756  
3.24036  6.39168  
7.83731  7.11314  
4.07906  16.3434  
13.7135  11.9912  
16.1533  5.06747  
5.34718  11.908  
11.6057  14.3864  
2.88126  5.6156  
10.8061  10.6082  
8.36949  6.34694  
2.96424  8.11042  
4.37462  9.39864  
3.25404  11.2929  
6.97995  8.56044  
8.55141  10.9311  
23.3881  7.34092  
6.72833  6.12545  
12.1585  5.83154  
6.82072  5.75169  
8.15688  10.4014  
11.4167  4.26298  
10.98  14.0656  
7.02121  11.1139  
12.5662  16.3687  
6.03158  8.9836  
5.04115  6.10537  
5.83661  4.27489  
8.50629  8.40888  
3.59283  8.11228  
8.99759  16.7226  
3.0179  8.61285  
7.12059  11.3042  
5.83951  5.89315  
11.4542  4.73545  
8.47357  4.25329  
13.6191  8.78343  
7.64739  7.68694  
2.91352  4.41376  
6.93253  0.981118  
6.88506  7.56816  
7.46436  14.9845  
7.18693  6.40933  
4.5081  1.22011  
3.16509  9.83232  
7.50508  7.26767  
2.9702  12.3257  
6.68861  14.9602  
4.45936  4.591  
5.55137  11.4381  
5.52165  13.121  
11.1221  10.7606  
10.5534  15.5286  
8.44851  9.72777  
6.92812  7.03942  
13.7005  15.6959  
15.0516  9.06779  
4.52295  18.5973  
11.3578  3.66882  
7.92119  12.0699  
9.09932  4.58388  
8.23859  12.7354  
9.61132  12.4055  
18.1894  8.29088  
8.01837  16.9538  
4.47582  6.8059  
14.3578  7.01716  
13.3503  12.1267  
1.46654  12.5743  
1.9519  6.09011  
14.3329  9.53247  
5.74614  12.2966  
5.48335  4.79369  
7.06223  14.5806  
5.80341  3.85406  
9.80521  10.1048  
9.72661  6.1487  
3.24759  8.63849  
8.90125  7.24216  
6.74809  9.80265  
12.706  10.3021  
7.39183  15.037  
12.804  18.0273  
13.2438  5.11696  
2.73864  6.42867  
4.69096  10.8021  
12.7912  5.80557  
2.00854  13.8563  
16.8885  9.89241  
10.7956  7.21364  
18.3445  20.259  
2.93597  4.64738  
9.63359  9.64388  
10.6027  3.28469  
8.76606  3.74312  
6.79081  10.3329  
13.6577  9.66243  
11.5379  10.311  
12.4658  11.844  
8.46645  11.3462  
7.4439  12.8188  
4.82965  12.7227  
6.87438  3.55145  
5.62056  8.64799  
8.1249  6.31664  
8.57744  15.4477  
2.37355  7.30278  
3.10773  5.66242  
7.83369  9.75567  
6.66914  17.1757  
4.05076  12.6157  
5.00353  3.71276  
11.5612  12.2145  
10.5681  2.87609  
8.72983  4.26879  
5.25661  2.94577  
5.02966  10.9482  
17.7475  9.85981  
7.42554  8.46249  
4.55716  11.2099  
5.496  3.96416  
6.86865  2.43946  
4.12481  7.75519  
7.47114  8.84374  
3.87516  11.4581  
3.04075  6.958  
2.21108  13.3644  
12.4738  10.8889  
10.0965  9.08599  
4.06885  5.92209  
5.70551  11.8519  
5.82708  11.3832  
8.11925  14.1043  
10.2681  6.00791  
2.43913  9.19715  
7.74518  12.3052  
5.33081  8.3591  
4.53309  11.3544  
2.83071  5.33623  
5.12388  2.80234  
3.93906  14.6253  
4.559  9.13442  
4.102  17.6176  
0.902435  8.37635  
4.69578  4.52151  
9.33906  6.2959  
14.3414  16.6814  
8.4007  7.08326  
3.49291  12.2772  
17.0931  2.88679  
17.6507  2.76166  
3.80914  5.06068  
3.67575  12.5717  
5.00098  2.15438  
5.45038  12.5901  
4.47245  9.58624  
2.70338  14.2695  
2.14878  3.54768  
3.19718  7.42508  
7.76401  7.41568  
13.4657  8.91289  
5.96441  3.93488  
2.72994  10.0849  
5.10599  6.09638  
4.68736  10.2579  
15.5444  7.09478  
6.74296  5.27224  
6.69871  9.33993  
12.7049  2.30452  
1.20414  3.04778  
9.36458  1.6601  
6.07438  4.82153  
12.7846  12.065  
4.52408  9.23776  
1.92097  17.9549  
11.1831  10.4711  
11.1664  7.11153  
10.8646  8.46197  
8.26308  6.29606  
4.03749  15.1322  
3.61259  13.1846  
10.0585  8.25886  
6.75886  9.75744  
9.10246  3.77423  
4.78658  10.9381  
8.84856  3.76869  
14.6402  3.8978  
17.0922  5.0857  
12.7216  6.67138  
5.19404  4.0755  
7.07988  8.88005  
4.54562  9.29847  
2.23219  3.79171  
10.1125  8.65614  
8.75799  17.578  
10.3297  2.46388  
9.92674  2.37502  
6.73999  12.491  
4.75348  9.95284  
7.56662  7.29346  
5.11611  13.9571  
8.91963  6.90313  
10.7078  9.09752  
4.43224  8.79705  
17.5031  12.2454  
9.9653  8.93418  
8.26944  11.2765  
6.01244  10.2053  
9.51478  9.11518  
6.68347  4.17619  
6.09295  9.77763  
4.2964  5.49392  
6.54502  4.08635  
1.33151  4.71958  
5.32247  3.21534  
6.08544  21.1069  
8.45564  10.192  
3.11136  11.2913  
6.98968  3.03333  
5.29317  12.0136  
2.71716  9.29845  
0.939608  5.78228  
7.8014  8.41096  
8.62196  10.917  
7.3968  11.3503  
9.42569  14.6073  
18.3707  3.49278  
2.29373  12.4528  
4.82694  9.88862  
6.02337  13.4846  
12.0941  5.73921  
8.89283  6.50569  
8.83936  5.22567  
10.6037  8.3703  
3.10555  4.22373  
7.212  5.89708  
12.2558  8.84395  
4.47246  11.2008  
15.744  11.4696  
8.04432  18.8624  
4.39559  3.66861  
5.33177  4.23859  
8.15271  11.1456  
11.5432  7.90059  
11.4503  13.3586  
2.15766  6.2836  
6.71241  14.23  
7.69697  3.62662  
14.6824  13.2952  
23.3621  6.2699  
8.67387  8.20084  
8.51282  7.19713  
4.67262  5.03222  
12.0427  11.7855  
6.3186  12.0023  
4.83699  9.49196  
11.019  10.2788  
3.68227  5.85634  
4.20863  14.0974  
10.2687  11.3718  
4.11845  8.08181  
17.432  10.6443  
4.78293  9.39534  
3.19967  1.39344  
6.59141  10.4332  
3.67171  16.0728  
5.75193  5.77855  
7.43367  15.2278  
7.60384  6.42126  
12.4426  6.66939  
3.51282  12.6233  
9.50565  4.1527  
7.98293  12.4709  
11.3238  12.4193  
12.9535  13.9525  
9.77039  21.6028  
3.80257  7.378  
11.7091  5.29096  
14.0862  8.89422  
15.171  13.81  
6.84405  4.71421  
9.71388  7.83262  
10.7611  8.06783  
13.706  8.97116  
5.56875  4.74837  
7.25452  10.5273  
8.10881  9.55769  
6.52644  5.13117  
2.41403  17.9002  
10.7234  6.59801  
4.87013  3.55848  
16.5586  10.8886  
3.35248  10.4406  
1.3875  9.53055  
6.10479  11.5308  
2.40369  5.51173  
9.67667  8.50549  
6.11492  2.61819  
2.95225  10.8368  
4.63744  2.20337  
6.02054  12.1631  
3.21133  18.3835  
6.91638  14.7884  
9.74565  6.48909  
8.94652  10.3224  
6.15503  15.5335  
4.00696  2.56675  
10.5543  10.1906  
9.36848  7.77643  
10.1516  3.19906  
8.57158  9.03163  
10.0892  2.05729  
14.1061  6.90644  
4.90927  17.0361  
8.41279  4.21043  
5.87796  21.2443  
8.95038  9.95529  
7.28091  4.88431  
3.9832  3.20784  
7.73133  7.92836  
1.90595  8.42221  
6.17944  6.63572  
7.28393  4.67919  
10.309  9.55603  
11.9547  13.1851  
1.91967  2.37544  
9.20678  13.2465  
5.29173  5.2441  
13.6703  13.5319  
3.9646  14.1709  
17.5338  2.79093  
5.28658  14.3756  
1.02157  8.26053  
4.44531  6.99146  
11.1428  4.69262  
13.028  12.4031  
10.1611  9.30538  
8.6455  12.0881  
7.24346  17.0251  
6.31751  5.59714  
2.81809  9.56685  
6.54587  2.25335  
5.75985  2.78599  
5.93058  5.9274  
5.07152  6.76983  
11.6022  3.98751  
14.3217  2.89215  
4.70891  3.42087  
5.09535  17.5785  
9.79204  3.89324  
4.57733  6.18039  
9.80781  2.54477  
5.682  5.79818  
2.16049  5.27268  
2.53111  10.0001  
11.9112  8.00716  
7.93303  11.9356  
12.8735  11.3579  
4.38951  4.76501  
8.62712  4.2976  
16.2907  5.7912  
9.88949  4.65891  
11.9852  4.00443  
9.87766  9.88346  
10.3272  10.5847  
9.41794  11.3639  
12.0194  9.01811  
6.06118  7.24001  
9.9175  10.951  
6.46913  9.32696  
8.94045  14.5624  
6.37612  9.11462  
3.58969  3.03063  
11.3026  4.84354  
7.06624  11.9358  
11.0849  7.905  
5.01914  6.8254  
5.57516  12.5977  
2.89327  4.22887  
2.29413  12.3005  
11.3599  11.2598  
2.72236  5.37096  
8.37577  4.5565  
14.5672  15.673  
5.36125  9.52246  
10.6752  7.78094  
1.80463  12.594  
9.47427  8.46239  
3.15577  7.69798  
2.8151  5.42553  
6.76317  8.58405  
7.37128  6.10658  
7.82663  7.4006  
1.96987  4.73594  
12.2351  4.74787  
13.6904  7.22089  
10.0148  12.5812  
5.48069  13.1865  
5.90369  13.5831  
5.43747  8.03049  
8.21686  13.8568  
6.81902  6.03402  
9.35724  6.03877  
16.3302  8.02381  
13.7778  2.40084  
14.3379  11.5659  
7.50098  11.3704  
9.73279  4.86059  
2.88927  4.50149  
7.47539  8.77602  
13.2886  12.6547  
12.9557  11.4167  
9.88657  6.87205  
13.2217  8.34574  
8.83176  6.06054  
12.123  6.55418  
9.40553  16.028  
4.70104  7.58941  
7.56373  4.68942  
5.94753  12.4984  
2.44147  10.0108  
7.04828  10.2349  
13.7457  16.3078  
2.34875  9.42943  
6.61288  4.58834  
5.13399  7.79487  
13.9847  2.31049  
9.362  6.12186  
11.5639  9.9554  
1.8331  12.0199  
9.14142  5.69085  
4.46524  5.17228  
6.12932  5.54788  
3.81009  4.73983  
5.682  9.7648  
22.2125  8.77843  
3.97151  10.6794  
8.27743  1.97102  
9.42193  9.32156  
1.12759  7.57284  
1.72187  9.33435  
2.04798  8.81882  
5.18729  8.36182  
12.9033  18.9038  
7.99291  14.1297  
10.143  6.49076  
12.118  10.4623  
6.39656  14.9931  
12.0833  3.08135  
11.2076  6.61083  
10.7788  4.87201  
2.96612  5.63052  
8.16016  5.77806  
7.05981  9.99657  
10.0967  5.2179  
11.1702  6.77129  
8.09058  11.5877  
10.4763  7.01783  
13.5909  15.7907  
3.2402  9.8731  
10.1506  8.9557  
9.75666  8.9046  
7.93193  9.30077  
6.01835  2.8952  
7.88499  9.31667  
2.29767  7.97701  
6.85836  6.02176  
7.50861  8.27225  
8.17522  13.75  
3.94665  2.17164  
7.03522  4.16497  
9.1217  10.9171  
15.3639  12.0726  
9.23986  15.4938  
8.57793  7.15724  
9.0031  7.52759  
12.9335  5.26755  
20.1698  13.5519  
10.9134  7.35125  
3.33802  14.1794  
11.1384  4.66872  
10.0935  3.04399  
11.0943  12.3007  
11.3935  12.1357  
12.4623  5.86564  
3.57286  3.24513  
7.8071  5.36175  
9.75821  5.7206  
3.03501  12.5171  
8.19413  7.59018  
15.612  9.60804  
3.21264  16.0108  
3.56099  10.38  
5.34108  7.78346  
10.6338  10.5736  
5.42819  1.94707  
2.70715  10.8001  
14.9853  4.62009  
2.97518  7.8517  
17.6871  7.51802  
2.69336  11.5437  
8.05642  1.59425  
15.1258  10.886  
10.2395  9.11519  
8.06365  5.00503  
4.60029  9.85938  
6.31857  15.2424  
5.89924  7.06309  
17.664  0.888851  
9.00107  5.36771  
8.55527  14.4056  
11.2883  12.6898  
11.1099  3.03262  
7.87429  6.58991  
14.4513  8.24388  
7.6166  5.06052  
5.75958  7.27058  
3.8044  5.98984  
3.79343  9.60315  
5.23922  5.7959  
7.19201  5.29395  
13.237  4.74922  
10.0275  9.33017  
7.14646  7.36295  
3.64325  3.23497  
8.29081  14.8473  
9.6287  6.76045  
3.73166  4.33626  
4.0476  11.2437  
5.68698  3.18668  
19.6083  8.45579  
9.44506  6.04972  
12.9065  8.42422  
18.9265  13.1947  
14.859  6.49002  
7.26723  6.84654  
