3.96033  2.63653  
0.733574  2.03912  
1.54513  1.75778  
1.5397  1.64792  
1.69051  1.2444  
4.35979  2.15832  
2.24534  2.69426  
1.86622  1.2121  
2.66046  2.20922  
1.09701  2.45439  
4.0673  1.90581  
3.15628  4.32171  
1.8355  1.58372  
2.06053  1.67347  
3.40884  2.21709  
1.44811  1.52616  
2.58338  1.08796  
2.90701  1.99196  
1.55743  1.58775  
2.42897  1.12108  
1.40472  2.57197  
2.55584  1.52801  
2.7708  1.80192  
3.10775  1.73747  
4.90681  1.94373  
1.36225  1.65645  
1.36094  1.30609  
2.47001  1.51955  
1.16891  1.13621  
4.17624  2.32285  
3.55274  1.11137  
2.07125  2.85899  
1.25801  1.31311  
2.43452  2.03378  
1.43867  0.96824  
2.41856  2.47763  
1.12019  2.76428  
1.53663  1.2696  
1.68956  3.53835  
3.26819  1.96842  
1.78597  1.82447  
2.30651  3.0585  
3.89628  2.86515  
2.22172  2.41204  
2.79712  2.04299  
0.250234  2.62591  
3.29786  3.05695  
1.83206  1.26787  
2.52136  2.15234  
2.75717  4.0871  
2.52937  2.61594  
1.28482  0.924249  
4.36983  1.21239  
0.658272  1.68656  
1.20441  3.31098  
2.16377  2.80915  
2.03798  3.97864  
3.73578  0.535921  
3.80144  1.0267  
0.471929  2.46839  
1.3296  3.85181  
3.27043  0.854816  
2.29274  1.87089  
1.86358  2.2279  
1.17494  3.6768  
2.04047  3.36625  
2.72961  2.2483  
0.93569  0.345192  
1.52732  1.09633  
3.66408  1.68179  
1.63932  0.833823  
2.00585  2.52535  
2.62356  2.08322  
2.94204  1.84658  
2.17009  1.0431  
2.12468  1.08107  
2.44229  3.05025  
1.73241  1.9245  
5.15153  0.3724  
2.72896  1.5547  
1.28091  3.47201  
1.76895  2.18573  
0.957402  2.73898  
2.89316  1.81421  
2.21377  0.656954  
3.2299  1.6206  
2.80685  2.20795  
1.83543  1.00519  
1.92925  1.62435  
2.53127  0.989709  
2.66352  2.45333  
3.06849  0.917167  
3.14619  2.50743  
2.45987  1.91572  
1.87777  2.49126  
2.78842  2.37657  
1.21135  2.19475  
2.40896  2.04318  
0.999245  1.01369  
2.77395  1.6375  
3.60373  1.80159  
2.11476  1.70545  
2.71759  1.41867  
2.70957  0.450459  
1.19373  2.42084  
1.55186  2.06811  
0.939602  3.5227  
1.28617  1.77041  
2.22409  3.10187  
1.64196  1.79733  
2.09254  1.63293  
0.582381  1.71416  
1.80032  2.75779  
3.355  2.1808  
3.13719  2.82311  
2.57722  2.47919  
1.31923  1.13375  
0.793672  2.67952  
2.3049  2.64341  
1.48748  2.32717  
0.928804  3.85584  
2.30721  2.81308  
4.51113  1.82563  
1.4554  1.82992  
2.92468  0.501181  
2.17048  1.76811  
2.17092  1.24299  
2.15396  2.25479  
2.92376  1.61155  
1.48716  2.97061  
0.448254  1.76046  
2.42402  1.07123  
1.73502  2.23719  
2.60558  2.10934  
1.76913  3.03159  
2.27727  2.77788  
1.57427  1.49723  
2.07687  2.78282  
4.43316  1.55439  
0.832833  2.52006  
4.37917  2.37122  
3.43219  1.91148  
0.887293  2.94886  
4.64014  2.41713  
3.14095  2.02346  
0.44075  2.78169  
3.31186  0.926008  
3.0104  3.30532  
2.26897  1.75055  
0.511431  1.89158  
2.93228  0.698148  
1.2735  1.88442  
1.79421  1.95162  
1.8225  1.25634  
2.12921  2.14923  
1.32871  2.01384  
2.19135  1.59231  
3.86293  3.11057  
0.205551  1.20965  
2.20072  1.42248  
3.3539  2.97268  
2.26935  2.93544  
2.10398  0.948016  
1.66829  3.16556  
1.93195  1.24258  
1.49732  2.08735  
3.01052  1.42922  
2.6534  1.83259  
1.89326  1.3464  
1.07794  2.17446  
1.36756  1.17818  
2.47691  2.62786  
1.04518  2.65798  
2.36182  2.3139  
1.73732  2.423  
1.71141  2.00608  
2.32503  2.24105  
2.10483  3.27273  
2.0089  2.00897  
2.11483  0.767971  
0.956435  2.18444  
1.09087  2.56206  
4.06581  1.31266  
2.83942  2.83395  
2.09539  2.48996  
2.80585  2.96079  
1.23901  3.92579  
1.04926  1.27588  
3.10601  2.30241  
2.12625  2.54618  
2.80752  2.65581  
1.88316  3.29258  
1.67398  1.60878  
0.372217  3.0555  
1.02211  1.41894  
2.7719  0.788101  
1.15193  0.885979  
2.42808  2.39403  
2.79265  2.09631  
1.90848  1.3261  
1.01438  3.19522  
4.65599  1.21904  
3.4934  2.39435  
2.48307  2.32556  
3.0681  1.72697  
2.68513  2.62373  
5.22078  1.39122  
3.91163  0.472563  
2.52123  1.59741  
3.08686  1.33588  
0.501245  1.82289  
1.98087  2.91282  
2.5872  1.85465  
1.1582  2.07523  
1.44432  2.16269  
2.57648  1.01  
0.885438  1.57256  
0.884037  2.69996  
1.29444  2.5868  
2.58439  1.41117  
1.10266  3.1679  
1.44526  1.40607  
0.910408  2.06471  
0.991925  1.18062  
1.34284  2.09117  
2.51058  0.786189  
2.30548  4.13861  
4.00089  2.12723  
1.05903  2.35643  
3.02348  1.31701  
3.11735  2.29396  
2.35664  3.01479  
2.33865  1.49664  
3.16991  1.48602  
2.10241  2.95398  
2.09594  1.67198  
2.89292  1.87513  
1.93535  2.89721  
2.10666  1.93126  
1.78458  2.16705  
3.36995  2.51686  
2.49036  2.47806  
0.833709  1.83479  
3.08994  1.27572  
2.32165  2.19394  
1.78409  1.71636  
2.51816  1.95856  
4.19315  1.25975  
1.72346  1.28062  
1.7362  1.71473  
2.13423  1.43403  
2.17382  1.2094  
1.22708  1.95026  
1.81528  1.21453  
1.14449  2.61519  
1.98256  2.10789  
3.03218  1.09938  
2.40093  2.90068  
3.05808  2.0272  
3.27799  1.50192  
1.83771  1.85128  
2.34321  2.72469  
3.70582  1.76794  
3.72664  2.83639  
2.03884  1.77904  
2.97273  0.681574  
2.77549  2.62871  
4.36834  0.698248  
0.931288  1.69331  
2.08385  2.57234  
4.41478  1.11009  
0.720075  2.18486  
4.17012  1.05872  
0.959519  2.64392  
3.31783  2.74322  
1.663  2.69487  
3.37019  1.89854  
4.53085  1.83853  
2.92922  2.2439  
2.22964  2.13402  
2.10643  1.91459  
1.23255  2.04703  
2.42824  1.95421  
1.62572  2.78358  
1.20561  1.25987  
2.806  2.54512  
1.71058  3.84568  
2.51909  4.21572  
1.68097  1.14231  
1.58029  1.03206  
1.22992  2.4514  
2.16805  1.43616  
2.35169  1.31959  
0.705739  1.71366  
1.36072  1.36476  
0.660848  2.08929  
1.75168  2.69729  
2.29189  1.77233  
1.59843  3.50552  
1.40923  1.69001  
2.27195  1.05159  
3.23427  2.4034  
1.52463  2.31209  
1.82203  2.70576  
3.71915  2.82785  
2.4088  2.38877  
1.31463  1.92553  
2.63593  2.4876  
1.70275  1.7841  
2.80976  1.66744  
2.1635  2.4125  
3.21071  2.17823  
0.840573  1.58296  
1.3761  1.58223  
1.89338  1.3098  
2.87635  2.43256  
3.23841  0.905055  
2.95586  1.7574  
2.1297  0.712376  
0.84135  1.64465  
0.544931  1.83506  
2.41299  3.16503  
1.28022  1.90294  
1.83117  3.3956  
1.65978  1.74801  
3.13244  1.62746  
2.12389  2.18602  
2.81145  1.97043  
2.35367  2.39928  
2.43529  1.56688  
2.59169  1.88936  
2.24504  2.13097  
1.15084  2.33067  
1.14085  1.35973  
3.4623  2.45824  
2.47296  2.28573  
0.6911  2.32954  
1.97328  0.566575  
2.99503  2.97682  
1.53862  2.7254  
5.01394  1.94898  
1.25926  1.88717  
1.92705  3.85215  
1.76703  2.44472  
1.96072  1.89869  
1.96952  1.11734  
1.77392  2.20238  
2.40529  3.27461  
2.72094  1.06738  
0.599626  2.67578  
1.96087  1.31884  
2.47558  0.345191  
1.37107  0.520265  
2.27443  3.23665  
1.84868  4.11112  
1.67231  2.91603  
3.59483  1.48102  
2.65074  3.30803  
1.12542  2.1271  
0.704211  1.7592  
1.3649  3.17576  
2.58799  3.15286  
2.237  2.18509  
1.69563  2.04877  
2.66792  2.09755  
0.647258  0.94854  
4.52989  0.956779  
2.36255  3.3297  
3.80619  1.75102  
0.997567  1.46786  
2.19719  0.710081  
1.08689  1.4791  
2.36311  1.61903  
2.06254  1.52044  
2.06718  1.97813  
1.93036  2.05238  
0.458506  2.21839  
1.614  0.704253  
1.75408  2.89738  
3.86666  1.47763  
2.83248  1.56362  
0.931538  2.81549  
2.07533  1.67002  
2.21314  2.55803  
1.80874  2.07572  
2.14356  2.12787  
0.40971  1.52966  
2.34716  0.939205  
2.42472  3.41654  
2.0374  2.02448  
3.4511  1.74422  
1.97197  1.72147  
5.11611  2.22028  
2.17698  1.90163  
1.05592  0.641334  
3.51443  1.22025  
4.30541  1.61698  
1.50921  2.07307  
3.90065  1.73591  
2.44378  1.11348  
2.52676  1.71238  
2.52505  1.06838  
0.88978  2.37434  
2.7423  2.60141  
1.90332  1.0087  
2.51195  1.63158  
1.53319  1.11239  
2.19292  1.7532  
3.07206  1.24636  
2.86309  1.51133  
4.35576  1.15315  
1.85152  4.45212  
2.58685  1.95798  
0.236175  2.26172  
2.77869  2.75358  
1.4064  1.79323  
2.24185  3.4556  
1.89782  1.75369  
2.04378  0.849666  
3.70607  1.79595  
3.98291  1.59582  
1.90049  2.96913  
3.87396  2.65743  
0.759497  1.77674  
3.32568  1.13426  
2.64476  2.55094  
3.19405  1.63916  
1.97632  1.46214  
2.79074  1.3801  
1.66804  1.28413  
2.08356  1.08883  
1.70089  1.36398  
1.14831  1.32068  
1.9961  0.694964  
1.34248  1.84525  
3.18445  1.86022  
3.08796  1.90668  
0.689011  0.840687  
0.491177  1.05782  
3.0457  2.10032  
1.94718  2.87246  
3.5343  2.59363  
1.51535  3.15224  
0.884659  2.22399  
2.38107  2.93155  
1.24999  1.46005  
2.77418  1.18163  
1.96896  3.31717  
3.91492  0.872646  
2.95511  1.59496  
1.55768  2.15034  
3.70825  2.48229  
0.786608  3.99266  
1.07496  1.58539  
2.70867  0.23709  
2.15626  1.1194  
1.72224  2.12972  
3.72116  2.63908  
2.82096  2.17577  
1.85187  1.54671  
3.32323  1.17359  
1.25839  2.03764  
2.05294  2.323  
1.52907  2.28762  
1.32271  2.4546  
2.99019  4.01084  
1.46027  0.290788  
2.43322  2.10004  
1.44785  1.77277  
2.09563  1.50237  
1.84198  1.94048  
2.30796  2.62867  
1.69194  2.06189  
0.85645  2.67272  
1.99618  3.80249  
1.98873  1.15733  
0.2679  2.25919  
1.5418  2.47295  
3.62902  1.47166  
2.17997  2.17903  
2.20696  0.93907  
2.53023  2.96283  
3.19196  1.51999  
1.82719  2.05072  
2.94483  1.3972  
2.43541  1.72057  
1.62841  1.70719  
0.680686  0.720721  
1.21816  2.76505  
3.20151  3.46479  
2.43988  1.21655  
0.64582  2.31829  
3.76178  1.37328  
1.89411  0.894146  
2.9528  1.77587  
1.57767  1.76531  
1.40835  1.48222  
1.91485  1.57704  
2.21824  2.73178  
1.68244  0.97684  
1.6094  1.6942  
1.85377  2.87493  
1.21908  2.40616  
2.94258  3.07536  
2.20858  1.12464  
2.39327  1.64895  
2.22821  2.36147  
2.10429  3.49054  
1.29638  1.44609  
2.10854  2.96199  
1.77874  1.99057  
2.19362  2.3666  
3.12884  0.493159  
1.48312  1.99392  
2.30776  2.12075  
1.42811  1.08218  
2.21315  2.92657  
1.58112  2.82065  
1.2221  2.29857  
0.399973  4.48504  
2.09653  1.78971  
1.54189  2.06798  
2.10034  1.37313  
1.22085  1.77283  
3.47225  1.0065  
1.07736  1.98241  
1.49605  1.44516  
1.32037  2.72407  
3.41297  2.44969  
3.59761  1.27979  
1.50663  1.34083  
2.13927  2.84137  
1.11038  3.14922  
1.78889  2.25239  
2.78967  2.48547  
2.8484  0.615988  
1.55231  1.72953  
2.60894  1.65895  
0.813622  2.8257  
1.56651  3.11901  
2.69931  2.16258  
0.236263  1.38814  
3.55361  2.32917  
1.04832  1.93409  
4.14701  0.84443  
0.901442  1.94062  
2.11546  1.88604  
3.50305  1.6914  
1.80096  3.99155  
1.56713  2.66184  
4.2498  1.42075  
3.29174  1.17308  
3.18138  2.49964  
2.72893  2.2765  
1.85624  2.83114  
1.14034  2.56997  
2.21978  1.46613  
2.40561  2.49753  
2.57361  1.80513  
1.04377  3.57413  
2.47377  2.25228  
1.5527  2.37437  
3.94684  2.27859  
2.91417  1.3079  
3.75901  1.57391  
2.80106  2.25631  
2.79709  2.33511  
0.860753  2.08543  
1.50512  1.39406  
3.12558  1.57035  
1.97579  2.39946  
2.24  1.93301  
1.34381  2.40301  
2.13052  2.73723  
4.42614  3.19865  
1.45461  1.30059  
2.39529  0.849463  
2.20114  1.6709  
2.38824  2.05806  
3.46451  1.57328  
2.87625  1.95893  
1.33637  1.15515  
2.65807  1.97781  
2.11325  1.21686  
4.74276  2.38719  
2.04307  2.38863  
1.85608  1.80157  
2.85882  3.5704  
1.59175  4.25455  
1.88468  1.03113  
1.09574  2.36045  
1.24083  3.63823  
1.95619  3.4321  
1.64043  1.50517  
2.03288  1.99406  
3.97136  0.936522  
3.37763  2.83081  
4.62083  1.09715  
0.754538  1.23638  
1.99226  0.824124  
