0.686616  1.36822  
0.521044  0.822307  
0.733556  0.648677  
0.786454  0.575534  
0.686646  1.31765  
0.711506  0.606375  
0.719829  1.39807  
0.222953  1.57111  
1.16403  0.494897  
0.871788  1.44521  
0.64544  1.48308  
0.380823  1.30384  
0.475262  1.14672  
0.197545  1.66141  
0.749749  0.652885  
0.867607  0.358306  
1.10814  0.654928  
0.791756  0.43139  
0.72289  0.984736  
1.62828  0.217514  
0.763305  0.661863  
0.589364  0.593436  
0.878316  0.601611  
0.567869  0.744022  
0.645214  1.36336  
1.0044  0.778001  
0.977504  0.85285  
1.20016  0.248992  
0.731949  1.55776  
0.589895  1.63705  
0.854482  0.446249  
0.449097  0.839232  
0.303581  1.02747  
0.309604  1.33381  
0.475288  0.617102  
0.650162  0.519941  
0.483569  1.0509  
0.720014  0.787129  
0.627561  1.04397  
1.15832  1.4814  
0.832348  0.677475  
1.24747  0.578184  
1.44753  0.398383  
1.21715  0.55732  
0.523487  1.42907  
0.269811  0.961397  
1.07847  0.474786  
0.332439  1.0985  
0.744607  0.554385  
1.66688  0.929948  
0.927958  0.44546  
1.34489  0.44691  
0.905691  0.723947  
0.581523  0.974838  
0.884155  0.589573  
0.715844  1.21677  
0.564902  1.17058  
0.86889  0.780131  
0.952736  0.617224  
0.448747  1.10692  
0.568875  1.6354  
0.767094  1.52019  
0.91242  1.38335  
0.396535  0.900157  
0.759649  1.26953  
0.720768  0.788671  
0.567416  0.817683  
1.40427  1.53996  
1.50684  0.420423  
0.858066  1.46899  
0.995098  0.475702  
1.07114  0.460388  
1.13419  0.361644  
0.913385  0.559412  
1.36591  0.52846  
0.705987  0.771994  
1.16632  0.46796  
1.00564  0.702871  
1.13749  0.616084  
1.118  0.425043  
0.912558  0.757795  
0.819875  0.879171  
0.444724  0.873135  
0.89987  0.372383  
1.28477  0.359343  
0.70929  1.65751  
0.416725  1.4319  
0.611509  1.14622  
0.872637  0.356688  
0.624245  1.39515  
0.810108  0.979295  
0.564044  1.05774  
0.514792  0.984165  
1.61815  0.502965  
0.767278  1.6633  
0.825696  0.487351  
0.78635  0.833849  
0.737155  0.765912  
0.10487  1.2648  
0.741315  1.3299  
0.504175  0.909555  
0.950238  1.56848  
1.40127  0.992974  
0.681835  1.14796  
0.621101  0.89661  
0.581278  1.16413  
0.517236  1.49517  
1.3842  1.03323  
0.979034  0.417704  
1.42695  0.820464  
0.639266  1.16991  
0.573113  1.0847  
0.760277  0.592669  
1.02487  0.544272  
0.248115  1.5582  
0.554045  0.836944  
0.445161  0.951497  
0.552017  1.06452  
1.28052  0.262867  
0.910695  0.741189  
0.511552  0.884791  
0.890487  0.872875  
0.571687  1.52182  
0.884302  0.638324  
0.895874  0.48767  
1.11891  0.381204  
0.678655  0.790581  
0.746081  0.778492  
0.782267  1.03026  
0.80954  0.623986  
0.592153  0.584687  
1.26989  0.503429  
0.52893  0.912683  
0.469485  1.3147  
0.817874  0.383078  
1.05654  1.28819  
0.343964  1.31839  
1.13705  0.62805  
0.961791  0.727127  
1.32345  0.412918  
1.57782  0.713513  
0.667959  1.70251  
1.28638  0.39657  
0.467801  1.35437  
1.2334  0.32544  
0.830622  0.728716  
0.869969  0.273241  
0.481577  1.34834  
0.579207  1.64174  
0.770423  0.879589  
1.92723  0.747106  
0.594842  0.890603  
0.806533  0.499109  
1.10971  0.74741  
0.528506  0.716113  
1.03867  0.452685  
0.717265  0.691453  
0.871544  0.889703  
1.39191  0.531597  
0.868433  0.641017  
0.891614  1.48134  
0.538914  0.975577  
0.561944  0.964577  
0.632233  0.842731  
1.27578  0.393978  
0.61258  1.01794  
1.42101  0.760882  
1.66473  0.525257  
1.4772  0.530454  
0.639818  0.683727  
0.744954  0.798161  
0.327315  1.50261  
1.09164  0.37887  
0.791382  1.77047  
0.6763  0.938671  
0.781144  0.856795  
0.770775  0.458515  
0.817431  0.978531  
0.807514  0.615875  
1.22664  0.28183  
0.732901  0.567761  
0.559767  0.848698  
1.23003  0.65973  
0.650476  0.649474  
0.70791  0.624364  
0.299965  0.990177  
1.35659  0.848951  
0.564972  1.63119  
1.05107  0.721671  
1.02297  1.40247  
1.20607  0.282405  
0.592915  0.77508  
0.469574  0.935087  
0.646221  0.637292  
0.770889  1.0785  
0.61383  0.961485  
1.66588  1.01547  
1.12588  0.576554  
0.441916  1.26792  
1.02085  0.291552  
0.690198  1.24769  
0.484149  1.3547  
0.748528  1.13264  
0.493072  0.714819  
1.06011  0.566034  
0.661435  1.35037  
0.725794  0.974538  
1.6469  0.657579  
0.803874  0.37516  
0.624048  1.43077  
0.543031  0.784539  
0.660667  0.752147  
0.827192  1.31707  
1.34135  0.486569  
0.733598  1.07356  
0.809629  0.605207  
1.23459  0.739204  
0.921915  0.666651  
1.06739  0.846947  
0.959938  0.51757  
1.08056  0.462317  
0.740547  1.06859  
0.611527  1.42591  
0.986933  0.795583  
0.951451  0.730876  
0.86486  0.901649  
1.87236  0.327843  
0.571384  0.927989  
1.91782  0.989923  
0.927256  1.64789  
0.668358  0.669335  
0.591911  0.794454  
1.08549  0.509378  
0.695453  0.771856  
1.71894  0.535561  
0.57048  0.723818  
0.745067  0.671282  
0.757921  1.83494  
1.24887  0.525273  
1.93563  0.468296  
0.569567  0.63485  
1.66043  0.800979  
1.13507  1.39821  
1.25633  0.446967  
0.398913  1.35876  
0.286258  1.5802  
1.06421  0.51803  
0.940989  0.714534  
0.690949  1.8724  
1.55424  0.672203  
0.674286  1.23881  
1.59052  0.576593  
0.584818  0.571101  
1.06108  0.354874  
0.920271  0.35866  
1.37719  0.47641  
0.555479  1.03232  
0.910625  0.738335  
0.617563  0.956859  
0.690074  0.960124  
0.363957  1.04006  
0.741405  0.888251  
0.643284  0.904686  
0.665588  0.730471  
0.766115  0.583661  
1.68546  0.792502  
0.737308  1.20985  
1.04192  0.578822  
1.67343  0.758566  
0.972641  0.574607  
0.676319  1.28156  
0.452086  1.28139  
1.10533  0.648974  
1.4486  0.910803  
0.587914  0.73197  
1.47379  0.552341  
0.847181  0.511877  
0.806026  0.992794  
1.13594  0.378952  
0.717255  0.780379  
1.0777  0.720607  
0.638369  0.835211  
0.810686  0.856879  
1.53238  0.213609  
0.495413  1.53578  
1.35426  0.525187  
0.141742  1.51128  
0.992363  0.549908  
1.01247  1.233  
1.19331  0.653343  
0.742162  0.616264  
1.53995  0.707726  
0.708481  1.49723  
2.0761  0.53656  
0.832367  1.28422  
1.00378  0.422905  
0.904582  0.585375  
0.390881  1.28732  
0.430845  1.00249  
0.61413  1.02825  
0.540435  0.863795  
1.64909  0.681639  
0.820058  1.17363  
0.551111  0.998452  
0.232745  1.40635  
0.661624  1.58397  
0.716368  0.721703  
0.739841  0.984776  
1.31428  0.0876601  
0.996438  0.379727  
1.12936  1.33605  
0.549533  0.821235  
0.991749  0.738364  
0.653957  0.675914  
0.616308  1.87648  
0.606495  0.95042  
1.3645  0.962806  
1.04124  0.257353  
0.719839  1.01899  
0.462066  0.824573  
1.49567  0.627365  
1.06899  0.694152  
0.675139  0.775636  
0.713239  0.663675  
0.916921  0.600484  
0.451233  0.720551  
0.65744  0.977146  
0.930182  1.49285  
0.658697  1.00951  
0.832512  0.739348  
0.99199  0.827535  
0.733735  0.642253  
0.275606  1.24967  
0.795329  0.490587  
1.08041  0.72875  
1.15725  0.457419  
0.884202  0.875291  
0.550484  1.54463  
0.879716  0.705737  
0.836369  0.607693  
0.921132  1.20577  
0.534905  0.78257  
1.62776  0.614797  
0.744948  0.940436  
0.66694  0.621028  
0.721352  0.594398  
0.330599  1.33997  
0.806654  1.30534  
1.43818  0.543729  
0.296807  1.60843  
0.654621  1.06453  
0.853754  0.653472  
0.719046  0.924461  
0.392707  1.46086  
0.747359  0.634201  
1.0086  0.605286  
0.976882  0.500132  
0.13248  1.19894  
0.807911  0.920288  
0.489456  0.607616  
1.57463  0.805201  
0.937525  0.739014  
0.978747  0.732995  
0.358113  1.01433  
0.974033  0.939462  
0.606246  1.09354  
1.24098  0.819247  
0.860626  0.548575  
0.679872  1.6862  
0.87974  1.76692  
0.673063  0.48707  
0.624218  1.02301  
0.7123  1.035  
1.04193  0.634391  
0.401401  0.903825  
0.879281  1.4845  
0.812045  1.29399  
0.944124  1.60735  
0.597147  1.63843  
0.728525  0.519273  
1.2104  0.468471  
1.26514  0.883696  
0.673994  0.674679  
1.30638  1.68195  
0.700265  0.981292  
1.18286  0.623477  
1.20106  0.336019  
1.51145  0.338085  
0.767266  1.29455  
1.10598  0.729246  
1.08349  0.590417  
1.24174  0.373942  
0.76692  0.5069  
1.09041  0.475584  
0.781958  1.04113  
0.563382  0.884247  
0.596122  0.859282  
0.917078  0.466265  
0.836409  0.857999  
0.783489  1.66368  
0.914398  0.441907  
0.698695  0.738584  
0.722314  0.81033  
2.29083  0.493654  
1.22996  0.657342  
1.30541  0.186581  
0.83401  0.641146  
0.421943  1.46347  
0.50009  0.911786  
0.620118  0.811549  
0.310025  0.930305  
1.07584  0.767094  
0.711634  0.76778  
0.450709  1.71332  
0.453829  1.08959  
0.411705  1.70721  
0.66441  0.697215  
0.722204  1.27857  
0.720194  0.552085  
0.601747  0.669019  
0.733958  0.684385  
0.906881  1.77189  
0.998938  0.998781  
0.452844  1.24192  
0.799092  1.11462  
1.18047  0.285437  
0.418222  1.28285  
0.636798  0.580219  
0.848455  0.506588  
0.636233  0.917367  
1.56534  0.542399  
0.666224  0.725271  
0.89089  0.885966  
0.607578  0.635917  
1.08773  0.654268  
0.311419  1.46037  
1.21336  0.423472  
0.506782  1.38431  
0.398373  1.01487  
0.374876  1.23969  
0.863267  0.533535  
1.1568  0.754559  
0.729547  0.597237  
0.645296  1.60357  
0.611934  1.53882  
0.930244  0.528089  
1.14341  0.451375  
1.18816  0.338189  
0.893474  0.596421  
0.908944  0.757913  
0.690545  0.615084  
0.976428  0.604234  
0.4775  0.939011  
0.755489  0.706498  
0.79043  0.584224  
0.708041  0.527918  
0.935509  0.45763  
0.609905  1.28822  
0.765964  0.906547  
0.798926  0.465535  
0.896053  1.28304  
1.02979  0.412447  
0.704871  1.97242  
0.508131  0.870793  
0.62676  1.66304  
0.284927  1.73009  
1.10401  0.705338  
1.29209  0.689836  
1.24555  0.816557  
0.933339  0.624265  
0.666305  0.57554  
0.63857  1.19547  
0.627799  1.18751  
0.726832  0.623645  
0.766251  0.295532  
0.600605  0.687029  
1.09563  1.31533  
0.844626  0.786027  
0.636414  1.19771  
0.908138  0.937593  
0.899994  1.4265  
0.827292  0.416436  
0.312487  1.15929  
0.412531  1.15716  
0.64643  0.638764  
0.993779  0.819225  
0.626501  1.57093  
1.59369  0.653936  
0.929472  0.819834  
1.03388  0.781326  
0.512678  1.22709  
1.45002  0.687  
0.459611  1.0577  
0.399876  1.72883  
0.749306  0.932908  
1.58088  0.366546  
0.805058  1.53618  
0.876876  0.823219  
0.929687  1.26762  
1.1107  1.42236  
0.769583  0.564809  
0.768356  0.701106  
0.367125  1.67174  
0.704461  0.892432  
0.744627  0.662916  
0.581254  1.51737  
0.548561  0.911249  
0.846493  0.488825  
1.07993  0.577782  
1.36163  0.527244  
0.729058  0.957025  
0.636477  0.646543  
0.599634  0.718462  
0.610962  0.786739  
1.00156  1.01937  
0.742389  0.963315  
1.22711  0.71418  
0.501921  0.744357  
0.578149  0.95836  
1.70388  0.649188  
1.10257  0.2742  
1.19654  0.630297  
0.697215  0.859709  
0.352823  1.17626  
0.800459  1.75262  
0.847963  0.553522  
0.667658  0.525131  
0.963283  0.589856  
1.01688  0.689164  
0.74592  0.714402  
1.20338  0.494858  
0.47909  0.971719  
0.719411  0.595794  
0.941143  0.715636  
0.824845  0.366031  
0.591793  0.717343  
0.66461  1.02012  
0.951144  0.548772  
1.2529  0.622287  
1.29563  0.451946  
0.334217  1.44326  
0.957421  0.683837  
0.980798  0.758395  
1.07349  1.03522  
0.638538  0.690816  
1.73175  0.503982  
0.928849  1.01371  
0.675258  1.1459  
0.594755  1.17178  
1.57612  0.854543  
0.930283  0.681453  
1.36781  0.161376  
0.430122  1.64426  
0.454912  1.02696  
0.693091  0.807648  
1.0447  0.522624  
0.830055  0.699324  
1.35941  0.809571  
1.34503  0.458625  
0.265713  1.74654  
0.544194  0.889761  
0.541078  1.07546  
1.20764  0.411655  
0.711102  0.868833  
1.77454  0.555297  
1.40696  0.469943  
1.33622  0.538895  
0.39498  0.987908  
0.902803  0.464733  
1.24452  0.299698  
0.837872  0.629204  
0.566203  0.782709  
1.44896  0.456051  
0.73832  0.733374  
0.391854  0.904559  
0.705553  1.34885  
0.679757  0.626978  
0.793251  0.421972  
1.30258  0.444524  
0.517331  1.03339  
0.100467  1.72807  
1.23372  0.418561  
0.44892  0.866745  
0.334857  1.14063  
1.0655  1.20157  
1.05814  0.700613  
0.63639  0.670973  
0.742251  0.580571  
1.1893  0.439702  
0.49269  1.08051  
0.731211  0.905088  
0.625802  0.736674  
0.593349  1.6099  
1.52378  0.158896  
1.56634  0.609612  
0.754568  1.80194  
0.951445  0.349573  
1.44564  1.42189  
0.50559  1.54644  
0.646388  0.86655  
