26.2098  24.5063  19.6687  
38.5864  5.33144  12.1056  
22.8757  11.569  29.3601  
16.6531  1.14417  18.2033  
15.2806  19.3666  21.7339  
20.0189  27.4286  5.10318  
9.47452  14.1418  19.5978  
21.6215  38.651  15.7498  
19.5369  6.53677  29.5777  
7.15676  25.1382  16.1478  
21.6946  29.7773  6.37091  
22.745  4.32399  18.0948  
5.80042  39.4897  31.9558  
35.7407  57.4187  32.1012  
11.9104  6.39463  26.813  
44.3483  74.1173  32.3806  
12.8475  4.4903  22.04  
22.4092  5.80094  27.5441  
8.16817  31.9085  11.549  
39.6829  17.0537  8.35296  
42.8207  32.1075  20.1934  
3.2764  2.73525  16.6978  
19.0413  17.7992  6.0266  
14.0908  8.44572  7.96474  
4.19255  56.857  17.3658  
9.07836  17.6977  1.96921  
30.7695  30.0253  32.3139  
4.21308  11.2433  4.83213  
20.5917  13.15  7.34929  
21.9489  31.8152  24.9284  
12.9872  7.56341  18.1462  
64.6414  19.9214  22.6125  
6.87602  5.31801  12.9167  
33.8777  6.52859  23.3943  
21.2515  10.7676  7.54352  
6.55697  9.34306  10.6154  
17.7562  15.8791  21.9693  
8.69442  15.6207  22.7082  
36.9389  36.583  16.3619  
13.2184  18.3012  14.4859  
17.3672  16.3306  25.7573  
14.0595  32.5933  31.0929  
48.2777  51.4271  10.7307  
37.0381  31.4191  11.2571  
19.4226  10.9128  18.6554  
16.9674  6.70282  32.5235  
29.6179  5.02628  20.2396  
24.5796  22.2594  10.3938  
24.9527  55.9726  19.6358  
21.3689  23.8078  25.8329  
14.0182  46.3797  51.0622  
9.49597  36.6677  24.2492  
16.3639  15.3292  18.8086  
21.7578  13.5637  9.88221  
10.7512  7.68058  17.5861  
7.93071  17.5867  22.8609  
24.8453  7.75781  21.3277  
25.4162  34.8901  1.70461  
8.46968  18.3692  16.4711  
15.2169  17.1987  17.7264  
22.8268  27.8093  17.4006  
19.9227  18.8996  44.7625  
12.6068  14.5636  9.77536  
5.22969  11.328  8.06596  
16.7797  19.5218  10.2177  
31.3904  30.7965  7.30882  
23.2591  4.6015  24.8095  
7.02995  5.82205  12.1216  
28.0834  14.5381  25.1314  
6.30815  10.827  6.82637  
37.8473  5.12181  17.3691  
22.6213  11.9108  34.329  
26.4153  18.537  19.8801  
19.6005  13.7643  27.5088  
20.0225  28.2057  5.9709  
25.5975  5.53085  16.0972  
15.2489  21.9803  4.82012  
13.2194  14.6765  24.7606  
36.504  2.36661  9.22793  
13.9029  7.28318  14.1183  
6.44263  9.43363  13.824  
40.1683  4.99963  11.8206  
4.22335  23.992  15.041  
18.7683  30.5579  19.806  
25.6493  18.3348  20.3041  
12.4409  8.15425  23.5678  
17.9837  5.48417  6.28305  
4.03089  18.4491  4.41407  
5.3471  6.3294  10.4212  
18.253  17.6028  9.88332  
14.6086  9.20848  17.3562  
25.8971  25.7712  15.143  
25.8651  4.40352  21.4839  
6.09293  28.723  27.1231  
14.7136  7.98485  22.6677  
24.2216  2.53905  37.6826  
14.246  39.6314  25.8189  
10.832  22.2768  8.5287  
15.4604  14.9312  20.857  
4.50088  5.32033  29.7279  
20.6744  5.0228  17.8267  
12.8787  8.2724  22.098  
37.1747  3.95183  8.14889  
4.964  42.2231  15.7392  
11.9505  10.9684  14.5816  
11.0832  10.0509  17.9114  
17.019  6.64988  8.89152  
30.8882  7.55127  22.3904  
27.6736  35.9712  18.0894  
10.0537  27.3706  5.69341  
8.36085  7.85112  11.2356  
22.9521  22.5232  10.6965  
18.8722  43.0948  8.02395  
7.40116  2.15035  15.171  
19.3903  2.76499  15.5214  
25.6172  19.6992  17.6393  
3.07684  25.0599  35.8317  
32.9673  3.56704  15.6953  
52.7738  4.64901  20.065  
35.7048  42.1948  7.95238  
8.4239  5.73003  24.0815  
2.59291  49.9833  27.0518  
5.50055  1.97089  13.1104  
6.48723  15.6261  17.6049  
10.0334  10.499  8.91196  
8.32239  16.4539  31.7052  
25.5459  11.64  30.608  
8.72673  48.0614  16.6665  
17.9392  2.4774  20.6813  
14.8123  12.8323  7.78766  
5.24053  1.42676  11.2294  
5.66817  16.4758  11.4667  
19.3504  6.94593  11.5706  
22.8303  6.04375  25.8279  
21.1188  41.4417  13.4951  
4.86437  22.0635  3.52875  
36.1299  47.3106  14.4412  
10.1024  18.9326  14.5189  
3.11681  36.7754  34.5609  
6.18519  33.6861  26.2902  
12.6087  5.49618  5.64006  
20.9597  24.0138  29.7036  
12.0715  5.90907  3.26742  
14.6339  5.03627  60.6821  
12.4682  11.5963  31.4689  
3.90648  12.4834  13.8933  
23.3385  7.53986  20.1077  
51.8381  11.2148  6.89323  
21.8557  29.657  36.86  
5.51285  3.19333  25.2542  
33.8452  15.8005  13.1557  
4.60873  10.0436  4.837  
31.7139  12.0796  38.0431  
6.12961  2.81276  17.1363  
9.03601  52.2208  9.22733  
33.7868  27.244  14.2862  
10.3292  4.33646  15.2609  
20.6962  6.99832  25.3734  
29.7202  2.90306  26.9823  
34.4433  45.0761  7.66972  
11.0541  8.3217  10.3364  
17.116  7.32864  26.8703  
19.6239  6.7643  33.2618  
5.0692  15.9101  8.38107  
30.1809  16.1422  33.2894  
38.3098  8.65874  16.219  
7.43909  23.5571  27.5593  
27.3953  41.1059  5.61016  
10.2215  46.1562  4.64575  
10.9646  15.8949  5.36388  
13.576  13.744  6.72577  
24.9804  4.86469  9.64617  
9.5067  8.54747  7.47523  
26.7654  36.2906  7.08247  
24.217  2.76453  33.4794  
11.4181  5.36908  7.77048  
18.8623  7.95032  22.3667  
33.2217  10.7237  10.2176  
12.9021  41.1069  23.4634  
16.1405  11.2962  43.9249  
24.2312  20.8484  21.5582  
8.58467  16.3791  20.6206  
11.409  10.3264  20.8884  
45.5291  27.8408  29.8706  
16.1019  5.59825  10.8053  
24.2265  66.2887  6.80488  
15.7989  19.3051  19.5902  
14.5128  7.41052  7.07477  
29.3275  3.71973  20.5552  
6.02121  11.3337  25.5923  
22.1482  21.0802  11.3931  
37.4903  36.2085  62.6574  
12.9958  26.9872  31.6682  
11.0008  6.41051  37.8826  
4.09406  27.3855  14.2454  
26.1356  15.4782  17.5715  
12.795  10.2128  17.6718  
24.4307  14.9569  13.1823  
23.0239  13.6599  21.5169  
16.8253  10.6093  7.70496  
47.6024  32.5985  15.3526  
27.7866  4.22019  10.915  
10.7556  7.11934  26.2602  
10.7014  1.9836  21.4332  
19.2839  48.3265  33.6619  
11.3871  11.4502  19.922  
12.9288  14.6159  15.7842  
14.6114  1.93929  15.07  
15.252  7.23479  7.08619  
11.5243  9.60353  5.51023  
16.6775  21.1761  10.6055  
18.4555  12.4938  16.5768  
5.62839  25.6752  47.6103  
3.68845  16.6954  15.6828  
17.9186  2.5053  14.0956  
12.5726  17.6249  49.5249  
10.7836  14.2668  9.06001  
11.4888  18.7705  9.96342  
15.064  30.3225  4.14377  
18.614  21.2369  27.9471  
13.7049  5.18467  18.2062  
17.0182  8.54157  10.9943  
17.7714  21.6088  44.3904  
8.26153  5.12712  15.0377  
4.02072  5.50989  12.3935  
24.8161  6.86399  10.7402  
9.42575  19.9661  15.9783  
10.6938  10.1061  24.1881  
14.0672  16.6853  8.56575  
8.494  7.85107  4.44327  
13.0865  17.128  10.9754  
12.6603  5.75353  15.4477  
4.2699  12.1037  12.1869  
21.1065  16.2958  16.3296  
16.0834  62.6328  22.9125  
18.2016  14.3207  12.8102  
27.4175  19.0022  18.5443  
32.0482  14.4338  21.1421  
23.0471  33.4871  4.0827  
53.3249  5.36343  8.13758  
17.7419  69.7693  7.19652  
17.2127  24.8403  9.91621  
16.7345  16.5764  16.8762  
21.7079  18.4974  16.3726  
10.8891  12.9984  5.36157  
18.7878  10.1521  9.24928  
20.1247  2.92992  19.0111  
6.37948  3.4105  11.2946  
9.89508  29.18  13.015  
16.1596  12.8881  20.114  
11.7599  1.74814  8.30126  
4.36046  32.1337  8.83865  
36.4169  31.9631  11.3022  
5.20641  11.6162  9.01533  
17.5288  10.0986  12.4055  
14.1935  26.9979  7.58575  
18.6138  22.6626  28.8391  
19.8504  8.11492  6.71859  
54.7756  13.9791  24.2152  
22.96  6.16991  14.3391  
13.8198  5.77398  25.065  
2.65486  42.115  26.7641  
5.72575  8.34529  27.5899  
41.809  47.9336  23.5998  
16.1443  20.9543  10.6835  
32.2126  26.7977  15.0982  
16.7176  28.459  11.2489  
10.9289  22.8805  13.3786  
9.25263  4.48742  10.7155  
16.0007  31.7504  13.712  
24.0384  63.8507  36.7709  
17.3396  27.562  3.40308  
20.5859  5.84747  30.0062  
33.52  22.6205  31.1408  
33.9698  13.2051  23.6493  
9.60283  14.0727  16.0167  
25.3023  5.85495  28.0183  
20.1295  19.7322  16.8629  
16.4524  10.6072  8.74723  
11.5931  4.64098  14.0196  
31.1301  21.8323  65.3977  
20.2446  14.6635  13.905  
8.72583  9.43088  7.70454  
25.093  37.2377  28.7444  
24.2205  15.0313  17.683  
20.0676  37.765  17.6544  
38.1174  6.14062  26.2828  
46.5807  3.57528  19.1657  
11.5411  10.2283  17.4022  
23.1638  3.72882  12.1254  
15.2157  2.41577  20.9021  
11.7488  13.2721  11.4731  
3.72182  10.5732  6.64783  
17.5593  10.087  6.28783  
33.6216  8.77022  20.9045  
19.563  16.5244  20.4052  
14.78  23.5944  25.2332  
11.3529  19.1169  17.6985  
11.5076  16.1562  29.652  
33.69  30.2385  27.6083  
16.3335  21.7167  4.73391  
12.7156  25.6911  30.929  
21.1221  12.7223  4.80661  
15.6868  15.1424  16.1415  
18.7248  12.4924  10.8422  
19.4822  4.03879  17.4613  
16.4426  9.43256  6.07094  
6.45191  9.45938  22.9127  
11.373  9.93728  18.7345  
22.3191  65.9619  31.005  
4.58222  8.36861  16.2686  
3.27752  5.25643  23.8465  
18.2853  6.19198  19.5568  
15.1949  8.6587  30.297  
11.2924  3.71565  11.8605  
26.5685  17.6648  8.2865  
18.5904  7.82508  3.65012  
20.6458  17.4619  6.80959  
16.6239  0.89203  13.7479  
10.8693  33.4594  62.8129  
3.77628  10.6769  13.5101  
6.27151  24.9524  6.94676  
9.20846  18.166  19.2754  
24.8614  29.6697  20.8763  
12.4439  28.8223  21.943  
24.7687  20.3914  27.8934  
12.6409  12.2452  8.18251  
37.5814  36.7704  5.2812  
5.97878  38.7299  47.2359  
2.92598  46.5567  21.6258  
20.6127  34.0893  26.0284  
11.8363  11.1102  39.3286  
12.1376  16.1698  17.5983  
15.4053  22.9722  9.0253  
4.02627  11.5517  46.5084  
13.2714  15.7035  25.6875  
22.9347  17.143  29.0391  
3.25545  5.34747  12.5543  
26.5697  11.6096  5.71511  
49.655  34.717  54.3696  
18.0815  26.811  4.60203  
6.66259  17.9434  11.7419  
15.7027  19.0222  20.8369  
21.0301  14.9051  23.2353  
18.2168  2.3599  29.0694  
10.1743  11.5916  13.7486  
19.5852  4.76022  16.65  
8.15384  9.37655  22.3091  
15.825  5.41404  22.7469  
15.321  4.69123  14.6377  
14.4798  13.125  8.39261  
10.824  14.5429  17.3875  
7.70839  4.65237  11.2559  
22.9672  17.7555  22.5589  
16.3827  9.93396  11.4279  
6.39767  26.6166  9.56415  
15.955  60.2848  23.3583  
5.01616  16.8392  20.7672  
22.8932  21.6739  22.8494  
5.99232  17.46  12.77  
29.8958  22.6172  12.8079  
16.6714  9.63776  14.222  
30.8204  33.1261  24.6186  
20.7355  21.4177  13.6387  
7.98233  21.753  3.44247  
9.38544  12.5502  15.6495  
26.1949  31.3822  16.4125  
18.3932  15.122  15.4867  
19.812  10.1816  13.6129  
8.06207  19.3981  21.3723  
24.7568  29.2264  3.34541  
7.49205  17.1479  2.18717  
15.6634  19.2757  10.6321  
19.4386  7.89065  11.2271  
8.78733  7.0169  22.6098  
41.6213  24.6738  15.5372  
17.8465  16.6672  22.1979  
6.68595  36.3705  3.70887  
40.9879  58.9358  19.5233  
48.8371  13.0123  32.5341  
40.8207  8.29786  8.17574  
22.2359  33.7463  42.1145  
17.9033  27.0643  32.4621  
12.8766  5.7581  11.0559  
26.0708  16.0535  27.1398  
24.2143  20.139  10.2766  
9.38896  28.0716  16.7159  
25.4232  6.79204  26.2983  
5.95103  3.21147  12.068  
7.7858  6.92195  8.92873  
18.8928  5.90455  10.3823  
14.0686  25.6897  12.5398  
7.82932  7.09286  10.1335  
38.0119  18.9708  34.7015  
25.4967  12.1633  15.23  
8.4311  21.5805  17.4332  
18.5776  2.26323  19.7709  
17.9734  4.76112  15.4789  
7.47208  12.342  17.8253  
8.79658  2.55816  22.8921  
17.3121  12.7157  6.95373  
13.1556  14.6741  24.9978  
7.54914  20.927  9.25527  
16.0964  7.99382  7.45925  
20.0277  20.3016  13.0242  
25.383  1.81539  12.0031  
10.1354  36.6358  6.88139  
42.6693  4.18499  18.7295  
19.0746  10.7585  15.0928  
39.418  36.2885  28.705  
12.6628  14.5148  17.9625  
21.0458  13.9568  13.2736  
8.79876  6.65631  3.4668  
10.1382  6.83698  11.6595  
6.77589  4.58591  7.98745  
22.2065  38.2783  28.2223  
4.57048  8.2722  10.4785  
9.82729  8.8293  22.3201  
7.16325  6.8267  7.3702  
18.7865  19.4447  12.9927  
21.996  12.492  15.3934  
10.5981  15.6417  19.8492  
11.1099  12.2085  9.13558  
15.1795  14.0041  20.3131  
8.98343  6.27842  15.1263  
17.9166  14.1436  42.6139  
7.38074  9.52047  8.94705  
17.3653  48.4774  20.6961  
21.2865  6.30931  61.2284  
4.44076  3.64571  14.7978  
31.3189  29.9048  53.1394  
15.4638  9.08317  10.7358  
5.85426  18.5688  30.4254  
29.3055  8.20342  14.81  
2.69116  7.98065  10.8547  
10.6171  10.6737  15.9998  
6.65172  15.8106  40.3722  
51.2052  43.3907  20.3968  
27.062  3.46689  6.0731  
22.7664  3.57155  10.0871  
20.5191  6.02867  43.4106  
11.4469  7.09296  5.63696  
10.1209  14.177  16.3074  
18.0173  5.91779  4.79715  
31.9451  27.3639  6.26478  
9.52979  16.1063  18.3323  
25.2032  8.47495  15.4787  
8.53374  6.00755  8.72228  
7.30991  22.593  5.93857  
29.4779  60.7529  6.99234  
13.763  9.23355  30.5466  
5.12428  17.0895  23.8709  
29.0795  1.2714  25.2046  
7.59275  14.4894  15.6628  
8.91721  20.5422  14.2022  
20.7353  13.0726  10.5566  
39.8971  50.978  45.8538  
17.6072  5.98799  12.0963  
29.5973  50.3614  31.4986  
31.9841  35.0899  32.7744  
6.86064  31.7688  30.8324  
8.22831  9.01567  8.54671  
1.93364  8.23789  18.0513  
13.4088  11.8576  12.182  
5.69868  3.24222  8.05812  
8.23567  7.17516  38.8201  
16.2001  47.9207  63.036  
14.4196  15.1779  16.7373  
12.4574  6.41832  9.39193  
3.15147  7.53662  6.75739  
5.52939  18.0008  20.5219  
15.2156  24.7859  16.0506  
4.7942  17.3094  12.2661  
5.11953  17.1208  7.6857  
9.4615  18.494  13.2512  
29.6422  8.90007  8.74179  
27.9942  29.7032  6.05973  
17.7977  14.1873  9.95629  
4.62673  16.2626  16.4875  
12.5904  14.7928  4.92738  
8.70795  4.01972  5.29073  
13.7172  3.95686  30.6543  
16.378  25.7771  15.6126  
33.4763  9.67929  18.514  
5.94929  14.5957  4.41094  
23.3896  3.82659  11.5612  
33.1227  7.92802  28.6147  
39.2336  3.36318  18.7952  
11.6098  54.5129  66.8228  
52.9018  33.3034  6.95764  
6.69319  5.97878  5.62105  
28.9726  6.01498  21.6761  
7.52247  13.5311  32.7478  
3.78129  2.94272  8.80367  
10.548  19.6733  46.1284  
34.8678  26.6719  8.38212  
41.9537  32.6591  16.3389  
54.0387  5.06555  27.5372  
19.1204  10.4697  21.3792  
22.1156  29.2723  39.0811  
8.08437  13.5926  12.1332  
9.6251  7.61522  39.3566  
6.59147  1.97767  23.2706  
16.8176  15.5115  11.6029  
10.987  9.28695  4.01425  
19.2762  21.9069  21.514  
22.8365  3.34707  13.4307  
28.255  1.98606  27.3782  
16.4638  56.513  10.8935  
14.7964  13.5597  21.2397  
32.8577  5.38499  10.5027  
18.9853  11.439  16.9961  
10.9469  3.27147  5.97984  
17.4433  4.93723  15.1016  
8.19375  14.9726  10.3543  
22.3707  10.3828  25.6674  
13.8028  2.67838  13.618  
34.5232  48.2501  43.3561  
25.3445  13.0839  14.5956  
12.1162  25.1835  11.4912  
10.1778  10.9355  3.4693  
28.7834  14.4801  38.7943  
39.615  24.2555  29.7447  
7.43479  18.4553  5.29734  
58.9906  4.22804  51.6834  
17.5463  18.9914  43.5645  
3.30126  14.1048  16.8068  
4.89552  4.43661  58.7172  
7.65369  8.52461  20.6722  
19.318  8.81842  4.75599  
21.9327  10.2535  7.6282  
21.0713  10.4591  13.5864  
23.9567  11.7183  12.1204  
23.3658  6.94484  23.8485  
17.6758  5.1205  26.22  
24.4075  4.68299  22.6949  
15.0862  8.87431  8.55887  
7.83895  6.4851  36.8338  
19.7633  12.0026  17.2525  
8.45698  21.8606  9.09183  
13.6224  13.3234  15.1473  
3.34834  38.2306  42.403  
33.6378  2.341  21.193  
9.27137  9.13747  10.1766  
8.69115  13.5465  8.3967  
8.2458  1.99429  3.53284  
10.4198  25.7119  29.1393  
39.03  31.1219  23.3869  
23.7953  12.6927  5.20786  
19.8344  19.4043  8.95736  
10.0285  20.656  5.03526  
48.7589  3.59544  31.7898  
13.8781  3.85106  15.0307  
41.0797  4.45887  30.9519  
9.13692  39.2555  29.7985  
22.1349  10.8689  7.23755  
14.4792  6.03482  17.3487  
11.8547  13.5532  11.2022  
15.7498  9.54459  17.5857  
21.0434  20.9287  4.71734  
6.38065  7.39715  7.4806  
11.0843  7.1043  25.4395  
11.034  12.3701  15.0713  
9.19879  15.4911  6.48834  
16.7716  25.855  23.2926  
15.5  21.7559  6.58504  
12.6687  3.14734  58.6949  
13.1235  4.92105  13.0193  
17.6454  36.1325  15.6843  
29.7021  45.7709  14.2124  
34.5505  13.4386  26.1885  
6.1008  9.63198  9.89691  
22.6369  10.9061  9.1494  
25.8366  18.3909  20.7471  
25.4239  35.494  27.4051  
21.0491  5.75547  3.2609  
12.6577  67.993  14.2577  
57.3136  3.27581  21.1053  
32.3786  49.4465  20.8812  
32.2303  12.4713  42.4616  
27.1949  31.0691  31.9563  
35.4983  19.1577  11.5732  
23.4894  17.1688  6.97732  
17.9074  7.98599  39.4652  
29.0712  5.04106  23.0523  
5.56508  19.0204  27.1703  
19.9059  4.66351  38.9912  
15.0963  16.6699  10.5306  
12.1054  32.8766  17.5666  
10.3576  6.22429  25.9467  
25.393  10.1674  33.3199  
38.444  38.99  33.76  
23.7802  64.9505  19.5859  
44.1242  4.20693  27.7226  
4.22077  34.7485  13.0064  
33.9994  18.7518  13.5633  
32.0016  13.9017  20.5909  
16.5311  9.89166  19.4917  
21.4304  8.18748  16.3839  
51.1921  34.0251  11.0721  
14.5542  31.1744  19.9079  
19.2838  33.6682  6.56222  
13.9891  34.5034  23.5935  
17.2699  10.4923  22.0272  
16.3058  8.70648  3.40402  
23.9446  9.43545  2.45554  
12.1431  51.2062  33.9625  
8.87199  23.3464  38.6126  
3.05228  9.24923  24.9036  
14.1314  2.16038  8.88649  
16.1691  17.8688  13.6039  
25.1168  7.75103  5.96691  
33.9518  10.0636  23.6177  
64.7332  36.9127  53.8394  
17.1487  6.79495  4.72672  
22.1052  46.5052  14.9986  
2.63706  11.2577  34.9362  
9.7361  33.1649  11.9383  
3.87424  42.4844  35.2602  
68.1444  20.8362  28.8917  
16.3343  8.74548  13.0671  
17.5437  7.53022  30.9194  
34.3978  9.26723  18.0403  
6.9062  1.97498  9.79998  
11.2728  16.1034  12.4978  
1.35974  21.5356  13.9935  
31.2077  5.02572  23.1301  
19.3377  24.5621  19.5066  
18.2684  10.1487  7.74594  
10.0854  7.62687  11.6766  
7.57863  3.78618  6.38058  
28.3381  41.6398  19.7206  
16.5057  45.6738  6.98662  
3.62868  18.8613  7.32658  
21.6287  4.33414  14.7549  
7.72275  41.6233  28.9505  
43.5395  35.0801  13.0179  
36.3695  23.2184  11.016  
20.3716  38.2627  12.5437  
28.37  28.1784  19.4725  
3.12928  15.5425  23.2757  
39.6492  4.72344  34.7503  
49.4305  38.4757  35.5321  
15.4798  4.20641  15.1125  
19.2203  16.1024  7.74289  
16.7248  9.36294  26.0024  
5.74928  13.3621  18.1327  
16.8066  22.2935  15.8409  
21.8056  48.8952  12.8489  
28.7375  25.3324  5.11293  
9.65173  21.5558  33.6686  
21.7603  44.5591  30.9972  
9.15848  33.4017  19.5212  
30.6076  9.0815  21.1631  
21.4821  29.9693  11.4394  
24.4814  12.0274  10.1347  
17.6532  18.1568  11.7294  
25.92  9.01442  13.3806  
55.9058  41.6075  18.7482  
22.5044  10.6714  12.0746  
24.8133  10.1547  11.8094  
23.2049  5.86568  10.4167  
5.58687  19.7089  14.7019  
7.1407  3.37674  11.2661  
15.5908  4.71362  12.3591  
25.2556  11.3314  8.25411  
16.5541  34.6309  12.3533  
10.7473  7.86299  16.3689  
13.5842  36.7978  47.5359  
9.42019  16.2639  17.3143  
10.1144  16.0713  13.7105  
21.0272  27.792  44.3474  
52.034  45.5198  28.1234  
26.354  24.9274  7.75998  
6.40518  3.4465  9.81856  
37.4557  18.9036  41.5948  
10.6192  15.513  16.2002  
5.4448  9.32033  18.7383  
26.9931  74.2656  13.5617  
21.1605  2.96969  12.4861  
21.6981  17.6829  32.7723  
25.4328  4.98124  17.8575  
8.90382  4.81483  18.7667  
18.8936  5.26197  22.7387  
22.3506  18.0409  13.752  
11.2139  11.729  26.5366  
31.7555  42.0709  21.506  
34.8461  38.3255  33.4745  
20.0446  14.1817  5.141  
14.371  7.49029  15.879  
35.1526  29.6926  24.6634  
15.0936  45.4321  34.3526  
19.4922  4.38087  30.7269  
21.3881  6.87658  16.4673  
18.3403  25.1871  25.7314  
10.9913  6.69412  31.6218  
65.2385  1.18721  6.30936  
9.65339  19.8683  48.1827  
5.26669  10.7803  10.6157  
15.8144  13.1628  19.8779  
5.90099  28.3633  9.16534  
17.558  8.75405  2.74216  
11.021  24.1754  45.3256  
13.4937  17.0726  38.5325  
7.13618  18.9734  12.6336  
15.8287  25.2229  1.9013  
15.9655  3.10131  7.421  
5.0898  9.34903  7.9528  
28.5405  6.06129  17.6349  
26.2477  5.01033  11.4482  
49.7236  16.7646  40.7799  
20.0096  34.2025  25.6908  
14.3546  18.5669  22.633  
7.80509  11.6492  8.65654  
14.1531  7.93411  16.3357  
18.1426  14.1923  9.44383  
14.9562  25.5012  11.644  
14.4571  27.1169  17.4489  
15.4686  10.571  12.6733  
41.8763  71.9475  42.0158  
5.55366  4.008  33.2588  
13.5269  2.69419  15.1141  
11.7677  7.10591  16.2591  
26.6577  55.5262  47.9443  
20.5578  3.15633  15.7518  
15.106  3.01079  12.5501  
8.34107  2.12096  23.8933  
2.51325  22.4715  28.4379  
8.82065  3.91089  18.4113  
4.88264  7.6129  25.6077  
12.1021  13.08  29.771  
15.9467  4.37887  24.7878  
21.8944  24.9403  7.56471  
25.7193  4.36553  6.57009  
28.5079  4.07867  17.6164  
12.3599  6.43229  5.0456  
34.4114  16.1026  19.5524  
24.8686  24.7017  20.8046  
6.55226  54.7148  7.26836  
2.8117  11.0689  9.43757  
20.3719  4.16387  9.57889  
6.95919  5.99192  20.5884  
16.8271  8.98605  7.42293  
33.5132  12.4558  15.3288  
13.1992  18.4097  27.7109  
8.34521  3.44379  2.95331  
8.7244  6.607  37.8126  
16.6909  15.0264  14.8679  
4.5179  32.8759  22.699  
14.1801  39.784  19.8687  
11.8238  7.02639  12.7999  
4.86824  6.6095  23.6321  
18.897  23.056  4.51701  
16.4344  14.3254  36.5571  
28.4414  17.756  19.4874  
7.20847  8.47705  12.4703  
32.2345  16.8637  28.3507  
14.0893  5.25572  7.63678  
3.97304  17.4135  12.4553  
14.7217  15.7251  13.3025  
38.6552  30.1278  43.6515  
7.10144  3.40813  29.9968  
6.37132  17.1231  13.1757  
17.0791  15.0646  24.3536  
32.0517  28.4005  26.8798  
33.8742  17.6883  43.6559  
13.4972  5.98376  17.0137  
21.9431  3.74352  9.75506  
17.468  12.2433  4.76085  
2.56637  19.5828  18.2363  
26.6918  14.6128  32.3906  
17.0831  8.85996  10.4062  
13.0085  48.053  7.59785  
24.7373  13.9072  16.1425  
61.2336  48.2096  8.47575  
18.6301  39.577  25.2378  
10.5848  19.2591  22.3311  
3.62267  10.3119  14.4567  
17.2223  2.80352  22.579  
3.14343  3.23327  8.80452  
3.83621  16.5555  24.5145  
12.5272  37.6093  30.0293  
19.0414  19.7373  28.135  
38.2376  9.35524  14.9437  
18.0497  22.5377  12.4725  
6.00875  3.70052  12.3875  
4.55361  22.6325  34.2908  
10.7697  26.2683  29.1721  
35.6978  3.07822  24.2705  
19.6133  26.6958  10.9379  
8.66648  7.8809  14.1515  
17.1808  4.6735  20.4445  
9.44921  27.68  11.6567  
10.6115  39.802  15.0748  
12.2171  8.6916  10.4529  
40.5468  15.5594  34.8255  
15.5762  24.5832  22.6884  
9.08394  8.54218  2.76935  
6.86793  5.30527  11.5691  
28.9547  8.74001  26.8108  
18.6268  11.6539  5.97453  
5.26095  7.76586  20.5717  
5.69075  4.29854  15.2395  
8.58452  28.0124  15.2673  
17.9716  3.13359  15.4213  
9.37807  3.55024  15.3711  
30.757  26.8696  18.7612  
8.80692  6.10442  17.6642  
16.6201  14.5621  20.2654  
11.4205  14.6354  10.3429  
11.9456  16.1195  10.4472  
21.3047  17.7548  9.32752  
4.60268  18.0602  5.60257  
34.4908  21.235  6.72078  
9.30897  6.14997  36.3616  
12.873  16.53  3.2  
4.16205  29.8232  15.1332  
7.97141  6.69397  10.6657  
18.3835  23.2926  23.3313  
18.879  20.9885  11.5782  
15.7587  20.7176  14.8915  
13.2403  20.4443  12.8703  
8.55304  30.5573  27.1593  
37.0701  20.7697  15.3719  
4.34213  53.5545  36.3308  
23.068  2.32387  31.4814  
6.23188  33.9019  23.7609  
18.1123  6.1601  16.6249  
10.9212  6.93362  13.4891  
4.80343  37.0377  7.59723  
30.5788  44.2631  26.7483  
16.6936  1.00445  10.09  
25.3032  17.724  7.42335  
16.1708  16.7065  21.0917  
7.67903  11.4317  1.734  
15.2894  4.0204  23.2015  
10.7418  3.38286  24.3839  
13.6076  33.7022  33.8048  
26.2677  9.07974  9.02496  
14.8762  17.1721  9.71038  
27.1666  36.0899  41.3105  
8.15491  29.0064  9.82627  
38.351  15.8461  16.2137  
31.3122  16.8544  14.4307  
25.0757  30.3952  32.0076  
3.72197  14.9227  22.4352  
11.6895  7.16493  24.1885  
10.9698  6.33921  42.5737  
19.7004  9.99691  4.59779  
16.253  6.95773  28.8723  
12.0998  6.12632  5.64917  
10.6839  6.53965  13.0507  
6.17541  4.34881  12.2607  
16.758  56.6509  24.1622  
29.4206  20.8119  7.7423  
13.9812  16.8387  15.8075  
10.6368  46.3957  8.65208  
7.35144  12.5801  18.9222  
19.2476  11.7804  8.98998  
6.28805  7.73597  21.4266  
18.8257  12.0653  8.8949  
12.8959  8.36121  20.7043  
18.8913  7.19039  23.123  
7.7878  5.30698  21.8628  
10.0222  19.2076  11.3911  
5.40112  19.036  5.42686  
8.63703  16.5974  21.1763  
26.1704  39.5973  28.6218  
24.6406  16.7699  22.2125  
5.97746  17.1057  7.65343  
14.932  26.534  13.6218  
44.5689  34.7619  18.0185  
31.9601  36.1371  10.9823  
30.1499  32.2014  39.1773  
9.62218  3.91628  11.9027  
18.8538  74.5234  13.6133  
28.7638  21.0027  20.3223  
11.7551  18.8244  15.5081  
25.1546  6.73977  11.2603  
24.3618  13.8679  15.7354  
24.9882  6.46223  4.45301  
13.8499  18.1832  15.9067  
13.3336  26.1623  10.5011  
29.9252  10.1459  22.3711  
23.5886  54.9289  31.2102  
3.6884  6.56175  11.3922  
6.31933  20.0698  23.1383  
17.9547  8.12915  26.4103  
13.3937  6.25433  9.82604  
7.31184  40.5988  36.5142  
33.1101  18.5617  21.3333  
15.6382  8.92409  31.3055  
19.5247  53.6122  37.1753  
20.0277  8.06404  15.22  
52.2364  42.1596  6.97176  
40.7934  9.79836  12.4426  
19.783  46.3133  10.7851  
8.987  11.0323  23.5344  
7.42833  5.59972  17.0331  
33.6044  4.76447  26.0044  
27.2625  5.11541  31.6648  
20.6243  4.78126  16.851  
14.8215  16.115  21.9279  
10.639  9.28525  11.5141  
9.88629  10.566  4.22458  
4.98481  8.71096  14.3034  
10.917  33.2026  4.98717  
36.1748  33.6495  17.8505  
30.0973  19.4035  20.7742  
30.8078  16.2813  3.84906  
39.2057  11.4831  11.6573  
12.4213  71.2834  42.2087  
48.8539  32.1548  27.4039  
6.28731  6.03958  7.82934  
6.88592  12.9059  30.0658  
8.44756  5.43293  9.30398  
13.3516  10.8145  10.8917  
14.8903  5.27682  27.1912  
22.0774  32.5927  7.70141  
27.3102  12.6996  6.18065  
7.84696  4.6469  8.56409  
20.8068  12.036  7.30819  
16.4404  2.61834  7.99094  
6.07262  15.013  20.2089  
13.1737  35.3407  4.11694  
14.252  3.92216  11.4981  
13.3282  12.643  25.3879  
17.5744  18.6707  18.7805  
40.6176  6.98855  47.4323  
26.8395  14.8175  30.2868  
16.7741  16.9772  11.6543  
26.8111  13.883  9.27032  
3.67646  15.6554  14.5252  
5.39793  9.13554  21.1811  
33.3656  8.58309  18.3257  
25.8056  59.8031  21.0427  
8.51939  33.4393  20.2178  
9.69083  18.7294  19.9737  
38.4347  4.83515  15.0868  
24.0341  33.5884  14.2234  
9.03472  43.9638  23.1884  
14.7805  30.0736  34.7223  
22.0409  12.875  19.9327  
11.4496  35.9226  27.0128  
11.2346  10.8592  20.1549  
14.2673  8.73466  5.36149  
34.5295  2.97124  18.077  
17.5421  15.0213  14.5038  
12.3886  7.67482  16.0772  
50.8803  13.728  17.7093  
16.622  3.16748  5.09607  
20.9832  4.48758  5.92535  
10.7043  5.4992  10.9559  
9.82902  28.7951  8.09755  
7.61109  14.064  41.0409  
25.031  6.49174  9.00562  
37.6293  2.62687  12.8215  
8.69447  68.2023  16.6384  
37.8395  6.20076  10.9083  
21.4479  9.20303  23.5924  
30.3339  7.48265  9.59932  
23.9553  36.3323  18.4373  
3.92852  12.4777  13.6827  
9.03644  4.59189  31.7476  
2.74429  33.671  8.88059  
14.531  15.2967  9.75764  
24.3128  11.2044  24.2764  
14.8516  13.6294  17.8804  
20.1339  4.77255  6.87435  
40.9881  8.13257  61.7584  
8.05138  8.93265  17.7467  
19.6187  30.0233  15.9378  
18.1015  16.4986  31.7612  
7.2642  17.4875  7.91843  
10.121  23.907  2.81404  
28.1733  10.6887  18.5154  
25.1621  21.4265  23.4205  
12.7586  48.624  29.5097  
3.86166  14.3681  32.3203  
14.6502  18.9569  20.9339  
9.18043  21.3752  6.30614  
13.9657  25.1887  8.15141  
5.05085  4.13627  16.9406  
11.9542  9.12953  6.17341  
34.4317  58.1783  49.9867  
21.4579  18.2769  26.5842  
35.9256  5.97011  11.9293  
27.3963  22.5919  49.716  
13.8441  10.1055  26.4267  
14.5879  4.64357  7.76627  
34.8527  10.998  33.0246  
33.0619  20.7415  33.4307  
18.4121  17.2845  8.76422  
21.6822  33.3417  22.6934  
18.2302  3.14266  25.3093  
8.06721  4.57786  8.28946  
27.1149  2.84397  20.2201  
32.8056  36.9827  19.3197  
17.9735  16.5091  21.6877  
9.29683  31.8916  17.7787  
15.2074  17.0179  11.7221  
2.25623  38.0648  40.9127  
7.16435  25.4468  14.7603  
24.6  67.9953  28.2907  
3.71947  14.7703  23.6605  
18.3342  14.821  3.34503  
8.62973  16.0425  7.91353  
37.3373  40.037  34.7801  
28.0064  65.3857  5.85075  
12.3618  27.9088  5.57813  
43.0853  83.0186  63.4265  
43.7574  8.87937  14.259  
12.579  3.15779  32.5854  
4.78821  15.1928  5.76642  
24.9227  33.9675  34.6377  
13.2963  15.7556  15.0943  
9.46889  12.0491  57.3798  
21.0653  4.18946  27.4866  
12.2719  7.44255  5.29809  
14.2364  35.8164  13.6872  
24.6513  18.3235  45.3721  
19.1125  10.4734  6.77849  
6.93186  7.38968  14.0898  
12.4826  7.55832  4.99009  
27.9818  20.4241  12.4749  
30.2365  9.5744  7.3097  
45.2598  19.8868  26.9796  
9.88984  34.6287  8.79921  
13.9086  2.30005  13.6084  
4.93183  29.2328  5.27169  
9.18008  15.2813  10.2596  
3.63362  3.77753  4.35613  
17.8791  13.064  6.59771  
7.10063  14.7633  20.5286  
13.6779  36.6974  19.1399  
