15.2356  27.5179  
28.3987  16.398  
30.441  16.9849  
31.0454  7.87987  
36.9538  27.3987  
24.7681  19.8154  
13.2584  8.9455  
15.5791  22.4827  
29.3464  22.6733  
11.5668  20.8124  
12.192  14.0665  
15.075  10.0776  
29.3105  17.3167  
28.4991  20.3774  
27.98  10.9899  
14.5622  5.35726  
6.40776  24.2483  
23.5677  27.4079  
16.7196  13.2166  
11.7147  18.7513  
25.523  9.67451  
14.292  17.9093  
32.9961  8.01505  
23.0244  10.9452  
26.1542  7.50838  
14.6701  27.4985  
24.8237  14.6625  
7.69376  13.1508  
11.113  9.63027  
17.15  7.60433  
21.5427  13.369  
15.7405  20.5211  
13.8685  31.8791  
17.5055  22.6648  
26.1281  13.6412  
8.51345  15.3899  
25.3084  10.9452  
34.2275  9.85253  
25.4499  25.3715  
25.5364  14.3144  
12.552  13.6056  
27.9113  19.7709  
25.6272  26.0074  
13.4586  16.7634  
8.32223  7.71626  
33.3806  20.5509  
14.0453  9.28259  
16.8636  18.2323  
12.2957  28.7027  
13.1672  25.2015  
22.049  22.1498  
17.058  17.4283  
22.0442  12.7579  
35.6295  16.3053  
6.87083  22.9128  
17.4711  28.7897  
17.8912  25.2134  
25.5893  28.855  
10.0218  23.7558  
20.4971  11.9632  
19.264  16.3725  
10.213  16.6374  
13.0927  14.822  
17.4946  14.0816  
11.8842  20.8863  
20.8364  21.9956  
15.9863  8.3941  
20.9662  7.17232  
40.6488  18.1285  
35.4671  6.69735  
33.9514  8.87012  
15.3855  16.4382  
27.2951  22.5471  
26.4249  13.409  
15.8868  15.5835  
39.8028  12.6177  
24.4334  8.18122  
11.9215  6.50962  
22.024  16.1048  
18.1679  4.89986  
28.5649  10.6692  
16.671  18.1556  
12.9641  26.0362  
17.2927  8.31135  
7.76924  19.447  
25.4045  7.93637  
19.816  9.28952  
35.4603  22.8062  
22.3732  12.4454  
28.7328  6.23615  
14.4857  18.5625  
24.2277  15.8385  
22.0075  4.68352  
15.3207  20.8033  
18.461  17.1479  
17.6783  20.2703  
25.349  35.2377  
39.461  7.11648  
31.1716  4.59372  
28.9196  15.0248  
19.8736  27.0729  
34.2161  16.353  
15.6439  32.9914  
22.3372  20.9946  
26.9951  11.5827  
28.9009  14.0164  
20.1028  22.3753  
17.4766  11.755  
9.56737  26.682  
14.2076  21.5985  
15.5102  34.3942  
10.8123  8.54201  
27.6987  30.3928  
12.1179  4.85628  
12.0899  14.2713  
7.37512  25.524  
8.07002  9.07178  
26.795  13.8508  
22.5968  10.5743  
33.5907  25.5881  
26.6724  37.6002  
21.023  11.0341  
17.019  25.4501  
9.22102  30.5848  
10.926  13.7135  
35.3975  30.2624  
38.9908  5.89122  
18.0995  18.1772  
29.4722  10.9327  
10.4639  17.9443  
24.1033  15.3551  
27.2362  8.10786  
6.27047  14.0392  
11.2216  17.4109  
20.0915  10.1569  
20.8599  10.8868  
26.0435  16.1312  
13.7914  17.5595  
14.6072  6.86563  
9.84438  20.9024  
27.5431  15.6582  
16.1169  12.7558  
31.7272  8.30857  
12.3494  13.6699  
19.8814  4.91795  
5.19057  21.4614  
24.2534  18.5209  
17.1588  9.36621  
23.0105  33.6516  
21.1081  18.0799  
22.4758  11.8874  
12.8515  23.2905  
31.0025  18.4443  
27.635  22.1639  
6.32277  7.38295  
6.03409  19.8928  
8.94404  32.7924  
14.3459  37.1676  
9.92935  16.6144  
7.13746  14.0851  
25.9393  30.6459  
16.2096  19.0982  
22.1538  10.0381  
17.066  20.1392  
8.93142  10.0021  
7.40324  16.3818  
19.5527  36.5026  
21.5588  18.9441  
9.89594  20.5184  
24.143  10.0445  
8.49834  13.1834  
33.316  33.8089  
12.7381  10.6004  
16.7685  24.7002  
10.4083  14.9607  
26.2785  12.6241  
31.6336  27.989  
29.7965  13.022  
17.4496  35.1931  
18.8955  7.57465  
24.8261  22.8836  
18.7809  16.3844  
29.6726  15.5381  
9.29007  17.095  
9.92068  12.3724  
9.61481  28.2315  
25.6243  18.5949  
26.6162  11.7556  
34.5999  20.7822  
12.4838  10.3145  
30.9511  18.5498  
13.5862  6.42466  
8.92961  20.0717  
28.3536  9.04515  
8.72439  11.7389  
11.9436  7.69786  
15.6641  6.9151  
15.9712  20.3474  
15.3127  23.8726  
14.023  12.7253  
12.746  28.0994  
31.0112  19.8843  
18.4879  17.0837  
32.2002  10.5839  
24.9  24.7678  
14.8995  17.2255  
9.98234  9.91242  
17.3913  16.2892  
17.7603  13.5997  
13.4782  22.7707  
11.6083  14.6102  
14.2697  22.0445  
21.1993  18.8739  
22.3274  22.4951  
11.8988  27.5967  
10.278  15.5942  
14.4209  16.6876  
21.9712  6.60178  
14.4964  12.6813  
21.1798  7.89324  
36.7169  26.1853  
19.171  27.5407  
21.5133  10.3203  
15.0578  11.579  
15.2859  30.5783  
20.7853  20.1282  
11.1915  18.0338  
18.062  17.4694  
30.1407  13.9195  
15.4727  16.0996  
23.3586  11.5295  
21.1981  10.0666  
34.8001  12.8037  
25.4285  15.6484  
15.9975  19.1423  
23.3242  15.8609  
30.3745  14.1457  
8.50567  12.7821  
23.2718  24.394  
21.0359  19.1999  
14.5264  20.7481  
28.1095  15.0943  
12.3216  10.4353  
20.8051  14.6761  
21.5429  21.1102  
14.4879  14.6965  
10.6096  21.094  
34.4607  30.5627  
7.1674  16.5521  
10.7384  23.2855  
26.9642  8.50186  
24.7533  21.6203  
3.16278  8.85893  
5.98884  18.0187  
27.1176  27.2637  
9.69729  7.272  
20.5043  21.0424  
6.78623  18.1886  
12.1877  16.9033  
16.6267  19.1793  
19.649  16.5465  
12.6343  15.0035  
30.1552  13.9555  
17.8057  15.5987  
14.815  22.9172  
15.0754  20.3547  
16.5631  12.1362  
11.2003  8.76947  
19.5336  19.5155  
12.1595  7.44474  
24.6958  16.565  
14.4663  15.0507  
13.5803  14.3205  
25.2726  12.5175  
8.51543  20.666  
8.87679  12.7943  
8.14675  10.0951  
19.5007  17.2567  
22.473  17.0591  
25.2537  23.8371  
25.0871  27.6255  
21.6798  11.3719  
10.1855  6.92563  
31.8666  9.25154  
14.9128  25.6198  
13.3581  16.9327  
17.8961  13.536  
18.9769  25.4778  
14.8871  22.7698  
13.5294  8.76685  
12.6713  17.7416  
33.61  28.6075  
23.8601  33.4907  
15.3323  8.8967  
10.6118  38.6578  
32.7566  10.8521  
17.3588  13.0308  
16.9026  17.8933  
14.4548  16.4333  
9.33961  13.5947  
17.2749  11.2702  
17.4944  22.6958  
26.1231  22.4573  
13.7266  15.2923  
14.9392  15.7284  
8.90817  12.8728  
19.1141  34.188  
17.1533  7.32953  
30.7526  19.8209  
26.8641  19.0744  
21.6857  6.62193  
11.5125  7.78102  
16.2084  21.7558  
11.5864  9.03261  
25.0913  11.8653  
15.0675  11.4297  
14.5418  29.13  
37.4607  3.80535  
41.4451  6.93694  
19.1165  7.98911  
19.0813  8.9904  
26.1467  27.1957  
19.5436  14.6559  
9.3115  13.1729  
10.7538  21.2771  
35.6689  25.0481  
19.5021  10.11  
27.1099  18.1055  
21.4994  23.4132  
14.08  21.1589  
19.3103  7.47529  
6.79698  11.4701  
10.6369  14.002  
23.8352  10.5704  
20.7976  17.7657  
14.9635  19.5469  
17.9045  18.7456  
9.83686  16.9837  
12.3407  20.2017  
27.1564  11.3784  
28.7174  29.8528  
13.7953  9.88665  
12.9851  34.4997  
28.9423  10.6374  
33.8475  20.4032  
23.276  22.3099  
18.2092  15.4878  
12.9129  10.0089  
19.4266  16.4521  
20.8485  15.4734  
6.00605  18.5774  
16.3056  14.2858  
21.3079  30.2104  
20.2272  13.0796  
17.3161  10.2791  
8.3397  14.8634  
11.8339  23.2698  
15.1811  38.0492  
22.0474  14.9847  
10.6011  16.3214  
17.0371  17.6964  
15.6835  18.1872  
18.1524  5.80568  
19.8043  27.927  
26.5387  11.6907  
29.584  23.0975  
18.1736  16.9289  
19.3418  27.0261  
18.541  11.3428  
17.7952  21.8481  
22.5905  20.6037  
7.31862  17.0753  
24.2448  5.32832  
22.0571  23.1595  
29.0941  17.3492  
6.29056  11.6347  
7.17753  9.90702  
12.4791  17.4771  
25.643  11.6681  
10.1341  8.44406  
21.2055  17.8162  
7.50001  3.07569  
29.976  10.7374  
28.48  16.007  
41.2789  39.1398  
9.55836  23.2213  
21.5255  28.4165  
11.4327  27.1359  
5.90824  38.82  
14.66  11.0729  
10.409  8.03044  
17.7786  6.51438  
10.1274  14.1284  
18.9475  15.2134  
9.33044  15.0744  
24.1491  32.9001  
10.4716  6.11352  
20.1222  28.5123  
23.5232  19.0717  
17.2166  10.0948  
17.0687  9.20175  
6.49979  14.9972  
9.95083  16.3374  
20.1372  15.701  
32.5922  24.0205  
13.3786  23.3447  
28.6909  28.3272  
9.7204  9.34503  
15.3844  5.6549  
22.3151  19.5619  
25.6307  15.7459  
14.3444  12.3983  
8.47447  29.967  
23.0652  15.2419  
26.0126  10.0518  
7.67014  26.2715  
14.482  18.1415  
17.6486  23.937  
8.99761  6.89647  
8.12326  15.9135  
15.7296  34.7391  
40.7805  28.6549  
14.1164  7.08609  
24.041  17.1508  
6.98712  16.6719  
25.5757  9.28708  
19.7283  25.011  
14.4663  15.1459  
20.9433  34.3937  
25.6174  20.1091  
18.472  16.986  
21.5228  16.5847  
17.734  29.7287  
18.3583  5.32536  
18.4606  14.0801  
30.9234  16.0596  
7.6351  26.9306  
19.8601  15.8892  
16.5364  9.58815  
17.2507  20.7757  
26.7815  11.8364  
6.40798  9.50499  
6.72396  12.7683  
32.0876  10.4438  
17.8302  21.7007  
9.0149  17.2984  
18.4022  18.9662  
35.8392  25.664  
33.2768  9.97927  
34.8785  13.3895  
22.8439  20.0341  
10.1409  15.9469  
31.2692  10.7389  
34.0694  22.4437  
18.3823  6.86883  
22.2176  16.5375  
13.9376  19.4265  
18.1171  21.7046  
19.2128  26.7678  
24.1388  26.3617  
12.1912  11.0567  
22.9924  27.2896  
11.0059  22.03  
14.5382  25.04  
23.2407  9.01774  
27.1135  22.9629  
10.8904  14.4432  
17.83  4.54501  
23.7571  10.1955  
22.7016  16.7027  
40.7171  21.087  
15.3639  16.7445  
20.7173  25.627  
26.3419  19.4003  
18.5388  29.4019  
12.183  11.1517  
22.2512  22.7882  
16.7401  26.3322  
19.9254  13.5532  
16.1966  27.4668  
6.79077  11.4007  
10.5551  21.5018  
25.6674  19.0317  
19.2609  16.7923  
32.4974  29.1383  
4.9802  24.2979  
7.59877  17.9201  
25.6728  16.2486  
25.4006  16.3431  
18.4409  18.7875  
34.0708  18.9959  
16.8506  13.5499  
9.6328  25.2684  
18.7157  15.3229  
12.6663  25.3059  
15.4576  7.02803  
27.4924  7.91671  
10.6596  29.8133  
10.8174  23.1817  
11.37  12.0994  
10.4391  40.2004  
24.9223  11.8833  
27.9665  6.85726  
10.1838  19.0256  
33.3605  30.8931  
18.5016  5.7495  
14.8473  8.32452  
24.3342  31.9689  
13.6691  19.9455  
16.5137  9.84124  
16.1291  21.6439  
22.9439  25.2763  
21.2087  21.6922  
23.3231  18.9266  
20.0135  13.6932  
9.35568  32.4865  
29.3776  15.0158  
22.367  28.2135  
18.1547  13.9427  
14.1025  17.6517  
15.3931  5.54858  
14.7622  19.0474  
29.8179  12.3774  
13.2205  14.7378  
15.205  21.6501  
38.9757  8.65379  
39.5321  35.9298  
7.00588  5.76086  
35.9396  11.7586  
12.7123  14.7354  
9.68434  28.8323  
16.6275  9.07888  
29.7858  14.9401  
21.2271  33.2692  
11.229  20.3615  
25.8368  19.7556  
7.09366  19.2463  
23.1688  25.0138  
23.7842  13.7589  
15.3251  27.8504  
27.5677  2.45176  
20.1324  14.1547  
15.4183  19.6107  
31.6322  20.1192  
12.251  17.136  
16.7785  20.9701  
21.1405  23.0307  
17.8626  22.9854  
14.472  18.8241  
23.2685  10.283  
18.7018  16.5367  
18.5092  30.4921  
29.8932  14.4794  
9.30693  15.4307  
11.903  12.73  
23.1897  18.2482  
12.5251  12.9314  
21.5941  12.202  
25.8191  17.3435  
17.6676  22.5745  
20.4035  21.4736  
16.129  20.2398  
22.4622  12.6491  
15.2953  10.6277  
12.8824  21.4251  
12.2089  20.5395  
21.8057  21.8946  
20.4139  5.50832  
18.4351  20.3912  
15.9506  15.8388  
22.628  29.7352  
13.2469  10.8723  
26.1845  9.70344  
33.2679  34.3463  
11.4533  12.7713  
9.21121  20.6297  
15.7199  44.1665  
16.2791  20.2567  
20.3383  21.4729  
21.0602  23.9773  
15.9368  22.3521  
18.1511  18.5497  
11.6197  34.6198  
7.17289  29.3089  
16.4204  5.94055  
23.8307  6.9699  
21.4175  16.5446  
10.8478  8.30317  
46.6734  17.0891  
11.5823  5.86295  
23.2935  20.4533  
15.2004  22.3221  
18.6954  13.9811  
18.1591  11.0942  
24.669  15.1027  
21.9015  17.4638  
20.523  8.58265  
7.14356  7.56135  
5.66507  8.41528  
10.3125  4.77232  
