0.654532  3.92495  
0.49563  4.20622  
0.617778  3.12572  
0.5425  3.47984  
0.488204  0.8872  
0.271032  3.55734  
0.213809  0.962276  
0.839152  2.74747  
0.229176  3.80039  
0.580779  2.88112  
0.849713  2.05065  
0.437244  2.03148  
0.982666  0.0102699  
0.655651  2.30268  
0.0317262  1.47368  
0.739489  2.6211  
0.0916592  4.18711  
0.613075  1.27104  
0.404275  0.810297  
0.752274  0.731648  
0.959473  2.33944  
0.575943  0.4656  
0.139749  1.61406  
0.233025  4.27008  
0.253539  3.19727  
0.476966  0.999645  
0.90936  3.57351  
0.707465  1.77151  
0.151882  3.93336  
0.596608  2.22031  
0.536162  3.51434  
0.935608  2.63274  
0.534972  3.34864  
0.479407  0.80165  
0.746438  1.61383  
0.300857  2.30023  
0.96372  0.87017  
0.559864  4.04444  
0.89614  0.666935  
0.435049  2.88075  
0.920221  0.0572313  
0.399664  1.36164  
0.802901  0.855704  
0.411717  3.74772  
0.14464  2.76045  
0.521853  1.3857  
0.209118  3.57726  
0.375487  3.31787  
0.860648  0.515952  
0.802347  1.57378  
0.0409664  4.66874  
0.380385  4.247  
0.19276  4.21491  
0.763289  0.221926  
0.541239  3.08683  
0.169441  4.51045  
0.711191  3.55911  
0.405554  0.375661  
0.961983  1.14935  
0.718512  1.62527  
0.618051  3.67701  
0.779104  0.19151  
0.0187317  3.24099  
0.612616  3.38322  
0.83193  1.28552  
0.522896  3.48849  
0.76843  3.433  
0.984527  1.17199  
0.985764  1.17923  
0.134843  3.34814  
0.584557  2.25906  
0.814583  1.04251  
0.390765  2.10718  
0.477788  3.90015  
0.955775  2.79884  
0.324988  1.23162  
0.623045  1.32198  
0.580662  2.17586  
0.957982  0.456993  
0.782638  3.80439  
0.368732  0.761305  
0.32052  4.2313  
0.128891  2.37116  
0.514867  1.09698  
0.019704  3.53926  
0.206389  1.79902  
0.493796  0.674645  
0.597351  0.823955  
0.631835  0.575554  
0.0889711  4.47809  
0.727875  2.10764  
0.351449  3.04518  
0.464363  1.55238  
0.390624  3.81319  
0.29105  3.51451  
0.183322  3.82269  
0.320824  2.63507  
0.548313  2.31193  
0.287781  3.70224  
0.609825  0.43627  
0.722152  0.320297  
0.527246  1.85113  
0.383147  0.897063  
0.53803  0.644674  
0.125175  1.5107  
0.140783  3.89601  
0.411895  2.05182  
0.538541  1.56504  
0.724686  1.08452  
0.100912  4.06293  
0.354499  4.34242  
0.764188  2.92805  
0.300426  1.69357  
0.263687  0.87413  
0.798832  3.14572  
0.330491  2.95318  
0.104392  0.990048  
0.595186  3.6894  
0.181967  3.47533  
0.411813  3.42219  
0.775863  2.11226  
0.586051  3.72162  
0.318505  2.97567  
0.375512  3.46918  
0.438025  0.842959  
0.155243  2.16853  
0.0844559  1.34536  
0.531457  2.12329  
0.66201  2.51367  
0.932863  1.59438  
0.812873  3.71273  
0.772935  0.168253  
0.737649  0.758655  
0.974345  1.32697  
0.559598  1.62362  
0.531786  1.85828  
0.408512  2.53507  
0.108993  0.948035  
0.702325  1.49041  
0.541015  2.54652  
0.0749718  0.771623  
0.723196  2.30536  
0.411279  0.747186  
0.832351  2.11234  
0.578263  2.05901  
0.167083  3.44185  
0.64403  3.84977  
0.300632  2.96732  
0.183756  1.1453  
0.862223  0.921273  
0.26652  1.31353  
0.139803  1.61561  
0.589749  0.317667  
0.327432  2.23598  
0.10766  4.85685  
0.337221  3.28203  
0.247229  0.829785  
0.489873  3.49414  
0.544192  0.858632  
0.431719  0.90646  
0.376306  1.79752  
0.237991  3.24074  
0.784522  0.914733  
0.352733  1.79449  
0.151439  0.704129  
0.790362  2.31131  
0.796996  3.58958  
0.239957  1.63497  
0.340408  2.68674  
0.426605  0.5419  
0.703855  2.77447  
0.437568  0.414663  
0.981597  2.92768  
0.333551  2.62915  
0.356147  2.38045  
0.516562  3.88421  
0.663524  2.43742  
0.337035  4.03849  
0.618498  3.43717  
0.0925728  3.96781  
0.249448  0.832376  
0.235628  3.81242  
0.239879  2.46355  
0.628298  1.44842  
0.102702  4.09096  
0.0561831  1.94647  
0.569118  2.01734  
0.921427  1.10625  
0.321421  4.19489  
0.225152  1.20608  
0.15797  0.893636  
0.687988  3.65018  
0.513757  0.527589  
0.644673  1.07715  
0.343592  1.48856  
0.834595  2.00639  
0.0320162  2.80086  
0.581837  0.295071  
0.324125  4.09263  
0.70715  0.172279  
