0.401122  0.377717  
0.396209  0.378093  
0.395239  0.380652  
0.38505  0.381401  
0.382886  0.382586  
0.381808  0.383233  
0.379885  0.385461  
0.379009  0.386736  
0.37786  0.388046  
0.377079  0.388782  
0.376388  0.390366  
0.375614  0.391145  
0.37415  0.392152  
0.373138  0.393464  
0.372435  0.394439  
0.371594  0.395555  
0.371567  0.395908  
0.370137  0.396878  
0.369831  0.397368  
0.368921  0.398489  
0.368238  0.3996  
0.368126  0.399844  
0.367843  0.400652  
0.367722  0.401746  
0.365985  0.402641  
0.365161  0.403358  
0.364518  0.404132  
0.363452  0.405762  
0.363137  0.405984  
0.362598  0.406714  
0.362162  0.407169  
0.361736  0.408051  
0.361588  0.408529  
0.361027  0.408864  
0.360978  0.409868  
0.359439  0.41077  
0.359135  0.411118  
0.358832  0.41179  
0.357512  0.413171  
0.356836  0.414017  
0.356436  0.414579  
0.355766  0.415857  
0.354542  0.416996  
0.353635  0.418079  
0.35351  0.418885  
0.353039  0.419382  
0.351484  0.421058  
0.351284  0.421873  
0.349934  0.422959  
0.349832  0.42337  
0.349184  0.423848  
0.34875  0.425376  
0.346888  0.426799  
0.346064  0.427939  
0.345862  0.428547  
0.345637  0.428966  
0.345511  0.42931  
0.344296  0.430212  
0.344235  0.431466  
0.343384  0.432068  
0.34174  0.43444  
0.341352  0.434562  
0.340515  0.435246  
0.340076  0.435815  
0.339747  0.436802  
0.338948  0.437582  
0.339027  0.43751  
0.337895  0.439341  
0.337306  0.440269  
0.337244  0.441169  
0.336221  0.441249  
0.33534  0.442013  
0.334788  0.442826  
0.333779  0.444526  
0.333145  0.445204  
0.332643  0.445901  
0.332478  0.44642  
0.331673  0.447235  
0.33102  0.448242  
0.330728  0.44918  
0.329882  0.449718  
0.329803  0.450488  
0.329176  0.450785  
0.32864  0.451342  
0.327931  0.452125  
0.327464  0.452744  
0.327313  0.453446  
0.326726  0.453766  
0.325889  0.454641  
0.324711  0.456353  
0.323999  0.457431  
0.323108  0.458658  
0.322571  0.460415  
0.321868  0.460743  
0.320379  0.462455  
0.3197  0.463108  
0.318882  0.464448  
0.318358  0.46536  
0.317927  0.465439  
0.317922  0.466206  
0.316602  0.467298  
0.316318  0.467864  
0.315602  0.468983  
0.314962  0.469779  
0.314788  0.470171  
0.314111  0.471043  
0.31352  0.471591  
0.313034  0.472288  
0.312785  0.473694  
0.312217  0.474308  
0.311133  0.475036  
0.310474  0.476295  
0.310192  0.476837  
0.310062  0.47805  
0.309698  0.478391  
0.309071  0.47918  
0.308021  0.480294  
0.307716  0.480975  
0.307303  0.481543  
0.306886  0.482338  
0.306694  0.482751  
0.305038  0.485729  
0.304167  0.486108  
0.304011  0.488167  
0.30283  0.489103  
0.302366  0.489562  
0.302168  0.49072  
0.301258  0.492927  
0.301101  0.49409  
0.30089  0.495257  
0.300665  0.498527  
0.300474  0.500686  
0.300279  0.504203  
0.300379  0.501195  
0.30017  0.506714  
0.300075  0.508497  
0.299529  0.592758  
0.299816  0.539978  
0.299423  0.605362  
0.299327  0.662316  
0.299251  0.679141  
0.299011  0.772533  
0.298994  0.776417  
0.234873  0.782108  
0.151336  0.782201  
0.200766  0.782115  
0.160587  0.782117  
0.150356  0.782288  
0.146707  0.782293  
0.127775  0.782392  
0.119941  0.783142  
0.118477  0.78384  
0.116114  0.7841  
0.115659  0.784402  
0.114916  0.785805  
0.114193  0.786644  
0.113567  0.786971  
0.112814  0.787971  
0.111975  0.789068  
0.110878  0.791751  
0.110296  0.792942  
0.109755  0.793434  
0.109201  0.795159  
0.108331  0.796945  
0.107115  0.797926  
0.107001  0.798723  
0.106065  0.800055  
0.105093  0.802555  
0.1045  0.802747  
0.103737  0.80379  
0.103028  0.806687  
0.102641  0.80781  
0.101604  0.808512  
0.100971  0.8109  
0.0998543  0.812337  
0.0991844  0.813175  
0.0981336  0.81396  
0.098008  0.814828  
0.097305  0.816832  
0.0966062  0.817954  
0.0949932  0.820471  
0.0941232  0.823023  
0.0932404  0.824553  
0.0926751  0.825762  
0.0911242  0.82743  
0.09055  0.829887  
0.0887642  0.832427  
0.0888982  0.831723  
0.0879399  0.834445  
0.0866943  0.835637  
0.0860016  0.836754  
0.0856778  0.837723  
0.0847861  0.840572  
0.0841562  0.841072  
0.0834833  0.842525  
0.0823711  0.843386  
0.0811629  0.845384  
0.080506  0.846535  
0.0795926  0.848269  
0.0793521  0.850448  
0.0783027  0.850734  
0.0771128  0.852717  
0.0766646  0.853544  
0.0754959  0.855169  
0.0752947  0.856105  
0.0743303  0.857943  
0.0737399  0.858878  
0.0729276  0.86151  
0.0720193  0.86231  
0.0703824  0.864769  
0.0691579  0.866988  
0.0688423  0.868222  
0.0679849  0.869718  
0.0670053  0.870971  
0.0658509  0.873928  
0.0650342  0.875453  
0.06454  0.876853  
0.0637255  0.878011  
0.0629631  0.879284  
0.0621437  0.88042  
0.0611369  0.882659  
0.0599294  0.884962  
0.0588349  0.886455  
0.0586534  0.887157  
0.0574382  0.889962  
0.0567034  0.890389  
0.0560705  0.89127  
0.0548252  0.893955  
0.0532688  0.896855  
0.0511554  0.901925  
0.0505761  0.901935  
0.0495351  0.905996  
0.0472065  0.921612  
0.0465818  0.922056  
0.0452369  0.926425  
0.0442884  0.93523  
0.0436733  0.94948  
0.0420963  1.10483  
