1  3.29736e-014  
0.950054  0.0500521  
0.950052  0.0500543  
0.950052  0.0500538  
0.900125  0.100127  
0.900125  0.100132  
0.850194  0.150204  
0.800305  0.200295  
0.800294  0.200311  
0.750171  0.25018  
0.70022  0.30021  
0.700216  0.300221  
0.650199  0.350187  
0.650192  0.350204  
0.650193  0.350203  
0.650192  0.350203  
0.600204  0.400194  
0.600204  0.400194  
0.6002  0.400198  
0.550159  0.450155  
0.550159  0.450161  
0.550158  0.450168  
0.550158  0.450163  
0.500149  0.500142  
0.500148  0.500144  
0.500145  0.500149  
0.450129  0.550124  
0.450129  0.550125  
0.400118  0.600119  
0.400125  0.600118  
0.350263  0.650254  
0.350247  0.650259  
0.300295  0.700282  
0.300267  0.700284  
0.250224  0.750213  
0.25021  0.750222  
0.200158  0.80015  
0.200143  0.800152  
0.150218  0.850207  
0.150216  0.850215  
0.100419  0.900407  
0.100417  0.900407  
0.100418  0.900407  
0.100412  0.900439  
0.0510698  0.951013  
0.0510725  0.951013  
0.0510676  0.951068  
2.99445e-018  1  
