1.71061  0.000463526  0.000212599  
0.000357709  1.72997  0.000423103  
0.758157  0.756412  0.0136245  
1.09752  0.455357  0.00649996  
0.188833  1.01672  0.0239199  
1.21652  0.00875103  0.0265237  
0.753745  0.756849  0.0205327  
1.03834  0.270727  0.0308356  
0.889855  0.539811  0.0391263  
0.527592  0.882447  0.0326871  
1.00548  0.120937  0.0504356  
0.722467  0.722252  0.048886  
0.162277  1.01078  0.0529722  
0.883233  0.530013  0.0712265  
0.528056  0.880766  0.0527081  
0.160142  1.01277  0.030014  
1.2165  0.00875355  0.0304766  
0.882419  0.529591  0.0718552  
0.881263  0.530192  0.0763258  
0.0947763  1.00057  0.0850299  
0.0440513  1.21762  0.0159339  
0.520489  0.875355  0.102455  
0.155049  1.00986  0.0584607  
1.00503  0.121756  0.0606985  
0.882123  0.5278  0.0742887  
0.72289  0.722226  0.0485599  
0.722153  0.722272  0.0493557  
0.520473  0.875613  0.102507  
0.878425  0.528342  0.125508  
0.51993  0.872124  0.13327  
0.0831189  0.996283  0.121132  
0.149666  1.00914  0.0624797  
0.877186  0.529703  0.140844  
0.722058  0.72204  0.160662  
0.0815481  0.99516  0.126003  
0.0905203  0.999697  0.0938208  
0.14943  1.00879  0.0643105  
0.027156  1.21662  0.0392091  
1.00009  0.0658513  0.0666296  
0.998159  0.0742788  0.0952088  
0.857699  0.498801  0.163279  
0.516223  0.869112  0.160155  
0.518737  0.869909  0.154131  
0.117721  1.00478  0.0667977  
1.21623  0.0139897  0.0412667  
0.700766  0.700688  0.188885  
1.2161  0.0139908  0.0424328  
0.996933  0.0701739  0.105788  
0.855721  0.504629  0.212891  
0.700467  0.699987  0.194731  
0.520579  0.86852  0.182814  
0.0302425  1.21652  0.0428031  
0.989595  0.111019  0.182156  
0.857833  0.49844  0.156601  
0.855449  0.504622  0.217152  
0.70016  0.700706  0.200924  
0.510205  0.857973  0.22053  
0.0925308  0.99186  0.156815  
1.84366  0.000340956  0.00015581  
0.983228  0.111268  0.212281  
0.851294  0.507178  0.259379  
0.503755  0.848195  0.257246  
0.0917196  0.979086  0.223423  
0.0273019  1.21641  0.0465494  
0.993707  0.0819175  0.137741  
0.977387  0.0904105  0.229417  
0.84738  0.504041  0.267067  
0.69616  0.697266  0.261856  
0.089265  0.977302  0.229204  
0.101471  0.985561  0.19702  
0.00747028  1.21164  0.0938185  
0.0275022  1.21595  0.0474685  
0.989607  0.0728044  0.161321  
0.984922  0.0989948  0.200279  
0.684004  0.683977  0.306715  
0.490141  0.832615  0.309836  
0.495189  0.840761  0.275697  
0.00792419  1.21101  0.0995262  
0.995862  0.0890658  0.128287  
0.962983  0.117009  0.292222  
0.847368  0.511574  0.294379  
0.835214  0.502055  0.325306  
0.492645  0.831772  0.318317  
0.492553  0.837717  0.286279  
0.123407  0.968255  0.280127  
0.0972851  0.972521  0.252849  
0.0754162  0.994618  0.128769  
0.972691  0.102859  0.25234  
0.9601  0.102133  0.296838  
0.831905  0.501024  0.339919  
0.673767  0.673976  0.368031  
0.679263  0.678682  0.331582  
0.106219  0.980123  0.223169  
0.969751  0.101345  0.265446  
0.957679  0.117269  0.310762  
0.831744  0.501989  0.351036  
0.823261  0.502977  0.391293  
0.67358  0.673102  0.369288  
0.502018  0.823661  0.383442  
0.49521  0.827657  0.349219  
0.16561  0.963319  0.312877  
0.083943  0.986491  0.182623  
1.8441  0.000117096  4.58553e-005  
0.986888  0.103488  0.189979  
0.963544  0.109434  0.287855  
0.952719  0.118751  0.327684  
0.944339  0.16353  0.365059  
0.821383  0.503451  0.402644  
0.656863  0.656137  0.417553  
0.664215  0.663596  0.398033  
0.65642  0.65624  0.417495  
0.172299  0.940314  0.38126  
0.15211  0.95621  0.330757  
0.0849858  0.974061  0.241454  
1.21489  0.0158111  0.0637229  
0.947274  0.0942089  0.333615  
0.930716  0.140577  0.391037  
0.817468  0.504801  0.4204  
0.79488  0.486142  0.4539  
0.51977  0.813795  0.462127  
0.51285  0.822367  0.425552  
0.15401  0.935541  0.386916  
0.153151  0.952153  0.342795  
0.0890839  0.992097  0.15594  
0.953786  0.109995  0.318866  
0.925626  0.11107  0.395302  
0.803359  0.487065  0.430273  
0.792895  0.488171  0.465156  
0.504272  0.798193  0.475932  
0.2117  0.923276  0.43763  
0.168275  0.926873  0.411281  
0.151781  0.94751  0.355958  
0.148778  0.95965  0.319347  
0.000365673  1.7287  0.000425241  
0.966536  0.116401  0.280954  
0.934314  0.144918  0.383091  
0.913544  0.13129  0.426793  
0.895636  0.146991  0.46797  
0.794966  0.486121  0.453767  
0.789597  0.503362  0.509653  
0.750002  0.468242  0.553758  
0.199344  0.906272  0.46786  
0.114318  0.966292  0.280788  
0.115007  0.991345  0.17446  
0.0328307  1.21458  0.0690238  
0.000363392  1.72856  0.000444763  
0.944954  0.13029  0.35175  
0.900306  0.110621  0.448179  
0.788265  0.498466  0.510848  
0.742081  0.456076  0.559226  
0.614937  0.614519  0.576948  
0.499171  0.757633  0.587164  
0.177372  0.861111  0.538639  
0.16988  0.886175  0.494236  
0.18617  0.93054  0.408643  
0.000269654  1.72842  0.000458346  
1.21466  0.0254684  0.0805589  
0.865325  0.115642  0.514937  
0.717224  0.430722  0.586627  
0.705095  0.424349  0.604091  
0.611688  0.612343  0.613436  
0.49879  0.758912  0.588139  
0.169858  0.84507  0.560709  
0.193128  0.871266  0.52588  
0.178945  0.943936  0.37399  
0.0982995  0.971385  0.258484  
1.2136  0.00692542  0.0846691  
0.877198  0.143739  0.501051  
0.850412  0.141982  0.543595  
0.819977  0.123199  0.586016  
0.681145  0.415156  0.643052  
0.578533  0.57901  0.644464  
0.483612  0.710081  0.669782  
0.153417  0.794492  0.627346  
0.152225  0.837681  0.566623  
0.18281  0.854261  0.55002  
0.105602  0.968894  0.270454  
0.000248317  1.72784  0.000542094  
0.916101  0.116593  0.417314  
0.88877  0.1446  0.481078  
0.830805  0.117498  0.568303  
0.669163  0.413738  0.670888  
0.649637  0.416028  0.703893  
0.566389  0.567885  0.700438  
0.564802  0.566302  0.70478  
0.478202  0.697719  0.694007  
0.23014  0.755119  0.692453  
0.203342  0.775617  0.661483  
0.136532  0.809647  0.601615  
0.151781  0.947509  0.35597  
0.136252  0.964847  0.296966  
0.0852134  0.97804  0.225271  
0.000201628  1.72778  0.000548929  
1.19539  0.013765  0.195938  
0.937415  0.14554  0.378732  
0.869046  0.108252  0.505794  
0.841932  0.122654  0.554137  
0.815085  0.118498  0.592116  
0.774438  0.102923  0.641178  
0.75522  0.151678  0.672552  
0.660592  0.404397  0.675007  
0.641866  0.422683  0.729137  
0.518093  0.521629  0.762706  
0.556582  0.558451  0.749547  
0.412687  0.618127  0.766537  
0.292583  0.748896  0.726261  
0.206201  0.786053  0.654243  
0.0670888  1.19735  0.193184  
1.19172  0.0127635  0.209434  
0.919059  0.138397  0.416715  
0.74743  0.16479  0.683402  
0.71691  0.162082  0.716696  
0.686044  0.110468  0.736558  
0.643048  0.404848  0.709259  
0.622372  0.424103  0.771729  
0.590771  0.41742  0.80942  
0.521402  0.518946  0.780055  
0.506378  0.510513  0.828677  
0.439574  0.617058  0.786106  
0.206504  0.758949  0.683178  
0.174973  0.786869  0.639765  
0.207723  0.826306  0.599966  
0.191668  0.857866  0.547739  
0.0875079  0.969469  0.260455  
0.0693861  1.19442  0.203005  
0.825434  0.129795  0.580251  
0.792721  0.138044  0.624143  
0.672029  0.11139  0.749243  
0.643518  0.107385  0.772508  
0.620352  0.148778  0.799079  
0.578224  0.105655  0.822371  
0.557705  0.0849923  0.834403  
0.532595  0.0475416  0.847676  
0.505745  0.506708  0.832503  
0.487054  0.109447  0.880738  
0.442309  0.569303  0.865227  
0.345641  0.617069  0.859367  
0.349375  0.65744  0.83261  
0.303839  0.680542  0.793713  
0.167178  0.835941  0.571964  
0.00805087  1.211  0.110743  
0.00024895  1.72679  0.000696505  
1.21295  0.00472016  0.123576  
1.1813  0.0465696  0.246257  
0.881747  0.132631  0.489854  
0.797256  0.114375  0.614743  
0.638488  0.122779  0.778682  
0.600063  0.114071  0.807883  
0.571636  0.103778  0.827481  
0.511161  0.116139  0.866702  
0.466777  0.0621808  0.886703  
0.444259  0.0621555  0.897917  
0.429364  0.309221  0.90875  
0.41184  0.509253  0.91491  
0.392867  0.0912913  0.924304  
0.283254  0.742443  0.82387  
0.000361696  1.72582  0.000845374  
1.16649  0.0275038  0.29162  
0.89804  0.106786  0.452436  
0.854418  0.11608  0.531848  
0.760572  0.141957  0.664063  
0.661843  0.106795  0.757233  
0.630248  0.108228  0.783801  
0.59285  0.118924  0.814477  
0.55665  0.100602  0.836407  
0.407987  0.40119  0.916182  
0.390888  0.280524  0.923441  
0.372147  0.0646035  0.930545  
0.341723  0.482142  0.940529  
0.328923  0.506408  0.946157  
0.316211  0.541949  0.9497  
0.229161  0.675722  0.913378  
0.0627033  1.18408  0.283052  
0.000334983  1.7258  0.000846438  
1.20627  0.0121924  0.164515  
1.15336  0.0358293  0.327443  
0.907912  0.0911354  0.429396  
0.766955  0.136703  0.655756  
0.576599  0.0924914  0.822501  
0.506857  0.096336  0.867475  
0.423081  0.102495  0.911624  
0.401163  0.102587  0.922079  
0.354471  0.035005  0.935679  
0.346656  0.350015  0.940012  
0.319928  0.32504  0.948615  
0.315314  0.313618  0.950359  
0.302745  0.373959  0.953427  
0.291697  0.455492  0.957157  
0.280058  0.512223  0.960276  
0.269241  0.557778  0.963392  
0.259359  0.566735  0.966294  
0.0997781  0.931041  0.660804  
1.19454  0.029689  0.197565  
1.13353  0.0416757  0.37598  
1.04428  0.0194741  0.514156  
0.861117  0.103711  0.519691  
0.768229  0.116758  0.651323  
0.709306  0.126292  0.716786  
0.656077  0.125639  0.764983  
0.517605  0.0934672  0.860807  
0.481989  0.102372  0.882593  
0.419361  0.0971838  0.912893  
0.39144  0.0953721  0.92485  
0.368709  0.0875437  0.933579  
0.349623  0.0843331  0.940649  
0.332866  0.0713399  0.945798  
0.311284  0.0508272  0.951641  
0.301155  0.295502  0.955067  
0.285497  0.199977  0.959022  
0.273349  0.271843  0.962473  
0.261481  0.265398  0.966002  
0.252348  0.348236  0.969184  
0.242314  0.346485  0.970448  
0.225138  0.313395  0.97464  
0.216433  0.523372  0.976462  
0.209538  0.481894  0.977905  
0.201462  0.352232  0.979605  
0.195569  0.523875  0.980844  
0.170481  0.761387  0.847653  
0.0736775  0.807269  0.757665  
0.0312344  0.860069  0.709208  
0.0754666  0.949854  0.635291  
0.0333637  1.13386  0.375556  
0.0328184  1.20981  0.183632  
1.19171  0.00732271  0.217767  
1.10063  0.0315419  0.430374  
0.982786  0.0205815  0.59141  
0.882296  0.0996094  0.702076  
0.773914  0.0229638  0.778673  
0.581759  0.103247  0.819495  
0.451  0.0834037  0.896132  
0.4103  0.097345  0.916773  
0.385584  0.0860099  0.926526  
0.359662  0.0584206  0.934833  
0.335359  0.064954  0.944232  
0.297413  0.0800654  0.958339  
0.282468  0.0495596  0.960529  
0.253363  0.0509508  0.968764  
0.240717  0.242823  0.97221  
0.230742  0.171472  0.974604  
0.221923  0.157978  0.975472  
0.211358  0.151706  0.977862  
0.203789  0.288074  0.979563  
0.196019  0.335689  0.980942  
0.188715  0.371688  0.982222  
0.181464  0.226332  0.983591  
0.175818  0.434937  0.984685  
0.169413  0.289866  0.985608  
0.163673  0.505717  0.986657  
0.158925  0.278471  0.987414  
0.154489  0.414196  0.988078  
0.0989854  0.777637  0.909664  
0.043183  0.876914  0.700264  
0.0564917  0.997565  0.574604  
0.0388774  1.09727  0.446958  
0.00561372  1.20407  0.209649  
0.899787  0.0307912  0.675316  
0.668924  0.0156484  0.836259  
0.497922  0.102331  0.873214  
0.40808  0.108709  0.919913  
0.29513  0.0861714  0.959118  
0.261041  0.0366924  0.966047  
0.242855  0.056445  0.971773  
0.227611  0.0605467  0.975595  
0.204784  0.0435684  0.979711  
0.194428  0.191178  0.981347  
0.184715  0.0218049  0.983026  
0.175843  0.211722  0.984548  
0.171086  0.210795  0.985418  
0.162258  0.201762  0.987155  
0.157464  0.111961  0.987725  
0.151915  0.260011  0.988689  
0.146643  0.203466  0.989258  
0.141425  0.26197  0.990045  
0.136425  0.240652  0.990724  
0.132153  0.332589  0.991346  
0.127771  0.284448  0.991886  
0.124142  0.288787  0.992311  
0.120479  0.146213  0.992799  
0.116734  0.373315  0.993244  
0.0438807  0.892619  0.685518  
0.0398934  1.0527  0.517234  
1.13443  0.0274028  0.372059  
0.95325  0.0356633  0.632354  
0.642188  0.0259647  0.84992  
0.380876  0.0779852  0.9277  
0.352323  0.0745019  0.938761  
0.30368  0.0780063  0.955967  
0.218214  0.0510184  0.977173  
0.195296  0.0445869  0.981793  
0.179892  0.0268179  0.984043  
0.169043  0.052409  0.987045  
0.161726  0.0455981  0.987825  
0.150628  0.110429  0.989099  
0.140976  0.102786  0.990386  
0.13428  0.135269  0.99109  
0.129297  0.0946264  0.991859  
0.122377  0.149208  0.992569  
0.116333  0.164112  0.993334  
0.114418  0.197352  0.993438  
0.109513  0.200331  0.994108  
0.10607  0.104569  0.99448  
0.102736  0.239371  0.994722  
0.0995766  0.213158  0.995129  
0.0963197  0.211735  0.995424  
0.0934135  0.238873  0.995707  
0.0905564  0.325683  0.99594  
0.0878936  0.247047  0.996172  
0.0847708  0.288878  0.99643  
0.0828067  0.197645  0.996585  
0.0801781  0.205173  0.996844  
0.0585779  0.806567  0.824801  
0.0369356  1.02016  0.547685  
0.0296502  1.14375  0.350633  
0.573971  0.0205716  0.883805  
0.464304  0.0376903  0.925368  
0.368446  0.0332379  0.954693  
0.317845  0.0420476  0.965976  
0.214383  0.0533254  0.978257  
0.174972  0.02225  0.984811  
0.142189  0.0474489  0.990934  
0.135281  0.0474999  0.991909  
0.126938  0.0268985  0.992268  
0.118654  0.0339909  0.993522  
0.110007  0.023963  0.994205  
0.103601  0.0234558  0.994893  
0.0941582  0.0680142  0.995846  
0.087445  0.0652425  0.996452  
0.0834301  0.0595184  0.996609  
0.0823015  0.0825462  0.996735  
0.078343  0.0549795  0.996968  
0.0754544  0.106154  0.997324  
0.0731874  0.113102  0.997489  
0.0713065  0.131162  0.997567  
0.0687745  0.145658  0.997743  
0.0654171  0.0789124  0.997868  
0.0645689  0.108636  0.99797  
0.0623997  0.17821  0.998134  
0.0606497  0.117905  0.99818  
0.0587216  0.177857  0.9983  
0.0569207  0.238336  0.998455  
0.0543821  0.142229  0.998524  
0.0536837  0.114192  0.998615  
0.0521002  0.212618  0.998675  
0.0511868  0.382251  0.998713  
0.035917  0.825157  0.850377  
0.0168031  1.15441  0.571834  
0.772097  0.0162057  0.779005  
0.443829  0.0168765  0.931319  
0.301211  0.0213481  0.969471  
0.162082  0.0171168  0.991261  
0.0935473  0.023768  0.995896  
0.0828719  0.020969  0.996774  
0.074947  0.0218661  0.997429  
0.0635034  0.0154003  0.998092  
0.0608231  0.0101695  0.998805  
0.0570754  0.0377341  0.99906  
0.0448436  0.0345887  0.999129  
0.0435287  0.0222636  0.999294  
0.0396576  0.0467089  0.999343  
0.0375875  0.0459791  0.999352  
0.0371625  0.026952  0.999371  
0.0355597  0.0272028  0.99948  
0.034254  0.0349403  0.999488  
0.0329457  0.0738879  0.999524  
0.0320004  0.058312  0.999532  
0.0314235  0.0862314  0.999537  
0.0301047  0.0559635  0.999561  
0.0277877  0.0504784  0.999628  
0.0268637  0.0993858  0.999658  
0.0263827  0.102994  0.999668  
0.0247754  0.10886  0.999703  
0.0238611  0.11462  0.999737  
0.0164087  0.864661  0.841451  
0.0274726  0.00199204  0.999975  
0.0180798  0.00201245  0.999967  
0.010384  0.00380142  0.999988  
0.0089169  0.00921487  0.999999  
0.00822616  0.00974808  0.999999  
0.00785116  0.0103237  0.999999  
0.0054171  0.0109105  0.999996  
0.00624934  0.0106801  0.99999  
0.00501712  0.0167849  0.999995  
0.00463089  0.0205896  0.999994  
0.00226247  0.0212048  0.999999  
