0.970982  0.29488  
0.893393  0.358417  
0.81115  0.415224  
0.728987  0.472189  
0.652396  0.536591  
0.652295  0.536814  
0.652194  0.537036  
0.575347  0.602319  
0.413541  0.718297  
0.41365  0.718212  
0.413321  0.718485  
0.413321  0.718485  
0.326456  0.768686  
0.326456  0.768686  
0.326456  0.768686  
0.326375  0.768782  
0.326375  0.768782  
0.252651  0.836005  
0.252651  0.836008  
0.252141  0.837928  
0.164483  0.886025  
0.164484  0.886025  
0.164484  0.886025  
0.164482  0.886026  
0.164391  0.886113  
0.093187  0.956317  
0.0931757  0.956324  
0.0931805  0.956319  
0.0930569  0.956428  
0.00348353  1.00483  
0.00347973  1.00486  
0.003481  1.00485  
0.00348289  1.00484  
0.00348226  1.00484  
0.00347878  1.00487  
4.27987e-005  1.11461  
