0.00216126  1.03941  6.96033e-005  
3.34742  0.00553756  0.000491007  
0.705669  0.722425  0.0158129  
0.898885  0.443516  0.00749866  
0.00913814  0.999785  0.0238958  
0.00117587  1.04745  0.000148118  
3.81828  0.00463709  0.000502629  
0.951526  0.31677  0.0146731  
0.713017  0.713109  0.0340315  
4.54525  0.00136694  0.00040746  
0.972763  0.237029  0.00465126  
0.86626  0.500659  0.0372503  
0.555809  0.833192  0.0249325  
0.982522  0.194076  0.0107895  
0.894652  0.447927  0.0425091  
0.707695  0.708682  0.0529449  
0.00618061  0.998789  0.0507953  
4.5236  0.00147753  0.000575873  
0.988038  0.164427  0.0197596  
0.930417  0.368816  0.0424542  
0.865119  0.500331  0.0657932  
0.602236  0.802577  0.0630235  
0.0144318  0.998694  0.054024  
0.0149372  0.999769  0.0267693  
0.991769  0.136331  0.00604762  
0.9494  0.316109  0.0517009  
0.705469  0.706784  0.0769984  
0.511882  0.862382  0.0686612  
0.00772266  0.998543  0.0552257  
0.0125577  0.999735  0.0273802  
0.993107  0.120326  0.0194267  
0.962377  0.274357  0.0452977  
0.89485  0.446056  0.0594804  
0.864051  0.49771  0.0865129  
0.621982  0.781209  0.0818051  
0.00960702  0.996662  0.083568  
0.000454791  1.04379  0.00032236  
0.994591  0.104471  0.0131647  
0.970707  0.239601  0.0571095  
0.919308  0.39323  0.074661  
0.706325  0.70636  0.0797708  
0.553489  0.829347  0.0967625  
0.0198764  0.996411  0.0879226  
0.0148959  0.998419  0.0586445  
0.996219  0.0944977  0.0187575  
0.977053  0.213881  0.0484712  
0.937364  0.350534  0.0175089  
0.865737  0.494433  0.103889  
0.64073  0.765874  0.099554  
0.50203  0.865329  0.0755565  
0.00944982  0.996128  0.0894478  
0.00920308  0.998247  0.0598865  
0.0106532  0.999623  0.029915  
0.996287  0.0870823  0.0101149  
0.980685  0.191457  0.0596145  
0.946215  0.315364  0.0887241  
0.892337  0.441985  0.109189  
0.863076  0.495424  0.111878  
0.704629  0.705584  0.129841  
0.578776  0.809607  0.125156  
0.0125542  0.992977  0.122387  
0.00860742  0.995871  0.0918936  
4.51987  0.00114105  0.00066473  
0.996878  0.0820873  0.0171175  
0.983481  0.17621  0.055301  
0.95807  0.283458  0.092775  
0.909577  0.404729  0.10682  
0.859317  0.498065  0.138401  
0.702041  0.70372  0.139602  
0.650822  0.755846  0.0936364  
0.529044  0.843361  0.12536  
0.0125121  0.992334  0.124289  
0.0120801  0.995551  0.0961389  
0.00651922  0.998087  0.0641816  
0.0129813  0.999582  0.0321914  
0.997614  0.0702413  0.0224198  
0.98608  0.160298  0.0581415  
0.963263  0.259182  0.0920234  
0.924717  0.368228  0.116605  
0.870155  0.478457  0.142571  
0.855405  0.494894  0.167101  
0.598342  0.790699  0.144958  
0.498283  0.857253  0.136993  
0.0107098  0.991656  0.131387  
0.0249921  0.995345  0.0993328  
0.0086312  0.997901  0.0658358  
0.986871  0.151348  0.0616643  
0.968364  0.238079  0.0926332  
0.937418  0.331149  0.119685  
0.891442  0.440509  0.118539  
0.854975  0.492557  0.17419  
0.69724  0.697809  0.185601  
0.651383  0.74704  0.17789  
0.551398  0.82439  0.146155  
0.0150774  0.986354  0.169449  
0.00824123  0.991011  0.136279  
0.0070546  0.994989  0.102988  
0.00672355  0.997801  0.0681417  
0.0148973  0.999529  0.034174  
0.998024  0.0605184  0.0201939  
0.988783  0.135688  0.0680462  
0.971765  0.220758  0.100152  
0.945431  0.312188  0.129904  
0.90327  0.410329  0.154313  
0.852055  0.495641  0.209889  
0.606515  0.782028  0.154307  
0.511617  0.850644  0.180949  
0.02767  0.98486  0.175477  
0.0207883  0.990425  0.140158  
0.00179594  0.994643  0.103586  
0.0107169  0.997629  0.0703406  
0.017078  0.999581  0.0337067  
4.60384  0.000842494  0.000516971  
0.989901  0.130075  0.0685182  
0.974102  0.206667  0.106449  
0.950564  0.288965  0.132702  
0.913748  0.379495  0.15696  
0.868658  0.474764  0.192624  
0.848847  0.486783  0.219563  
0.693109  0.693103  0.230087  
0.653092  0.733072  0.206549  
0.564928  0.806081  0.203566  
0.496875  0.852139  0.184623  
0.0226029  0.984111  0.179373  
0.0135245  0.989841  0.144953  
0.00695867  0.994164  0.109747  
0.00947881  0.997434  0.0727388  
0.00884052  0.999445  0.0366502  
0.998326  0.0570277  0.033391  
0.991499  0.121164  0.0610137  
0.976647  0.191045  0.108385  
0.953619  0.270728  0.146062  
0.925579  0.354491  0.165024  
0.881264  0.438741  0.194865  
0.84172  0.485363  0.258108  
0.691457  0.692951  0.239332  
0.61475  0.764316  0.213165  
0.524224  0.83018  0.207216  
0.0269202  0.97615  0.224046  
0.0221405  0.982754  0.188187  
0.0143419  0.989025  0.150697  
0.00738273  0.993738  0.113517  
0.0106407  0.99725  0.0748799  
0.00726194  0.999386  0.0376044  
0.000293342  1.06487  0.000315696  
0.998461  0.0536516  0.027661  
0.991983  0.115759  0.0763479  
0.978696  0.178823  0.113504  
0.956843  0.254547  0.151818  
0.929034  0.329095  0.176765  
0.892699  0.412129  0.20059  
0.839707  0.480511  0.26872  
0.684506  0.686188  0.262871  
0.642856  0.727436  0.253094  
0.572271  0.791329  0.24638  
0.0364055  0.974839  0.232412  
0.0264349  0.981339  0.1963  
0.0299966  0.988064  0.15758  
0.0176465  0.993373  0.117215  
0.0116126  0.997007  0.0787471  
0.0122694  0.999356  0.039549  
0.000450679  1.06165  0.000335395  
0.998747  0.0432479  0.0360902  
0.992222  0.107565  0.0725045  
0.97911  0.172015  0.120937  
0.960088  0.238111  0.156349  
0.936104  0.305289  0.192565  
0.897503  0.386928  0.223563  
0.855606  0.461953  0.243527  
0.678104  0.67773  0.305652  
0.678889  0.682216  0.277383  
0.614674  0.753007  0.282357  
0.531231  0.812634  0.265294  
0.487943  0.838988  0.259239  
0.0360459  0.97219  0.241663  
0.00934568  0.979689  0.204098  
0.011753  0.987371  0.16177  
0.0179111  0.992851  0.121644  
0.0114191  0.996793  0.0822108  
0.0104888  0.999254  0.0412992  
0.99221  0.0992774  0.0838072  
0.980464  0.158544  0.126608  
0.963328  0.218979  0.164126  
0.939393  0.293971  0.196786  
0.907835  0.363492  0.232328  
0.87043  0.427329  0.260158  
0.834263  0.483284  0.283528  
0.823623  0.478304  0.32465  
0.628935  0.71734  0.311036  
0.564753  0.773681  0.303815  
0.510751  0.82989  0.281531  
0.0380211  0.969864  0.250799  
0.0376266  0.979055  0.211361  
0.035042  0.986285  0.171175  
0.00878546  0.996479  0.0845235  
0.0127482  0.999182  0.043317  
0.992474  0.0962172  0.0839361  
0.981749  0.14901  0.129576  
0.964051  0.21281  0.170088  
0.941405  0.27059  0.206625  
0.912523  0.329981  0.248665  
0.874511  0.404442  0.275943  
0.835827  0.468998  0.293066  
0.672566  0.675716  0.350111  
0.603584  0.729107  0.332072  
0.544318  0.792488  0.298974  
0.0454035  0.955351  0.303162  
0.0440006  0.96683  0.262085  
0.0609871  0.97751  0.218689  
0.0225459  0.984646  0.17887  
0.0178765  0.991598  0.134794  
0.00916086  0.996151  0.0892627  
0.00860972  0.999117  0.0444432  
0.998595  0.031169  0.0470538  
0.992512  0.0928521  0.0922591  
0.982256  0.142093  0.137591  
0.965858  0.194974  0.182323  
0.942568  0.255937  0.224607  
0.916778  0.316741  0.261138  
0.882117  0.379578  0.286579  
0.843863  0.447052  0.315768  
0.81897  0.473121  0.349976  
0.804461  0.463843  0.384746  
0.657145  0.665075  0.377416  
0.63647  0.693283  0.360558  
0.574723  0.745493  0.355139  
0.516305  0.803459  0.326384  
0.477707  0.816263  0.345439  
0.0553497  0.951894  0.312317  
0.0404786  0.975103  0.230615  
0.0100465  0.983223  0.184904  
0.0126012  0.995759  0.0945825  
0.013166  0.998972  0.0474156  
0.992745  0.0892568  0.0912081  
0.981105  0.136708  0.146165  
0.96698  0.189384  0.192251  
0.944681  0.248028  0.217566  
0.917216  0.299786  0.26845  
0.884352  0.354165  0.307784  
0.847148  0.424882  0.334288  
0.81417  0.466595  0.36376  
0.80267  0.469392  0.402087  
0.642497  0.650459  0.422349  
0.662517  0.664576  0.383835  
0.595556  0.716766  0.387911  
0.54615  0.764187  0.368179  
0.48187  0.809832  0.364152  
0.0470843  0.932417  0.37205  
0.0473532  0.947654  0.331644  
0.0277325  0.981391  0.19544  
0.0311624  0.989752  0.147663  
0.000442559  1.06171  0.000361565  
4.74402  0.000764231  0.000369101  
0.992828  0.0833473  0.102226  
0.980723  0.133552  0.147749  
0.965581  0.182646  0.19808  
0.944713  0.235467  0.237119  
0.917084  0.284233  0.281901  
0.89123  0.3428  0.311995  
0.853818  0.397793  0.357268  
0.814798  0.45755  0.379879  
0.79855  0.470284  0.419275  
0.78239  0.444693  0.445312  
0.647966  0.649334  0.43321  
0.628938  0.67739  0.413485  
0.569278  0.727045  0.42014  
0.522103  0.767562  0.403672  
0.0235797  0.923495  0.387266  
0.0360706  0.941574  0.34221  
0.0437136  0.956492  0.29824  
0.0341903  0.969122  0.252178  
0.034612  0.979317  0.206006  
0.0074859  0.988466  0.154606  
0.00633101  0.994622  0.10395  
0.998331  0.0268924  0.054691  
0.992483  0.0761912  0.108765  
0.98036  0.126422  0.160234  
0.96387  0.1748  0.212743  
0.941619  0.220866  0.260805  
0.91695  0.268291  0.306603  
0.889362  0.326771  0.33178  
0.852309  0.367265  0.378094  
0.81517  0.429157  0.403065  
0.787138  0.461414  0.436414  
0.771643  0.450882  0.464379  
0.629248  0.635461  0.493625  
0.585601  0.683667  0.44976  
0.540711  0.734311  0.43122  
0.483733  0.776021  0.424744  
0.459195  0.787035  0.424512  
0.0201904  0.917301  0.402526  
0.0449433  0.933819  0.36268  
0.0568985  0.949945  0.317044  
0.0390363  0.965113  0.268305  
0.0257643  0.98703  0.1644  
0.991565  0.0700767  0.115978  
0.978698  0.122202  0.170637  
0.965716  0.167375  0.219605  
0.940203  0.213146  0.275937  
0.915185  0.249433  0.321888  
0.88689  0.310349  0.36144  
0.850079  0.356336  0.396556  
0.815054  0.404288  0.427353  
0.779368  0.442951  0.456127  
0.76596  0.457635  0.495904  
0.74497  0.430797  0.518491  
0.619015  0.621703  0.513023  
0.602005  0.649363  0.491461  
0.542797  0.69705  0.491572  
0.494308  0.741966  0.470131  
0.45719  0.783036  0.438355  
0.0263638  0.885985  0.467035  
0.0458689  0.908183  0.422821  
0.0607034  0.926584  0.380851  
0.0526479  0.944749  0.333179  
0.034392  0.961249  0.27766  
0.03867  0.975488  0.226017  
0.0380629  0.985894  0.172423  
0.0081049  0.998471  0.0561383  
4.6464  0.000342469  0.00129375  
0.998017  0.0292823  0.062145  
0.990913  0.0690314  0.120952  
0.978962  0.114302  0.176483  
0.960698  0.159284  0.234998  
0.93794  0.193918  0.2925  
0.909612  0.245283  0.340885  
0.885795  0.280848  0.380412  
0.849354  0.333051  0.424188  
0.805843  0.385307  0.459559  
0.77535  0.426549  0.478736  
0.749592  0.436003  0.50984  
0.726908  0.421789  0.55279  
0.605394  0.605193  0.552421  
0.606626  0.610764  0.536319  
0.572094  0.655336  0.53352  
0.510913  0.695811  0.520854  
0.461252  0.740187  0.513164  
0.0318267  0.874294  0.491313  
0.0335571  0.895775  0.447899  
0.0383647  0.918621  0.398975  
0.0242198  0.939061  0.352041  
0.0359606  0.972278  0.239456  
0.0275475  0.983815  0.182054  
0.0220985  0.992803  0.122101  
0.00763115  0.998224  0.0609507  
0.997898  0.0323121  0.0643119  
0.990304  0.0628719  0.131405  
0.977478  0.111357  0.194928  
0.959085  0.144361  0.255712  
0.934719  0.188093  0.310736  
0.909679  0.230587  0.355865  
0.874923  0.276104  0.409098  
0.842362  0.31055  0.446006  
0.810622  0.361209  0.485672  
0.772796  0.401726  0.503899  
0.73947  0.414099  0.540338  
0.722408  0.430672  0.569817  
0.701729  0.415273  0.604583  
0.590886  0.591536  0.585039  
0.573872  0.614108  0.566496  
0.528031  0.659765  0.560598  
0.490188  0.694372  0.546225  
0.450299  0.745678  0.539863  
0.0852606  0.839563  0.555485  
0.0682596  0.860094  0.516978  
0.0365933  0.931771  0.372684  
0.0278261  0.981354  0.195554  
0.997375  0.0341064  0.0709733  
0.989659  0.0651773  0.133065  
0.974576  0.103925  0.208629  
0.957283  0.133546  0.267285  
0.932545  0.149191  0.332821  
0.902493  0.219446  0.383344  
0.869186  0.247045  0.432835  
0.833887  0.300503  0.473083  
0.796164  0.331652  0.51208  
0.762151  0.382247  0.536341  
0.728406  0.411374  0.571544  
0.677505  0.382335  0.633439  
0.536245  0.561379  0.640213  
0.555641  0.573626  0.617552  
0.529039  0.603027  0.608305  
0.496048  0.641495  0.600399  
0.456176  0.680713  0.586851  
0.433697  0.712369  0.577032  
0.0366339  0.818043  0.5807  
0.0273359  0.844769  0.536789  
0.0315277  0.869326  0.497444  
0.0646695  0.921852  0.393645  
0.0354999  0.944471  0.335336  
0.0312075  0.962356  0.274181  
0.048607  0.97915  0.209381  
0.0112252  0.99071  0.141519  
0.997504  0.0287646  0.0693184  
0.988291  0.0413111  0.150997  
0.973178  0.0954271  0.222712  
0.949035  0.13563  0.291552  
0.922408  0.176556  0.353502  
0.894336  0.20349  0.412721  
0.860404  0.248008  0.463427  
0.824015  0.28185  0.498229  
0.785294  0.311546  0.542291  
0.747446  0.356495  0.577037  
0.714791  0.391778  0.601965  
0.658428  0.372532  0.663346  
0.639904  0.36064  0.689139  
0.540484  0.549898  0.654881  
0.53185  0.566774  0.653448  
0.487402  0.596023  0.652634  
0.462857  0.63805  0.641294  
0.408151  0.679755  0.623728  
0.0638393  0.800482  0.604127  
0.0233823  0.8265  0.570977  
0.0379119  0.854656  0.526235  
0.0606379  0.883004  0.473785  
0.0432624  0.910207  0.419033  
0.0388144  0.934283  0.358803  
0.0538679  0.95757  0.294005  
0.0347576  0.975992  0.222573  
0.0328  0.989327  0.149465  
0.00485423  0.99762  0.0744983  
0.997392  0.0276402  0.0727562  
0.986495  0.0577228  0.161979  
0.968857  0.0648256  0.241426  
0.94476  0.115138  0.313155  
0.915176  0.168942  0.379646  
0.879185  0.20274  0.440502  
0.845422  0.235692  0.48807  
0.807228  0.264622  0.537894  
0.770999  0.300727  0.572555  
0.735418  0.335095  0.600354  
0.70112  0.364502  0.632221  
0.638697  0.371581  0.692575  
0.616172  0.358794  0.716939  
0.501572  0.502731  0.714633  
0.50929  0.518424  0.69475  
0.481542  0.556474  0.699435  
0.462987  0.586612  0.688086  
0.419596  0.620057  0.68238  
0.40533  0.651014  0.669302  
0.0917126  0.742787  0.676807  
0.101145  0.7743  0.640175  
0.0554095  0.804496  0.603327  
0.0754631  0.836315  0.558464  
0.0221009  0.864441  0.504352  
0.035964  0.972278  0.239456  
0.0098004  0.996794  0.0825657  
0.000288777  1.05829  0.000719039  
0.996119  0.0270137  0.0878601  
0.983605  0.0326873  0.178951  
0.961683  0.0944075  0.26079  
0.936008  0.128481  0.333166  
0.902858  0.154272  0.409095  
0.867507  0.187449  0.468724  
0.828765  0.204571  0.528507  
0.792272  0.249569  0.575389  
0.750824  0.261021  0.617055  
0.711578  0.292275  0.64737  
0.680219  0.332271  0.679122  
0.615295  0.365113  0.724702  
0.586366  0.346057  0.742953  
0.463716  0.469534  0.760212  
0.474647  0.474753  0.754589  
0.478094  0.49483  0.728709  
0.452697  0.541757  0.733661  
0.420979  0.561242  0.727508  
0.392784  0.595248  0.719245  
0.38186  0.593683  0.735047  
0.124843  0.714765  0.714811  
0.0901072  0.779032  0.634285  
0.0434298  0.812556  0.585216  
0.0300568  0.880877  0.476509  
0.0496598  0.914571  0.413896  
0.0420421  0.965656  0.263077  
0.0233213  0.985781  0.174572  
0.000282394  1.05829  0.000719115  
4.604  0.000225533  0.00206313  
0.981381  0.0453357  0.190035  
0.957107  0.0826035  0.285987  
0.924807  0.106521  0.368341  
0.890781  0.133904  0.443454  
0.852008  0.148975  0.509566  
0.810107  0.210719  0.566012  
0.76143  0.232188  0.614377  
0.726232  0.261555  0.65533  
0.688765  0.265799  0.681695  
0.641098  0.300025  0.716612  
0.611334  0.315903  0.735287  
0.579891  0.336616  0.751103  
0.559948  0.344763  0.783886  
0.533541  0.28323  0.800612  
0.436635  0.437155  0.813387  
0.449744  0.459036  0.789223  
0.408668  0.49058  0.788644  
0.405496  0.516101  0.767991  
0.377324  0.532853  0.768706  
0.35714  0.583333  0.761242  
0.0260912  0.651537  0.781845  
0.0963772  0.686542  0.750795  
0.116106  0.751361  0.671814  
0.0860487  0.783764  0.627892  
0.0254743  0.823285  0.576642  
0.0520306  0.86246  0.514062  
0.0367978  0.931578  0.372715  
0.0324947  0.959392  0.284764  
0.00979713  0.995586  0.0974411  
0.00019089  1.03301  0.000754803  
0.977234  0.0473076  0.210578  
0.949036  0.0612923  0.311136  
0.912823  0.098342  0.406294  
0.868736  0.140715  0.480788  
0.824383  0.170633  0.5504  
0.782046  0.187413  0.603802  
0.738514  0.218373  0.654962  
0.690301  0.228506  0.694107  
0.656019  0.225785  0.730578  
0.613765  0.268556  0.750837  
0.575886  0.299106  0.771341  
0.534649  0.309564  0.791609  
0.520622  0.306695  0.810125  
0.495194  0.284233  0.829074  
0.474559  0.266227  0.845512  
0.406047  0.414683  0.821738  
0.391585  0.463014  0.817689  
0.367265  0.49078  0.812308  
0.350087  0.506348  0.821088  
0.077636  0.57694  0.830223  
0.0581673  0.607326  0.812062  
0.0321468  0.631715  0.785058  
0.0787494  0.677652  0.755786  
0.0741716  0.751415  0.666642  
0.0327581  0.789612  0.618674  
0.0746854  0.876802  0.488869  
0.0420023  0.915947  0.407849  
0.0520633  0.951094  0.313263  
0.0207538  0.9778  0.213441  
4.51761  0.000373296  0.00230087  
0.971756  0.0416732  0.239699  
0.936896  0.0692733  0.345168  
0.893264  0.0954137  0.444849  
0.844145  0.108219  0.527518  
0.7958  0.157761  0.59775  
0.746477  0.176221  0.654518  
0.700924  0.18612  0.699151  
0.646507  0.213655  0.741564  
0.610199  0.236159  0.763112  
0.569959  0.247188  0.78883  
0.534447  0.265323  0.808724  
0.49779  0.285699  0.826555  
0.48035  0.276954  0.837556  
0.454261  0.258872  0.85817  
0.433506  0.255625  0.871725  
0.414942  0.246973  0.881852  
0.378951  0.37933  0.857789  
0.35136  0.395054  0.872547  
0.33938  0.429033  0.857008  
0.298979  0.459287  0.869967  
0.077011  0.562386  0.84264  
0.095505  0.589504  0.820847  
0.0223643  0.677058  0.757079  
0.0840842  0.75583  0.660034  
0.0589029  0.806421  0.600862  
0.00714654  0.850477  0.529537  
0.0494569  0.941541  0.347991  
0.96272  0.0498031  0.273769  
0.918564  0.0809204  0.395508  
0.868615  0.101101  0.491922  
0.809652  0.109224  0.580623  
0.756486  0.145102  0.650128  
0.701845  0.154837  0.707263  
0.656791  0.162612  0.744323  
0.60376  0.19188  0.786387  
0.564329  0.20546  0.807089  
0.526735  0.217738  0.828616  
0.489622  0.234174  0.84888  
0.463606  0.235711  0.860426  
0.41159  0.24252  0.883049  
0.390441  0.23324  0.897541  
0.371062  0.214471  0.905971  
0.334875  0.337057  0.914225  
0.306769  0.34279  0.90349  
0.287236  0.393796  0.904543  
0.264564  0.349986  0.906824  
0.149983  0.521056  0.888666  
0.159257  0.535887  0.858879  
0.0154329  0.623419  0.786315  
0.136656  0.669583  0.762686  
0.0603131  0.763154  0.654058  
0.0242511  0.816642  0.584214  
0.0405864  0.873337  0.494656  
0.0419714  0.964422  0.268164  
0.0115831  0.990599  0.141342  
0.998641  0.0245149  0.052325  
0.949779  0.0441916  0.316296  
0.899403  0.075052  0.438719  
0.830967  0.0729739  0.554345  
0.769863  0.0753891  0.642441  
0.70538  0.0451004  0.709135  
0.65064  0.143052  0.75179  
0.593968  0.155878  0.796572  
0.542779  0.164571  0.829649  
0.509849  0.167708  0.851761  
0.465391  0.180885  0.872131  
0.44182  0.177221  0.885341  
0.409835  0.195256  0.897482  
0.386813  0.22219  0.899693  
0.362867  0.208226  0.913593  
0.34331  0.198936  0.919874  
0.327224  0.185322  0.928127  
0.311188  0.179917  0.936227  
0.295179  0.169577  0.941984  
0.283896  0.307364  0.938788  
0.260338  0.324482  0.94169  
0.234725  0.294953  0.951998  
0.227875  0.374208  0.964028  
0.222727  0.342499  0.964311  
0.199515  0.491922  0.922872  
0.146587  0.523412  0.878916  
0.128408  0.669246  0.772212  
0.0496111  0.899227  0.440958  
0.0266635  0.95495  0.314591  
0.0166987  0.987941  0.161714  
0.000154177  1.03056  0.000782806  
0.946522  0.0459354  0.323771  
0.870348  0.0622415  0.494658  
0.786733  0.0720526  0.620428  
0.633725  0.101738  0.771051  
0.58053  0.110734  0.813315  
0.525031  0.135309  0.84666  
0.475296  0.139533  0.872608  
0.442982  0.135709  0.893397  
0.413307  0.112274  0.907823  
0.376522  0.165083  0.915618  
0.353451  0.15846  0.925925  
0.327846  0.185072  0.930132  
0.311036  0.188391  0.93704  
0.292043  0.172342  0.944212  
0.279409  0.162601  0.950873  
0.265302  0.142184  0.954904  
0.251592  0.149291  0.958941  
0.240559  0.13897  0.961457  
0.229248  0.263479  0.965251  
0.217897  0.225049  0.966231  
0.207199  0.23633  0.970095  
0.194561  0.309618  0.971884  
0.18778  0.213431  0.977297  
0.172468  0.375299  0.977445  
0.16615  0.270442  0.980247  
0.124638  0.528059  0.878533  
0.0526012  0.70965  0.723551  
0.0332291  0.786972  0.61848  
0.0227987  0.861456  0.518583  
0.012559  0.982355  0.189723  
4.4259  0.00022695  0.00430842  
0.925163  0.049109  0.380898  
0.79833  0.064983  0.601399  
0.62289  0.0733643  0.782637  
0.553471  0.0830956  0.832143  
0.495117  0.102738  0.866713  
0.433577  0.0982624  0.901009  
0.403796  0.0593691  0.915014  
0.369861  0.12189  0.924553  
0.337003  0.115423  0.9404  
0.310928  0.132497  0.942901  
0.291325  0.137501  0.950657  
0.27236  0.131454  0.954867  
0.252966  0.151836  0.95841  
0.238209  0.134555  0.963487  
0.2277  0.125274  0.967468  
0.214062  0.115085  0.971103  
0.20481  0.111819  0.974102  
0.19401  0.107761  0.975727  
0.186246  0.11291  0.977746  
0.177154  0.102684  0.979827  
0.169462  0.176059  0.980055  
0.161165  0.176049  0.980429  
0.153703  0.178887  0.983531  
0.14728  0.178184  0.984169  
0.145706  0.2468  0.985515  
0.14069  0.239216  0.987042  
0.135868  0.134496  0.987398  
0.128542  0.33817  0.987412  
0.1265  0.34311  0.98787  
0.119001  0.246866  0.989428  
0.105252  0.532542  0.936252  
0.100327  0.569632  0.842455  
0.0483348  0.80733  0.599389  
0.0417643  0.899577  0.439175  
0.0223126  0.974925  0.231205  
0.517672  0.0655019  0.856528  
0.322045  0.0796607  0.948383  
0.305022  0.0790412  0.95085  
0.261584  0.086684  0.966364  
0.240706  0.0989347  0.968452  
0.21872  0.103947  0.970985  
0.2042  0.102988  0.974807  
0.194981  0.107265  0.976112  
0.180886  0.104693  0.979371  
0.173017  0.10344  0.980991  
0.162308  0.0896244  0.98309  
0.154707  0.092244  0.985005  
0.145658  0.0841473  0.986545  
0.133399  0.140647  0.988293  
0.127868  0.134436  0.98921  
0.121034  0.135783  0.990408  
0.116138  0.132966  0.991082  
0.112851  0.117083  0.991617  
0.107941  0.167332  0.992126  
0.104182  0.127151  0.992703  
0.101836  0.128967  0.993101  
0.099019  0.10011  0.993504  
0.0948291  0.102557  0.994089  
0.0923428  0.281765  0.994174  
0.0895643  0.239567  0.994597  
0.0875984  0.141826  0.994847  
0.0841234  0.20714  0.995358  
0.081908  0.314677  0.995438  
0.0592516  0.615298  0.80959  
0.0275704  0.839885  0.554301  
0.0170528  0.95523  0.319114  
4.06693  0.000458131  0.00860612  
0.998807  0.0228515  0.0514767  
0.782593  0.0323349  0.780547  
0.581524  0.0148394  0.882111  
0.4618  0.0469276  0.927353  
0.369922  0.0269409  0.956332  
0.304373  0.0240255  0.969945  
0.273899  0.0523555  0.976021  
0.233104  0.0490616  0.982369  
0.218421  0.0374361  0.984913  
0.175139  0.0574591  0.986385  
0.153418  0.060809  0.988538  
0.147976  0.0649379  0.989136  
0.139833  0.0701299  0.988528  
0.131842  0.0725536  0.989675  
0.122871  0.0650062  0.990813  
0.115796  0.0723934  0.991944  
0.108992  0.0616093  0.992665  
0.103032  0.059601  0.993376  
0.0991385  0.0545018  0.994133  
0.094321  0.0521264  0.994401  
0.0889761  0.0966973  0.994662  
0.084304  0.0972201  0.995178  
0.0823843  0.0924403  0.995638  
0.0792781  0.0782706  0.996203  
0.0765144  0.112656  0.996408  
0.0702701  0.131483  0.996725  
0.0671932  0.102527  0.99708  
0.0656161  0.108865  0.997225  
0.0624239  0.163249  0.997519  
0.0622634  0.127361  0.997573  
0.0604331  0.0898073  0.997825  
0.0561233  0.162161  0.997916  
0.0542428  0.101578  0.998114  
0.0532236  0.295861  0.998211  
0.0515926  0.056996  0.998473  
0.0264856  0.730646  0.726428  
0.0194692  0.906805  0.452848  
0.000150736  1.02243  0.00163137  
3.44418  0.000139712  0.0158367  
0.788199  0.0115756  0.804561  
0.457027  0.0210162  0.934008  
0.243492  0.0173109  0.982863  
0.183797  0.0259257  0.988941  
0.160347  0.0238524  0.992637  
0.132897  0.0181212  0.994879  
0.110112  0.0182232  0.996702  
0.0952778  0.019034  0.99727  
0.0586446  0.0304683  0.998076  
0.0588243  0.0321836  0.997888  
0.061578  0.0343172  0.997683  
0.0638866  0.0356168  0.997506  
0.0573232  0.0320751  0.998017  
0.0548405  0.0353604  0.99832  
0.0520258  0.0332642  0.998527  
0.0494817  0.0282985  0.998557  
0.0455533  0.0250956  0.99883  
0.0435737  0.0260038  0.998897  
0.0425788  0.0262117  0.998912  
0.0413682  0.022417  0.999086  
0.0374974  0.0205275  0.999206  
0.0364713  0.0206808  0.999264  
0.0356881  0.0203999  0.999289  
0.0341333  0.0229813  0.999372  
0.0321218  0.0401009  0.999424  
0.0307725  0.0523003  0.999539  
0.0275428  0.0327017  0.999575  
0.0266084  0.077085  0.999655  
0.0262479  0.195025  0.999648  
0.0236207  0.0261967  0.999757  
0.0110977  0.750179  0.677814  
5.93e-005  1.01966  0.00263138  
0.0216223  8.88133e-005  1.00095  
0.0162243  4.72109e-005  1.00193  
0.00871957  0.00117307  1.0004  
0.0105029  0.00228304  1.00038  
0.0106528  0.000138452  1.00064  
0.0083773  0.0189273  1.00018  
0.00761674  0.0331991  1.00081  
0.00593509  0.0352586  1.00081  
0.00560359  0.0433757  1.00126  
0.00371221  0.0438313  1.00139  
0.0029571  0.0440456  1.00136  
0.00293939  0.0441512  1.00136  
0.0016852  0.066774  1.00355  
