0.999728  0.000734776  
0.999095  0.00156088  
0.99814  0.00295776  
0.990224  0.00535541  
0.987773  0.00728939  
0.985582  0.00887181  
0.983514  0.00925411  
0.97823  0.0121962  
0.974437  0.0141122  
0.967954  0.0171494  
0.964958  0.0187507  
0.961111  0.0201716  
0.958147  0.0217316  
0.955521  0.0236224  
0.952681  0.0250467  
0.950125  0.0263781  
0.948793  0.0276043  
0.942942  0.0299522  
0.94076  0.0312389  
0.937139  0.0330934  
0.936205  0.0341579  
0.933797  0.0352919  
0.929514  0.0367313  
0.927044  0.0394513  
0.923759  0.039468  
0.919598  0.0423405  
0.915807  0.0439361  
0.915005  0.04514  
0.911271  0.0461097  
0.909663  0.0471728  
0.906013  0.0494603  
0.902843  0.0514262  
0.897555  0.0531243  
0.895218  0.0542014  
0.894252  0.0556373  
0.890309  0.0573116  
0.888122  0.058034  
0.885148  0.0603706  
0.882595  0.0615948  
0.87988  0.0632639  
0.87576  0.0649084  
0.87293  0.0663355  
0.870166  0.0674694  
0.867848  0.0693382  
0.865191  0.0705359  
0.861013  0.0722056  
0.859381  0.0738937  
0.857194  0.0744214  
0.853866  0.0767702  
0.851153  0.0779507  
0.84573  0.0808699  
0.844619  0.0826093  
0.84082  0.0839072  
0.83974  0.0850716  
0.836804  0.0861982  
0.832776  0.0880433  
0.831644  0.0886746  
0.828186  0.0912264  
0.824968  0.0921782  
0.822125  0.0939687  
0.820736  0.0953867  
0.818543  0.0969535  
0.815803  0.0975464  
0.812991  0.0988019  
0.809255  0.100913  
0.807224  0.102114  
0.805367  0.10312  
0.802184  0.104715  
0.800171  0.106227  
0.796882  0.10762  
0.79578  0.109276  
0.792503  0.110269  
0.789639  0.111865  
0.787072  0.113432  
0.785666  0.114928  
0.783118  0.116045  
0.781117  0.117434  
0.778679  0.119052  
0.775702  0.120082  
0.773625  0.121587  
0.771159  0.122091  
0.768235  0.123845  
0.765423  0.125416  
0.763644  0.126473  
0.760878  0.128247  
0.758577  0.129436  
0.757075  0.13055  
0.754112  0.1319  
0.751688  0.133229  
0.750133  0.135037  
0.747945  0.136303  
0.745903  0.137578  
0.742477  0.138734  
0.740403  0.140251  
0.738505  0.141506  
0.735518  0.142901  
0.733597  0.144411  
0.731792  0.144801  
0.729872  0.14662  
0.727196  0.148372  
0.724764  0.149176  
0.723149  0.149873  
0.719572  0.152097  
0.717826  0.153359  
0.715421  0.154515  
0.713771  0.155883  
0.711708  0.156938  
0.709337  0.157985  
0.707098  0.159516  
0.705704  0.161131  
0.702948  0.16231  
0.700979  0.163399  
0.69903  0.164411  
0.696732  0.16572  
0.694815  0.166974  
0.692765  0.168374  
0.690487  0.169799  
0.688152  0.170995  
0.685712  0.172722  
0.683412  0.173607  
0.681679  0.175078  
0.679832  0.175939  
0.677307  0.177255  
0.674864  0.178691  
0.673421  0.18008  
0.671637  0.181234  
0.66859  0.182749  
0.666557  0.183882  
0.66521  0.185123  
0.664233  0.186244  
0.660674  0.187694  
0.658727  0.188885  
0.657325  0.18982  
0.654958  0.191171  
0.653809  0.191995  
0.651727  0.194111  
0.649076  0.194493  
0.646797  0.195911  
0.644936  0.197046  
0.643313  0.198106  
0.641002  0.200123  
0.638454  0.201156  
0.636721  0.202374  
0.635332  0.203512  
0.633005  0.204839  
0.63123  0.205986  
0.629683  0.20723  
0.627158  0.208515  
0.625424  0.209272  
0.623428  0.210767  
0.62121  0.211967  
0.619666  0.213358  
0.61738  0.214358  
0.615729  0.215478  
0.614529  0.217002  
0.612487  0.217569  
0.610166  0.219206  
0.608812  0.220022  
0.606814  0.221627  
0.604606  0.223054  
0.602974  0.224116  
0.600596  0.225481  
0.598808  0.226581  
0.597593  0.227615  
0.595028  0.228851  
0.5934  0.229925  
0.591602  0.231139  
0.589564  0.232487  
0.587843  0.233546  
0.586184  0.234704  
0.584302  0.235999  
0.582237  0.237165  
0.580419  0.238315  
0.578591  0.239445  
0.576719  0.240648  
0.575035  0.241849  
0.573196  0.243135  
0.571586  0.244186  
0.5697  0.245403  
0.567949  0.246536  
0.566177  0.247673  
0.564428  0.248795  
0.562727  0.249959  
0.250051  0.500037  
0.248826  0.501253  
0.247654  0.50249  
0.246353  0.503721  
0.245248  0.504921  
0.243956  0.506202  
0.242876  0.507428  
0.241623  0.50874  
0.240259  0.51008  
0.23912  0.511136  
0.237824  0.512381  
0.236658  0.513803  
0.235365  0.515187  
0.234061  0.5163  
0.232979  0.517666  
0.231629  0.518988  
0.2303  0.520388  
0.229186  0.521535  
0.228014  0.522817  
0.226548  0.524126  
0.225469  0.525394  
0.224198  0.526692  
0.22302  0.527908  
0.221693  0.529324  
0.220454  0.530784  
0.219482  0.532128  
0.218062  0.533286  
0.216807  0.534627  
0.215619  0.53577  
0.214446  0.537175  
0.213094  0.53867  
0.211848  0.539811  
0.210712  0.541174  
0.209389  0.542639  
0.208162  0.544001  
0.206958  0.54526  
0.205845  0.546618  
0.204667  0.547818  
0.203311  0.549286  
0.202066  0.550686  
0.200971  0.551971  
0.199583  0.553423  
0.198444  0.55465  
0.197335  0.556134  
0.196074  0.557347  
0.194726  0.55879  
0.193732  0.560175  
0.192404  0.56157  
0.191242  0.562798  
0.189932  0.564333  
0.18879  0.565856  
0.187577  0.566996  
0.186466  0.568481  
0.185386  0.570255  
0.18382  0.57152  
0.182865  0.572649  
0.18158  0.57425  
0.180462  0.575751  
0.179166  0.577158  
0.178054  0.578642  
0.17664  0.580035  
0.175367  0.581522  
0.17444  0.582574  
0.1731  0.58418  
0.172089  0.58561  
0.170781  0.587233  
0.1695  0.588618  
0.16834  0.590036  
0.167303  0.591623  
0.165809  0.592971  
0.164617  0.594496  
0.163477  0.596022  
0.162014  0.597576  
0.160953  0.598915  
0.159705  0.600565  
0.158639  0.602075  
0.157486  0.603338  
0.156135  0.604973  
0.154834  0.606646  
0.153899  0.608024  
0.152336  0.609902  
0.151496  0.611066  
0.149987  0.612785  
0.148984  0.614285  
0.147824  0.616157  
0.146595  0.61745  
0.145233  0.619152  
0.144239  0.62042  
0.142955  0.622138  
0.141797  0.623792  
0.140557  0.625388  
0.139409  0.627016  
0.138098  0.628462  
0.137069  0.630057  
0.135703  0.631896  
0.13452  0.633427  
0.13338  0.635026  
0.132007  0.63686  
0.131006  0.638311  
0.129711  0.639984  
0.128588  0.641824  
0.12738  0.643598  
0.126104  0.645052  
0.124786  0.646964  
0.123741  0.648531  
0.122653  0.650163  
0.121367  0.652179  
0.120097  0.653817  
0.118948  0.655661  
0.117565  0.657283  
0.116393  0.659071  
0.115292  0.660733  
0.113917  0.662721  
0.112807  0.664527  
0.111704  0.666218  
0.110398  0.668016  
0.109193  0.669943  
0.108062  0.671669  
0.106701  0.673488  
0.105576  0.675376  
0.104337  0.677605  
0.103214  0.679299  
0.101928  0.680849  
0.100718  0.683046  
0.099488  0.684817  
0.0983135  0.686718  
0.0970966  0.688702  
0.0956948  0.690763  
0.0945902  0.69257  
0.0933799  0.694544  
0.0920777  0.696785  
0.0908951  0.698582  
0.0898205  0.700585  
0.0885133  0.702855  
0.0873238  0.704659  
0.0860001  0.70705  
0.0848378  0.709207  
0.083677  0.711487  
0.0823805  0.713252  
0.0811837  0.715408  
0.0798634  0.717627  
0.0786341  0.7198  
0.0774241  0.721961  
0.076205  0.724237  
0.0747887  0.727086  
0.0737197  0.728735  
0.0724464  0.73147  
0.0710491  0.734243  
0.0696989  0.736557  
0.0687209  0.738092  
0.0672915  0.740958  
0.0663218  0.742794  
0.065049  0.746087  
0.0632816  0.74875  
0.0625832  0.750225  
0.000278572  1.01212  
0.000197298  1.0159  
