0.973187  0.297986  
0.896394  0.363065  
0.811312  0.415319  
0.730255  0.474009  
0.65325  0.53763  
0.652799  0.537994  
0.575987  0.602088  
0.4869  0.649352  
0.405491  0.707447  
0.405483  0.707464  
0.32877  0.771662  
0.328767  0.771668  
0.328778  0.771641  
0.328768  0.771667  
0.32878  0.771639  
0.328754  0.771703  
0.328757  0.771699  
0.244579  0.82619  
0.24455  0.826241  
0.16421  0.885678  
0.164194  0.885731  
0.0871801  0.949342  
0.0871767  0.949356  
0.0869159  0.950017  
0.00154366  1.00209  
0.00154366  1.00209  
0.00154366  1.00209  
0.00154366  1.00209  
1.05134e-005  1.11524  
