0.961501  0.169128  
0.961452  0.16976  
0.960546  0.170885  
0.960278  0.171793  
0.960151  0.172894  
0.960097  0.173882  
0.960009  0.175292  
0.959783  0.176343  
0.959748  0.178549  
0.959711  0.180997  
0.959606  0.181125  
0.959605  0.185973  
0.959373  0.189877  
0.959226  0.201869  
0.959103  0.202267  
0.959059  0.20507  
0.959057  0.208064  
0.958947  0.210879  
0.958778  0.216881  
0.958597  0.226013  
0.958596  0.230829  
0.958595  0.240311  
0.958594  0.245457  
0.958593  0.321506  
0.958594  0.320651  
0.958593  0.340129  
0.958593  0.347111  
0.958592  0.385979  
0.958592  0.429916  
0.958591  0.435443  
0.958591  0.439883  
0.958592  0.429034  
0.958589  0.470539  
0.728212  0.959478  
0.71109  0.959478  
0.707457  0.959478  
0.647447  0.959478  
0.634882  0.959478  
0.633107  0.959487  
0.309877  1.06982  
0.310124  1.06982  
0.309884  1.06982  
0.309948  1.06982  
0.309997  1.06982  
0.309937  1.06982  
0.309159  1.49651  
