0.999518  0.00118767  
0.993424  0.0040246  
0.991044  0.00575728  
0.98799  0.00764793  
0.986742  0.00848061  
0.983228  0.00987967  
0.980775  0.0113177  
0.97921  0.0141181  
0.971336  0.0157313  
0.96886  0.0165754  
0.963996  0.0190674  
0.962391  0.0202338  
0.959938  0.0215853  
0.956873  0.0232453  
0.956405  0.0242567  
0.951127  0.0272927  
0.947504  0.0282736  
0.945123  0.0293631  
0.942515  0.0321042  
0.937305  0.0335156  
0.935541  0.0337715  
0.930423  0.0367639  
0.92791  0.0381937  
0.924925  0.0389013  
0.921798  0.0410217  
0.918522  0.0425146  
0.914288  0.0443978  
0.912764  0.0459334  
0.909033  0.0467382  
0.90685  0.0490022  
0.905378  0.0505328  
0.900485  0.0516419  
0.897995  0.0528816  
0.896676  0.0535591  
0.893041  0.0563653  
0.890389  0.0578432  
0.888223  0.0594673  
0.885631  0.0604583  
0.882773  0.0614014  
0.877949  0.0638951  
0.876667  0.0640563  
0.874243  0.0659703  
0.871975  0.067639  
0.866689  0.0696071  
0.86443  0.0711888  
0.862695  0.072474  
0.859095  0.0744382  
0.85576  0.0754413  
0.8533  0.0770714  
0.851144  0.0781036  
0.847199  0.0800523  
0.844551  0.0816596  
0.841816  0.0829596  
0.840396  0.0841753  
0.837719  0.085294  
0.833832  0.0871997  
0.832313  0.0887371  
0.830967  0.0896742  
0.826661  0.0915604  
0.825251  0.092382  
0.822363  0.0943344  
0.819143  0.0957185  
0.817774  0.0974132  
0.814374  0.0984048  
0.812328  0.099934  
0.810722  0.100948  
0.807349  0.102837  
0.804855  0.104376  
0.802695  0.105436  
0.798608  0.107067  
0.797424  0.107769  
0.794424  0.109933  
0.793028  0.110404  
0.789632  0.112225  
0.786177  0.113679  
0.784638  0.114976  
0.782105  0.116722  
0.77947  0.117744  
0.777575  0.118765  
0.775696  0.120267  
0.771931  0.121679  
0.769862  0.122845  
0.768368  0.124703  
0.765195  0.126052  
0.762969  0.126919  
0.760699  0.128443  
0.756983  0.130141  
0.755825  0.130912  
0.753896  0.132012  
0.750671  0.133856  
0.750148  0.134798  
0.746708  0.136317  
0.744552  0.137509  
0.742288  0.138658  
0.740122  0.140632  
0.738202  0.141792  
0.735605  0.143249  
0.734931  0.143589  
0.731098  0.145791  
0.729055  0.147194  
0.726363  0.148241  
0.724255  0.149567  
0.721843  0.151236  
0.719538  0.152088  
0.717541  0.153311  
0.715747  0.1546  
0.713125  0.156061  
0.711019  0.157174  
0.708477  0.158776  
0.706901  0.159918  
0.704057  0.161521  
0.701323  0.162707  
0.700127  0.163465  
0.699218  0.164491  
0.696364  0.166753  
0.694675  0.167482  
0.691875  0.168984  
0.689599  0.17012  
0.689177  0.171028  
0.685299  0.173109  
0.683711  0.174195  
0.681389  0.175387  
0.678342  0.176629  
0.677616  0.177802  
0.675497  0.17866  
0.673222  0.180505  
0.671175  0.181376  
0.669121  0.182985  
0.667049  0.184215  
0.665464  0.184726  
0.662875  0.186489  
0.660726  0.187871  
0.658875  0.189115  
0.656568  0.190436  
0.654392  0.19172  
0.652706  0.192496  
0.650206  0.194048  
0.64831  0.195469  
0.646777  0.196478  
0.644662  0.19775  
0.642645  0.198652  
0.640788  0.200222  
0.639373  0.201094  
0.637154  0.202611  
0.634702  0.203623  
0.633335  0.205098  
0.630187  0.206255  
0.629334  0.207724  
0.627272  0.208643  
0.624885  0.209826  
0.622816  0.211188  
0.62197  0.211731  
0.619729  0.213647  
0.617144  0.214597  
0.615888  0.215865  
0.613601  0.217089  
0.612179  0.218591  
0.610491  0.219216  
0.607845  0.220678  
0.605934  0.221981  
0.604305  0.223141  
0.602564  0.224238  
0.600771  0.225327  
0.598232  0.226748  
0.596452  0.227919  
0.595074  0.229071  
0.592681  0.230546  
0.591355  0.231249  
0.589556  0.232378  
0.587118  0.233974  
0.585322  0.235053  
0.583815  0.236077  
0.58176  0.23745  
0.579802  0.238645  
0.578208  0.239874  
0.57638  0.241037  
0.574603  0.242203  
0.573182  0.243506  
0.570962  0.244566  
0.56916  0.245813  
0.567413  0.246759  
0.565417  0.248126  
0.563961  0.24908  
0.562566  0.25001  
0.250018  0.500021  
0.248773  0.501265  
0.247532  0.502516  
0.246262  0.503805  
0.245024  0.505058  
0.243773  0.50634  
0.242533  0.507604  
0.241341  0.50883  
0.240067  0.510114  
0.238823  0.511602  
0.237636  0.51265  
0.236204  0.514106  
0.235132  0.515197  
0.233816  0.516576  
0.232607  0.517887  
0.231434  0.519148  
0.230103  0.520522  
0.228952  0.521742  
0.227793  0.523163  
0.226431  0.524284  
0.225219  0.525718  
0.224136  0.527046  
0.222691  0.528357  
0.221341  0.529855  
0.220216  0.530869  
0.2189  0.532308  
0.21796  0.533496  
0.21676  0.534916  
0.215397  0.536464  
0.214173  0.537512  
0.213089  0.538624  
0.211443  0.540322  
0.210296  0.541602  
0.209395  0.542855  
0.208174  0.544144  
0.206722  0.545589  
0.205569  0.546846  
0.204622  0.547857  
0.203294  0.549382  
0.201972  0.550945  
0.200822  0.552309  
0.199399  0.553721  
0.1981  0.555084  
0.196953  0.556735  
0.195757  0.557801  
0.194758  0.559217  
0.193624  0.560419  
0.192259  0.561829  
0.191093  0.563404  
0.189893  0.564631  
0.188534  0.566291  
0.187459  0.567484  
0.186234  0.568811  
0.184674  0.570435  
0.183795  0.571656  
0.182658  0.573011  
0.181086  0.574675  
0.180012  0.575999  
0.178839  0.577711  
0.177779  0.578761  
0.176536  0.5803  
0.175218  0.581633  
0.174125  0.583098  
0.172925  0.584613  
0.171777  0.586037  
0.170375  0.587441  
0.169202  0.589081  
0.16793  0.590677  
0.166584  0.592004  
0.165619  0.59344  
0.164522  0.59475  
0.163131  0.596515  
0.161853  0.597918  
0.160997  0.599429  
0.159542  0.600999  
0.158406  0.602268  
0.157335  0.603926  
0.156068  0.605497  
0.154963  0.607207  
0.153671  0.608401  
0.152572  0.610122  
0.151096  0.611738  
0.150155  0.613114  
0.148976  0.614783  
0.147654  0.616139  
0.146471  0.617812  
0.145266  0.619255  
0.144137  0.620874  
0.142692  0.62255  
0.141428  0.62416  
0.140415  0.625625  
0.139181  0.627275  
0.137955  0.628939  
0.136717  0.630489  
0.13538  0.6324  
0.13422  0.633782  
0.133165  0.63521  
0.131847  0.637036  
0.130682  0.638599  
0.129652  0.640568  
0.128235  0.64226  
0.127222  0.643722  
0.125908  0.645572  
0.124787  0.647307  
0.123554  0.64877  
0.122269  0.65061  
0.1209  0.652528  
0.119867  0.65423  
0.118664  0.655946  
0.117506  0.65756  
0.116212  0.659353  
0.114935  0.661096  
0.113681  0.66295  
0.112667  0.664796  
0.111542  0.666557  
0.11022  0.668381  
0.109012  0.670147  
0.107702  0.672057  
0.106639  0.673741  
0.105484  0.675883  
0.104227  0.677444  
0.102892  0.679336  
0.101819  0.681252  
0.100599  0.683122  
0.0993523  0.685097  
0.0980854  0.687036  
0.0968397  0.689184  
0.095725  0.691294  
0.0945359  0.69305  
0.0931273  0.695528  
0.0919751  0.69693  
0.0905944  0.699297  
0.0895098  0.701305  
0.0882016  0.703285  
0.0871208  0.704994  
0.085664  0.707857  
0.0845014  0.709679  
0.0833184  0.711513  
0.0821797  0.713572  
0.0809603  0.716026  
0.0796226  0.718118  
0.0785106  0.719993  
0.0772369  0.722354  
0.0758756  0.724965  
0.0747986  0.726652  
0.0734899  0.729061  
0.0721983  0.731575  
0.0711153  0.733868  
0.0698595  0.736227  
0.0686109  0.73836  
0.0673808  0.740598  
0.0660697  0.743129  
0.0648765  0.745814  
0.0636199  0.748369  
0.0626799  0.750327  
6.18763e-006  1.00186  
1.48582e-006  1.00201  
