0.999817  9.1707e-005  
0.990128  0.00494812  
0.987056  0.00649295  
0.987056  0.00649295  
0.987056  0.00649295  
0.987056  0.00649295  
0.987056  0.00649295  
0.987056  0.00649295  
0.987056  0.00649295  
0.987056  0.00649295  
0.850047  0.07802  
0.848338  0.0789475  
0.839914  0.0835318  
0.832007  0.0878557  
0.824346  0.0920653  
0.816604  0.0963392  
0.80902  0.100545  
0.801489  0.104741  
0.798644  0.106331  
0.798644  0.106331  
0.798644  0.106331  
0.798644  0.106331  
0.798644  0.106331  
0.798644  0.106331  
0.665889  0.18398  
0.660415  0.187392  
0.654322  0.1912  
0.648205  0.194888  
0.642339  0.198566  
0.636389  0.20226  
0.630522  0.205961  
0.624664  0.209643  
0.618956  0.213265  
0.613231  0.216912  
0.612211  0.217561  
0.612211  0.217561  
0.612211  0.217561  
0.612211  0.217561  
0.483905  0.304367  
0.483905  0.304367  
0.483905  0.304367  
0.483905  0.304367  
0.483905  0.304367  
0.483905  0.304367  
0.483112  0.304938  
0.478397  0.308337  
0.473616  0.311802  
0.46892  0.315224  
0.46422  0.318664  
0.459554  0.322096  
0.454911  0.325535  
0.450321  0.32894  
0.445743  0.332368  
0.441202  0.335771  
0.436655  0.339201  
0.432162  0.342618  
0.42847  0.345424  
0.42847  0.345424  
0.42847  0.345424  
0.42847  0.345424  
0.42847  0.345424  
0.42847  0.345424  
0.42847  0.345424  
0.42847  0.345424  
0.305595  0.447194  
0.305595  0.447194  
0.305595  0.447194  
0.305595  0.447194  
0.305595  0.447194  
0.305595  0.447194  
0.305595  0.447194  
0.305595  0.447194  
0.305595  0.447194  
0.305595  0.447194  
0.305595  0.447194  
0.305595  0.447194  
0.302505  0.449996  
0.298593  0.453563  
0.294694  0.457143  
0.290792  0.460749  
0.286903  0.464383  
0.283055  0.467971  
0.279164  0.47164  
0.275374  0.475242  
0.271538  0.478908  
0.267669  0.482635  
0.263845  0.486344  
0.260089  0.49002  
0.256261  0.493778  
0.25255  0.497463  
0.249076  0.500924  
0.249076  0.500924  
0.249076  0.500924  
0.134302  0.633527  
0.134302  0.633527  
0.134302  0.633527  
0.134302  0.633527  
0.134302  0.633527  
0.134302  0.633527  
0.134302  0.633527  
0.134302  0.633527  
0.134302  0.633527  
0.134302  0.633527  
0.134302  0.633527  
0.134302  0.633527  
0.134302  0.633527  
0.131369  0.637551  
0.127747  0.642582  
0.124112  0.647705  
0.120473  0.652907  
0.116832  0.658198  
0.113196  0.663557  
0.109552  0.66903  
0.105898  0.674581  
0.102233  0.680264  
0.0985737  0.686036  
0.0948953  0.691949  
0.0912105  0.698015  
0.0875214  0.704162  
0.0838154  0.710512  
0.0801049  0.716972  
0.0792483  0.718529  
3.21962e-008  1.04462  
3.13925e-008  1.04462  
