0.992689  0.282671  
0.962849  0.312455  
0.92692  0.336024  
0.926919  0.336027  
0.891373  0.363114  
0.891372  0.363121  
0.8591  0.397356  
0.859035  0.398769  
0.822341  0.429325  
0.822087  0.431496  
0.774826  0.452767  
0.727335  0.479503  
0.629165  0.548088  
0.629165  0.548088  
0.580334  0.596373  
0.580334  0.596373  
0.51246  0.629341  
0.448992  0.686677  
0.363656  0.739629  
0.363616  0.739688  
0.259827  0.819265  
0.25978  0.819268  
0.259781  0.819268  
0.259798  0.819267  
0.259796  0.819267  
0.25961  0.819684  
0.257399  0.933564  
0.245763  0.945834  
0.235134  0.952802  
0.231744  0.955851  
0.225457  0.959402  
0.218571  0.961639  
0.213106  0.964337  
0.19923  0.969369  
0.19306  0.97102  
0.186576  0.97402  
0.174549  0.975758  
0.168152  0.977151  
0.16621  0.978276  
0.160181  0.979298  
0.147203  0.981227  
0.14113  0.982954  
0.125623  0.984678  
0.11805  0.985639  
0.114065  0.98751  
0.110116  0.987537  
0.103988  0.987631  
0.0964636  0.988496  
0.0762092  0.991225  
0.073158  0.991641  
0.0683401  0.992189  
0.0586702  0.99312  
0.0571502  0.993325  
0.049802  0.994419  
0.0427255  0.995005  
0.0389217  0.996127  
0.0356489  0.996883  
0.0289211  0.996925  
0.0198445  0.998997  
0.00309796  0.999667  
2.62102e-033  1  
