0.40743  0.355146  
0.405363  0.355476  
0.40439  0.35615  
0.403982  0.356396  
0.403214  0.357177  
0.402539  0.357726  
0.401532  0.358772  
0.40114  0.359162  
0.400602  0.360036  
0.399359  0.361009  
0.398793  0.361699  
0.398422  0.362114  
0.398085  0.362581  
0.39796  0.362669  
0.395565  0.36543  
0.395495  0.365721  
0.394922  0.366256  
0.394806  0.36657  
0.394096  0.367229  
0.393999  0.367487  
0.393831  0.367784  
0.392577  0.369317  
0.392366  0.369667  
0.390968  0.371174  
0.389936  0.37245  
0.389669  0.372889  
0.389332  0.373179  
0.389034  0.373805  
0.388223  0.374507  
0.387138  0.375833  
0.386754  0.376408  
0.386423  0.376781  
0.386018  0.377267  
0.385743  0.377618  
0.385352  0.37806  
0.384919  0.378502  
0.384579  0.379007  
0.384222  0.379412  
0.383903  0.379809  
0.383502  0.380196  
0.383343  0.380702  
0.383137  0.380946  
0.382889  0.381493  
0.382294  0.381952  
0.381772  0.382345  
0.38222  0.381976  
0.38142  0.382879  
0.380129  0.3845  
0.380482  0.384365  
0.379652  0.385165  
0.378183  0.38681  
0.377415  0.38773  
0.377098  0.388277  
0.376869  0.388665  
0.376367  0.389034  
0.375979  0.389625  
0.375793  0.389965  
0.375423  0.39026  
0.375119  0.390702  
0.374291  0.391739  
0.373759  0.392274  
0.373377  0.392721  
0.37314  0.393219  
0.372865  0.393463  
0.372381  0.394077  
0.371987  0.394496  
0.371749  0.394969  
0.37138  0.395261  
0.371011  0.395937  
0.370729  0.396365  
0.370315  0.396782  
0.369992  0.397068  
0.369602  0.397548  
0.369546  0.397687  
0.368549  0.39902  
0.368063  0.399545  
0.367863  0.399824  
0.367481  0.40035  
0.366981  0.400873  
0.366727  0.401242  
0.366567  0.401599  
0.366054  0.402135  
0.365528  0.40264  
0.365329  0.403016  
0.364892  0.403603  
0.364498  0.403968  
0.363758  0.404893  
0.363529  0.405338  
0.363103  0.405857  
0.362786  0.406224  
0.362376  0.406674  
0.362304  0.406881  
0.361943  0.407392  
0.361044  0.408582  
0.360614  0.40896  
0.3604  0.40951  
0.359965  0.409852  
0.3595  0.410495  
0.358989  0.41101  
0.358898  0.411158  
0.358328  0.411914  
0.3583  0.412068  
0.357615  0.412737  
0.357378  0.413188  
0.357072  0.413698  
0.356687  0.414011  
0.356466  0.414365  
0.355876  0.415043  
0.355524  0.415518  
0.35521  0.415995  
0.354975  0.416314  
0.354121  0.417403  
0.35365  0.417883  
0.353307  0.418339  
0.353036  0.418792  
0.352561  0.419332  
0.352359  0.419584  
0.351904  0.4201  
0.351537  0.420687  
0.351122  0.421259  
0.350767  0.421713  
0.350497  0.422075  
0.350161  0.42242  
0.349859  0.4229  
0.349345  0.423529  
0.348995  0.423975  
0.348699  0.424528  
0.348445  0.42487  
0.347885  0.425409  
0.347444  0.425901  
0.347175  0.426344  
0.346664  0.426966  
0.346302  0.427357  
0.346063  0.427862  
0.345717  0.42821  
0.345387  0.428752  
0.345009  0.429339  
0.34467  0.429664  
0.344157  0.430314  
0.343976  0.430619  
0.343602  0.431353  
0.343069  0.431724  
0.342811  0.432212  
0.342528  0.432599  
0.342087  0.433193  
0.341811  0.433298  
0.34137  0.434139  
0.340979  0.434614  
0.340638  0.435001  
0.340283  0.435625  
0.339741  0.436131  
0.339459  0.4366  
0.338953  0.437048  
0.338764  0.437561  
0.338537  0.437715  
0.337977  0.438533  
0.337627  0.438909  
0.337338  0.439308  
0.336916  0.439831  
0.336511  0.440428  
0.336209  0.44085  
0.335882  0.441434  
0.335397  0.441892  
0.335065  0.442459  
0.334653  0.442925  
0.334433  0.443411  
0.33392  0.443898  
0.333827  0.444181  
0.333117  0.444898  
0.332752  0.445424  
0.332411  0.44591  
0.331965  0.446386  
0.331715  0.446873  
0.331395  0.447409  
0.330963  0.447846  
0.330595  0.448369  
0.330294  0.448735  
0.32995  0.449279  
0.329479  0.449717  
0.328975  0.45044  
0.328723  0.4508  
0.328332  0.451414  
0.327976  0.451847  
0.327724  0.452414  
0.3272  0.452876  
0.32686  0.453456  
0.326497  0.454016  
0.326339  0.454419  
0.325775  0.454939  
0.325439  0.455504  
0.325148  0.4557  
0.324668  0.45628  
0.324306  0.45692  
0.323978  0.457421  
0.323638  0.457898  
0.323205  0.458335  
0.322881  0.458991  
0.322489  0.459405  
0.322082  0.460029  
0.321794  0.460644  
0.321275  0.461083  
0.320789  0.46163  
0.320623  0.461799  
0.320179  0.462628  
0.319656  0.463132  
0.319184  0.463677  
0.318942  0.464133  
0.318617  0.464453  
0.318184  0.46508  
0.317929  0.465489  
0.317354  0.466304  
0.317043  0.466827  
0.316802  0.467117  
0.316355  0.467787  
0.315922  0.468284  
0.315478  0.468712  
0.315287  0.469081  
0.314725  0.469914  
0.314512  0.470506  
0.314111  0.470785  
0.313659  0.471474  
0.313201  0.471983  
0.313001  0.472598  
0.312592  0.473056  
0.312048  0.473578  
0.311725  0.474073  
0.311503  0.47439  
0.311072  0.475172  
0.310593  0.475499  
0.310464  0.476396  
0.310128  0.47672  
0.309605  0.477257  
0.309074  0.477923  
0.308827  0.478082  
0.30839  0.478773  
0.307902  0.479499  
0.30757  0.479957  
0.307388  0.480413  
0.306862  0.481219  
0.306419  0.48168  
0.306002  0.482027  
0.305684  0.482579  
0.305119  0.483231  
0.304888  0.483741  
0.30445  0.484201  
0.304079  0.484616  
0.303723  0.485138  
0.303222  0.486023  
0.302934  0.486246  
0.302646  0.487191  
0.302124  0.487412  
0.301807  0.488298  
0.301343  0.488696  
0.301095  0.48941  
0.300456  0.489974  
0.300275  0.490519  
0.300015  0.490775  
0.299235  0.491531  
0.29895  0.492165  
0.29894  0.492559  
0.298467  0.49305  
0.29809  0.494122  
0.297763  0.494604  
0.297428  0.495029  
0.296642  0.495239  
0.296626  0.495879  
0.295771  0.496572  
0.295382  0.497297  
0.295375  0.497529  
0.2948  0.498565  
0.294567  0.498777  
0.294032  0.499227  
0.293875  0.500022  
0.293315  0.500658  
0.292938  0.501631  
0.292311  0.502811  
0.291977  0.503272  
0.291513  0.504651  
0.291373  0.505529  
0.290548  0.505589  
0.290082  0.50656  
0.289272  0.507694  
0.288798  0.509227  
0.286927  0.511643  
0.286708  0.512485  
0.286307  0.513347  
0.285774  0.514825  
0.285074  0.515745  
0.284322  0.516551  
0.284069  0.517189  
0.283468  0.518522  
0.282211  0.520129  
0.282078  0.521389  
0.280854  0.523432  
0.280066  0.526164  
0.279865  0.528704  
0.279575  0.529368  
0.279455  0.530265  
0.2787  0.531605  
0.276821  0.531625  
0.276251  0.532944  
0.275531  0.537438  
0.274467  0.537704  
0.273195  0.538542  
0.272048  0.539542  
0.27094  0.540005  
0.269451  0.54127  
0.268707  0.541578  
0.267402  0.542428  
0.266921  0.542857  
0.265872  0.543544  
0.263297  0.545816  
0.262236  0.547208  
0.261801  0.547342  
0.261005  0.548164  
0.260722  0.548677  
0.260278  0.549737  
0.259242  0.550179  
0.258884  0.550958  
0.258687  0.551449  
0.258232  0.551911  
0.257717  0.552385  
0.257238  0.552818  
0.256921  0.553593  
0.256238  0.554034  
0.255811  0.554921  
0.255206  0.555255  
0.254673  0.555986  
0.254407  0.55646  
0.253856  0.557033  
0.253496  0.557554  
0.252872  0.558422  
0.252643  0.558932  
0.252212  0.559924  
0.251708  0.560446  
0.251179  0.561087  
0.250742  0.561848  
0.250544  0.562542  
0.249924  0.56308  
0.249568  0.563827  
0.248963  0.564383  
0.248686  0.565044  
0.248123  0.565495  
0.247511  0.566387  
0.247313  0.566591  
0.246893  0.567791  
0.246395  0.568243  
0.245812  0.568991  
0.245351  0.569617  
0.245114  0.570115  
0.244621  0.571046  
0.244141  0.571743  
0.243726  0.572165  
0.243036  0.573185  
0.242802  0.573572  
0.242229  0.574739  
0.241766  0.575225  
0.241289  0.575917  
0.240951  0.576563  
0.240516  0.577498  
0.239997  0.577827  
0.239594  0.578734  
0.239063  0.579349  
0.238692  0.579958  
0.23801  0.580997  
0.237796  0.581482  
0.237428  0.582181  
0.237038  0.582699  
0.236529  0.583565  
0.23611  0.584121  
0.235454  0.584991  
0.234954  0.585691  
0.234679  0.586613  
0.234183  0.587209  
0.233741  0.587724  
0.233139  0.58839  
0.232785  0.589094  
0.232406  0.589558  
0.231894  0.590451  
0.2312  0.591477  
0.230714  0.591922  
0.230507  0.592595  
0.229992  0.593328  
0.229518  0.594305  
0.229124  0.594672  
0.228304  0.595974  
0.228034  0.596397  
0.227543  0.597185  
0.226872  0.598148  
0.226701  0.598888  
0.226178  0.59922  
0.225569  0.600177  
0.225316  0.600488  
0.224502  0.601576  
0.224346  0.60217  
0.223897  0.602779  
0.223349  0.603397  
0.222865  0.60413  
0.222434  0.605009  
0.221755  0.606008  
0.221284  0.606579  
0.220874  0.607271  
0.220555  0.608135  
0.219982  0.608745  
0.219409  0.609448  
0.218919  0.610399  
0.218597  0.611041  
0.218113  0.611861  
0.217574  0.612388  
0.21717  0.613408  
0.21658  0.614128  
0.216038  0.614852  
0.215616  0.615683  
0.215057  0.616407  
0.214527  0.617277  
0.21401  0.618134  
0.21358  0.618732  
0.213179  0.619433  
0.212638  0.620456  
0.212225  0.621034  
0.211623  0.621881  
0.211167  0.62248  
0.210767  0.623067  
0.209996  0.624334  
0.209614  0.625169  
0.209264  0.62555  
0.208774  0.626453  
0.208271  0.62723  
0.207753  0.628101  
0.207157  0.628975  
0.2067  0.629763  
0.206225  0.630471  
0.205684  0.631352  
0.205183  0.632155  
0.20475  0.632911  
0.204282  0.633606  
0.203689  0.63486  
0.203211  0.635303  
0.202618  0.636203  
0.202231  0.637153  
0.201525  0.637924  
0.201046  0.638851  
0.200658  0.639615  
0.200083  0.640355  
0.199615  0.641214  
0.199155  0.64201  
0.19857  0.642821  
0.197971  0.643649  
0.197591  0.644623  
0.197117  0.645338  
0.196493  0.646064  
0.195904  0.647057  
0.195414  0.647629  
0.194902  0.648595  
0.194466  0.649631  
0.193817  0.650365  
0.193416  0.650988  
0.192869  0.651934  
0.192291  0.652631  
0.191774  0.653482  
0.191048  0.654704  
0.190659  0.655352  
0.190157  0.656492  
0.18961  0.657088  
0.189181  0.658005  
0.188433  0.658935  
0.188152  0.659505  
0.187641  0.66033  
0.186964  0.661599  
0.186536  0.662562  
0.185956  0.663248  
0.185361  0.663987  
0.184974  0.665228  
0.18424  0.665879  
0.183729  0.667036  
0.183113  0.668364  
0.182554  0.668825  
0.182206  0.669429  
0.181399  0.671136  
0.181014  0.671986  
0.180276  0.673173  
0.180161  0.673978  
0.17962  0.675411  
0.178887  0.675698  
0.178474  0.677503  
0.177683  0.678325  
0.177366  0.678906  
0.176707  0.681114  
0.176214  0.681683  
0.175821  0.683071  
0.175202  0.684307  
0.174622  0.686626  
0.17423  0.686927  
0.173627  0.689259  
0.172942  0.690967  
0.172437  0.692479  
0.171811  0.693223  
0.171447  0.693975  
0.170133  0.697339  
0.169298  0.699682  
0.168731  0.702251  
0.168091  0.703005  
0.166555  0.704827  
0.166291  0.705193  
0.165349  0.706236  
0.165053  0.706604  
0.164125  0.708046  
0.162451  0.708372  
0.161581  0.711736  
0.159937  0.711954  
0.159055  0.715988  
0.158513  0.718782  
0.157867  0.720055  
0.157147  0.722889  
0.156299  0.725692  
0.156009  0.728951  
0.155522  0.729343  
0.154965  0.736591  
0.154469  0.74892  
0.154252  0.760196  
0.154204  0.90585  
0.153055  1.21168  
0.151985  1.21793  
0.150501  2.77764  
