1.15155  1.78736  0.000171906  
2.4456  0.000861767  0.000273859  
0.0200277  2.79883  0.000346567  
0.828682  0.826996  0.0141571  
0.00188358  3.44108  0.000528569  
1.00682  0.121815  0.014947  
0.510303  1.1238  0.0251958  
0.823641  0.821272  0.0221938  
0.0343792  1.22201  0.0209041  
0.918001  0.580435  0.0219511  
0.643398  0.955902  0.0373746  
1.00295  0.0953601  0.0506626  
0.756421  0.75786  0.0564234  
0.318388  1.04847  0.0484526  
1.00277  0.0952249  0.0537535  
0.616435  0.933374  0.07623  
1.00273  0.0959127  0.055526  
0.902137  0.563627  0.0804973  
0.727989  0.726988  0.0618795  
0.59237  0.920773  0.0824622  
1.00036  0.0729449  0.066919  
0.88587  0.537011  0.0807422  
0.526472  0.878063  0.0993409  
0.0694419  0.999497  0.0777085  
0.288164  1.04047  0.058505  
1.00253  0.0951703  0.0574889  
0.20226  1.01989  0.0620872  
1.00377  0.0951306  0.0336232  
1.00156  0.0837731  0.0591984  
0.718532  0.719301  0.130421  
0.519502  0.874272  0.105175  
0.999509  0.0869297  0.0921684  
0.997039  0.094545  0.119607  
0.879381  0.529531  0.13297  
0.716767  0.718034  0.133291  
0.508335  0.866132  0.121592  
0.0522131  0.99452  0.116964  
0.203457  1.01886  0.0634451  
0.00111296  2.23837  0.000641671  
0.877063  0.526747  0.139052  
0.715672  0.716904  0.137706  
0.0674156  1.00009  0.0652679  
0.0342302  1.21802  0.0314565  
2.69329  0.00012455  0.000118647  
1.00394  0.0933619  0.0368893  
1.00038  0.0732855  0.0660864  
0.873302  0.521751  0.144214  
0.869473  0.521057  0.167524  
0.508109  0.862206  0.173024  
1.21702  0.0432187  0.0336897  
0.507684  0.861664  0.173465  
0.0771096  0.989462  0.16366  
0.993727  0.0824899  0.137364  
0.856481  0.50492  0.21276  
0.506462  0.857536  0.202764  
0.0730818  0.992829  0.140312  
0.0518844  0.995719  0.106779  
0.999823  0.0724431  0.0737634  
0.9976  0.0883171  0.110634  
0.991845  0.0725104  0.146018  
0.857834  0.50568  0.205036  
0.854179  0.504458  0.21808  
0.987703  0.100289  0.187338  
0.977935  0.0835969  0.224391  
0.701513  0.702675  0.245297  
0.505371  0.850114  0.250659  
0.509379  0.856224  0.226909  
0.0685212  0.991559  0.147771  
0.0502953  0.994864  0.113451  
1.21592  0.0197991  0.0483291  
0.98443  0.0843219  0.194487  
0.976337  0.0824656  0.231649  
0.49978  0.845933  0.265321  
0.0730657  0.990245  0.158224  
1.99824  0.000124773  0.000387611  
1.21591  0.0197987  0.0487673  
0.996963  0.100616  0.124333  
0.983843  0.0837964  0.198057  
0.693298  0.692705  0.307433  
0.503641  0.839726  0.313341  
0.11052  0.977226  0.237845  
0.0922133  0.983843  0.201022  
0.0537645  0.994135  0.121398  
0.999513  0.0811158  0.0853435  
0.994572  0.0787341  0.12945  
0.990501  0.101396  0.172197  
0.974643  0.107994  0.250109  
0.965419  0.0955345  0.276839  
0.851841  0.519166  0.306041  
0.491811  0.831014  0.321526  
0.499145  0.841638  0.287543  
0.0549165  0.994035  0.121568  
0.0764893  0.99907  0.0865704  
0.9885  0.086329  0.173507  
0.980345  0.100702  0.222766  
0.968946  0.0931701  0.263038  
0.957484  0.10485  0.305604  
0.843964  0.519805  0.338532  
0.678717  0.678509  0.340794  
0.676301  0.677093  0.361488  
0.124618  0.962222  0.299741  
0.114865  0.974384  0.252419  
0.108442  0.981134  0.220739  
0.0776647  0.987833  0.174087  
0.998416  0.0762163  0.0950844  
0.99365  0.0795726  0.137845  
0.967472  0.0832358  0.267181  
0.954001  0.086315  0.311565  
0.940232  0.0968555  0.355035  
0.820755  0.498111  0.389721  
0.495363  0.81779  0.385097  
0.487269  0.822762  0.346529  
0.11354  0.95518  0.317592  
0.118909  0.969359  0.272442  
0.105682  0.978485  0.230036  
0.0691676  0.992538  0.140743  
0.0652943  0.997614  0.0933774  
1.21577  0.01979  0.0596094  
0.983944  0.0843816  0.1968  
0.975209  0.0931706  0.240267  
0.949743  0.093527  0.326479  
0.935303  0.0996561  0.368676  
0.668178  0.666274  0.434215  
0.670788  0.671889  0.398866  
0.485238  0.806935  0.40682  
0.101619  0.93537  0.367194  
0.131699  0.952654  0.333504  
0.100327  0.986019  0.193242  
0.0652274  0.997613  0.096476  
1.90013  4.32288e-005  0.000468412  
0.990837  0.0796598  0.155721  
0.971526  0.0966246  0.256113  
0.959526  0.0885539  0.295433  
0.947144  0.100392  0.336488  
0.928934  0.123878  0.389515  
0.811766  0.494001  0.413337  
0.792077  0.475991  0.447947  
0.48086  0.791223  0.45745  
0.126389  0.928588  0.392038  
0.12058  0.945701  0.347798  
0.0762334  0.990676  0.154887  
0.918903  0.094848  0.406024  
0.79891  0.482086  0.432165  
0.784394  0.475151  0.472703  
0.651467  0.651311  0.506616  
0.483047  0.791193  0.466296  
0.492838  0.801089  0.444785  
0.151835  0.909504  0.443628  
0.148795  0.943183  0.365367  
0.122153  0.971314  0.267609  
0.10316  0.982201  0.214847  
0.0460683  0.995369  0.107082  
1.21421  0.0189173  0.0681154  
0.947251  0.0930729  0.333854  
0.932444  0.124611  0.382775  
0.90942  0.0961053  0.426749  
0.886105  0.0823833  0.471291  
0.785471  0.472977  0.466917  
0.774123  0.474296  0.505036  
0.768614  0.48331  0.542654  
0.631579  0.629604  0.519074  
0.48768  0.767  0.542256  
0.479781  0.780708  0.491393  
0.157527  0.915033  0.43497  
0.115075  0.931387  0.381521  
0.0933103  0.947013  0.333556  
0.122735  0.967074  0.282103  
0.942442  0.102718  0.349693  
0.922558  0.118788  0.403544  
0.903597  0.0925663  0.43838  
0.875985  0.0926065  0.490491  
0.758752  0.487649  0.564116  
0.629465  0.630434  0.541819  
0.491065  0.761743  0.560159  
0.485078  0.77381  0.529718  
0.211523  0.891124  0.498798  
0.137177  0.945618  0.351659  
0.936342  0.0888155  0.361331  
0.909458  0.0872029  0.424502  
0.866137  0.106587  0.511958  
0.834736  0.0839083  0.55696  
0.745359  0.501162  0.617784  
0.490234  0.735798  0.63561  
0.518499  0.758934  0.608558  
0.264327  0.863957  0.568289  
0.241274  0.883612  0.527255  
0.18274  0.899892  0.473765  
0.147231  0.922055  0.414746  
0.0568314  0.993724  0.126178  
0.0187704  1.22469  0.086729  
1.88463  9.98412e-005  0.000580581  
1.21283  0.00397768  0.0860315  
0.968093  0.0934491  0.266306  
0.927652  0.122502  0.394455  
0.848576  0.117413  0.542247  
0.815876  0.0749157  0.583209  
0.728028  0.503637  0.68235  
0.715718  0.121089  0.709335  
0.521375  0.71647  0.705498  
0.495885  0.731203  0.64039  
0.292828  0.849611  0.608684  
0.270481  0.873518  0.557171  
0.157827  0.906079  0.450613  
0.0983783  0.982671  0.208916  
0.0691307  0.992969  0.136697  
0.0388233  1.21641  0.0870963  
0.93832  0.100914  0.360081  
0.912499  0.0844153  0.417545  
0.85404  0.0773353  0.526218  
0.828651  0.119466  0.572288  
0.796046  0.0878021  0.611946  
0.769912  0.157409  0.656197  
0.738967  0.101  0.681195  
0.680105  0.472394  0.728806  
0.660342  0.100656  0.757512  
0.625809  0.628418  0.733883  
0.546627  0.712625  0.768637  
0.378202  0.821354  0.678997  
0.357455  0.838607  0.644288  
0.273013  0.858041  0.58433  
0.250953  0.879313  0.534745  
0.18395  0.896539  0.480395  
0.12673  0.943266  0.355419  
0.115881  0.963873  0.290795  
0.10042  0.981522  0.215589  
0.0400967  1.2132  0.0931429  
0.000347751  3.47957  0.000458706  
0.930185  0.118845  0.386605  
0.90093  0.123259  0.452372  
0.869078  0.103904  0.504733  
0.804752  0.0761283  0.598137  
0.771291  0.0967671  0.644211  
0.710466  0.103652  0.711892  
0.677957  0.102704  0.742138  
0.653591  0.0998691  0.763599  
0.618883  0.434099  0.785464  
0.601993  0.119137  0.807332  
0.577041  0.579098  0.824189  
0.546472  0.699098  0.801811  
0.452278  0.773062  0.769781  
0.394794  0.794561  0.728653  
0.357789  0.821912  0.671737  
0.330373  0.84337  0.624787  
0.222783  0.886938  0.510669  
0.0281927  1.21522  0.0986614  
1.2111  0.0290979  0.101569  
1.19074  0.0442039  0.214179  
0.944634  0.107038  0.344169  
0.917357  0.112976  0.413627  
0.882496  0.0940117  0.48006  
0.848737  0.0956517  0.538037  
0.813485  0.0972999  0.58991  
0.778317  0.0951467  0.635586  
0.743621  0.0834936  0.673771  
0.68018  0.115  0.741547  
0.649722  0.110847  0.767685  
0.596017  0.139518  0.814277  
0.569626  0.412128  0.824433  
0.542569  0.553263  0.846124  
0.520473  0.530108  0.858633  
0.502777  0.351122  0.864886  
0.475797  0.737152  0.816577  
0.443242  0.776806  0.765967  
0.234775  0.879707  0.534536  
0.195642  0.894132  0.486586  
0.032735  1.21461  0.108704  
1.20962  0.00836525  0.116932  
1.18758  0.0101464  0.236376  
0.86482  0.0977109  0.512063  
0.825031  0.107881  0.575446  
0.786194  0.120705  0.629073  
0.646198  0.138118  0.774955  
0.611392  0.0910702  0.796664  
0.583879  0.408915  0.814519  
0.55949  0.126867  0.838215  
0.532345  0.0941401  0.852096  
0.476145  0.481022  0.878394  
0.46525  0.0584765  0.887003  
0.442754  0.618284  0.89698  
0.426932  0.306865  0.904536  
0.384142  0.81326  0.696359  
0.349064  0.833095  0.785662  
0.186795  0.894762  0.483699  
0.122098  0.93482  0.375024  
0.093019  0.986184  0.188794  
1.20751  0.00431793  0.12881  
1.18073  0.00478317  0.24257  
0.881287  0.113354  0.485555  
0.836832  0.102006  0.556748  
0.795082  0.0943938  0.613872  
0.754142  0.112799  0.66681  
0.666597  0.0876505  0.750467  
0.635791  0.0830629  0.776266  
0.606702  0.121302  0.803675  
0.569773  0.117861  0.829873  
0.544868  0.0880333  0.842932  
0.515653  0.36976  0.862795  
0.440766  0.435083  0.897189  
0.411572  0.502443  0.911672  
0.393534  0.282004  0.919922  
0.378455  0.639591  0.926406  
0.363848  0.516783  0.932507  
0.351474  0.494487  0.93736  
0.313464  0.834816  0.892855  
0.253051  0.866695  0.741434  
0.218823  0.887158  0.510293  
0.123134  0.952723  0.327863  
0.088882  0.986852  0.186021  
1.20715  0.0125006  0.136109  
1.16832  0.032762  0.287771  
0.906409  0.107405  0.435207  
0.758608  0.108637  0.661054  
0.627421  0.112505  0.787375  
0.590925  0.125699  0.817187  
0.526696  0.126869  0.859188  
0.494824  0.0957661  0.874312  
0.472095  0.0504119  0.883034  
0.440821  0.0792323  0.90135  
0.406053  0.07782  0.917412  
0.382402  0.267897  0.925063  
0.37164  0.265108  0.930174  
0.353952  0.252645  0.935077  
0.341447  0.483655  0.940116  
0.328801  0.460904  0.943932  
0.315356  0.604804  0.948757  
0.304112  0.564305  0.953055  
0.291156  0.290336  0.956536  
0.281077  0.841924  0.942915  
0.245189  0.872398  0.870918  
0.203073  0.892704  0.491937  
0.180168  0.902567  0.46555  
0.120414  0.958247  0.308986  
0.0320869  1.21136  0.141988  
1.2011  0.0145834  0.169367  
1.15456  0.0481716  0.325432  
0.876375  0.0916583  0.49093  
0.815295  0.0886339  0.585818  
0.663669  0.106866  0.756112  
0.577851  0.0642805  0.818728  
0.537264  0.0886046  0.848144  
0.505338  0.0810917  0.866986  
0.449026  0.0937879  0.898356  
0.427235  0.135743  0.914381  
0.395  0.280275  0.919623  
0.340546  0.345225  0.941932  
0.329763  0.326869  0.947834  
0.312417  0.387734  0.949809  
0.300597  0.417854  0.953786  
0.278819  0.346833  0.960874  
0.268935  0.272713  0.963291  
0.258845  0.57788  0.965919  
0.250687  0.353366  0.96835  
0.242584  0.57376  0.969885  
0.234405  0.670794  0.972057  
0.115451  0.898207  0.681911  
0.0963055  0.925683  0.661311  
0.0855791  0.987257  0.180635  
0.031901  1.20343  0.170451  
1.12857  0.0089099  0.374671  
0.699689  0.13057  0.726716  
0.552146  0.0862112  0.838413  
0.520233  0.127956  0.863999  
0.480846  0.0962012  0.882083  
0.393139  0.0672737  0.921874  
0.347423  0.0606226  0.939564  
0.333769  0.2464  0.946312  
0.313647  0.0650339  0.951769  
0.301303  0.218851  0.954598  
0.286978  0.288087  0.958945  
0.273317  0.271545  0.962104  
0.261838  0.315388  0.964744  
0.239867  0.34559  0.971053  
0.233101  0.280435  0.972281  
0.223826  0.420661  0.974937  
0.21593  0.402818  0.976279  
0.208875  0.568645  0.978104  
0.201734  0.467471  0.979438  
0.195854  0.402897  0.980623  
0.189966  0.390571  0.98177  
0.0704393  0.894661  0.77505  
0.0885129  0.954765  0.625184  
0.0533019  0.994205  0.120625  
1.18769  0.00439945  0.234351  
1.09597  0.0212029  0.435861  
0.532223  0.128243  0.855951  
0.4866  0.0531886  0.875124  
0.38335  0.0633876  0.925952  
0.352504  0.0502002  0.937179  
0.333978  0.102345  0.948436  
0.281069  0.199412  0.961569  
0.265985  0.196301  0.9673  
0.254121  0.179061  0.968078  
0.239225  0.237012  0.971512  
0.23103  0.173409  0.975498  
0.221338  0.154671  0.975592  
0.209859  0.295641  0.978476  
0.203616  0.246053  0.979048  
0.196029  0.198701  0.980661  
0.187414  0.327594  0.982285  
0.179952  0.255453  0.983621  
0.175264  0.434111  0.98445  
0.16998  0.237987  0.98543  
0.158097  0.37292  0.987308  
0.154012  0.406235  0.988049  
0.149696  0.643127  0.988734  
0.0868262  0.898634  0.679752  
0.0259459  1.19812  0.230986  
1.1689  0.00422325  0.281185  
1.05062  0.0144554  0.516206  
0.902969  0.0181421  0.6782  
0.772403  0.0549207  0.778085  
0.364877  0.0592053  0.932846  
0.342616  0.0728222  0.942241  
0.291835  0.0453991  0.957584  
0.270072  0.0857086  0.966481  
0.24052  0.0567154  0.972248  
0.227769  0.0677329  0.976112  
0.217346  0.0585632  0.977894  
0.201032  0.142967  0.980401  
0.193483  0.189502  0.982607  
0.183892  0.183784  0.982831  
0.177751  0.178344  0.984268  
0.16904  0.121229  0.985974  
0.163419  0.162292  0.986498  
0.157822  0.160419  0.987399  
0.150416  0.153132  0.988727  
0.145921  0.227775  0.989301  
0.140378  0.14101  0.99008  
0.136209  0.35304  0.990768  
0.131882  0.315588  0.991398  
0.128022  0.41223  0.991719  
0.123762  0.226438  0.992349  
0.118803  0.244669  0.992883  
0.115922  0.362506  0.993302  
0.113501  0.658968  0.993597  
0.0784311  0.909333  0.678254  
0.0193765  1.17877  0.256424  
0.974532  0.0128485  0.611213  
0.633782  0.00424212  0.857476  
0.428092  0.0530882  0.905316  
0.379042  0.0511163  0.926852  
0.351646  0.0677782  0.938625  
0.318247  0.0833187  0.95164  
0.277342  0.0569569  0.962445  
0.25654  0.0592011  0.968416  
0.233571  0.0285728  0.972729  
0.225736  0.0622385  0.976118  
0.20939  0.0542117  0.979391  
0.188788  0.0493934  0.983339  
0.17106  0.0244259  0.985555  
0.15123  0.11546  0.989781  
0.146019  0.0312891  0.989806  
0.133426  0.0356605  0.99168  
0.129359  0.158658  0.991904  
0.123864  0.17302  0.992616  
0.117965  0.143402  0.993341  
0.114197  0.161043  0.993459  
0.110363  0.109888  0.993829  
0.105098  0.148885  0.994572  
0.102692  0.24189  0.994814  
0.0993801  0.22491  0.995085  
0.0959881  0.15176  0.995384  
0.0928123  0.190511  0.995718  
0.0898221  0.320865  0.995958  
0.0878612  0.19828  0.996115  
0.0853325  0.136299  0.99642  
0.0830156  0.264692  0.996575  
0.0808371  0.347693  0.996722  
0.0504605  0.994701  0.115421  
0.0285329  1.1649  0.326895  
0.789637  0.037529  0.76552  
0.562017  0.031579  0.888885  
0.457111  0.0320434  0.928951  
0.347689  0.0475039  0.938865  
0.252935  0.0450245  0.968593  
0.161262  0.0519704  0.988183  
0.13102  0.034622  0.991972  
0.120251  0.0559736  0.994269  
0.1087  0.027494  0.994447  
0.102981  0.0378417  0.995395  
0.0981909  0.0725808  0.995796  
0.0947941  0.0930431  0.995963  
0.0891966  0.0623891  0.996063  
0.0859587  0.0867322  0.996509  
0.0804085  0.0816234  0.99688  
0.0792266  0.0779947  0.996995  
0.0759168  0.092386  0.997145  
0.0737403  0.129229  0.997274  
0.071303  0.0864552  0.997696  
0.0685448  0.106702  0.997663  
0.0662255  0.141732  0.997838  
0.063165  0.148083  0.997988  
0.0622007  0.146716  0.99805  
0.0599918  0.184717  0.998211  
0.0586907  0.107891  0.998266  
0.0569579  0.187304  0.998426  
0.055178  0.167509  0.998504  
0.0539494  0.126056  0.998538  
0.0524869  0.222419  0.99862  
0.0511889  0.223011  0.998699  
0.0288663  0.914681  0.818976  
0.0214838  1.03628  0.538677  
0.790256  0.00344878  0.761119  
0.475608  0.0145597  0.9424  
0.319728  0.024268  0.965246  
0.122145  0.0203164  0.995151  
0.0823279  0.0240312  0.996896  
0.0633449  0.0135333  0.998724  
0.0643873  0.0346237  0.998504  
0.0523802  0.0211328  0.998843  
0.0457033  0.0151851  0.999079  
0.0428526  0.0204044  0.999288  
0.0395169  0.0490209  0.999244  
0.0370031  0.00842094  0.999353  
0.0370327  0.0374401  0.999327  
0.0347408  0.0630415  0.999426  
0.0328509  0.0661518  0.999523  
0.0303538  0.0427308  0.999546  
0.028525  0.0488585  0.999614  
0.0272032  0.0839272  0.999665  
0.0267714  0.0546252  0.999691  
0.0257795  0.0740271  0.999676  
0.0251484  0.145065  0.999719  
0.0235614  0.172993  0.999747  
0.0128434  0.945497  0.879316  
1.08735  0.000128393  0.857708  
0.0400742  0.0040935  0.999905  
0.0173242  0.00438181  0.99993  
0.0160059  0.0052571  0.999978  
0.00897115  0.0178783  0.999993  
0.00445594  0.0206952  0.999993  
0.00504248  0.00694292  0.999995  
