0.620294  0.615397  
0.62029  0.615864  
0.62029  0.616664  
0.62029  0.618074  
0.62029  0.620058  
0.62029  0.623263  
0.62029  0.625199  
0.62029  0.624821  
0.62029  0.625202  
0.62029  0.64188  
0.62029  0.65354  
0.62029  0.662421  
0.62029  0.63439  
0.62029  0.669694  
0.62029  0.762767  
0.62029  0.803607  
0.62029  0.797962  
0.62029  0.822462  
0.62029  0.870937  
0.0412085  1.00123  
0.0412156  1.00123  
0.0412101  1.00123  
0.0412024  1.00123  
0.0411999  1.00123  
0.0411851  1.00123  
