0.618995  0.442163  
0.612914  0.44483  
0.612392  0.444962  
0.601599  0.451244  
0.600557  0.451745  
0.594349  0.455861  
0.59009  0.45844  
0.585679  0.460027  
0.581429  0.462764  
0.576939  0.466502  
0.576847  0.467632  
0.576773  0.468223  
0.562789  0.470196  
0.561371  0.471763  
0.561202  0.471943  
0.55796  0.475013  
0.555883  0.478064  
0.553209  0.478843  
0.552948  0.481179  
0.545338  0.483558  
0.521401  0.492976  
0.519418  0.493972  
0.514982  0.496353  
0.50813  0.498379  
0.506086  0.498576  
0.505578  0.500752  
0.504755  0.502283  
0.501188  0.504703  
0.499981  0.506374  
0.49913  0.508014  
0.498454  0.510997  
0.497929  0.512005  
0.497663  0.512439  
0.497482  0.518301  
0.497156  0.519977  
0.496082  0.523258  
0.495791  0.526064  
0.49525  0.533424  
0.495082  0.534842  
0.495031  0.539866  
0.494855  0.542431  
0.494799  0.546249  
0.49474  0.548237  
0.494557  0.552024  
0.494289  0.569865  
0.494207  0.570729  
0.494207  0.585604  
0.494155  0.594143  
0.494052  0.598629  
0.493882  0.600034  
0.408412  0.654597  
0.382631  0.65559  
0.367367  0.65562  
0.365233  0.655697  
0.360828  0.656026  
0.356158  0.656777  
0.353518  0.657179  
0.35213  0.65772  
0.349882  0.657728  
0.349006  0.658661  
0.345339  0.659289  
0.344035  0.660196  
0.341505  0.660678  
0.34001  0.663277  
0.338414  0.663549  
0.33787  0.664104  
0.336976  0.664859  
0.336037  0.666348  
0.333765  0.668302  
0.333418  0.668522  
0.331654  0.66982  
0.331434  0.670206  
0.329975  0.671081  
0.328555  0.672238  
0.327156  0.674738  
0.32634  0.675132  
0.324803  0.676773  
0.323577  0.677722  
0.322584  0.679151  
0.321879  0.680201  
0.320257  0.681096  
0.318688  0.682039  
0.317642  0.683647  
0.316343  0.684478  
0.314225  0.687389  
0.313268  0.688222  
0.31225  0.689282  
0.311502  0.690212  
0.309824  0.691067  
0.309024  0.692113  
0.307635  0.692967  
0.307179  0.693877  
0.306511  0.694735  
0.305493  0.695918  
0.303945  0.697274  
0.302896  0.698471  
0.301854  0.699157  
0.30111  0.700069  
0.299677  0.701371  
0.298449  0.702912  
0.296385  0.704515  
0.295619  0.7061  
0.29462  0.706795  
0.293282  0.707256  
0.292305  0.708771  
0.291676  0.709634  
0.290399  0.710023  
0.289532  0.71088  
0.288135  0.712936  
0.287403  0.713694  
0.285757  0.71452  
0.283805  0.716608  
0.283163  0.717849  
0.28175  0.718886  
0.280462  0.720486  
0.278068  0.72231  
0.27751  0.722602  
0.27644  0.724101  
0.27602  0.725018  
0.274756  0.726203  
0.274688  0.726893  
0.272881  0.728716  
0.271874  0.729272  
0.27125  0.730247  
0.269989  0.731036  
0.269005  0.732953  
0.267773  0.733488  
0.266978  0.734432  
0.264951  0.736015  
0.26376  0.737752  
0.262743  0.738797  
0.261658  0.739919  
0.260781  0.741173  
0.259512  0.741923  
0.258235  0.742494  
0.257147  0.744485  
0.256284  0.745092  
0.25521  0.746448  
0.254056  0.747255  
0.253056  0.749012  
0.25202  0.749572  
0.251571  0.749626  
0.249766  0.751566  
0.249636  0.751615  
0.248602  0.753189  
0.247679  0.754937  
0.245832  0.755519  
0.245291  0.756076  
0.243608  0.757928  
0.242463  0.759127  
0.241165  0.7601  
0.240852  0.760539  
0.239191  0.762169  
0.239135  0.762951  
0.237666  0.764329  
0.23694  0.764757  
0.235455  0.765905  
0.234598  0.766802  
0.234027  0.76864  
0.232638  0.769384  
0.231794  0.77091  
0.230323  0.771099  
0.229478  0.771874  
0.228408  0.772926  
0.227484  0.774106  
0.226024  0.775473  
0.225647  0.77656  
0.223928  0.777815  
0.223503  0.778268  
0.222539  0.779209  
0.221322  0.780129  
0.220598  0.781044  
0.218833  0.782801  
0.2183  0.783328  
0.216811  0.78528  
0.215921  0.785751  
0.214934  0.786717  
0.214151  0.787572  
0.212989  0.789186  
0.211717  0.790143  
0.210693  0.791443  
0.209643  0.792578  
0.209019  0.792859  
0.207887  0.794109  
0.206908  0.794951  
0.20532  0.796655  
0.204742  0.797137  
0.203781  0.798377  
0.202546  0.799094  
0.201524  0.800833  
0.200485  0.801718  
0.19949  0.802378  
0.198206  0.8038  
0.197624  0.804767  
0.196299  0.805544  
0.195761  0.806329  
0.194654  0.808214  
0.192986  0.809346  
0.192367  0.80975  
0.191544  0.810781  
0.190051  0.811966  
0.189491  0.812913  
0.188326  0.814279  
0.187075  0.814934  
0.18603  0.816346  
0.185022  0.817248  
0.184142  0.818343  
0.182763  0.819018  
0.182322  0.820852  
0.180667  0.821822  
0.178836  0.822808  
0.177507  0.825271  
0.176613  0.825393  
0.17565  0.826411  
0.17474  0.827894  
0.173955  0.829622  
0.172637  0.83053  
0.171291  0.831343  
0.170775  0.832547  
0.169281  0.834124  
0.168824  0.834545  
0.166937  0.835728  
0.166424  0.836575  
0.1654  0.8378  
0.164427  0.839472  
0.163302  0.839846  
0.162884  0.840773  
0.161606  0.842129  
0.160645  0.843291  
0.15986  0.844425  
0.158236  0.845267  
0.157435  0.845704  
0.155496  0.848243  
0.154365  0.849617  
0.153383  0.850907  
0.152  0.851908  
0.149972  0.85324  
0.149284  0.854236  
0.148031  0.856527  
0.147171  0.857113  
0.146214  0.857952  
0.144961  0.859513  
0.144326  0.859937  
0.143104  0.861667  
0.142159  0.86205  
0.141235  0.863675  
0.140011  0.865193  
0.13691  0.865834  
0.13452  0.869761  
0.133758  0.871009  
0.131853  0.871781  
0.131562  0.872199  
0.129748  0.873676  
0.128841  0.874456  
0.128204  0.87515  
0.126775  0.876982  
0.125844  0.877454  
0.12488  0.879093  
0.122647  0.880033  
0.121803  0.882171  
0.12078  0.883339  
0.120022  0.883354  
0.118008  0.885774  
0.116515  0.886347  
0.115426  0.887715  
0.114874  0.888779  
0.112952  0.889976  
0.111565  0.891968  
0.110624  0.892878  
0.108587  0.893994  
0.107037  0.895589  
0.10655  0.897071  
0.10488  0.898193  
0.103919  0.898951  
0.103047  0.899192  
0.102282  0.901407  
0.100191  0.901419  
0.0999068  0.902003  
0.0987861  0.904099  
0.0968166  0.904787  
0.0957421  0.907101  
0.094547  0.907745  
0.093707  0.90972  
0.0925076  0.911105  
0.090626  0.911899  
0.0901104  0.912352  
0.0876745  0.915663  
0.0865205  0.916517  
0.0834267  0.918303  
0.0818964  0.920105  
0.080483  0.920717  
0.0801104  0.921847  
0.078424  0.923276  
0.0776898  0.924023  
0.0762048  0.925213  
0.0752196  0.925933  
0.0742268  0.927479  
0.0732778  0.927737  
0.0724318  0.929064  
0.07198  0.929314  
0.0708047  0.930294  
0.0696841  0.93185  
0.0682788  0.932228  
0.0667928  0.934046  
0.0667061  0.934851  
0.0651454  0.935798  
0.0640571  0.93695  
0.0633699  0.937827  
0.0620422  0.939126  
0.0612106  0.939393  
0.0600963  0.940545  
0.0592457  0.941957  
0.0583244  0.943015  
0.0572247  0.943665  
0.0563641  0.945135  
0.0549819  0.946096  
0.054235  0.947202  
0.0531971  0.947576  
0.0521389  0.949101  
0.0511659  0.950626  
0.0499477  0.951084  
0.0490767  0.952586  
0.0477382  0.953769  
0.047189  0.954486  
0.0460177  0.955685  
0.0450026  0.956907  
0.0439548  0.957566  
0.042702  0.959209  
0.0415219  0.960172  
0.0407846  0.961283  
0.0389345  0.962847  
0.038461  0.963856  
0.0368928  0.964565  
0.0365682  0.965853  
0.0352695  0.966514  
0.0340963  0.967617  
0.0333369  0.968618  
0.0320353  0.969923  
0.030855  0.970769  
0.0304752  0.971259  
0.0294688  0.972793  
0.0283133  0.97355  
0.0273497  0.974911  
0.0263728  0.975949  
0.0247565  0.977196  
0.0241465  0.977957  
0.0232171  0.97896  
0.021298  0.980321  
0.0206666  0.980914  
0.0196752  0.981781  
0.0187943  0.98347  
0.0178762  0.983841  
0.0167686  0.985118  
0.0159464  0.986035  
0.0148883  0.986325  
0.0133689  0.987768  
0.0122743  0.988734  
0.0117338  0.989436  
0.00980283  0.991325  
0.0096564  0.993069  
0.00864359  0.994181  
0.00744434  0.995621  
0.00619122  0.995737  
0.00559789  0.995946  
0.00429373  0.997915  
0.00269747  0.999775  
0.0019475  1.00029  
0.00126559  1.00452  
0.00042362  1.00702  
