1  1.22125e-015  
0.950185  0.0501748  
0.950178  0.0501863  
0.90017  0.100161  
0.900169  0.100168  
0.900169  0.100163  
0.850203  0.150199  
0.850203  0.150216  
0.80016  0.20015  
0.800159  0.200153  
0.800159  0.200153  
0.750247  0.250232  
0.750232  0.250241  
0.700259  0.300243  
0.700258  0.300274  
0.700258  0.300274  
0.700258  0.300274  
0.700258  0.300274  
0.65016  0.35015  
0.650158  0.350157  
0.600113  0.400108  
0.600107  0.400114  
0.550418  0.450433  
0.500113  0.500108  
0.450142  0.550141  
0.400191  0.600181  
0.350151  0.650143  
0.35015  0.650143  
0.35015  0.650143  
0.300264  0.700252  
0.30024  0.700255  
0.250481  0.750457  
0.250442  0.750469  
0.200076  0.800073  
0.200076  0.800072  
0.150325  0.850309  
0.150316  0.85033  
0.100373  0.900351  
0.100373  0.900351  
0.100372  0.900357  
0.0502831  0.950266  
0.0502831  0.950266  
0.0502822  0.950266  
0.0502775  0.950284  
2.53661e-018  1  
