1  0.542019  
0.930091  0.553378  
0.912417  0.556308  
0.894016  0.559324  
0.878333  0.562147  
0.861082  0.564902  
0.844728  0.567757  
0.813199  0.572851  
0.798282  0.57528  
0.784017  0.577707  
0.768144  0.580545  
0.754835  0.582764  
0.742437  0.584847  
0.665459  0.598873  
0.657638  0.601363  
0.649201  0.604068  
0.64014  0.606891  
0.632089  0.609547  
0.607111  0.617813  
0.598603  0.620754  
0.582771  0.626006  
0.575468  0.628517  
0.552918  0.636246  
0.545715  0.63887  
0.538064  0.641544  
0.509871  0.651367  
0.503189  0.653526  
0.48905  0.658635  
0.48336  0.6606  
0.477065  0.662839  
0.457919  0.66973  
0.451837  0.671993  
0.445754  0.674272  
0.439875  0.676375  
0.433949  0.678548  
0.427984  0.680719  
0.416054  0.685111  
0.410757  0.687051  
0.405083  0.68921  
0.394011  0.693332  
0.388554  0.695481  
0.377519  0.699592  
0.372466  0.701565  
0.346827  0.711247  
0.341769  0.713402  
0.332132  0.717397  
0.328186  0.720231  
0.32424  0.723079  
0.320324  0.725914  
0.316349  0.728806  
0.312455  0.731653  
0.308697  0.734403  
0.304806  0.737267  
0.300939  0.740123  
0.29713  0.742947  
0.293321  0.745783  
0.289564  0.748594  
0.285792  0.751423  
0.282019  0.75426  
0.278281  0.757086  
0.274543  0.75993  
0.270912  0.762694  
0.267115  0.765591  
0.263459  0.76839  
0.259831  0.771185  
0.256152  0.774025  
0.252547  0.77682  
0.24889  0.779666  
0.245245  0.782523  
0.241604  0.78537  
0.238104  0.788126  
0.23454  0.790942  
0.230975  0.793769  
0.227377  0.796627  
0.223866  0.799429  
0.220332  0.802257  
0.216827  0.805074  
0.21334  0.807885  
0.209817  0.810736  
0.206362  0.813539  
0.202862  0.816394  
0.19938  0.819239  
0.195939  0.822062  
0.192494  0.8249  
0.188956  0.827824  
0.185624  0.830586  
0.182174  0.833459  
0.178803  0.836271  
0.175401  0.83912  
0.172  0.841979  
0.168621  0.84483  
0.165246  0.847685  
0.161879  0.850544  
0.158511  0.853414  
0.155172  0.856274  
0.15184  0.859128  
0.148492  0.862009  
0.145146  0.864909  
0.141828  0.867785  
0.138519  0.870647  
0.135207  0.873536  
0.131904  0.876426  
0.128547  0.879373  
0.125317  0.882222  
0.122027  0.885125  
0.118745  0.888034  
0.115468  0.890949  
0.11215  0.89391  
0.108891  0.896828  
0.105647  0.899742  
0.102403  0.902666  
0.0991679  0.905593  
0.0959044  0.908551  
0.0926757  0.911489  
0.0894494  0.914435  
0.0862012  0.91741  
0.0829897  0.920361  
0.0797563  0.923341  
0.0765447  0.926312  
0.0733345  0.929291  
0.0701039  0.932299  
0.0669085  0.935281  
0.0636861  0.9383  
0.0604846  0.941308  
0.0573007  0.94431  
0.0540918  0.947345  
0.0508975  0.950376  
0.0476943  0.953425  
0.0445233  0.956454  
0.0413228  0.959519  
0.0381451  0.962573  
0.0349583  0.965646  
0.0317722  0.968727  
0.0285957  0.971809  
0.0254149  0.974905  
0.0222359  0.97801  
0.0190572  0.981123  
0.0158785  0.984247  
0.0127002  0.98738  
0.00952043  0.990525  
0.0063424  0.993678  
0.00316398  0.996841  
5.65566e-005  0.999944  
