0.972004  0.296268  
0.972003  0.296268  
0.972004  0.296267  
0.972004  0.296268  
0.972005  0.296267  
0.972003  0.296268  
0.972004  0.296268  
0.971995  0.296296  
0.971996  0.29629  
0.971997  0.296284  
0.893682  0.358407  
0.893681  0.358416  
0.893682  0.35841  
0.893681  0.358421  
0.893682  0.358411  
0.812519  0.416907  
0.812518  0.416909  
0.812518  0.416909  
0.729986  0.47358  
0.651286  0.535133  
0.567549  0.59023  
0.486989  0.649468  
0.414445  0.718654  
0.326701  0.769005  
0.248692  0.831435  
0.248696  0.831432  
0.248325  0.831905  
0.166957  0.889235  
0.166955  0.889235  
0.166777  0.889696  
0.0879364  0.95048  
0.00275452  1.00373  
0.00275439  1.00373  
0.0027546  1.00373  
0.0027541  1.00374  
0.00275454  1.00373  
0.00275419  1.00374  
0.00275448  1.00373  
0.00275406  1.00374  
0.00275393  1.00374  
6.01415e-006  1.11741  
