1.15044  0.125004  
1.08457  0.125004  
1.07057  0.125004  
1.04857  0.125004  
1.03421  0.125004  
1.00642  0.125005  
1.00063  0.12529  
1.0001  0.126187  
0.994009  0.13262  
0.987519  0.138616  
0.985897  0.142232  
0.980017  0.148102  
0.977949  0.148134  
0.977412  0.149706  
0.972454  0.153631  
0.971436  0.154429  
0.971089  0.157191  
0.968583  0.158225  
0.961776  0.164742  
0.964726  0.163597  
0.959333  0.167023  
0.958367  0.168841  
0.95472  0.172075  
0.951107  0.175864  
0.949176  0.176877  
0.947888  0.178355  
0.946477  0.181197  
0.942825  0.185356  
0.941844  0.185708  
0.938002  0.188933  
0.933003  0.19273  
0.932405  0.19409  
0.930862  0.195736  
0.928701  0.19823  
0.92841  0.199703  
0.924563  0.202133  
0.922388  0.203657  
0.921029  0.206078  
0.919385  0.207237  
0.914503  0.211534  
0.913824  0.212797  
0.910929  0.215086  
0.910355  0.216449  
0.907562  0.21873  
0.90662  0.22003  
0.905147  0.222215  
0.903079  0.223399  
0.899996  0.226723  
0.896871  0.228726  
0.895656  0.230382  
0.892802  0.233243  
0.889895  0.237425  
0.884793  0.24077  
0.88121  0.24516  
0.880468  0.245749  
0.877627  0.2483  
0.876222  0.249556  
0.871161  0.254599  
0.869067  0.256835  
0.868437  0.257752  
0.864809  0.260353  
0.864393  0.261176  
0.864195  0.262866  
0.860721  0.266374  
0.857932  0.268584  
0.856726  0.270054  
0.854932  0.27095  
0.853911  0.273062  
0.851204  0.275035  
0.849718  0.277211  
0.849142  0.278592  
0.844891  0.281147  
0.843336  0.282542  
0.842715  0.284041  
0.839809  0.286309  
0.838607  0.288128  
0.836407  0.289846  
0.833926  0.291716  
0.832241  0.29406  
0.828412  0.297615  
0.826598  0.298969  
0.822851  0.303462  
0.820785  0.305467  
0.820379  0.307034  
0.817117  0.30932  
0.815613  0.310919  
0.813433  0.313037  
0.811762  0.31441  
0.80964  0.31675  
0.80774  0.317864  
0.805679  0.320443  
0.804413  0.321678  
0.802512  0.323293  
0.801424  0.324365  
0.798875  0.327207  
0.796812  0.329708  
0.796062  0.330915  
0.793259  0.332378  
0.790791  0.335184  
0.789744  0.337507  
0.786608  0.339465  
0.785074  0.341356  
0.784017  0.342881  
0.783017  0.343878  
0.781679  0.345807  
0.779326  0.347558  
0.777284  0.350188  
0.774992  0.351837  
0.772142  0.35399  
0.770542  0.355883  
0.768815  0.358724  
0.767026  0.359187  
0.765723  0.361412  
0.763314  0.364047  
0.762207  0.364604  
0.759905  0.366878  
0.759119  0.367055  
0.755634  0.370726  
0.753752  0.373042  
0.751555  0.374505  
0.749888  0.376583  
0.748123  0.37851  
0.745693  0.379913  
0.744003  0.382148  
0.742236  0.383481  
0.740303  0.386167  
0.738525  0.387441  
0.736267  0.38989  
0.73421  0.391712  
0.7308  0.395109  
0.729207  0.397386  
0.726871  0.398894  
0.725449  0.400434  
0.724834  0.402389  
0.721283  0.404536  
0.719486  0.406494  
0.718149  0.407586  
0.71609  0.409937  
0.714534  0.411973  
0.610549  0.446694  
0.579833  0.462564  
0.578638  0.464839  
0.571254  0.468614  
0.569357  0.469562  
0.562863  0.471034  
0.555062  0.473934  
0.553489  0.475983  
0.549285  0.47788  
0.548664  0.478276  
0.544554  0.480818  
0.536452  0.484508  
0.532852  0.486695  
0.532526  0.48883  
0.528459  0.489476  
0.515174  0.493678  
0.503777  0.499169  
0.502135  0.503631  
0.501051  0.505105  
0.499536  0.507808  
0.495297  0.508058  
0.494753  0.510104  
0.49207  0.51161  
0.490631  0.512576  
0.488099  0.513962  
0.487707  0.514803  
0.485334  0.516308  
0.482479  0.519504  
0.481574  0.51984  
0.479767  0.521799  
0.477439  0.524237  
0.476357  0.525359  
0.475591  0.526079  
0.472655  0.528493  
0.47173  0.52931  
0.469944  0.531725  
0.468668  0.532818  
0.466762  0.534835  
0.465018  0.536679  
0.463337  0.538008  
0.461588  0.540107  
0.460273  0.541804  
0.458485  0.543731  
0.45656  0.544437  
0.456063  0.544993  
0.4536  0.548746  
0.451331  0.55056  
0.450586  0.551441  
0.448687  0.553766  
0.447734  0.555988  
0.445405  0.557576  
0.443919  0.558696  
0.442613  0.560896  
0.440118  0.561331  
0.437835  0.563091  
0.435927  0.567422  
0.432943  0.568844  
0.430454  0.572918  
0.430347  0.575258  
0.428022  0.576429  
0.425174  0.578085  
0.422027  0.579976  
0.421353  0.580295  
0.420791  0.580603  
0.418409  0.586561  
0.416224  0.589481  
0.413322  0.59007  
0.412909  0.590672  
0.411995  0.593212  
0.409746  0.59387  
0.407341  0.595698  
0.406523  0.599315  
0.403301  0.600964  
0.401336  0.602959  
0.39953  0.60456  
0.396642  0.606339  
0.396343  0.60857  
0.395796  0.61134  
0.390582  0.612246  
0.387843  0.617844  
0.386263  0.622701  
0.382523  0.623323  
0.381825  0.624938  
0.380953  0.624989  
0.378545  0.629025  
0.377011  0.630211  
0.37556  0.630902  
0.371837  0.631664  
0.368296  0.636897  
0.365412  0.639601  
0.363417  0.6419  
0.362627  0.645116  
0.359178  0.646349  
0.35692  0.646971  
0.354992  0.647665  
0.353297  0.649323  
0.351322  0.650775  
0.350978  0.651554  
0.348267  0.654248  
0.347863  0.655909  
0.345699  0.657772  
0.344252  0.660377  
0.342912  0.660436  
0.341516  0.662459  
0.337784  0.6652  
0.334166  0.667638  
0.333892  0.668532  
0.331159  0.670138  
0.329522  0.672631  
0.327932  0.673499  
0.327302  0.673879  
0.325659  0.676675  
0.323521  0.67859  
0.322038  0.68062  
0.319418  0.681107  
0.317527  0.683714  
0.31605  0.685072  
0.314397  0.686642  
0.313736  0.687936  
0.310903  0.69013  
0.309725  0.691657  
0.307578  0.693227  
0.305918  0.695349  
0.305121  0.695952  
0.302851  0.697892  
0.30095  0.699893  
0.300176  0.700945  
0.297875  0.703175  
0.296833  0.704106  
0.295137  0.706292  
0.292925  0.708073  
0.291171  0.709653  
0.29037  0.710863  
0.288781  0.713201  
0.286678  0.71404  
0.285112  0.716779  
0.284731  0.720817  
0.282419  0.721722  
0.280202  0.722064  
0.279539  0.724074  
0.277397  0.725802  
0.275967  0.727895  
0.274077  0.7286  
0.272184  0.730946  
0.271106  0.73378  
0.269081  0.736303  
0.264699  0.738529  
0.264628  0.739983  
0.262658  0.741521  
0.261021  0.742993  
0.258957  0.744615  
0.25804  0.747389  
0.255673  0.749008  
0.254111  0.749312  
0.2507  0.752227  
0.248054  0.755212  
0.246631  0.756344  
0.245786  0.757601  
0.244036  0.758806  
0.242217  0.760099  
0.23954  0.762264  
0.238198  0.763535  
0.236391  0.766256  
0.234366  0.767101  
0.234101  0.769738  
0.232073  0.770499  
0.230177  0.77252  
0.228563  0.774344  
0.225403  0.77607  
0.223292  0.779753  
0.220405  0.781503  
0.21894  0.783844  
0.216127  0.786645  
0.215412  0.787804  
0.213743  0.789403  
0.210753  0.79323  
0.205936  0.79588  
0.204173  0.798693  
0.200819  0.802178  
0.198926  0.803114  
0.196722  0.807456  
0.194813  0.807665  
0.194006  0.809067  
0.190303  0.812413  
0.18696  0.815157  
0.18434  0.81827  
0.183207  0.819311  
0.179451  0.822003  
0.17863  0.822914  
0.176898  0.825772  
0.173434  0.828181  
0.172351  0.829936  
0.170459  0.832649  
0.167019  0.833976  
0.165249  0.836389  
0.162122  0.838931  
0.160367  0.842994  
0.157807  0.844108  
0.157099  0.844358  
0.154137  0.847261  
0.153892  0.848071  
0.152617  0.850347  
0.150784  0.853401  
0.148546  0.854506  
0.147403  0.855505  
0.145566  0.856344  
0.14378  0.860252  
0.142464  0.861636  
0.140148  0.862726  
0.13744  0.86523  
0.137241  0.866092  
0.135395  0.866909  
0.133971  0.869722  
0.130483  0.873028  
0.128375  0.87576  
0.127618  0.876503  
0.125185  0.879457  
0.124228  0.880039  
0.122099  0.881758  
0.120655  0.882625  
0.11849  0.88459  
0.116683  0.886372  
0.114842  0.888632  
0.112824  0.890255  
0.112195  0.893233  
0.110686  0.89362  
0.108548  0.893927  
0.107285  0.896807  
0.10309  0.898797  
0.102045  0.900653  
0.0983312  0.903851  
0.0974126  0.904714  
0.0954847  0.906432  
0.0934614  0.9099  
0.0912394  0.911096  
0.0909762  0.911854  
0.0883497  0.914594  
0.0859446  0.91826  
0.083663  0.919694  
0.0821562  0.922404  
0.0804671  0.9227  
0.0790163  0.923902  
0.0768808  0.925643  
0.0754058  0.927014  
0.0738434  0.928762  
0.0711125  0.930502  
0.0706301  0.930874  
0.067005  0.934435  
0.0647098  0.938397  
0.0632296  0.939967  
0.0605737  0.941893  
0.0583793  0.945465  
0.0551535  0.946033  
0.0534177  0.949159  
0.051202  0.951484  
0.0505815  0.954022  
0.0481723  0.954613  
0.0466828  0.955452  
0.0444411  0.957757  
0.0441457  0.959537  
0.0420446  0.96295  
0.0407448  0.964106  
0.0383624  0.965864  
0.0369817  0.967618  
0.0353271  0.968917  
0.0333229  0.969817  
0.0304673  0.971332  
0.0256455  0.976922  
0.0272895  0.976588  
0.0230741  0.978114  
0.0207974  0.981867  
0.0174861  0.985848  
0.00844687  0.995252  
0.0150275  0.98914  
0.0120942  0.993869  
0.0100574  0.994889  
0.0068463  0.995874  
0.00511622  1.0037  
0.00190723  1.00793  
0.000614853  1.012  
