2.6175  0.0843873  9.81009e-005  
2.6147  0.00574838  0.000398319  
0.999844  2.9622  0.0204306  
0.99988  0.226194  0.0213342  
0.999043  1.94904  0.0457467  
0.998951  1.49533  0.0483922  
0.997461  1.82509  0.072924  
2.90891  0.000620253  0.000383814  
0.999812  0.258181  0.0230042  
0.998864  0.269199  0.0492169  
0.997395  1.38339  0.0736262  
0.995246  1.51189  0.0993075  
0.999786  0.0331186  0.0247711  
0.994978  3.42856  0.101167  
0.992039  4.23812  0.12648  
0.998816  0.404364  0.0518239  
0.997043  0.0772667  0.0774911  
0.994725  1.23368  0.103665  
0.991611  2.38427  0.13047  
0.987941  0.281904  0.155677  
0.998712  0.148506  0.0539316  
0.996966  0.284988  0.080711  
0.994459  0.433659  0.106985  
0.987405  3.08466  0.16008  
0.9828  4.04301  0.18558  
0.998688  0.101716  0.0547211  
0.996831  0.538896  0.0821556  
0.994202  0.317155  0.109478  
0.990803  0.272294  0.135806  
0.986622  0.227095  0.163662  
0.981861  1.40265  0.190651  
0.976523  0.454616  0.21615  
0.998512  0.0550783  0.0558134  
0.996654  0.37994  0.0847281  
0.993796  0.120594  0.113366  
0.985854  0.062797  0.168449  
0.980884  0.0587643  0.195677  
0.975394  2.25155  0.222251  
0.968764  3.38703  0.24899  
0.999682  0.0277181  0.0293122  
0.996403  0.128126  0.0865819  
0.9933  0.0945163  0.116222  
0.989509  0.303768  0.145428  
0.985286  0.190124  0.172081  
0.979739  1.90224  0.200856  
0.973958  2.5886  0.227982  
0.967229  0.38035  0.255006  
0.959903  2.45586  0.281122  
0.999667  0.0254169  0.0298508  
0.998482  0.134941  0.0587553  
0.996219  0.127154  0.089864  
0.989066  0.143635  0.149316  
0.984477  0.0758882  0.177312  
0.978529  0.254841  0.206644  
0.972089  1.3771  0.235091  
0.965113  1.53287  0.262889  
0.957556  2.7388  0.289407  
0.949293  0.372949  0.315138  
0.999625  0.0365145  0.0306463  
0.998272  0.0424929  0.0618308  
0.996098  0.265143  0.0925718  
0.992541  0.257578  0.122859  
0.988272  0.0856281  0.153989  
0.983159  0.348656  0.184312  
0.976988  0.182669  0.213667  
0.970453  0.609628  0.242099  
0.963089  1.04374  0.270806  
0.946336  2.26739  0.323675  
0.936961  2.23692  0.350318  
0.999618  0.0294975  0.0314737  
0.998198  0.0207847  0.06399  
0.995566  0.101537  0.096255  
0.992146  0.125796  0.126586  
0.987451  0.201312  0.158376  
0.98212  0.0880937  0.188584  
0.975801  0.0721928  0.219358  
0.969233  0.222703  0.248601  
0.960933  0.47462  0.278835  
0.952259  1.77699  0.306581  
0.943046  3.52913  0.333697  
0.932993  1.0695  0.361065  
0.922797  2.92589  0.385755  
0.998037  0.039412  0.0661631  
0.995469  0.228362  0.0992402  
0.991408  0.308459  0.131817  
0.974325  0.221871  0.226838  
0.967058  0.408412  0.255807  
0.958073  0.209015  0.287176  
0.949283  1.02643  0.315497  
0.939335  0.535238  0.343673  
0.928885  0.528209  0.371127  
0.918199  4.41045  0.397552  
0.906885  2.54085  0.422435  
0.997961  0.107882  0.067544  
0.995065  0.19085  0.100623  
0.990872  0.159989  0.136569  
0.979713  0.257771  0.201674  
0.972488  0.0617402  0.233723  
0.964394  0.686797  0.265644  
0.955672  0.348085  0.295242  
0.946304  0.987508  0.324821  
0.935377  0.246707  0.354237  
0.924542  0.423414  0.382418  
0.913013  2.48967  0.409096  
0.901189  1.45469  0.434467  
0.888688  0.950164  0.458955  
0.999557  0.0518815  0.0348553  
0.997714  0.141944  0.0707264  
0.994679  0.14835  0.104959  
0.990345  0.0535267  0.140487  
0.984824  0.0835098  0.174378  
0.978158  0.109668  0.209544  
0.970506  0.592648  0.24259  
0.961981  0.198479  0.274138  
0.952548  0.0377932  0.305111  
0.942218  1.48129  0.335636  
0.931017  1.74809  0.365689  
0.919651  0.652774  0.393677  
0.907481  3.03322  0.420895  
0.894609  3.1744  0.446975  
0.881766  2.40043  0.47206  
0.868811  0.803977  0.495816  
0.999484  0.0349829  0.0367805  
0.997557  0.0716305  0.0727967  
0.989344  0.179477  0.146262  
0.983597  0.129997  0.181271  
0.976537  0.258  0.216385  
0.968261  0.420037  0.250774  
0.95934  0.260563  0.283151  
0.938363  0.459794  0.347221  
0.926486  1.2358  0.37707  
0.914389  1.93971  0.405777  
0.901459  1.27816  0.433722  
0.888418  1.00627  0.460542  
0.874449  0.593093  0.485993  
0.861047  4.20285  0.509179  
0.846779  1.78629  0.532527  
0.997402  0.113623  0.0746293  
0.9886  0.0707915  0.15153  
0.982485  0.202247  0.187131  
0.974676  0.119098  0.224763  
0.965997  0.204017  0.259841  
0.956329  0.261051  0.292946  
0.945197  0.616691  0.32701  
0.934006  0.719811  0.358488  
0.921489  0.290742  0.389301  
0.908706  1.31379  0.418485  
0.89489  2.17183  0.447203  
0.881097  2.6428  0.473496  
0.866938  0.861812  0.498662  
0.852509  2.46709  0.524265  
0.837493  0.0923708  0.547116  
0.997173  0.0493161  0.0772856  
0.993079  0.109634  0.118588  
0.987538  0.146337  0.157579  
0.9731  0.20484  0.232924  
0.963364  0.535518  0.268914  
0.952754  0.583503  0.304555  
0.941875  0.597822  0.336477  
0.915806  0.586002  0.402415  
0.901911  0.544838  0.432747  
0.88804  1.58742  0.46095  
0.873068  1.3878  0.488461  
0.858107  1.1574  0.514279  
0.842966  3.06537  0.538661  
0.827176  3.80502  0.562382  
0.812616  1.40578  0.58397  
0.79663  4.52738  0.605098  
0.999366  0.0251328  0.0407121  
0.996944  0.0337559  0.0826317  
0.99261  0.0659059  0.123574  
0.986657  0.21506  0.163716  
0.979657  0.136938  0.202172  
0.970723  0.120714  0.241827  
0.960913  0.471047  0.278876  
0.949306  0.534291  0.31473  
0.936999  0.301542  0.350468  
0.923471  0.410856  0.384054  
0.909796  0.491258  0.416428  
0.89499  0.395889  0.447325  
0.879737  1.27108  0.476006  
0.864573  1.67081  0.50344  
0.848382  1.08368  0.529663  
0.832487  1.82737  0.554554  
0.815955  0.126044  0.578319  
0.800327  1.88813  0.599973  
0.784331  2.79747  0.620989  
0.768527  1.32131  0.640671  
0.999355  0.0284724  0.0419983  
0.996741  0.0499734  0.0844232  
0.991984  0.0817909  0.127004  
0.985396  0.108436  0.171092  
0.977595  0.292973  0.211866  
0.968037  0.305534  0.252412  
0.957238  0.267148  0.290935  
0.945483  0.154037  0.327147  
0.931746  0.511489  0.363786  
0.918866  0.205032  0.394777  
0.902654  0.504856  0.431309  
0.887066  0.363089  0.462841  
0.871662  0.95277  0.491915  
0.854939  1.41454  0.520028  
0.838975  2.01625  0.545506  
0.821406  1.58896  0.571212  
0.805233  1.78049  0.594296  
0.788017  0.793584  0.616576  
0.771536  0.91335  0.637192  
0.755418  2.58762  0.655928  
0.738894  3.93414  0.674391  
0.99916  0.0441271  0.0449054  
0.99625  0.0825761  0.0897279  
0.991133  0.0229675  0.134485  
0.984154  0.0673993  0.178911  
0.975732  0.126625  0.219991  
0.953659  0.284808  0.30132  
0.939855  0.431909  0.3418  
0.926076  0.509676  0.378275  
0.91114  0.38834  0.412864  
0.879016  0.407954  0.477848  
0.861967  1.13992  0.508834  
0.844942  0.273313  0.53661  
0.82716  1.56277  0.563956  
0.809307  0.122667  0.588333  
0.792527  1.07083  0.610416  
0.774466  2.49604  0.633324  
0.757934  4.19981  0.65367  
0.740517  3.20751  0.672683  
0.724026  3.2151  0.690425  
4.07039  0.000133369  0.000828383  
0.995881  0.0658819  0.0941755  
0.990413  0.0554924  0.139896  
0.97317  0.101203  0.231406  
0.962352  0.213507  0.273444  
0.934667  0.0208976  0.355953  
0.919637  0.254353  0.394004  
0.903606  0.228364  0.429081  
0.886455  0.0554644  0.463417  
0.869336  0.0466906  0.495206  
0.851063  0.294134  0.52636  
0.796056  0.79264  0.605834  
0.778156  1.50528  0.628541  
0.760179  1.08849  0.650293  
0.741632  1.48729  0.671272  
0.724956  1.4715  0.689798  
0.690806  3.55999  0.723573  
0.674781  2.77988  0.739336  
0.998964  0.0257699  0.0498671  
0.995363  0.0854887  0.0994409  
0.989674  0.0591238  0.145897  
0.980882  0.060028  0.195236  
0.971093  0.0796719  0.242307  
0.958195  0.0333946  0.28706  
0.944284  0.225555  0.330149  
0.929112  0.150662  0.371314  
0.912943  0.308065  0.410346  
0.877556  0.10271  0.480477  
0.858002  0.142793  0.514332  
0.839095  0.387428  0.544277  
0.820216  0.194052  0.572528  
0.800527  1.16504  0.600362  
0.781939  1.03694  0.62407  
0.761865  0.416099  0.648293  
0.74395  1.16612  0.669451  
0.725164  2.21838  0.688812  
0.708034  2.35276  0.707444  
0.689874  3.52131  0.724045  
0.673591  2.09517  0.740172  
0.656831  4.07657  0.7549  
0.998957  0.0387538  0.0503954  
0.994942  0.0827242  0.103642  
0.988047  0.0909012  0.154873  
0.978896  0.103452  0.205628  
0.967639  0.119058  0.253942  
0.954017  0.0446271  0.301235  
0.93893  0.0906428  0.345849  
0.922429  0.296344  0.387904  
0.904805  0.269141  0.42737  
0.885459  0.342852  0.466226  
0.86676  0.183418  0.500616  
0.846303  0.104668  0.533351  
0.826664  0.494496  0.564788  
0.805743  0.446548  0.593615  
0.785962  0.805435  0.61961  
0.765457  0.462502  0.643771  
0.745297  0.252672  0.667229  
0.726779  1.17079  0.688115  
0.707637  0.279315  0.707465  
0.689218  2.63206  0.725001  
0.672257  2.55571  0.741032  
0.65366  4.34363  0.757221  
0.637644  1.16418  0.770988  
0.620395  2.46624  0.784393  
0.606041  2.42849  0.795585  
0.998754  0.0257306  0.0547954  
0.994122  0.0482449  0.109747  
0.986675  0.0998373  0.164382  
0.976639  0.163787  0.216309  
0.96464  0.110067  0.267089  
0.949451  0.194973  0.315116  
0.933049  0.0830813  0.36228  
0.914603  0.2976  0.405867  
0.874475  0.246057  0.485593  
0.854551  0.464991  0.520329  
0.811941  0.513824  0.585506  
0.790474  0.154541  0.614712  
0.748504  0.523899  0.663403  
0.727678  1.30187  0.686942  
0.688542  1.14664  0.725825  
0.670317  2.0467  0.74304  
0.65182  1.00543  0.759076  
0.633147  1.73516  0.774531  
0.617468  3.18509  0.787074  
0.600622  2.91168  0.800128  
0.584894  2.04317  0.812457  
0.569599  1.03858  0.82275  
0.998598  0.0333583  0.0567798  
0.993697  0.0311386  0.114775  
0.973776  0.0844353  0.228681  
0.960176  0.208436  0.281069  
0.943842  0.176533  0.331757  
0.925421  0.11732  0.380982  
0.905591  0.262886  0.425504  
0.884574  0.281302  0.467508  
0.863195  0.258744  0.505577  
0.840603  0.191963  0.543004  
0.818382  0.305349  0.577698  
0.795304  0.17236  0.60655  
0.772927  0.755571  0.635128  
0.751148  0.0832908  0.662616  
0.729265  0.43146  0.685043  
0.687321  1.17765  0.726695  
0.668285  1.53667  0.745971  
0.647926  0.0357336  0.76199  
0.630234  1.88697  0.777043  
0.611477  0.594926  0.791958  
0.594941  3.07824  0.804792  
0.578641  3.17049  0.816455  
0.562159  2.2208  0.827194  
0.546763  3.13191  0.837387  
0.533354  2.16556  0.846815  
0.99259  0.0533121  0.123851  
0.983503  0.115257  0.182939  
0.95516  0.0921968  0.297125  
0.937496  0.035601  0.349076  
0.916511  0.0758107  0.400605  
0.896001  0.183969  0.446017  
0.874358  0.0537584  0.486556  
0.848519  0.0907886  0.529988  
0.82515  0.222176  0.566159  
0.801174  0.280125  0.599682  
0.777221  0.181111  0.630956  
0.753301  0.371858  0.659423  
0.730565  0.441594  0.683775  
0.687046  0.437031  0.727696  
0.665802  0.844835  0.747075  
0.64542  1.18422  0.76467  
0.624107  1.06346  0.781444  
0.606929  1.25269  0.795832  
0.588928  1.3649  0.809574  
0.57191  0.107861  0.821208  
0.554869  0.561906  0.832262  
0.539463  1.63284  0.842596  
0.524622  1.96869  0.852161  
0.51035  2.80444  0.860693  
0.496165  2.72333  0.868583  
2.29745  0.000381884  0.000944288  
0.991638  0.0341952  0.131697  
0.96669  0.070886  0.257012  
0.907149  0.0548577  0.4221  
0.883426  0.107899  0.469496  
0.859237  0.101091  0.513438  
0.833836  0.343734  0.554202  
0.807436  0.347463  0.590827  
0.756458  0.373014  0.65569  
0.732537  0.121482  0.682801  
0.684642  0.303103  0.73002  
0.661928  0.673924  0.75093  
0.638755  0.386741  0.769588  
0.619609  0.758871  0.78547  
0.600294  0.637703  0.801249  
0.58228  0.2556  0.814654  
0.564031  0.710327  0.826341  
0.54643  0.378092  0.838147  
0.530164  2.42681  0.8485  
0.514143  3.13803  0.858372  
0.500185  3.49114  0.866685  
0.486096  2.87703  0.874419  
0.471894  2.99735  0.882264  
0.45807  2.89459  0.889063  
0.997959  0.021948  0.0678271  
0.990101  0.0584853  0.141297  
0.978968  0.0880125  0.207443  
0.942747  0.0918477  0.334528  
0.920412  0.0631193  0.393416  
0.870369  0.096791  0.494016  
0.842417  0.190569  0.540347  
0.813651  0.106884  0.581518  
0.787751  0.252964  0.616627  
0.760262  0.226884  0.651125  
0.733102  0.199443  0.680807  
0.683647  0.500878  0.731088  
0.659664  0.454044  0.75332  
0.63541  0.713708  0.772475  
0.61385  0.656387  0.790585  
0.591438  0.380433  0.807579  
0.503521  1.70431  0.864352  
0.489427  2.39671  0.872135  
0.474994  2.52764  0.881237  
0.460445  3.69467  0.888766  
0.447768  1.93513  0.894648  
0.434329  2.66606  0.901087  
0.423531  3.35586  0.90682  
0.997596  0.0269635  0.0720609  
0.988786  0.0394438  0.150194  
0.975091  0.0636004  0.224852  
0.956621  0.0753368  0.292563  
0.909277  0.135126  0.419422  
0.881229  0.0873927  0.473593  
0.853028  0.0558872  0.524721  
0.822816  0.308749  0.568769  
0.793148  0.202524  0.609862  
0.764054  0.149763  0.646586  
0.735124  0.0435198  0.67941  
0.681157  0.356525  0.733612  
0.654886  0.398414  0.756303  
0.629066  0.142812  0.778995  
0.608371  0.172571  0.794081  
0.586493  0.133969  0.811519  
0.565656  0.273075  0.825698  
0.544871  0.306958  0.839272  
0.527241  0.311396  0.851442  
0.492758  1.14358  0.871263  
0.476596  0.686542  0.879185  
0.461257  0.887965  0.887819  
0.433845  1.82624  0.901215  
0.421863  3.55544  0.907297  
0.409484  4.83811  0.913212  
0.398101  1.86272  0.917551  
0.38546  2.95555  0.923204  
0.996967  0.0259882  0.0820423  
0.98727  0.0557526  0.163576  
0.94918  0.0506539  0.315854  
0.924401  0.147684  0.383435  
0.894359  0.0537734  0.448088  
0.864989  0.0734111  0.503439  
0.832339  0.128331  0.555324  
0.768924  0.0518356  0.640067  
0.739485  0.17955  0.677079  
0.680064  0.433528  0.734376  
0.651422  0.166517  0.759989  
0.624552  0.187599  0.782168  
0.600806  0.177343  0.800093  
0.577721  0.0734732  0.817933  
0.53428  0.254526  0.846489  
0.515048  0.55265  0.857782  
0.497353  0.304066  0.868589  
0.479266  0.281804  0.878909  
0.463363  0.343177  0.886981  
0.446984  0.177716  0.895736  
0.432836  0.0824441  0.902137  
0.419076  1.76369  0.908669  
0.406311  1.96225  0.914407  
0.394529  2.18827  0.919595  
0.382596  2.13793  0.924445  
0.371835  3.68417  0.928607  
0.361159  0.489811  0.932609  
0.996503  0.0261832  0.0884964  
0.985689  0.0351226  0.170914  
0.965427  0.0615188  0.262934  
0.940322  0.0681561  0.341716  
0.910812  0.108867  0.413384  
0.878315  0.0771023  0.479625  
0.844151  0.0820834  0.537247  
0.774244  0.128912  0.635626  
0.741098  0.102286  0.672872  
0.676938  0.288364  0.737999  
0.647232  0.19258  0.764462  
0.619818  0.356259  0.78707  
0.567904  0.313245  0.824095  
0.543191  0.338677  0.840338  
0.519266  0.0372628  0.854958  
0.50112  0.525631  0.867031  
0.483884  0.463984  0.877296  
0.464577  0.264849  0.886833  
0.431736  0.439498  0.902444  
0.41755  0.146181  0.910636  
0.403575  0.135541  0.915563  
0.390705  0.68942  0.922164  
0.377315  1.53102  0.926157  
0.366542  0.777415  0.930739  
0.355203  2.0205  0.935377  
0.343114  2.33411  0.939392  
0.325207  0.368766  0.946326  
0.316107  1.85385  0.94883  
0.957997  0.0394738  0.287505  
0.93025  0.0415633  0.369443  
0.820182  0.069709  0.574066  
0.782254  0.144859  0.625087  
0.744751  0.241868  0.668893  
0.707757  0.165246  0.70906  
0.673195  0.184687  0.741911  
0.64075  0.199572  0.767991  
0.610876  0.194348  0.792518  
0.58248  0.119296  0.814881  
0.556029  0.275796  0.832164  
0.531005  0.1523  0.849704  
0.508727  0.0882181  0.861793  
0.485669  0.0650768  0.874809  
0.429002  0.0653231  0.904035  
0.397207  0.165279  0.919173  
0.384286  0.541917  0.923944  
0.369339  0.396678  0.930008  
0.359263  0.511823  0.933945  
0.347771  0.494576  0.938138  
0.334775  0.472525  0.942563  
0.325782  1.71989  0.945626  
0.306446  1.60657  0.952217  
0.977111  0.0470749  0.215152  
0.914828  0.0884754  0.405706  
0.87527  0.06243  0.485095  
0.832488  0.111798  0.555068  
0.791246  0.0563704  0.614236  
0.748958  0.107782  0.664194  
0.670502  0.0874683  0.743881  
0.634357  0.1373  0.775422  
0.569384  0.118917  0.823364  
0.540043  0.132651  0.84218  
0.515453  0.134462  0.85753  
0.489997  0.0298857  0.87232  
0.468166  0.074497  0.885017  
0.410429  0.543138  0.912733  
0.394012  0.458901  0.91993  
0.378332  0.286062  0.92656  
0.364874  0.601679  0.931723  
0.35096  0.355707  0.936558  
0.339324  0.0439637  0.941568  
0.327081  0.415571  0.945632  
0.305835  1.11644  0.952821  
0.278879  0.131549  0.953994  
0.270374  2.15004  0.963117  
0.263499  4.03342  0.965348  
0.25616  4.16976  0.967082  
0.248854  2.9897  0.968737  
2.9987  0.000139233  0.00146908  
0.972959  0.0555747  0.232973  
0.938875  0.0609152  0.346179  
0.897752  0.0775714  0.445023  
0.848557  0.0675093  0.530358  
0.80089  0.0795416  0.600211  
0.754452  0.124124  0.659476  
0.664696  0.155654  0.747889  
0.625596  0.176039  0.782086  
0.589146  0.12985  0.808811  
0.555583  0.102848  0.833155  
0.522989  0.15774  0.853582  
0.471958  0.0999167  0.883946  
0.427057  0.0853734  0.905184  
0.404632  0.0619759  0.915386  
0.387003  0.0765339  0.92264  
0.371714  0.253922  0.929359  
0.355842  0.156169  0.934649  
0.340843  0.377738  0.940313  
0.327277  0.412505  0.9453  
0.317064  0.147561  0.948679  
0.282664  0.278907  0.953117  
0.274659  0.390036  0.961936  
0.257736  0.549094  0.966543  
0.246711  1.0124  0.969548  
0.241684  0.411103  0.970517  
0.234774  2.46837  0.972329  
0.228467  2.45893  0.973861  
0.222915  2.41222  0.974944  
0.962422  0.0341315  0.272494  
0.919856  0.0342107  0.394226  
0.815474  0.0509889  0.58076  
0.761541  0.0790022  0.650394  
0.660678  0.0414223  0.751693  
0.61439  0.116223  0.790302  
0.537389  0.116597  0.844384  
0.505645  0.100538  0.865318  
0.471965  0.0592772  0.882372  
0.422943  0.0455022  0.907137  
0.401268  0.0767231  0.916396  
0.381213  0.0864937  0.925776  
0.360978  0.14487  0.932848  
0.344478  0.123911  0.93969  
0.32957  0.180994  0.944358  
0.303151  0.0438138  0.953246  
0.285735  0.127428  0.953056  
0.268142  0.499724  0.963926  
0.259301  0.127513  0.966433  
0.249758  0.347585  0.96861  
0.234462  0.282547  0.972471  
0.22755  0.52871  0.974152  
0.218884  0.148916  0.975899  
0.212912  0.544917  0.977266  
0.205974  1.58254  0.978693  
0.201779  0.263377  0.979468  
0.196137  2.25404  0.980734  
0.190859  1.29539  0.981868  
0.185874  0.725528  0.982693  
0.89887  0.061121  0.440678  
0.833052  0.0311798  0.554383  
0.709877  0.077773  0.705839  
0.652385  0.0551712  0.759864  
0.602638  0.0824599  0.799853  
0.555546  0.108942  0.833646  
0.480144  0.130912  0.879866  
0.419986  0.0466759  0.908176  
0.395597  0.213554  0.91967  
0.368508  0.085711  0.930163  
0.351836  0.229028  0.938354  
0.333531  0.114953  0.943483  
0.315707  0.0662613  0.949354  
0.275176  0.0678024  0.961865  
0.262669  0.0572609  0.965404  
0.25239  0.273307  0.967831  
0.240744  0.138669  0.970863  
0.232637  0.0663145  0.972714  
0.224083  0.250627  0.974803  
0.216607  0.0986342  0.976356  
0.209052  0.349133  0.9784  
0.188065  0.478812  0.982346  
0.18446  0.405101  0.98294  
0.178822  0.959488  0.984335  
0.172323  0.943407  0.985217  
0.168409  0.46349  0.985787  
0.1645  2.75716  0.986688  
0.160367  2.16804  0.987306  
0.858048  0.0473151  0.515063  
0.785215  0.0647617  0.620961  
0.639121  0.0460407  0.769831  
0.579562  0.0457775  0.816279  
0.531809  0.119783  0.850976  
0.484321  0.0601097  0.87565  
0.447049  0.090139  0.895215  
0.412971  0.0449757  0.911248  
0.383928  0.0464617  0.923968  
0.356988  0.076298  0.935177  
0.336693  0.141601  0.942755  
0.297615  0.0982697  0.955101  
0.281606  0.124422  0.955208  
0.265342  0.0590458  0.964259  
0.253085  0.095563  0.968267  
0.241958  0.054197  0.970466  
0.23202  0.0832355  0.973268  
0.22123  0.152573  0.975798  
0.212055  0.0846451  0.977625  
0.204218  0.299328  0.979407  
0.19616  0.0214382  0.980792  
0.188223  0.0275157  0.982308  
0.182016  0.0915861  0.983556  
0.17533  0.107392  0.984837  
0.162257  0.369234  0.986837  
0.154579  0.287567  0.988297  
0.149603  0.446207  0.988826  
0.145755  0.750971  0.989596  
0.139847  0.0366237  0.990393  
0.132859  1.18099  0.991417  
0.130395  2.00067  0.991691  
0.127146  2.68357  0.992111  
0.99666  0.024699  0.0852865  
0.924722  0.0434735  0.382798  
0.803983  0.0524301  0.595568  
0.625539  0.0859604  0.782616  
0.55189  0.0845586  0.834727  
0.496248  0.0373666  0.868787  
0.272759  0.0907504  0.962843  
0.256104  0.0859315  0.967266  
0.227635  0.04535  0.973941  
0.214779  0.0455941  0.976892  
0.205917  0.064975  0.979145  
0.187456  0.0425251  0.982381  
0.177334  0.0506443  0.984423  
0.171045  0.0676537  0.98531  
0.163226  0.0256887  0.986704  
0.157585  0.0274031  0.987718  
0.152101  0.108831  0.988559  
0.146096  0.2935  0.989724  
0.141695  0.25151  0.990042  
0.136113  0.151698  0.990923  
0.132141  0.366416  0.991457  
0.128111  0.316642  0.99186  
0.120693  0.33103  0.992735  
0.119672  0.0410916  0.99297  
0.115257  0.123707  0.993492  
0.110515  0.343819  0.993939  
0.107659  1.1156  0.994344  
0.104336  0.0288425  0.994689  
0.100355  0.383672  0.99502  
0.0995849  2.27481  0.995108  
0.700123  0.0380684  0.714546  
0.613051  0.0654264  0.791923  
0.51188  0.0718606  0.860645  
0.440432  0.0391873  0.898573  
0.393458  0.0681964  0.921885  
0.346113  0.075494  0.93977  
0.312897  0.0879599  0.950388  
0.282098  0.0730293  0.95998  
0.261885  0.0275593  0.965606  
0.219075  0.0387898  0.975837  
0.209765  0.103928  0.978146  
0.190846  0.0876096  0.981924  
0.184036  0.0877763  0.983031  
0.173578  0.0537574  0.985107  
0.15473  0.0348459  0.987982  
0.147498  0.0421792  0.989229  
0.140192  0.0438468  0.990246  
0.133288  0.0922091  0.99158  
0.128653  0.0367904  0.991837  
0.1241  0.0779537  0.992326  
0.118362  0.0763585  0.993127  
0.114763  0.0701943  0.99366  
0.109357  0.195293  0.994275  
0.105794  0.0407089  0.994554  
0.103116  0.0545746  0.994835  
0.0983182  0.117276  0.995406  
0.0936694  0.0546422  0.995782  
0.0900968  0.05856  0.995966  
0.0850669  0.084829  0.996493  
0.0824459  0.268546  0.996767  
0.0772758  0.594866  0.997082  
0.0764962  0.0907992  0.997185  
0.0723998  2.03964  0.997494  
3.55488  4.77371e-005  0.00199829  
0.998473  0.0227702  0.0588372  
0.695464  0.0324926  0.718993  
0.532327  0.0398487  0.84721  
0.388185  0.0407737  0.922295  
0.305243  0.0523675  0.952924  
0.265292  0.049652  0.964676  
0.24047  0.0558396  0.970983  
0.210222  0.0437932  0.978482  
0.173126  0.0226608  0.985115  
0.175363  0.023618  0.984791  
0.149609  0.0169319  0.988913  
0.124393  0.0463588  0.992369  
0.11662  0.070285  0.993583  
0.110627  0.0317853  0.994073  
0.104247  0.0362295  0.994712  
0.0970079  0.0277921  0.995507  
0.0950969  0.0610368  0.995691  
0.086758  0.06428  0.996244  
0.0804685  0.0472149  0.996935  
0.0784069  0.0272997  0.997019  
0.0764807  0.091721  0.99721  
0.0731849  0.0201815  0.997466  
0.0692941  0.041523  0.997648  
0.0687199  0.128478  0.997833  
0.0658553  0.0534946  0.998047  
0.0646736  0.0892194  0.99806  
0.0613089  0.115512  0.998281  
0.0597293  0.037425  0.998322  
0.0575946  0.0736476  0.998455  
0.0559655  0.102372  0.998468  
0.0542738  0.0704583  0.998711  
0.0510579  0.0464821  0.998861  
0.0498974  0.0436308  0.998917  
0.046938  2.52147  0.998973  
0.707714  0.0178759  0.825489  
0.454878  0.0132451  0.926339  
0.290967  0.0170468  0.973328  
0.199374  0.0129133  0.980031  
0.190991  0.0113383  0.9872  
0.137561  0.0208044  0.990741  
0.103065  0.028827  0.994977  
0.0862891  0.0213511  0.996531  
0.0723641  0.0307964  0.997532  
0.0625673  0.0176646  0.998219  
0.0555058  0.0309218  0.998512  
0.0481465  0.0284302  0.998953  
0.0425098  0.039116  0.999131  
0.0411506  0.0396448  0.999353  
0.0374968  0.0267427  0.999367  
0.0362959  0.0376435  0.999479  
0.0339013  0.0303393  0.99951  
0.0332943  0.0660117  0.99954  
0.0317939  0.01155  0.999565  
0.0273599  0.0402371  0.999681  
0.0258763  0.16185  0.999805  
0.025149  0.117197  0.999823  
0.0223747  0.101217  0.999855  
0.0236236  0.101364  0.999831  
0.0224939  3.86742  0.999826  
2.37431  0.000208784  0.68491  
0.0811592  5.50613e-005  0.99848  
0.072725  0.00211425  0.998766  
0.0448981  0.0050473  0.999928  
0.0400981  0.00585994  0.999855  
0.0329068  0.00860635  0.999823  
0.0168463  0.00908938  0.999926  
0.00659997  9.8048e-006  0.999998  
0.00502465  0.0443071  0.999996  
0.00484919  3.67514  0.999999  
