2.04432  0.125001  
1.94544  0.125001  
1.85796  0.125001  
1.75415  0.125001  
1.69844  0.125001  
1.56249  0.125001  
1.45966  0.125001  
1.36955  0.125001  
1.27017  0.125001  
1.22756  0.125001  
1.11352  0.125001  
1.06564  0.125001  
1.01844  0.125001  
1.00121  0.125012  
0.99897  0.12626  
0.998719  0.127651  
0.997104  0.129301  
0.994704  0.131168  
0.994651  0.133252  
0.992169  0.135456  
0.989238  0.136695  
0.987508  0.139078  
0.984888  0.140795  
0.982451  0.143138  
0.981304  0.144931  
0.979476  0.147296  
0.978423  0.148405  
0.977675  0.149287  
0.974456  0.152098  
0.97205  0.154261  
0.970551  0.155755  
0.969256  0.157797  
0.966313  0.159936  
0.963212  0.163448  
0.961272  0.165753  
0.958446  0.16712  
0.957373  0.168282  
0.955384  0.170687  
0.954585  0.172552  
0.952023  0.173541  
0.949067  0.176382  
0.947582  0.178523  
0.945855  0.180306  
0.942735  0.182658  
0.941007  0.184388  
0.939834  0.185631  
0.938453  0.188165  
0.936222  0.1895  
0.933843  0.191526  
0.933611  0.193591  
0.93078  0.195519  
0.928952  0.196709  
0.926405  0.198931  
0.925071  0.201577  
0.922358  0.203272  
0.921537  0.204975  
0.91943  0.206551  
0.918252  0.208735  
0.915229  0.210457  
0.913216  0.212571  
0.912127  0.214186  
0.910442  0.215814  
0.908417  0.218443  
0.906762  0.220338  
0.904696  0.222021  
0.901993  0.223946  
0.900215  0.225886  
0.898992  0.227367  
0.896028  0.229711  
0.894134  0.231735  
0.893481  0.232822  
0.891229  0.235272  
0.888801  0.236989  
0.887347  0.238634  
0.885722  0.240525  
0.883986  0.242192  
0.882027  0.2441  
0.880433  0.245648  
0.878411  0.248078  
0.876643  0.249472  
0.874191  0.251653  
0.873471  0.254051  
0.870736  0.255281  
0.869191  0.257121  
0.867287  0.259641  
0.865587  0.261391  
0.863682  0.263407  
0.861597  0.26468  
0.858796  0.266772  
0.857369  0.268463  
0.856747  0.269924  
0.853948  0.272334  
0.85132  0.274676  
0.848792  0.278301  
0.847577  0.280384  
0.843493  0.282693  
0.842348  0.283733  
0.841369  0.285523  
0.839244  0.287438  
0.837119  0.289506  
0.836527  0.292148  
0.832961  0.2937  
0.831809  0.295479  
0.829951  0.296643  
0.827713  0.298735  
0.826038  0.300492  
0.824055  0.302416  
0.822261  0.304525  
0.820327  0.306224  
0.819584  0.308763  
0.817669  0.309596  
0.815024  0.311012  
0.813977  0.314104  
0.811626  0.315725  
0.809277  0.318015  
0.807091  0.319581  
0.804946  0.321547  
0.804587  0.323904  
0.802075  0.325398  
0.799642  0.327328  
0.797926  0.328898  
0.795812  0.330624  
0.793943  0.332834  
0.791684  0.334682  
0.790456  0.336886  
0.787677  0.33823  
0.786919  0.3404  
0.785176  0.342201  
0.783307  0.34266  
0.779886  0.346183  
0.77823  0.347836  
0.776745  0.349124  
0.775047  0.350788  
0.774033  0.353696  
0.770314  0.355271  
0.768826  0.356885  
0.767497  0.358498  
0.765139  0.360834  
0.764154  0.361708  
0.761992  0.364217  
0.759749  0.366146  
0.758166  0.367713  
0.756262  0.370379  
0.754437  0.372039  
0.752243  0.374011  
0.749771  0.376137  
0.748499  0.376835  
0.747413  0.379586  
0.745114  0.381274  
0.742778  0.38338  
0.741562  0.384901  
0.738519  0.387107  
0.737304  0.388491  
0.735787  0.390822  
0.734095  0.39214  
0.731503  0.394672  
0.730649  0.397265  
0.728247  0.398957  
0.725534  0.401057  
0.724082  0.401796  
0.72235  0.40445  
0.669563  0.41671  
0.663472  0.419468  
0.6626  0.420857  
0.661569  0.423207  
0.655659  0.426761  
0.65553  0.434243  
0.654504  0.439038  
0.653556  0.452272  
0.651885  0.458959  
0.569808  0.469965  
0.551302  0.477905  
0.542322  0.481592  
0.539807  0.482645  
0.538039  0.483557  
0.536235  0.4849  
0.530198  0.486416  
0.525106  0.489374  
0.510283  0.495836  
0.508682  0.49646  
0.507475  0.497538  
0.499917  0.503315  
0.497799  0.50332  
0.497394  0.504271  
0.495767  0.505452  
0.493762  0.509036  
0.491977  0.509411  
0.490008  0.5108  
0.488328  0.512694  
0.486591  0.514409  
0.485478  0.516  
0.484292  0.51771  
0.481945  0.519546  
0.4809  0.52103  
0.479194  0.523879  
0.477739  0.523995  
0.475688  0.526685  
0.474259  0.528249  
0.473082  0.528997  
0.470885  0.531374  
0.46938  0.532891  
0.466927  0.535357  
0.465334  0.537503  
0.463458  0.540017  
0.461484  0.542189  
0.459208  0.544311  
0.457366  0.545961  
0.456579  0.546488  
0.455578  0.548564  
0.453029  0.550577  
0.452041  0.552559  
0.449513  0.553816  
0.447152  0.555417  
0.445553  0.557025  
0.444331  0.557754  
0.443043  0.559014  
0.441804  0.561986  
0.438937  0.563445  
0.438441  0.564556  
0.437333  0.566207  
0.435314  0.568807  
0.433439  0.570294  
0.430774  0.571465  
0.428542  0.57298  
0.427883  0.575804  
0.423763  0.579048  
0.423172  0.579428  
0.419492  0.581881  
0.417896  0.583446  
0.415547  0.586657  
0.411823  0.590096  
0.409896  0.593472  
0.40817  0.596958  
0.406525  0.598014  
0.404042  0.599192  
0.4033  0.600913  
0.400821  0.601629  
0.398498  0.604195  
0.39831  0.604723  
0.394967  0.60824  
0.39211  0.609067  
0.389595  0.612576  
0.386801  0.615208  
0.385825  0.617368  
0.384541  0.619203  
0.381421  0.619727  
0.38091  0.620783  
0.379742  0.624342  
0.377333  0.625836  
0.374853  0.627625  
0.374631  0.627912  
0.372785  0.629576  
0.370513  0.631159  
0.369185  0.634835  
0.368794  0.636959  
0.364495  0.6374  
0.363565  0.640605  
0.361954  0.643173  
0.358878  0.644086  
0.358835  0.64626  
0.352667  0.648195  
0.34972  0.652275  
0.348704  0.653194  
0.346649  0.654298  
0.345811  0.65576  
0.344402  0.65751  
0.341783  0.661325  
0.341007  0.661658  
0.338849  0.663827  
0.337889  0.665082  
0.335635  0.666815  
0.333877  0.667523  
0.333115  0.669771  
0.33109  0.671942  
0.329808  0.673897  
0.327937  0.674897  
0.326078  0.676512  
0.324137  0.678541  
0.321966  0.681469  
0.321481  0.682088  
0.319463  0.683793  
0.317049  0.684509  
0.31576  0.686017  
0.313376  0.688507  
0.312731  0.689775  
0.310741  0.690874  
0.309301  0.693433  
0.308121  0.69517  
0.305734  0.697236  
0.30436  0.698532  
0.302844  0.702249  
0.301036  0.702384  
0.300072  0.705091  
0.29816  0.706509  
0.29633  0.709591  
0.29458  0.710875  
0.292536  0.71237  
0.291534  0.712995  
0.290031  0.715181  
0.288602  0.71689  
0.287113  0.718787  
0.285132  0.720914  
0.283422  0.722042  
0.281564  0.726258  
0.278967  0.726527  
0.277532  0.73144  
0.276796  0.733463  
0.269658  0.735784  
0.268134  0.740602  
0.266282  0.744954  
0.26304  0.74789  
0.259126  0.750796  
0.257863  0.755018  
0.256144  0.755937  
0.25484  0.758336  
0.252533  0.758505  
0.251597  0.760194  
0.247602  0.760924  
0.243538  0.762879  
0.241475  0.765889  
0.239709  0.769026  
0.238586  0.771452  
0.237542  0.772173  
0.231666  0.775748  
0.230119  0.777351  
0.228826  0.78046  
0.224481  0.78064  
0.223592  0.784623  
0.222427  0.789341  
0.216361  0.792694  
0.212946  0.792836  
0.21163  0.797805  
0.207787  0.798256  
0.204661  0.799293  
0.203633  0.803309  
0.199974  0.804647  
0.194222  0.80832  
0.191148  0.810315  
0.190558  0.811198  
0.188984  0.813557  
0.186676  0.814155  
0.185463  0.816828  
0.184254  0.816887  
0.182571  0.819722  
0.179782  0.821306  
0.178661  0.823792  
0.176072  0.826385  
0.175383  0.826612  
0.173627  0.829088  
0.171263  0.831062  
0.170994  0.832818  
0.167671  0.836792  
0.165697  0.838054  
0.163971  0.83813  
0.162499  0.838345  
0.160362  0.8434  
0.158582  0.845697  
0.157416  0.845737  
0.155682  0.84694  
0.153383  0.849091  
0.152265  0.849487  
0.149436  0.85241  
0.149105  0.853872  
0.146346  0.855428  
0.145624  0.856262  
0.142843  0.859004  
0.142075  0.859588  
0.140338  0.861845  
0.13902  0.862826  
0.13684  0.865465  
0.1359  0.867555  
0.134041  0.868052  
0.132289  0.87078  
0.130941  0.87359  
0.129133  0.874378  
0.127367  0.876486  
0.125277  0.877289  
0.122746  0.878949  
0.122376  0.881004  
0.118838  0.883213  
0.117405  0.885147  
0.115777  0.887331  
0.113774  0.8898  
0.112362  0.892317  
0.110213  0.89244  
0.108606  0.894973  
0.10597  0.895954  
0.105475  0.897436  
0.103027  0.89952  
0.100331  0.902155  
0.0973744  0.907085  
0.0951345  0.908261  
0.0942046  0.912036  
0.0921388  0.912773  
0.0902244  0.914063  
0.089121  0.914192  
0.0856112  0.91729  
0.0819358  0.920841  
0.0763581  0.926562  
0.0755479  0.927032  
0.0739454  0.929242  
0.0717251  0.931516  
0.0705323  0.933198  
0.069096  0.934443  
0.0673441  0.936793  
0.0640223  0.938718  
0.0614637  0.942486  
0.056112  0.945738  
0.0550113  0.94679  
0.053803  0.949429  
0.0521917  0.954532  
0.0495574  0.955401  
0.0489898  0.95542  
0.0460265  0.9577  
0.0452046  0.959658  
0.0436771  0.964197  
0.0413465  0.964863  
0.0381753  0.965782  
0.0367988  0.971994  
0.0325718  0.973344  
0.0311655  0.975003  
0.0277281  0.97735  
0.027144  0.978057  
0.0235477  0.981977  
0.0203184  0.983984  
0.0184199  0.989262  
0.0173031  0.994806  
0.0153426  0.996718  
0.0139651  1.0011  
0.0111736  1.00592  
0.0100897  1.00687  
0.00904341  1.01269  
0.00717988  1.03947  
0.00572874  1.06893  
0.00458357  1.15891  
