0.993583  0.283843  
0.965156  0.315795  
0.924381  0.332493  
0.896399  0.370058  
0.856133  0.393867  
0.856133  0.393867  
0.816195  0.42219  
0.772888  0.449663  
0.733736  0.487577  
0.733767  0.487551  
0.733668  0.4876  
0.685468  0.52057  
0.685425  0.520726  
0.633992  0.554373  
0.633822  0.554402  
0.63348  0.554459  
0.580759  0.595941  
0.580486  0.59616  
0.580519  0.59612  
0.524068  0.644218  
0.524321  0.643967  
0.52276  0.645285  
0.461439  0.699637  
0.46065  0.700007  
0.458365  0.702766  
0.364668  0.740964  
0.364661  0.740974  
0.364652  0.741008  
0.257607  0.816634  
0.257466  0.933057  
0.250937  0.942543  
0.244461  0.946377  
0.238311  0.950719  
0.232263  0.954674  
0.22556  0.959416  
0.218678  0.961954  
0.211795  0.964592  
0.205183  0.967101  
0.19314  0.971353  
0.186207  0.973194  
0.179274  0.97516  
0.164176  0.978235  
0.159246  0.97899  
0.15308  0.980494  
0.146466  0.98136  
0.140131  0.982306  
0.133239  0.983594  
0.126625  0.984992  
0.121463  0.985408  
0.113532  0.98642  
0.104796  0.987445  
0.103709  0.988229  
0.0971907  0.988432  
0.0913277  0.989242  
0.0834394  0.990118  
0.0794024  0.990648  
0.0733401  0.99133  
0.0691222  0.991838  
0.0626933  0.992616  
0.05737  0.993835  
0.0525071  0.994399  
0.0471286  0.994834  
0.0340018  0.996016  
0.0262536  0.998347  
1.92836e-020  1  
