1  0.542019  
0.990169  0.543625  
0.930779  0.553216  
0.912835  0.556153  
0.862269  0.564514  
0.841847  0.568063  
0.828301  0.570421  
0.784612  0.578079  
0.767344  0.580613  
0.753739  0.583012  
0.742463  0.585235  
0.729223  0.587252  
0.689534  0.594144  
0.678687  0.595936  
0.649478  0.603941  
0.640347  0.606882  
0.632093  0.609663  
0.575  0.628657  
0.537355  0.641586  
0.530533  0.643963  
0.524103  0.64618  
0.503464  0.653658  
0.496651  0.655849  
0.489263  0.65847  
0.483398  0.660701  
0.46403  0.66753  
0.457971  0.669785  
0.445768  0.674171  
0.439471  0.676563  
0.427734  0.680764  
0.421793  0.683051  
0.416081  0.685147  
0.410479  0.687218  
0.404892  0.689306  
0.399292  0.691373  
0.393691  0.693455  
0.388473  0.695415  
0.382719  0.697548  
0.377567  0.699548  
0.372469  0.7015  
0.366695  0.70372  
0.356258  0.707803  
0.346294  0.711455  
0.34122  0.713378  
0.332123  0.717434  
0.328197  0.720221  
0.324109  0.723231  
0.320206  0.7261  
0.316381  0.728821  
0.312454  0.731649  
0.308602  0.734473  
0.304757  0.737319  
0.300896  0.740171  
0.297077  0.742999  
0.293275  0.745825  
0.289496  0.748647  
0.285729  0.751467  
0.281993  0.754279  
0.278234  0.757122  
0.274528  0.759931  
0.270803  0.762771  
0.267067  0.765624  
0.263405  0.76843  
0.259773  0.771227  
0.256116  0.774052  
0.25247  0.77688  
0.248856  0.779693  
0.245214  0.782538  
0.241577  0.785388  
0.238049  0.788165  
0.234478  0.790984  
0.230922  0.793803  
0.227354  0.79664  
0.223795  0.79948  
0.22031  0.802273  
0.216791  0.805099  
0.213269  0.807942  
0.209782  0.810763  
0.206302  0.813593  
0.202816  0.816429  
0.199363  0.819258  
0.195886  0.822107  
0.192443  0.824948  
0.188999  0.827793  
0.185545  0.830657  
0.182184  0.833452  
0.178741  0.836326  
0.175327  0.839185  
0.171975  0.842005  
0.168577  0.844867  
0.165214  0.847713  
0.161851  0.850569  
0.158493  0.853436  
0.155132  0.856306  
0.151777  0.859186  
0.148458  0.862038  
0.145111  0.864927  
0.141795  0.8678  
0.138478  0.870683  
0.135179  0.87356  
0.131862  0.876462  
0.128575  0.87935  
0.125275  0.882254  
0.122006  0.885144  
0.118706  0.88807  
0.115448  0.890968  
0.112142  0.893918  
0.108898  0.896823  
0.105648  0.899745  
0.102392  0.902678  
0.0991199  0.905636  
0.0959032  0.908553  
0.0926621  0.911502  
0.0894245  0.914457  
0.0862044  0.917407  
0.0829773  0.920372  
0.0797405  0.923356  
0.0765373  0.926319  
0.0733159  0.929307  
0.0700904  0.93231  
0.0668708  0.935317  
0.0636795  0.938306  
0.0604713  0.941322  
0.0572871  0.944323  
0.0540875  0.94735  
0.0508937  0.950381  
0.0476991  0.953422  
0.0445135  0.956467  
0.0413136  0.959529  
0.038135  0.962584  
0.0349527  0.965651  
0.0317704  0.968729  
0.0285868  0.971819  
0.0254088  0.974912  
0.0222297  0.978017  
0.0190537  0.981128  
0.0158736  0.984253  
0.0126972  0.987384  
0.00952394  0.990521  
0.00634167  0.993679  
0.00317028  0.996835  
5.81075e-005  0.999942  
