1  7.24421e-013  
0.950067  0.0500645  
0.950067  0.0500702  
0.900127  0.100124  
0.850086  0.150081  
0.850081  0.150081  
0.85008  0.150081  
0.800286  0.20027  
0.800282  0.200296  
0.750361  0.250339  
0.750352  0.250376  
0.700189  0.300178  
0.700187  0.300196  
0.650298  0.350286  
0.600175  0.400171  
0.600175  0.400171  
0.600174  0.400177  
0.550127  0.450121  
0.550121  0.450128  
0.500186  0.500184  
0.50018  0.500189  
0.450241  0.550226  
0.450227  0.55024  
0.400368  0.60035  
0.400367  0.60035  
0.350514  0.650482  
0.350497  0.65052  
0.300525  0.700493  
0.300514  0.700529  
0.250578  0.750547  
0.250552  0.750586  
0.2006  0.800564  
0.200584  0.800602  
0.150708  0.850665  
0.150694  0.850714  
0.100984  0.900924  
0.100954  0.901001  
0.0508426  0.950795  
0.0508426  0.950795  
0.0508426  0.950795  
0.0508426  0.950795  
0.0508426  0.950795  
0.0508426  0.950795  
0.0508135  0.950812  
9.86697e-019  1  
