1  0.881259  
0.996385  0.89297  
0.991478  0.906443  
0.986609  0.91972  
0.982035  0.933393  
0.976546  0.946442  
0.971903  0.961456  
0.966257  0.974922  
0.961012  0.989256  
0.955945  1.00388  
0.951059  1.01756  
0.945479  1.0325  
0.940164  1.04678  
0.935008  1.06148  
0.923336  1.09364  
0.918635  1.10738  
0.912915  1.12247  
0.907154  1.13948  
0.901395  1.15558  
0.895398  1.17106  
0.889929  1.18651  
0.883905  1.20331  
0.877499  1.22073  
0.871772  1.23701  
0.865717  1.2537  
0.859502  1.27103  
0.853695  1.28851  
0.847333  1.30572  
0.841261  1.32322  
0.834575  1.34123  
0.828629  1.35872  
0.821859  1.37569  
0.815249  1.39531  
0.808385  1.41426  
0.801298  1.43341  
0.794823  1.45124  
0.788133  1.46987  
0.780974  1.48971  
0.774381  1.50979  
0.766711  1.52992  
0.759503  1.54968  
0.752761  1.57091  
0.744857  1.59067  
0.737729  1.61068  
0.73048  1.63225  
0.722588  1.65368  
0.71534  1.67544  
0.707448  1.69708  
0.699516  1.71842  
0.691411  1.74076  
0.683401  1.76299  
0.675393  1.78567  
0.666997  1.80869  
0.658401  1.83262  
0.650199  1.85605  
0.641361  1.88077  
0.633013  1.90416  
0.624369  1.92902  
0.615336  1.95429  
0.60644  1.9808  
0.597473  2.0049  
0.588041  2.03147  
0.578716  2.05727  
0.568964  2.08445  
0.559295  2.11143  
0.549403  2.13911  
0.539335  2.1674  
0.530015  2.19443  
0.519543  2.22435  
0.510005  2.25204  
0.499284  2.28068  
0.489169  2.30978  
0.478144  2.34065  
0.466574  2.37215  
0.456089  2.40191  
0.444861  2.43353  
0.434244  2.46437  
0.422636  2.49689  
0.411236  2.52983  
0.399077  2.5632  
0.386703  2.59786  
0.375006  2.63189  
0.3629  2.66641  
0.350688  2.70141  
0.337571  2.73802  
0.324877  2.775  
0.311528  2.81184  
0.298898  2.84631  
0.284881  2.88691  
0.271765  2.92652  
0.25748  2.96419  
0.243392  3.0077  
0.228389  3.05275  
0.214579  3.09307  
0.198334  3.13269  
0.183228  3.1781  
0.168232  3.21837  
0.153773  3.2621  
0.135298  3.31223  
0.121374  3.35638  
0.104214  3.40025  
0.0870551  3.44845  
0.0690743  3.50416  
0.0536886  3.58154  
0.0350113  3.60543  
0.0139701  3.66207  
1.26867e-006  3.69767  
