0.972355  0.296763  
0.972358  0.296762  
0.972355  0.296768  
0.891583  0.355726  
0.817705  0.423167  
0.816798  0.423946  
0.736109  0.481284  
0.735562  0.482144  
0.735761  0.481691  
0.652462  0.536978  
0.652233  0.537108  
0.569667  0.593108  
0.569707  0.593074  
0.56965  0.593112  
0.569547  0.593175  
0.486854  0.649346  
0.40458  0.706206  
0.323729  0.765055  
0.249001  0.832991  
0.249001  0.832989  
0.164842  0.8867  
0.0857481  0.948247  
0.0857504  0.948244  
0.0070015  1.00976  
0.00698225  1.00984  
0.00697717  1.00985  
4.87097e-005  1.11445  
