1  0.542019  
0.911563  0.556356  
0.859691  0.56507  
0.843765  0.56765  
0.755464  0.58264  
0.741157  0.585076  
0.726943  0.587523  
0.702622  0.591719  
0.690154  0.594027  
0.667148  0.59827  
0.658137  0.601106  
0.649126  0.60397  
0.640497  0.607026  
0.632038  0.609763  
0.623161  0.612541  
0.615389  0.61508  
0.607289  0.618055  
0.598747  0.620659  
0.590229  0.623477  
0.566715  0.6315  
0.559905  0.633778  
0.523527  0.646424  
0.509813  0.651201  
0.503249  0.653504  
0.490074  0.658346  
0.483348  0.660597  
0.476893  0.662971  
0.470118  0.66533  
0.457912  0.669899  
0.433395  0.678676  
0.427725  0.680833  
0.422055  0.683006  
0.410631  0.687106  
0.377574  0.699598  
0.372129  0.701562  
0.361852  0.705456  
0.351574  0.709407  
0.346614  0.711508  
0.341536  0.713337  
0.336398  0.715363  
0.331984  0.717542  
0.328094  0.720385  
0.324143  0.723162  
0.320149  0.726059  
0.316337  0.728865  
0.312414  0.731717  
0.308545  0.734532  
0.304706  0.737341  
0.300837  0.740199  
0.297044  0.743014  
0.29323  0.745851  
0.289464  0.748674  
0.285714  0.751488  
0.281921  0.754336  
0.278194  0.757155  
0.27446  0.759983  
0.270753  0.762805  
0.267061  0.765627  
0.263412  0.768425  
0.259733  0.771258  
0.256079  0.774087  
0.252449  0.7769  
0.248818  0.779724  
0.245213  0.782545  
0.241612  0.785375  
0.238026  0.788196  
0.234455  0.791007  
0.230868  0.793848  
0.227332  0.796658  
0.223797  0.799479  
0.220264  0.802309  
0.216753  0.805129  
0.213244  0.80796  
0.209756  0.810784  
0.206283  0.813612  
0.202802  0.816441  
0.199315  0.819293  
0.195869  0.822123  
0.192427  0.824958  
0.188994  0.827793  
0.185574  0.83063  
0.182154  0.833473  
0.178747  0.836323  
0.175347  0.839174  
0.171948  0.842034  
0.168575  0.844879  
0.165203  0.847723  
0.161818  0.850598  
0.15847  0.853448  
0.155111  0.85632  
0.151775  0.859183  
0.148437  0.862056  
0.145083  0.864951  
0.141782  0.867819  
0.138469  0.870692  
0.135161  0.873577  
0.131855  0.876468  
0.128556  0.879366  
0.125252  0.882277  
0.12198  0.885167  
0.118699  0.888077  
0.115432  0.890982  
0.112155  0.893906  
0.108898  0.896822  
0.105643  0.899746  
0.102387  0.902681  
0.0991436  0.905613  
0.0958956  0.90856  
0.0926332  0.911528  
0.0894259  0.914457  
0.0861859  0.917424  
0.0829589  0.92039  
0.0797318  0.923366  
0.0765066  0.926348  
0.0733099  0.929314  
0.070096  0.932307  
0.0668821  0.935309  
0.0636814  0.938307  
0.0604811  0.941312  
0.0572808  0.944331  
0.0540838  0.947356  
0.0508845  0.950389  
0.0476964  0.953423  
0.0445068  0.956469  
0.0413194  0.959523  
0.0381331  0.962585  
0.0349475  0.965656  
0.0317644  0.968735  
0.0285837  0.971821  
0.0254042  0.974916  
0.0222275  0.978018  
0.0190495  0.981131  
0.0158721  0.984253  
0.0126962  0.987385  
0.00952169  0.990524  
0.00634781  0.993672  
0.00315692  0.996848  
5.85141e-005  0.999942  
