1.02621  0.0549649  
1.0262  0.0560789  
1.0262  0.0576437  
1.0262  0.0597932  
1.0262  0.0601923  
1.0262  0.0668023  
1.0262  0.0702757  
1.0262  0.0705547  
1.0262  0.0741893  
1.0262  0.0784776  
1.0262  0.0796648  
1.0262  0.0883226  
1.02619  0.0976007  
1.02618  0.101951  
1.02618  0.111397  
1.02618  0.112904  
1.02618  0.113625  
1.02618  0.12189  
1.02618  0.105929  
1.02618  0.14093  
1.02618  0.118344  
1.02618  0.103429  
1.02618  0.182954  
1.02618  0.205427  
1.02618  0.267283  
1.02618  0.301599  
1.02618  0.178435  
0.682617  0.600549  
0.766013  0.600545  
0.685085  0.600546  
0.678109  0.600549  
0.677259  0.60055  
0.675141  0.60055  
0.672376  0.600564  
0.672155  0.600566  
0.66796  0.600624  
0.654944  0.601143  
0.654473  0.602029  
0.650935  0.607159  
0.650935  0.623884  
0.650935  0.65083  
0.650935  0.657131  
0.650935  0.663114  
0.650935  0.678264  
0.650935  0.685528  
0.650935  0.684901  
0.650935  0.682761  
0.650935  0.714245  
0.650935  0.722683  
0.0800343  1.02348  
0.0839386  1.02348  
0.0515845  1.02348  
0.0423124  1.02348  
0.079223  1.02348  
0.0776614  1.02348  
0.0446187  1.02348  
0.0375892  1.02348  
0.0482898  1.02348  
0.0227965  1.02348  
0.0225974  1.02348  
0.0210522  1.02385  
