0.822864  1.3727  
0.822864  1.3727  
0.822864  1.3727  
0.822864  1.3727  
0.822864  1.3727  
0.822864  1.3727  
0.822864  1.3727  
0.822864  1.3727  
0.822864  1.3727  
0.81674  1.39003  
0.810098  1.40869  
0.804048  1.42739  
0.79711  1.44596  
0.790173  1.4646  
0.784167  1.48109  
0.775777  1.50563  
0.76973  1.52531  
0.762493  1.54368  
0.755461  1.56383  
0.748045  1.58356  
0.740325  1.60691  
0.733015  1.62558  
0.727712  1.6408  
0.718598  1.66447  
0.710859  1.68668  
0.702844  1.70827  
0.694006  1.73303  
0.686356  1.7546  
0.682348  1.76554  
0.682348  1.76554  
0.682348  1.76554  
0.682348  1.76554  
0.682349  1.76554  
0.478562  2.33967  
0.477613  2.34098  
0.477884  2.34061  
0.478426  2.33986  
0.478155  2.34023  
0.478697  2.33948  
0.475823  2.34795  
0.464228  2.37911  
0.454012  2.40899  
0.443796  2.43913  
0.430858  2.47456  
0.420815  2.50359  
0.407779  2.53928  
0.395894  2.57387  
0.382537  2.60984  
0.373612  2.64009  
0.360945  2.68005  
0.348426  2.71608  
0.334176  2.75332  
0.327639  2.76942  
0.134199  3.31371  
0.119029  3.35703  
0.10373  3.4005  
0.0871538  3.44947  
0.0706603  3.50406  
0.0526748  3.54715  
0.0320957  3.61034  
0.0168766  3.65533  
7.257e-007  3.69613  
