0.751145  0.208098  
0.591757  0.209494  
0.581056  0.212554  
0.580283  0.212863  
0.576812  0.214311  
0.576226  0.215586  
0.572504  0.217102  
0.570333  0.219071  
0.566836  0.220168  
0.56409  0.221213  
0.561797  0.22201  
0.561301  0.224445  
0.553974  0.225319  
0.553493  0.225947  
0.552923  0.225962  
0.544267  0.22946  
0.543587  0.231322  
0.53988  0.231748  
0.539572  0.232923  
0.536241  0.234684  
0.531107  0.236148  
0.530392  0.236167  
0.526321  0.239315  
0.523667  0.239919  
0.522636  0.240483  
0.521467  0.242151  
0.518767  0.242887  
0.515234  0.243631  
0.514375  0.244686  
0.512323  0.245499  
0.510191  0.245536  
0.509065  0.246833  
0.507803  0.248599  
0.503792  0.249428  
0.501121  0.250538  
0.500904  0.251323  
0.499159  0.252388  
0.49808  0.253283  
0.497189  0.254314  
0.496214  0.254955  
0.495024  0.255853  
0.493823  0.257025  
0.492875  0.257613  
0.491647  0.25912  
0.490653  0.259904  
0.48975  0.26064  
0.489216  0.262129  
0.487773  0.262652  
0.48669  0.263698  
0.485767  0.264647  
0.485561  0.265392  
0.483891  0.266474  
0.483115  0.26745  
0.481928  0.268553  
0.480943  0.269881  
0.480603  0.270148  
0.479854  0.271864  
0.478544  0.27267  
0.477243  0.273474  
0.476523  0.27435  
0.475761  0.275128  
0.475101  0.276425  
0.473443  0.277604  
0.472652  0.278622  
0.471672  0.279525  
0.470953  0.28034  
0.469714  0.281613  
0.468913  0.282674  
0.468073  0.283468  
0.467018  0.28443  
0.466247  0.285395  
0.465215  0.286334  
0.46419  0.287564  
0.463529  0.288475  
0.462395  0.289337  
0.461557  0.290352  
0.460554  0.29151  
0.460193  0.292551  
0.458521  0.293487  
0.457778  0.29434  
0.456632  0.295443  
0.45598  0.296531  
0.455292  0.29747  
0.454137  0.298401  
0.453413  0.299338  
0.452235  0.300413  
0.451622  0.301357  
0.450671  0.302346  
0.449707  0.303484  
0.448808  0.304129  
0.447928  0.305326  
0.447545  0.306145  
0.445925  0.307503  
0.445083  0.30826  
0.444359  0.309055  
0.443252  0.310226  
0.442667  0.311274  
0.441981  0.311791  
0.440778  0.313294  
0.439878  0.31412  
0.438895  0.315197  
0.437662  0.316451  
0.436853  0.317279  
0.436137  0.318287  
0.435634  0.319174  
0.434488  0.319971  
0.433489  0.321404  
0.432759  0.322422  
0.431888  0.322963  
0.430618  0.324487  
0.429601  0.325539  
0.428646  0.326645  
0.428106  0.327504  
0.427386  0.328439  
0.426471  0.329613  
0.425504  0.330605  
0.424774  0.331625  
0.423931  0.332372  
0.423121  0.33337  
0.42198  0.334692  
0.421082  0.335569  
0.420106  0.33675  
0.419559  0.337478  
0.418439  0.33877  
0.417661  0.339771  
0.41646  0.340716  
0.415777  0.341887  
0.414716  0.342847  
0.414297  0.343466  
0.412968  0.344891  
0.412824  0.346018  
0.411589  0.34707  
0.410907  0.348068  
0.409787  0.349  
0.408654  0.350154  
0.407919  0.350907  
0.40701  0.352166  
0.406363  0.352754  
0.405037  0.354263  
0.404405  0.355146  
0.40401  0.355984  
0.403009  0.357196  
0.401901  0.358438  
0.400937  0.359187  
0.400473  0.360215  
0.399356  0.361526  
0.398529  0.362553  
0.397549  0.363454  
0.396975  0.364475  
0.395905  0.365497  
0.395151  0.366542  
0.394109  0.36736  
0.393309  0.368418  
0.392404  0.370048  
0.391655  0.370455  
0.390544  0.371848  
0.389683  0.372948  
0.389137  0.373989  
0.38807  0.374811  
0.387024  0.376075  
0.386044  0.377311  
0.385385  0.378404  
0.384513  0.379182  
0.383723  0.380186  
0.382689  0.381403  
0.381781  0.382656  
0.381139  0.383401  
0.380253  0.384924  
0.379537  0.38571  
0.378702  0.386939  
0.377708  0.387572  
0.376784  0.388816  
0.37634  0.389649  
0.374928  0.391249  
0.374242  0.392217  
0.3732  0.393238  
0.372388  0.394383  
0.371758  0.395631  
0.370812  0.39643  
0.369899  0.397671  
0.368979  0.398797  
0.368157  0.399658  
0.367322  0.401045  
0.366532  0.402122  
0.365608  0.403052  
0.364763  0.404256  
0.363856  0.405232  
0.363002  0.40643  
0.36217  0.407239  
0.361328  0.408545  
0.360559  0.409577  
0.359552  0.410665  
0.358475  0.411955  
0.357911  0.413108  
0.35707  0.414069  
0.356143  0.415327  
0.355332  0.416269  
0.354413  0.417322  
0.353552  0.41824  
0.35265  0.419386  
0.351714  0.420503  
0.351016  0.421773  
0.350034  0.423163  
0.3493  0.42395  
0.348327  0.425214  
0.347454  0.426098  
0.346564  0.427424  
0.34586  0.428315  
0.344849  0.429498  
0.343959  0.43095  
0.343267  0.431859  
0.342123  0.433031  
0.341534  0.434266  
0.340809  0.435402  
0.33973  0.436402  
0.339048  0.437856  
0.337924  0.438789  
0.33739  0.439462  
0.336187  0.440833  
0.335453  0.442306  
0.33446  0.443532  
0.333626  0.444459  
0.332827  0.44537  
0.332081  0.446904  
0.331154  0.447961  
0.330137  0.449004  
0.329357  0.450159  
0.328559  0.451365  
0.32779  0.452589  
0.326824  0.453798  
0.325826  0.454876  
0.324993  0.45593  
0.32424  0.457098  
0.323343  0.458444  
0.322542  0.459443  
0.32152  0.46071  
0.320861  0.461683  
0.319907  0.462963  
0.319044  0.464012  
0.318031  0.465411  
0.317319  0.466471  
0.316479  0.467705  
0.315605  0.468758  
0.314749  0.469979  
0.313967  0.471207  
0.312975  0.472577  
0.312127  0.47352  
0.311372  0.474763  
0.31047  0.476138  
0.309451  0.477141  
0.308667  0.478475  
0.307862  0.479551  
0.306937  0.480856  
0.305809  0.482204  
0.30532  0.48347  
0.30433  0.484337  
0.303492  0.485539  
0.302562  0.486874  
0.301732  0.488142  
0.301156  0.48926  
0.300101  0.490693  
0.299237  0.492024  
0.298641  0.492198  
0.297681  0.494162  
0.296828  0.495235  
0.295639  0.49668  
0.295127  0.498294  
0.294124  0.499474  
0.293128  0.500415  
0.291853  0.501898  
0.2911  0.502903  
0.290218  0.50415  
0.289891  0.505497  
0.28905  0.506759  
0.287567  0.508082  
0.286949  0.509338  
0.286004  0.510359  
0.285034  0.511446  
0.284362  0.513006  
0.283277  0.514342  
0.282458  0.51529  
0.281497  0.516468  
0.280899  0.517902  
0.280058  0.519337  
0.278902  0.520453  
0.27817  0.521598  
0.277031  0.523095  
0.276633  0.524127  
0.275369  0.525638  
0.27442  0.526666  
0.273599  0.527964  
0.272842  0.529104  
0.272026  0.530621  
0.271125  0.531994  
0.270012  0.533436  
0.269095  0.534607  
0.268341  0.535578  
0.267676  0.536908  
0.266788  0.538257  
0.26577  0.53962  
0.26467  0.541216  
0.263618  0.542634  
0.26289  0.543938  
0.261967  0.544952  
0.2617  0.546927  
0.260266  0.547609  
0.259474  0.548621  
0.258541  0.550402  
0.25764  0.551624  
0.25671  0.552893  
0.255838  0.554211  
0.255035  0.555674  
0.25422  0.557225  
0.253222  0.558341  
0.252352  0.559666  
0.251532  0.560962  
0.250577  0.561905  
0.249576  0.563731  
0.24877  0.565088  
0.247878  0.565843  
0.24695  0.567635  
0.245905  0.568964  
0.245111  0.570153  
0.244183  0.571589  
0.243282  0.572979  
0.242354  0.574643  
0.24134  0.576143  
0.240568  0.577382  
0.239552  0.578791  
0.238798  0.579851  
0.23781  0.581622  
0.236947  0.582888  
0.235833  0.584337  
0.2352  0.585282  
0.233786  0.58736  
0.233329  0.58815  
0.232296  0.589607  
0.231569  0.590918  
0.230495  0.592419  
0.229707  0.593774  
0.228733  0.595518  
0.227598  0.596831  
0.226805  0.598625  
0.225848  0.599428  
0.225105  0.601141  
0.223932  0.602706  
0.222966  0.60411  
0.22208  0.605389  
0.221241  0.606744  
0.220476  0.607926  
0.219245  0.609696  
0.218254  0.611509  
0.217341  0.612782  
0.216646  0.613921  
0.215676  0.615335  
0.214823  0.61698  
0.213925  0.618657  
0.212853  0.619657  
0.211917  0.621549  
0.210891  0.622999  
0.21006  0.624433  
0.209069  0.625728  
0.20831  0.627596  
0.207332  0.628603  
0.206071  0.63077  
0.205364  0.631976  
0.204208  0.633404  
0.203486  0.634998  
0.202658  0.636113  
0.201652  0.63794  
0.20069  0.639209  
0.199664  0.640911  
0.198785  0.642415  
0.19785  0.644276  
0.196955  0.645599  
0.195873  0.647  
0.194881  0.648765  
0.193841  0.650123  
0.192983  0.651617  
0.191989  0.653186  
0.191173  0.65483  
0.190135  0.656688  
0.189008  0.657971  
0.188168  0.659552  
0.187108  0.661102  
0.186269  0.662872  
0.185338  0.664298  
0.184284  0.66602  
0.183319  0.667959  
0.182323  0.66929  
0.181095  0.67074  
0.18044  0.672278  
0.179391  0.673999  
0.178497  0.675597  
0.177511  0.677061  
0.176473  0.678755  
0.175539  0.680159  
0.174531  0.681888  
0.173583  0.683466  
0.172407  0.685082  
0.171538  0.687024  
0.170622  0.688446  
0.169417  0.690283  
0.168668  0.691661  
0.167515  0.693454  
0.166483  0.695182  
0.165506  0.696669  
0.164577  0.698286  
0.163561  0.700008  
0.162531  0.701597  
0.161395  0.703396  
0.160497  0.705164  
0.159285  0.70697  
0.158253  0.70866  
0.157418  0.710163  
0.156519  0.711789  
0.155293  0.714011  
0.15456  0.71532  
0.1536  0.717392  
0.152477  0.718778  
0.151491  0.720483  
0.150304  0.722587  
0.149263  0.724191  
0.148292  0.725878  
0.147173  0.727407  
0.146119  0.729362  
0.145334  0.730936  
0.14406  0.732806  
0.143082  0.734669  
0.142023  0.73648  
0.14103  0.738215  
0.140082  0.739922  
0.138937  0.741871  
0.138106  0.74331  
0.136955  0.74512  
0.135981  0.747299  
0.134706  0.74885  
0.133521  0.751039  
0.132843  0.75227  
0.131726  0.754189  
0.130588  0.75604  
0.129524  0.757891  
0.128513  0.759829  
0.127438  0.761728  
0.126473  0.76351  
0.125402  0.765127  
0.124213  0.767391  
0.123224  0.769257  
0.122115  0.771142  
0.120793  0.773399  
0.120063  0.775186  
0.118795  0.776833  
0.117808  0.778633  
0.116774  0.780637  
0.11573  0.782757  
0.11466  0.784268  
0.113512  0.786213  
0.112426  0.788161  
0.111351  0.790065  
0.110225  0.792493  
0.109146  0.794041  
0.107978  0.796003  
0.106984  0.797895  
0.105926  0.800177  
0.104542  0.802446  
0.103611  0.803867  
0.102539  0.806253  
0.101393  0.807885  
0.100278  0.809799  
0.0992117  0.8116  
0.0980905  0.81393  
0.0968825  0.815847  
0.0956052  0.818113  
0.0946568  0.819997  
0.0933442  0.822388  
0.0922363  0.824487  
0.0913154  0.826224  
0.0902083  0.828625  
0.0887268  0.830554  
0.0875694  0.833172  
0.0867042  0.834786  
0.0851474  0.837228  
0.0841383  0.839063  
0.0831843  0.84066  
0.0821355  0.843154  
0.0808035  0.845576  
0.0795907  0.847348  
0.078623  0.849393  
0.0773516  0.851704  
0.0761472  0.853977  
0.0748342  0.856106  
0.0739295  0.858047  
0.0728033  0.86033  
0.0715696  0.862216  
0.0703239  0.864972  
0.0691454  0.867312  
0.0678114  0.869149  
0.0667798  0.871382  
0.0656292  0.873878  
0.0644117  0.875767  
0.0631001  0.878114  
0.061776  0.880734  
0.0606564  0.883298  
0.059567  0.884641  
0.0581109  0.887422  
0.0571439  0.889102  
0.0559512  0.891609  
0.0543578  0.8945  
0.0533105  0.896657  
0.0522989  0.898804  
0.0510581  0.900861  
0.0497619  0.903202  
0.0485522  0.905986  
0.0472932  0.907871  
0.0457587  0.910728  
0.0447762  0.912999  
0.043565  0.915263  
0.0423207  0.917507  
0.0409996  0.920184  
0.0396722  0.922863  
0.0383437  0.924985  
0.0370668  0.9279  
0.0358991  0.929965  
0.0346008  0.932179  
0.0333625  0.93471  
0.0320171  0.937166  
0.0305432  0.940279  
0.0293585  0.942684  
0.0280656  0.944824  
0.0268659  0.947143  
0.0256265  0.949728  
0.0242255  0.952567  
0.0229774  0.95479  
0.0216288  0.957378  
0.0203206  0.960086  
0.0188963  0.962858  
0.0175045  0.965553  
0.0161431  0.96831  
0.0148829  0.970852  
0.013621  0.973349  
0.0122124  0.976009  
0.0108613  0.97877  
0.00953367  0.981513  
0.00823493  0.983872  
0.00668715  0.987051  
0.00548145  0.989378  
0.00403967  0.992233  
0.0027765  0.994919  
0.00137878  0.997508  
0.000124574  1.00033  
