1.82895  0.125021  
1.51809  0.125021  
1.33539  0.125021  
1.29391  0.125021  
1.25721  0.125021  
1.1722  0.125021  
1.12971  0.125021  
1.08499  0.125021  
1.02209  0.125023  
1.00989  0.125023  
1.00532  0.125689  
1.00051  0.127025  
1.00047  0.128826  
0.997268  0.131428  
0.993412  0.133212  
0.99157  0.134603  
0.990046  0.136217  
0.987972  0.138029  
0.986618  0.13941  
0.983986  0.141805  
0.982042  0.143276  
0.981341  0.144349  
0.97935  0.146673  
0.97789  0.148743  
0.975241  0.150346  
0.973715  0.151864  
0.97208  0.153413  
0.970209  0.15511  
0.968869  0.15714  
0.967137  0.158788  
0.965276  0.160907  
0.963679  0.162006  
0.96197  0.163671  
0.960809  0.165351  
0.958568  0.167732  
0.956709  0.168885  
0.9547  0.171083  
0.953046  0.172898  
0.95043  0.174935  
0.949505  0.176738  
0.947302  0.178437  
0.946059  0.180101  
0.943489  0.182095  
0.943021  0.183634  
0.940989  0.185376  
0.939357  0.186943  
0.937391  0.188846  
0.935713  0.190656  
0.933674  0.192257  
0.932263  0.193748  
0.930168  0.195418  
0.928638  0.196994  
0.926596  0.199288  
0.925568  0.201022  
0.922306  0.203163  
0.920447  0.204788  
0.919807  0.206429  
0.918285  0.208204  
0.916582  0.20975  
0.91463  0.211471  
0.913318  0.213395  
0.911703  0.214258  
0.909002  0.216801  
0.907111  0.218624  
0.905347  0.220383  
0.903725  0.221998  
0.902205  0.223991  
0.900528  0.225235  
0.898866  0.22762  
0.896538  0.229172  
0.895393  0.231227  
0.892884  0.232812  
0.891323  0.234214  
0.889611  0.235808  
0.887643  0.237878  
0.886971  0.238562  
0.884304  0.241444  
0.881996  0.243436  
0.880539  0.244738  
0.879012  0.246654  
0.877371  0.248088  
0.875853  0.250138  
0.873666  0.252006  
0.871748  0.253801  
0.871119  0.254892  
0.868858  0.257174  
0.867256  0.258869  
0.864883  0.26036  
0.863322  0.262378  
0.862043  0.264399  
0.859867  0.266045  
0.858399  0.267395  
0.85638  0.269102  
0.854562  0.27115  
0.853414  0.272688  
0.851104  0.274848  
0.848852  0.276577  
0.847867  0.27798  
0.845919  0.27934  
0.84392  0.281755  
0.842158  0.283391  
0.840514  0.285025  
0.838897  0.286744  
0.836942  0.288883  
0.835001  0.290618  
0.833218  0.292165  
0.831755  0.294028  
0.83065  0.295366  
0.829031  0.296688  
0.825915  0.299367  
0.825837  0.300092  
0.82354  0.302614  
0.821424  0.304498  
0.819388  0.306207  
0.8178  0.307629  
0.816595  0.309549  
0.814421  0.311435  
0.812323  0.31301  
0.810824  0.314859  
0.809106  0.31624  
0.806931  0.318651  
0.806281  0.319487  
0.804285  0.322113  
0.802258  0.323475  
0.801094  0.324622  
0.798637  0.32679  
0.797313  0.328719  
0.795117  0.330519  
0.793615  0.332419  
0.791621  0.333887  
0.789942  0.336169  
0.788609  0.33722  
0.786878  0.339059  
0.784172  0.341071  
0.782524  0.342755  
0.781498  0.344632  
0.779308  0.346542  
0.777882  0.347717  
0.775933  0.349748  
0.773961  0.351532  
0.772701  0.353302  
0.770455  0.35498  
0.769071  0.35677  
0.767372  0.358407  
0.76519  0.360589  
0.763677  0.361599  
0.762039  0.363412  
0.760391  0.365103  
0.758401  0.367073  
0.756608  0.368802  
0.754801  0.370517  
0.753814  0.37269  
0.751915  0.373908  
0.749717  0.376344  
0.747324  0.378134  
0.746114  0.379404  
0.744625  0.381266  
0.742649  0.382989  
0.74105  0.3843  
0.739485  0.386771  
0.737577  0.38817  
0.735788  0.389953  
0.734268  0.391461  
0.732376  0.393613  
0.730428  0.395281  
0.728985  0.397003  
0.727442  0.398595  
0.725641  0.400184  
0.723486  0.402464  
0.721748  0.404416  
0.720307  0.40575  
0.718245  0.408022  
0.716932  0.409858  
0.71474  0.411449  
0.713036  0.412585  
0.710715  0.415023  
0.709265  0.416704  
0.70827  0.417805  
0.706192  0.41992  
0.631576  0.439244  
0.607682  0.446641  
0.600689  0.451553  
0.590029  0.459377  
0.587983  0.461013  
0.584923  0.46239  
0.580656  0.464264  
0.502116  0.500246  
0.500914  0.50192  
0.498861  0.50238  
0.497516  0.503357  
0.494754  0.505876  
0.494093  0.506614  
0.492863  0.508692  
0.49133  0.510074  
0.490097  0.512179  
0.486112  0.514591  
0.485105  0.516915  
0.483575  0.51895  
0.481218  0.520064  
0.480021  0.521085  
0.478525  0.522591  
0.476394  0.524446  
0.475084  0.525958  
0.474076  0.527206  
0.471616  0.529033  
0.470443  0.529944  
0.469221  0.531301  
0.46787  0.533346  
0.465694  0.534982  
0.464699  0.536597  
0.46382  0.538339  
0.462245  0.53975  
0.460434  0.541068  
0.459072  0.542591  
0.456387  0.544809  
0.455541  0.545578  
0.455143  0.547018  
0.452097  0.549955  
0.450815  0.550657  
0.449772  0.552651  
0.448148  0.553206  
0.445681  0.555105  
0.445123  0.556228  
0.443613  0.557052  
0.441976  0.560482  
0.440924  0.561677  
0.439462  0.564385  
0.437691  0.56519  
0.43661  0.566283  
0.432175  0.568795  
0.430919  0.570502  
0.428933  0.571886  
0.428266  0.57304  
0.426229  0.576469  
0.423914  0.578206  
0.421631  0.57986  
0.42052  0.581389  
0.419537  0.582145  
0.416837  0.584328  
0.415467  0.58595  
0.41411  0.587157  
0.412756  0.588967  
0.411569  0.591683  
0.409795  0.591738  
0.408983  0.594204  
0.406465  0.595946  
0.4052  0.597416  
0.403985  0.59797  
0.400992  0.601662  
0.398608  0.603441  
0.397611  0.604546  
0.396291  0.606766  
0.394128  0.609216  
0.392149  0.609443  
0.391364  0.609804  
0.387823  0.613182  
0.386947  0.615801  
0.384239  0.617627  
0.383232  0.618347  
0.381804  0.621788  
0.380085  0.622445  
0.377931  0.624269  
0.376671  0.625297  
0.374362  0.626825  
0.372852  0.628877  
0.369786  0.631293  
0.367234  0.633875  
0.365372  0.635719  
0.360358  0.640713  
0.36155  0.640096  
0.358206  0.642927  
0.355629  0.645987  
0.353454  0.64853  
0.352665  0.649547  
0.350772  0.650593  
0.348964  0.652992  
0.347578  0.654901  
0.346735  0.655812  
0.344065  0.658319  
0.343542  0.659206  
0.341155  0.660421  
0.340527  0.660956  
0.338855  0.664675  
0.336261  0.665157  
0.33466  0.666458  
0.333439  0.668335  
0.331901  0.669857  
0.330691  0.671463  
0.328983  0.672152  
0.326329  0.674815  
0.324413  0.676328  
0.323247  0.678294  
0.320858  0.681833  
0.31986  0.681933  
0.318681  0.682388  
0.31717  0.685626  
0.315696  0.68651  
0.314023  0.688095  
0.311455  0.69012  
0.311431  0.690448  
0.309284  0.692473  
0.307374  0.694094  
0.30595  0.695878  
0.304344  0.698315  
0.302111  0.699998  
0.30038  0.701097  
0.297961  0.703944  
0.296586  0.705469  
0.295219  0.707102  
0.293621  0.709472  
0.292252  0.710336  
0.290375  0.711594  
0.288871  0.713445  
0.287768  0.714831  
0.285971  0.716383  
0.283367  0.718352  
0.281062  0.72042  
0.279599  0.721614  
0.278785  0.722881  
0.277032  0.72482  
0.274142  0.728054  
0.273436  0.729969  
0.271736  0.73023  
0.271369  0.730436  
0.266862  0.734405  
0.265321  0.736952  
0.262975  0.738031  
0.260858  0.73985  
0.259278  0.741275  
0.257443  0.7435  
0.256523  0.745819  
0.253009  0.750035  
0.250485  0.751193  
0.248141  0.754545  
0.247928  0.754876  
0.245635  0.756061  
0.243595  0.757492  
0.242154  0.760154  
0.241175  0.761242  
0.239811  0.762537  
0.238257  0.76434  
0.236705  0.767034  
0.234624  0.767122  
0.233884  0.76932  
0.2322  0.769459  
0.230884  0.77219  
0.229691  0.775509  
0.228449  0.778384  
0.225276  0.779181  
0.220698  0.783558  
0.220303  0.784208  
0.218738  0.786387  
0.218102  0.788871  
0.215975  0.791053  
0.214689  0.79124  
0.212125  0.792356  
0.210507  0.793836  
0.208098  0.795974  
0.202887  0.798746  
0.199267  0.807491  
0.194506  0.809869  
0.192484  0.811759  
0.188622  0.815633  
0.187379  0.816827  
0.185743  0.818543  
0.184037  0.820626  
0.182885  0.821828  
0.181028  0.822499  
0.17914  0.824396  
0.17481  0.827776  
0.173724  0.830959  
0.170601  0.83167  
0.167937  0.833362  
0.166846  0.836864  
0.165587  0.837845  
0.163561  0.838177  
0.162318  0.839195  
0.161122  0.84126  
0.156801  0.844184  
0.155579  0.845295  
0.15255  0.848287  
0.150616  0.850093  
0.149549  0.851335  
0.14847  0.85261  
0.146474  0.856181  
0.143751  0.857427  
0.142658  0.857997  
0.141985  0.859904  
0.140736  0.860838  
0.138596  0.862832  
0.13514  0.866019  
0.133786  0.868471  
0.132711  0.868765  
0.128445  0.873332  
0.129474  0.872873  
0.127532  0.874248  
0.125518  0.87542  
0.12328  0.877087  
0.121169  0.88106  
0.120637  0.882007  
0.118815  0.882548  
0.115977  0.885621  
0.113625  0.888016  
0.113097  0.888564  
0.111514  0.891054  
0.108458  0.893518  
0.106676  0.896196  
0.104036  0.897115  
0.1033  0.898461  
0.101677  0.900178  
0.0989147  0.903749  
0.0971501  0.905213  
0.0930492  0.908431  
0.0883647  0.913361  
0.0881836  0.915023  
0.0846101  0.916926  
0.0832788  0.920814  
0.0809483  0.921702  
0.079256  0.922634  
0.0754991  0.926388  
0.0740248  0.927328  
0.0723604  0.929562  
0.0678822  0.932705  
0.0661957  0.935117  
0.0613941  0.940315  
0.05845  0.944251  
0.0584889  0.942014  
0.0542516  0.947486  
0.0544743  0.946664  
0.0525712  0.951958  
0.0498603  0.953348  
0.0461157  0.955765  
0.0439102  0.9606  
0.0413834  0.960626  
0.0378291  0.964515  
0.0345375  0.966726  
0.0337416  0.969391  
0.0324846  0.970602  
0.0291719  0.972792  
0.0271756  0.976283  
0.0258433  0.978038  
0.0226317  0.980817  
0.0197513  0.982072  
0.0184913  0.984964  
0.0155776  0.987712  
0.0122752  0.993213  
0.00992934  0.993898  
0.00666241  0.996035  
0.00566481  0.999708  
0.0045137  1.00034  
0.00243674  1.00116  
0.000182822  1.00412  
