0.991345  0.280809  
0.961498  0.310306  
0.930657  0.341264  
0.895314  0.369198  
0.851428  0.387503  
0.817054  0.422982  
0.778036  0.457534  
0.728306  0.480559  
0.728305  0.480559  
0.680198  0.51274  
0.680199  0.512739  
0.680196  0.51274  
0.627939  0.546448  
0.627937  0.546448  
0.585522  0.601136  
0.585522  0.601136  
0.583912  0.602447  
0.583911  0.602448  
0.523566  0.643176  
0.52353  0.643234  
0.523341  0.643673  
0.443934  0.679191  
0.367399  0.744394  
0.366938  0.744692  
0.258923  0.818264  
0.257258  0.933551  
0.251198  0.940018  
0.23884  0.950541  
0.219266  0.96263  
0.212499  0.964476  
0.202507  0.967949  
0.198237  0.969767  
0.191655  0.971461  
0.17927  0.974766  
0.172965  0.976332  
0.166016  0.978312  
0.159017  0.97944  
0.150372  0.980713  
0.147229  0.981635  
0.139031  0.982544  
0.134448  0.983539  
0.126109  0.984527  
0.121385  0.985439  
0.116027  0.986079  
0.110242  0.986794  
0.0994618  0.988243  
0.09389  0.989578  
0.0901473  0.989592  
0.0848474  0.989956  
0.0795476  0.990562  
0.0726907  0.991866  
0.069203  0.992346  
0.063724  0.992621  
0.052766  0.994464  
0.0507747  0.994516  
0.0467922  0.994843  
0.0388272  0.996619  
0.0236585  0.99729  
0.0203532  0.997713  
0.0108269  0.998981  
4.323e-009  1  
