0.882648  0.0889827  
0.876256  0.089908  
0.87465  0.0908926  
0.859592  0.100798  
0.837898  0.102527  
0.815769  0.110679  
0.804538  0.113479  
0.797516  0.114552  
0.79746  0.114837  
0.771892  0.121479  
0.752678  0.125355  
0.748988  0.127826  
0.748909  0.128123  
0.736802  0.133084  
0.729241  0.137344  
0.724777  0.141138  
0.718215  0.143038  
0.714435  0.145624  
0.711551  0.146188  
0.711489  0.146852  
0.70997  0.150107  
0.701988  0.151897  
0.699003  0.15432  
0.692233  0.155919  
0.68796  0.157373  
0.682911  0.159499  
0.678753  0.161795  
0.678475  0.162864  
0.67329  0.164524  
0.668988  0.168166  
0.668027  0.1682  
0.662758  0.171281  
0.662273  0.171343  
0.660908  0.17358  
0.657117  0.174806  
0.653399  0.1758  
0.649305  0.177908  
0.649008  0.178625  
0.644193  0.182294  
0.643822  0.183091  
0.641623  0.184663  
0.640922  0.185032  
0.635387  0.186878  
0.635177  0.18815  
0.632341  0.189045  
0.629402  0.190765  
0.627781  0.193039  
0.626945  0.194117  
0.621926  0.19545  
0.621113  0.19811  
0.619751  0.199989  
0.610026  0.201088  
0.606416  0.202602  
0.606341  0.20331  
0.596685  0.208012  
0.593032  0.208153  
0.590668  0.213088  
0.582937  0.21417  
0.578165  0.215639  
0.577859  0.216752  
0.574268  0.217176  
0.567938  0.220264  
0.562783  0.221704  
0.561009  0.222211  
0.555825  0.223205  
0.55326  0.224256  
0.552451  0.224421  
0.55138  0.226817  
0.546613  0.227687  
0.544234  0.229692  
0.540578  0.230868  
0.53754  0.231763  
0.534373  0.234484  
0.533658  0.23527  
0.529824  0.236486  
0.52813  0.237052  
0.527806  0.238248  
0.523408  0.239293  
0.52317  0.240001  
0.522057  0.240467  
0.518474  0.24161  
0.51524  0.243061  
0.511812  0.244559  
0.509561  0.245335  
0.50555  0.247974  
0.503217  0.249347  
0.501767  0.249927  
0.500127  0.251245  
0.498549  0.252341  
0.497446  0.25305  
0.496272  0.254223  
0.494903  0.255945  
0.494351  0.256556  
0.492554  0.258227  
0.491333  0.259044  
0.490319  0.260826  
0.48832  0.262175  
0.487871  0.263195  
0.486094  0.264454  
0.485206  0.265786  
0.483964  0.267077  
0.482698  0.268109  
0.481614  0.269253  
0.480581  0.270451  
0.479542  0.272001  
0.478207  0.273309  
0.47689  0.274343  
0.475218  0.275747  
0.474015  0.27696  
0.47308  0.278251  
0.471864  0.279418  
0.470627  0.280421  
0.469305  0.282175  
0.468581  0.282657  
0.467448  0.284444  
0.46629  0.285309  
0.465432  0.286356  
0.463991  0.288023  
0.462621  0.289108  
0.461423  0.290502  
0.460231  0.291916  
0.459103  0.293237  
0.457912  0.29429  
0.456857  0.295498  
0.455836  0.297118  
0.45482  0.298113  
0.453203  0.299368  
0.452287  0.300787  
0.45125  0.301844  
0.44956  0.303133  
0.448658  0.304591  
0.447352  0.306019  
0.446325  0.306945  
0.445127  0.308226  
0.443932  0.309437  
0.442727  0.310765  
0.441677  0.312075  
0.440526  0.31336  
0.439332  0.314582  
0.438264  0.315798  
0.43727  0.317306  
0.436083  0.318622  
0.43474  0.319717  
0.43382  0.321092  
0.432511  0.322394  
0.431562  0.323598  
0.430358  0.324852  
0.429146  0.326218  
0.428017  0.327417  
0.427053  0.328781  
0.425747  0.330006  
0.42475  0.331422  
0.423474  0.332768  
0.422315  0.334025  
0.421272  0.335276  
0.420007  0.336747  
0.418923  0.33788  
0.417673  0.339255  
0.416708  0.340437  
0.415548  0.341764  
0.414815  0.343081  
0.413454  0.344462  
0.412082  0.345936  
0.411052  0.347217  
0.409785  0.348565  
0.408857  0.349658  
0.407675  0.351102  
0.406501  0.352457  
0.405604  0.353737  
0.404276  0.355104  
0.403146  0.35651  
0.402207  0.357976  
0.401136  0.359063  
0.399939  0.360498  
0.398756  0.361911  
0.397693  0.363475  
0.396766  0.364519  
0.395446  0.365743  
0.394555  0.367502  
0.393348  0.368671  
0.392381  0.369469  
0.390801  0.371325  
0.38976  0.37272  
0.389109  0.374231  
0.387477  0.37536  
0.386441  0.376923  
0.385555  0.378046  
0.384285  0.379235  
0.382991  0.380882  
0.381959  0.38231  
0.381025  0.383274  
0.379711  0.385089  
0.378687  0.386488  
0.377614  0.387596  
0.376588  0.389209  
0.375384  0.390569  
0.374396  0.39153  
0.372974  0.393318  
0.37223  0.39432  
0.370751  0.39603  
0.369955  0.397518  
0.368752  0.398739  
0.367729  0.40033  
0.366709  0.401692  
0.365333  0.402998  
0.36435  0.404484  
0.36315  0.405833  
0.362041  0.40729  
0.360992  0.408638  
0.359996  0.409941  
0.35895  0.4114  
0.357744  0.412879  
0.356629  0.414106  
0.355352  0.415873  
0.354154  0.41742  
0.353472  0.418375  
0.352018  0.420151  
0.350959  0.421503  
0.349805  0.423114  
0.348985  0.424456  
0.347766  0.425604  
0.346664  0.427267  
0.345587  0.428726  
0.344588  0.430129  
0.34335  0.431689  
0.342135  0.433179  
0.341198  0.43459  
0.339942  0.435867  
0.338789  0.437486  
0.337826  0.438954  
0.336566  0.440294  
0.335425  0.441854  
0.334426  0.44316  
0.333499  0.444765  
0.332203  0.44637  
0.331214  0.447628  
0.330045  0.449114  
0.329026  0.450674  
0.327912  0.452211  
0.326815  0.453467  
0.32569  0.455049  
0.324682  0.45667  
0.323448  0.458072  
0.322253  0.459999  
0.321233  0.460916  
0.32006  0.462784  
0.318946  0.464204  
0.317761  0.465609  
0.316589  0.467389  
0.315555  0.468727  
0.314592  0.470362  
0.31346  0.47162  
0.31236  0.473121  
0.311058  0.474779  
0.309991  0.476246  
0.309044  0.477837  
0.307781  0.479399  
0.306631  0.480976  
0.305685  0.482579  
0.304622  0.483758  
0.303387  0.485657  
0.302133  0.48725  
0.301196  0.488733  
0.300071  0.490109  
0.298919  0.491922  
0.297737  0.49353  
0.296625  0.494956  
0.295565  0.496508  
0.294434  0.498045  
0.293439  0.499762  
0.292322  0.501243  
0.291153  0.502671  
0.290092  0.504627  
0.288959  0.50594  
0.287778  0.507639  
0.286785  0.50911  
0.285588  0.510672  
0.284389  0.512347  
0.283354  0.513804  
0.282246  0.515402  
0.281133  0.516893  
0.279827  0.518992  
0.27887  0.520314  
0.277748  0.522269  
0.276773  0.52375  
0.275366  0.525521  
0.274065  0.527277  
0.273281  0.528507  
0.271903  0.530274  
0.270816  0.532129  
0.269951  0.533901  
0.26872  0.535104  
0.267533  0.536821  
0.266649  0.538228  
0.265267  0.540081  
0.264159  0.541984  
0.263093  0.543756  
0.261906  0.545189  
0.260879  0.54682  
0.259533  0.548542  
0.258457  0.550183  
0.257336  0.551859  
0.256162  0.553695  
0.255037  0.555227  
0.254021  0.556862  
0.252769  0.558551  
0.251602  0.560411  
0.250429  0.562057  
0.249248  0.563923  
0.248218  0.565766  
0.246893  0.567274  
0.245841  0.56897  
0.244776  0.570791  
0.243518  0.572374  
0.24237  0.574145  
0.241283  0.57605  
0.240104  0.577765  
0.238976  0.579598  
0.237667  0.581524  
0.23676  0.583109  
0.235496  0.584524  
0.234446  0.586309  
0.233226  0.588229  
0.231974  0.590135  
0.230771  0.591832  
0.229493  0.593911  
0.228486  0.595491  
0.22742  0.597111  
0.226226  0.598938  
0.225066  0.600691  
0.224007  0.602815  
0.222753  0.604441  
0.221496  0.606281  
0.220341  0.608046  
0.219269  0.609799  
0.217892  0.611945  
0.216922  0.613778  
0.215415  0.615706  
0.214529  0.61752  
0.213072  0.619351  
0.212014  0.621301  
0.210777  0.623224  
0.209743  0.624867  
0.208623  0.626565  
0.207499  0.62833  
0.206266  0.630203  
0.204983  0.632331  
0.203704  0.63434  
0.202726  0.635807  
0.201349  0.638152  
0.200176  0.639848  
0.199049  0.641894  
0.197437  0.644308  
0.196624  0.645798  
0.195479  0.647637  
0.194115  0.649592  
0.192816  0.651918  
0.191911  0.653656  
0.190468  0.655477  
0.18933  0.657391  
0.188003  0.659592  
0.186896  0.66141  
0.185906  0.663098  
0.184212  0.66565  
0.183382  0.667024  
0.182145  0.669275  
0.180897  0.67143  
0.179781  0.673218  
0.17849  0.675182  
0.177141  0.677566  
0.176033  0.679363  
0.174736  0.681238  
0.173493  0.683629  
0.172315  0.68547  
0.170949  0.687566  
0.169891  0.689562  
0.168508  0.691899  
0.167316  0.693579  
0.165919  0.69587  
0.16496  0.69751  
0.16359  0.700099  
0.162057  0.702446  
0.160879  0.704272  
0.159791  0.706228  
0.158498  0.708338  
0.157016  0.710837  
0.156164  0.712973  
0.154861  0.714719  
0.153572  0.716905  
0.152312  0.718741  
0.150748  0.721592  
0.149483  0.723615  
0.148519  0.725357  
0.147281  0.72772  
0.145669  0.730051  
0.144694  0.731979  
0.143099  0.734399  
0.142039  0.73651  
0.140749  0.738704  
0.139518  0.740894  
0.138317  0.743126  
0.13685  0.745439  
0.135547  0.747602  
0.134251  0.749833  
0.133016  0.751876  
0.131517  0.754473  
0.130389  0.756597  
0.129225  0.758875  
0.127821  0.76095  
0.126469  0.763426  
0.125  0.765882  
0.123833  0.768145  
0.122561  0.770399  
0.121259  0.772464  
0.119913  0.774835  
0.118482  0.777446  
0.117272  0.779598  
0.115941  0.781869  
0.114586  0.784283  
0.11312  0.78667  
0.111933  0.788959  
0.110597  0.791391  
0.1093  0.793987  
0.107714  0.796363  
0.106396  0.798796  
0.105235  0.801006  
0.103799  0.803648  
0.102309  0.806045  
0.100834  0.808716  
0.0997586  0.810724  
0.0982157  0.81338  
0.0968728  0.815843  
0.0956097  0.818198  
0.0942187  0.82089  
0.0928719  0.823185  
0.0915619  0.825843  
0.0900955  0.828244  
0.0886743  0.830766  
0.0871801  0.833625  
0.0858684  0.835966  
0.0845609  0.838466  
0.0832084  0.841034  
0.0817662  0.843645  
0.0802987  0.846276  
0.0787964  0.848868  
0.0775131  0.851425  
0.0760505  0.853938  
0.0745804  0.856641  
0.0731366  0.859362  
0.0716848  0.862154  
0.070272  0.864786  
0.0689341  0.867145  
0.0674271  0.870024  
0.0658936  0.872776  
0.0646457  0.875376  
0.0630288  0.878152  
0.0615854  0.880798  
0.0602667  0.883502  
0.0585492  0.886445  
0.0572317  0.889  
0.0557564  0.891754  
0.0544448  0.894675  
0.0527538  0.897496  
0.0514299  0.900004  
0.0498015  0.902958  
0.0483129  0.905952  
0.046953  0.908648  
0.0453166  0.91155  
0.0439076  0.914473  
0.0424822  0.91691  
0.0408274  0.920362  
0.039438  0.922928  
0.0379236  0.92591  
0.0362565  0.928905  
0.0345937  0.932062  
0.0332267  0.934942  
0.0317719  0.937707  
0.0300733  0.940936  
0.0287418  0.943518  
0.0270902  0.946764  
0.0255335  0.949837  
0.0239691  0.952856  
0.0224654  0.955848  
0.0208928  0.959091  
0.019346  0.962104  
0.01763  0.965202  
0.0160744  0.968455  
0.0145354  0.971506  
0.0128434  0.974689  
0.0114016  0.977811  
0.00980409  0.980954  
0.00820314  0.984208  
0.00639482  0.987601  
0.00491603  0.99087  
0.00318179  0.994672  
0.00169091  0.997916  
0.000167849  1.0004  
