0.822864  1.3727  
0.822864  1.3727  
0.822864  1.3727  
0.822864  1.3727  
0.822864  1.3727  
0.822864  1.3727  
0.822864  1.3727  
0.822864  1.3727  
0.822864  1.3727  
0.822864  1.3727  
0.822864  1.3727  
0.822864  1.3727  
0.822864  1.3727  
0.822864  1.3727  
0.822864  1.3727  
0.822864  1.3727  
0.822864  1.3727  
0.822864  1.3727  
0.822864  1.3727  
0.822864  1.3727  
0.822864  1.3727  
0.822864  1.3727  
0.822864  1.3727  
0.822864  1.3727  
0.822864  1.3727  
0.822864  1.3727  
0.822864  1.3727  
0.822864  1.3727  
0.822864  1.3727  
0.822864  1.3727  
0.822864  1.3727  
0.822864  1.3727  
0.822864  1.3727  
0.822864  1.3727  
0.822864  1.3727  
0.822864  1.3727  
0.822864  1.3727  
0.822864  1.3727  
0.822864  1.3727  
0.822864  1.3727  
0.822864  1.3727  
0.822864  1.3727  
0.822864  1.3727  
0.822864  1.3727  
0.822864  1.3727  
0.822864  1.3727  
0.822864  1.3727  
0.822864  1.3727  
0.822864  1.3727  
0.822864  1.3727  
0.822864  1.3727  
0.822864  1.3727  
0.822864  1.3727  
0.822864  1.3727  
0.822864  1.3727  
0.822864  1.3727  
0.822864  1.3727  
0.822864  1.3727  
0.822864  1.3727  
0.822864  1.3727  
0.822864  1.3727  
0.822864  1.3727  
0.822864  1.3727  
0.822864  1.3727  
0.822864  1.3727  
0.822864  1.3727  
0.822864  1.3727  
0.822864  1.3727  
0.822864  1.3727  
0.822864  1.3727  
0.822864  1.3727  
0.822864  1.3727  
0.822864  1.3727  
0.822864  1.3727  
0.822864  1.3727  
0.822864  1.3727  
0.822864  1.3727  
0.822864  1.3727  
0.822864  1.3727  
0.822864  1.3727  
0.822864  1.3727  
0.822864  1.3727  
0.822864  1.3727  
0.822864  1.3727  
0.822864  1.3727  
0.822864  1.3727  
0.822864  1.3727  
0.822864  1.3727  
0.822864  1.3727  
0.822864  1.3727  
0.822864  1.3727  
0.822864  1.3727  
0.822864  1.3727  
0.822864  1.3727  
0.822864  1.3727  
0.822864  1.3727  
0.822864  1.3727  
0.822864  1.3727  
0.822864  1.3727  
0.822864  1.3727  
0.822864  1.3727  
0.822864  1.3727  
0.822864  1.3727  
0.822864  1.3727  
0.822864  1.3727  
0.822864  1.3727  
0.822864  1.3727  
0.822864  1.3727  
0.822864  1.3727  
0.822864  1.3727  
0.822864  1.3727  
0.822864  1.3727  
0.822864  1.3727  
0.822864  1.3727  
0.822864  1.3727  
0.822864  1.3727  
0.822864  1.3727  
0.822864  1.3727  
0.822864  1.3727  
0.822864  1.3727  
0.822864  1.3727  
0.822864  1.3727  
0.822864  1.3727  
0.822864  1.3727  
0.817007  1.38964  
0.810182  1.40985  
0.803303  1.42741  
0.79747  1.44745  
0.791825  1.46698  
0.782771  1.48468  
0.775942  1.50395  
0.769505  1.52258  
0.762426  1.54206  
0.754452  1.56493  
0.749683  1.57832  
0.740503  1.6038  
0.736094  1.61791  
0.726597  1.64454  
0.72068  1.66576  
0.710204  1.68857  
0.702007  1.71075  
0.69448  1.73274  
0.688418  1.75146  
0.683026  1.76995  
0.683026  1.76995  
0.683026  1.76995  
0.683026  1.76995  
0.683026  1.76995  
0.683026  1.76995  
0.683026  1.76995  
0.683026  1.76995  
0.683026  1.76995  
0.683026  1.76995  
0.683026  1.76995  
0.479035  2.33856  
0.479035  2.33855  
0.479035  2.33855  
0.479035  2.33855  
0.479035  2.33855  
0.479035  2.33855  
0.479035  2.33855  
0.479035  2.33856  
0.479035  2.33855  
0.479035  2.33856  
0.479035  2.33855  
0.475626  2.34816  
0.465399  2.37711  
0.453945  2.40926  
0.442743  2.43989  
0.43164  2.47246  
0.420537  2.50533  
0.407966  2.5392  
0.396108  2.57254  
0.38425  2.60625  
0.373464  2.63911  
0.360533  2.67484  
0.347876  2.70849  
0.336051  2.75104  
0.327271  2.77379  
0.327271  2.77379  
0.327271  2.77379  
0.134193  3.31484  
0.134193  3.31484  
0.134193  3.31484  
0.134193  3.31484  
0.134193  3.31484  
0.134193  3.31484  
0.134193  3.31484  
0.134193  3.31484  
0.134193  3.31484  
0.134193  3.31484  
0.134193  3.31484  
0.120393  3.35503  
0.103032  3.40276  
0.0878043  3.44968  
0.0686052  3.50148  
0.0523802  3.55095  
0.0322987  3.615  
0.0156869  3.65588  
1.56737e-008  3.69605  
