4.47191  0.398595  
1.45605  0.398594  
1.45605  0.398594  
4.05048  0.398595  
4.05048  0.398595  
4.47191  0.398595  
1.45605  0.398594  
4.05048  0.398595  
4.47191  0.398595  
4.05048  0.398595  
1.45605  0.398594  
4.47191  0.398595  
1.45605  0.398594  
4.47191  0.398595  
4.05048  0.398595  
4.32516  0.398601  
1.76593  0.398592  
2.85336  0.398593  
2.85336  0.398593  
2.85336  0.398593  
2.85336  0.398593  
1.45605  0.398594  
2.85336  0.398593  
2.09635  0.398602  
2.85336  0.398593  
1.82626  0.398603  
1.76593  0.398592  
2.55462  0.3986  
1.69379  0.398589  
0.861939  0.398598  
1.76593  0.398592  
0.861939  0.398598  
1.69379  0.398589  
1.45605  0.398594  
1.50099  0.398602  
1.69379  0.398589  
1.76593  0.398592  
1.26902  0.398592  
1.69379  0.398589  
1.02219  0.398596  
1.76593  0.398592  
1.26902  0.398592  
1.69379  0.398589  
1.22673  0.398602  
1.26902  0.398592  
1.69379  0.398589  
1.05154  0.398597  
1.15633  0.398593  
1.25851  0.398593  
1.05154  0.398597  
1.25851  0.398593  
1.26902  0.398592  
1.15633  0.398593  
1.15633  0.398593  
1.45605  0.398594  
1.45605  0.398594  
1.26902  0.398592  
1.09897  0.3986  
0.986612  0.398596  
0.861939  0.398598  
1.05154  0.398597  
1.26902  0.398592  
1.02219  0.398596  
0.986612  0.398596  
1.01719  0.398595  
0.920332  0.398595  
1.01719  0.398595  
0.969038  0.398595  
1.15633  0.398593  
0.969038  0.398595  
0.913225  0.398595  
0.74769  0.398601  
1.05  0.398594  
1.05  0.398594  
1.05  0.398594  
1.15633  0.398593  
1.05  0.398594  
0.986612  0.398596  
1.05  0.398594  
0.986612  0.398596  
0.845139  0.398598  
1.01719  0.398595  
0.969038  0.398595  
0.969038  0.398595  
1.05154  0.398597  
0.920332  0.398595  
0.861939  0.398598  
1.01719  0.398595  
0.969038  0.398595  
1.01719  0.398595  
0.920332  0.398595  
0.913225  0.398595  
1.01719  0.398595  
0.969038  0.398595  
0.913225  0.398595  
0.859567  0.398597  
0.939101  0.398597  
0.913225  0.398595  
0.903372  0.398598  
0.920332  0.398595  
0.80889  0.398595  
0.939101  0.398597  
0.723924  0.398599  
0.729784  0.398599  
0.913225  0.398595  
0.859567  0.398597  
0.80889  0.398595  
0.903372  0.398598  
0.903372  0.398598  
0.765932  0.398598  
0.911717  0.398595  
0.717671  0.398598  
0.80889  0.398595  
0.766448  0.398598  
0.766448  0.398598  
0.859567  0.398597  
0.784226  0.398599  
0.719671  0.398599  
0.784226  0.398599  
0.730389  0.398597  
0.726346  0.398598  
0.859567  0.398597  
0.859567  0.398597  
0.717671  0.398598  
0.781624  0.398598  
0.784226  0.398599  
0.781624  0.398598  
0.726346  0.398598  
0.828519  0.398599  
0.765932  0.398598  
0.80889  0.398595  
0.723125  0.398598  
0.765932  0.398598  
0.781624  0.398598  
0.781624  0.398598  
0.784226  0.398599  
0.723125  0.398598  
0.766448  0.398598  
0.781624  0.398598  
0.717671  0.398598  
0.719671  0.398599  
0.723125  0.398598  
0.784226  0.398599  
0.781624  0.398598  
0.717671  0.398598  
0.723125  0.398598  
0.723924  0.398599  
0.729784  0.398599  
0.726853  0.398599  
0.723125  0.398598  
0.765932  0.398598  
0.765932  0.398598  
0.765932  0.398598  
0.748198  0.398599  
0.745156  0.398601  
0.719671  0.398599  
0.725517  0.398601  
0.729784  0.398599  
0.729784  0.398599  
0.736935  0.3986  
0.736935  0.3986  
0.723125  0.398598  
0.736935  0.3986  
0.736935  0.3986  
0.726853  0.398599  
0.725517  0.398601  
0.725517  0.398601  
0.713951  0.398601  
0.726853  0.398599  
0.726877  0.398694  
0.714345  0.398632  
0.718272  0.3987  
0.713951  0.398601  
0.714345  0.398632  
0.714345  0.398632  
0.714345  0.398632  
0.714345  0.398632  
0.711951  0.398759  
0.709463  0.39883  
0.709463  0.39883  
0.706687  0.398855  
0.705759  0.398876  
0.704703  0.398921  
0.70414  0.399182  
0.702323  0.399284  
0.702101  0.400117  
0.701482  0.400109  
0.701482  0.400109  
0.697337  0.401884  
0.697337  0.401884  
0.697337  0.401884  
0.696584  0.402781  
0.694689  0.403428  
0.694689  0.403428  
0.694689  0.403428  
0.694426  0.40496  
0.694426  0.40496  
0.6922  0.406377  
0.6922  0.406377  
0.690412  0.406751  
0.690412  0.406751  
0.690039  0.407691  
0.690039  0.407691  
0.689789  0.407454  
0.68785  0.409116  
0.68785  0.409116  
0.68624  0.410223  
0.68624  0.410223  
0.684952  0.410752  
0.684777  0.411575  
0.68365  0.411843  
0.68365  0.411843  
0.680075  0.413353  
0.680075  0.413353  
0.680075  0.413353  
0.680075  0.413353  
0.680075  0.413353  
0.680075  0.413353  
0.67659  0.416048  
0.67659  0.416048  
0.674397  0.416223  
0.674397  0.416223  
0.674397  0.416223  
0.673511  0.417364  
0.670788  0.417901  
0.670788  0.417901  
0.670788  0.417901  
0.669069  0.41845  
0.669069  0.41845  
0.666621  0.419188  
0.666621  0.419188  
0.666621  0.419188  
0.665206  0.419986  
0.665206  0.419986  
0.664242  0.420812  
0.663883  0.421324  
0.663883  0.421324  
0.659108  0.422627  
0.659108  0.422627  
0.659108  0.422627  
0.659108  0.422627  
0.656814  0.423288  
0.657971  0.42335  
0.656814  0.423288  
0.655638  0.423884  
0.654534  0.424527  
0.654534  0.424527  
0.653558  0.425243  
0.652932  0.42559  
0.652372  0.425848  
0.651937  0.426225  
0.651195  0.42681  
0.649855  0.427337  
0.649855  0.427337  
0.648308  0.428358  
0.648308  0.428358  
0.648308  0.428358  
0.646063  0.429402  
0.646063  0.429402  
0.645077  0.429976  
0.645077  0.429976  
0.64435  0.430814  
0.641644  0.431569  
0.641644  0.431569  
0.641644  0.431569  
0.640619  0.432351  
0.640619  0.432351  
0.640619  0.432351  
0.640619  0.432351  
0.6384  0.434103  
0.6384  0.434103  
0.637225  0.434784  
0.637225  0.434784  
0.634759  0.43576  
0.634759  0.43576  
0.634365  0.435984  
0.634365  0.435984  
0.63394  0.436557  
0.632301  0.43733  
0.632301  0.43733  
0.632301  0.43733  
0.631879  0.438521  
0.631675  0.439053  
0.631422  0.439927  
0.631242  0.440935  
0.630745  0.441873  
0.630741  0.442363  
0.630658  0.44351  
0.63036  0.443846  
0.630097  0.445275  
0.630097  0.445275  
0.629853  0.446363  
0.629799  0.446978  
0.629571  0.448411  
0.629499  0.448528  
0.62929  0.449341  
0.629238  0.45045  
0.629118  0.451508  
0.628678  0.452524  
0.628573  0.453437  
0.628497  0.45374  
0.628266  0.455361  
0.628253  0.456529  
0.627993  0.456855  
0.627863  0.458129  
0.627739  0.458689  
0.627336  0.459741  
0.627336  0.459741  
0.627184  0.461796  
0.627007  0.462367  
0.62683  0.46395  
0.626765  0.463987  
0.62659  0.465665  
0.626503  0.466635  
0.626346  0.467261  
0.626163  0.468299  
0.626111  0.468957  
0.626111  0.468957  
0.625994  0.471112  
0.625885  0.471966  
0.625707  0.473243  
0.6256  0.474325  
0.625381  0.475571  
0.625362  0.476078  
0.625144  0.477456  
0.625144  0.477456  
0.625018  0.480939  
0.625018  0.480939  
0.624703  0.482231  
0.624588  0.483525  
0.624588  0.483525  
0.624588  0.483525  
0.624588  0.483525  
0.624588  0.483525  
0.624274  0.488679  
0.624169  0.490625  
0.624169  0.490625  
0.624169  0.490625  
0.624169  0.490625  
0.623732  0.494879  
0.623732  0.494879  
0.623555  0.497346  
0.623555  0.497346  
0.514603  0.500057  
0.523495  0.500057  
0.558717  0.500057  
0.608857  0.500057  
0.608857  0.500057  
0.608857  0.500057  
0.562528  0.500057  
0.608857  0.500057  
0.608857  0.500057  
0.608857  0.500057  
0.608857  0.500057  
0.608857  0.500057  
0.608857  0.500057  
0.608857  0.500057  
0.558929  0.500057  
0.544989  0.500057  
0.599186  0.500057  
0.601319  0.500057  
0.545026  0.500057  
0.538  0.500057  
0.514603  0.500057  
0.601319  0.500057  
0.544989  0.500057  
0.559446  0.500057  
0.544989  0.500057  
0.559446  0.500057  
0.558717  0.500057  
0.558929  0.500057  
0.558717  0.500057  
0.558929  0.500057  
0.514603  0.500057  
0.583512  0.500057  
0.558717  0.500057  
0.558717  0.500057  
0.558717  0.500057  
0.558929  0.500057  
0.579193  0.500057  
0.579193  0.500057  
0.544989  0.500057  
0.558929  0.500057  
0.527834  0.500057  
0.579193  0.500057  
0.529069  0.500057  
0.545026  0.500057  
0.564307  0.500057  
0.564307  0.500057  
0.545026  0.500057  
0.564307  0.500057  
0.529069  0.500057  
0.544989  0.500057  
0.564307  0.500057  
0.505112  0.500057  
0.558929  0.500057  
0.538543  0.500057  
0.529069  0.500057  
0.505112  0.500057  
0.564307  0.500057  
0.559446  0.500057  
0.545026  0.500057  
0.527834  0.500057  
0.554987  0.500057  
0.564307  0.500057  
0.545026  0.500057  
0.554987  0.500057  
0.527834  0.500057  
0.529069  0.500057  
0.523661  0.500057  
0.559446  0.500057  
0.554987  0.500057  
0.545026  0.500057  
0.538543  0.500057  
0.527834  0.500057  
0.535461  0.500057  
0.523661  0.500057  
0.548992  0.500057  
0.513439  0.500057  
0.513439  0.500057  
0.513439  0.500057  
0.538543  0.500057  
0.554987  0.500057  
0.526902  0.500057  
0.535461  0.500057  
0.529069  0.500057  
0.538543  0.500057  
0.527116  0.500057  
0.523661  0.500057  
0.538543  0.500057  
0.522894  0.500057  
0.529069  0.500057  
0.513878  0.500057  
0.523661  0.500057  
0.505646  0.500057  
0.505112  0.500057  
0.535461  0.500057  
0.535461  0.500057  
0.513878  0.500057  
0.514603  0.500057  
0.538543  0.500057  
0.513878  0.500057  
0.535461  0.500057  
0.514603  0.500057  
0.507663  0.500057  
0.514911  0.500057  
0.526161  0.500057  
0.514911  0.500057  
0.511004  0.500057  
0.514603  0.500057  
0.526297  0.500057  
0.535461  0.500057  
0.526161  0.500057  
0.506006  0.500057  
0.522894  0.500057  
0.505646  0.500057  
0.511004  0.500057  
0.506716  0.500057  
0.51297  0.500057  
0.513878  0.500057  
0.511937  0.500057  
0.511004  0.500057  
0.526297  0.500057  
0.507663  0.500057  
0.523661  0.500057  
0.506006  0.500057  
0.506006  0.500057  
0.52183  0.500057  
0.506716  0.500057  
0.526161  0.500057  
0.52183  0.500057  
0.522894  0.500057  
0.522894  0.500057  
0.505646  0.500057  
0.513878  0.500057  
0.51934  0.500057  
0.503043  0.500057  
0.52183  0.500057  
0.507663  0.500057  
0.52183  0.500057  
0.511004  0.500057  
0.507663  0.500057  
0.505646  0.500057  
0.506006  0.500057  
0.51297  0.500057  
0.510707  0.500057  
0.506002  0.500057  
0.50689  0.500057  
0.506002  0.500057  
0.514502  0.500057  
0.506002  0.500057  
0.51297  0.500057  
0.514502  0.500057  
0.511004  0.500057  
0.514502  0.500057  
0.503043  0.500057  
0.513136  0.500057  
0.506002  0.500057  
0.507663  0.500057  
0.510707  0.500057  
0.511004  0.500057  
0.506006  0.500057  
0.506206  0.500057  
0.503043  0.500057  
0.506553  0.500057  
0.506002  0.500057  
0.506206  0.500057  
0.506206  0.500057  
0.506206  0.500057  
0.506006  0.500057  
0.506002  0.500057  
0.506206  0.500057  
0.50313  0.500057  
0.503043  0.500057  
0.503064  0.500057  
0.504481  0.500057  
0.503043  0.500057  
0.50313  0.500057  
0.503064  0.500057  
0.50271  0.50006  
0.49985  0.500713  
0.501768  0.500067  
0.49985  0.500713  
0.49985  0.500713  
0.49985  0.500713  
0.49985  0.500713  
0.499363  0.501275  
0.499363  0.501275  
0.498641  0.502431  
0.498641  0.502431  
0.498072  0.503  
0.497681  0.504263  
0.497533  0.502727  
0.496699  0.504749  
0.496699  0.504749  
0.495389  0.507763  
0.494327  0.506889  
0.494327  0.506889  
0.494327  0.506889  
0.494327  0.506889  
0.494327  0.506889  
0.492324  0.509645  
0.493756  0.506805  
0.492324  0.509645  
0.492324  0.509645  
0.492324  0.509645  
0.49085  0.510584  
0.49085  0.510584  
0.49085  0.510584  
0.49085  0.510584  
0.489794  0.510644  
0.489794  0.510644  
0.489794  0.510644  
0.489056  0.512155  
0.489056  0.512155  
0.488074  0.514206  
0.488236  0.512363  
0.486669  0.515531  
0.486669  0.515531  
0.486669  0.515531  
0.486669  0.515531  
0.485564  0.516248  
0.485564  0.516248  
0.484316  0.517412  
0.484316  0.517412  
0.484316  0.517412  
0.484316  0.517412  
0.48418  0.517741  
0.483789  0.521746  
0.479859  0.525345  
0.483126  0.519379  
0.482519  0.520219  
0.479859  0.525345  
0.481675  0.521035  
0.479859  0.525345  
0.479859  0.525345  
0.479859  0.525345  
0.479859  0.525345  
0.478074  0.535718  
0.478074  0.535718  
0.477893  0.536998  
0.478074  0.535718  
0.478074  0.535718  
0.478074  0.535718  
0.477893  0.536998  
0.477893  0.536998  
0.47755  0.54314  
0.476891  0.545866  
0.476365  0.547609  
0.476365  0.547609  
0.475822  0.554672  
0.475571  0.55742  
0.472977  0.608593  
0.474673  0.579482  
0.474049  0.582289  
0.472977  0.608593  
0.472977  0.608593  
0.472977  0.608593  
0.471555  0.724725  
0.471555  0.724725  
