1  0.542019  
1  0.542019  
1  0.542019  
1  0.542019  
1  0.542019  
1  0.542019  
1  0.542019  
1  0.542019  
1  0.542019  
1  0.542019  
1  0.542019  
1  0.542019  
1  0.542019  
1  0.542019  
1  0.542019  
1  0.542019  
1  0.542019  
1  0.542019  
1  0.542019  
1  0.542019  
1  0.542019  
1  0.542019  
1  0.542019  
1  0.542019  
1  0.542019  
1  0.542019  
1  0.542019  
1  0.542019  
1  0.542019  
1  0.542019  
0.991086  0.543895  
0.969513  0.547005  
0.949968  0.550241  
0.932326  0.55312  
0.914683  0.55606  
0.896686  0.558953  
0.879068  0.56207  
0.862185  0.565041  
0.845393  0.567374  
0.826599  0.570516  
0.812096  0.573079  
0.800232  0.575203  
0.783401  0.577908  
0.76657  0.580679  
0.756518  0.583069  
0.740924  0.585121  
0.729353  0.587362  
0.717208  0.589943  
0.702188  0.591838  
0.690582  0.594095  
0.678397  0.596016  
0.667847  0.598357  
0.657964  0.601414  
0.650926  0.603848  
0.641365  0.606864  
0.632629  0.609675  
0.623782  0.612501  
0.614882  0.615627  
0.607246  0.617904  
0.599608  0.620723  
0.590709  0.62341  
0.583194  0.625946  
0.575354  0.628789  
0.56766  0.631131  
0.560241  0.633698  
0.552958  0.636389  
0.545401  0.6389  
0.537977  0.641453  
0.531333  0.64365  
0.523794  0.646331  
0.5173  0.648629  
0.510131  0.651462  
0.503567  0.653691  
0.496429  0.65604  
0.490209  0.658311  
0.483142  0.660689  
0.476964  0.663037  
0.470309  0.665283  
0.463718  0.667843  
0.457935  0.669755  
0.451829  0.671964  
0.445271  0.674352  
0.439841  0.676461  
0.433371  0.678753  
0.427954  0.680684  
0.422206  0.683119  
0.416227  0.685031  
0.410321  0.687312  
0.404905  0.689491  
0.39895  0.691443  
0.393974  0.69334  
0.388114  0.695504  
0.382762  0.697565  
0.377626  0.699503  
0.371964  0.701634  
0.367138  0.70356  
0.362067  0.705547  
0.355875  0.707761  
0.350333  0.709918  
0.346177  0.711493  
0.341106  0.713484  
0.336292  0.715411  
0.332179  0.717359  
0.32837  0.720097  
0.324036  0.723226  
0.320164  0.726031  
0.316387  0.728778  
0.312432  0.731665  
0.308642  0.734443  
0.304818  0.737258  
0.300973  0.740098  
0.297068  0.742993  
0.293262  0.745827  
0.289531  0.748615  
0.2858  0.751413  
0.281946  0.754315  
0.278295  0.757073  
0.274543  0.759919  
0.27083  0.762746  
0.267091  0.765604  
0.263423  0.768417  
0.259781  0.771221  
0.256156  0.774021  
0.252494  0.776861  
0.248847  0.779699  
0.245239  0.782518  
0.241692  0.785298  
0.238091  0.788131  
0.234486  0.790978  
0.230926  0.793798  
0.227385  0.796615  
0.223813  0.799464  
0.220276  0.802298  
0.216743  0.805138  
0.213312  0.807904  
0.209777  0.810766  
0.206267  0.813617  
0.20283  0.81642  
0.199389  0.819232  
0.195988  0.822024  
0.192478  0.824915  
0.189056  0.827741  
0.185641  0.830574  
0.182231  0.833409  
0.178805  0.836271  
0.175316  0.839193  
0.171963  0.842011  
0.168628  0.844826  
0.165244  0.847689  
0.161846  0.850572  
0.15854  0.853391  
0.15514  0.856296  
0.151802  0.859159  
0.148514  0.861988  
0.145156  0.864889  
0.141812  0.867787  
0.13849  0.870672  
0.135182  0.873558  
0.131865  0.87646  
0.128611  0.879316  
0.125291  0.88224  
0.121978  0.885168  
0.118718  0.888059  
0.115402  0.891008  
0.112157  0.893904  
0.108886  0.896833  
0.105672  0.899721  
0.1024  0.902668  
0.0991383  0.905619  
0.0958964  0.908559  
0.0926981  0.911469  
0.0894216  0.914461  
0.0861548  0.917454  
0.082999  0.920355  
0.0797431  0.923354  
0.0765412  0.926316  
0.0733152  0.929308  
0.0701125  0.93229  
0.0668958  0.935294  
0.0636527  0.938331  
0.0604748  0.941318  
0.057261  0.944348  
0.0541022  0.947336  
0.0508952  0.950378  
0.0477039  0.953417  
0.0445207  0.956456  
0.0413198  0.959522  
0.0381415  0.962577  
0.0349518  0.965652  
0.0317747  0.968726  
0.0285918  0.971813  
0.0254007  0.97492  
0.0222293  0.978016  
0.0190374  0.981144  
0.0158507  0.984275  
0.0126583  0.987423  
0.00952394  0.990522  
0.00634459  0.993676  
0.00316523  0.996841  
5.78827e-005  0.999943  
