29.9694  0.399103  
29.9694  0.399103  
29.9694  0.399103  
29.9694  0.399103  
29.9694  0.399103  
29.9694  0.399103  
21.2064  0.399275  
21.2064  0.399275  
11.564  0.400486  
11.564  0.400486  
11.564  0.400486  
11.838  0.400492  
11.564  0.400486  
11.564  0.400486  
11.564  0.400486  
9.45531  0.401237  
9.45531  0.401237  
9.45531  0.401237  
7.19473  0.401954  
8.17042  0.401755  
8.17042  0.401755  
7.19473  0.401954  
7.19473  0.401954  
6.70071  0.402496  
6.70071  0.402496  
5.15463  0.40254  
5.15463  0.40254  
5.15463  0.40254  
5.15463  0.40254  
5.15463  0.40254  
5.15463  0.40254  
5.15463  0.40254  
5.08045  0.402597  
4.55364  0.402866  
4.72697  0.402678  
2.67029  0.403006  
2.46534  0.403359  
2.46534  0.403359  
2.46534  0.403359  
4.03222  0.403668  
4.03222  0.403668  
1.89454  0.403137  
2.37346  0.403232  
1.89454  0.403137  
2.46534  0.403359  
2.67029  0.403006  
2.46534  0.403359  
2.43626  0.403091  
1.17298  0.402946  
2.43626  0.403091  
2.37346  0.403232  
2.66622  0.403497  
0.703705  0.401012  
1.89454  0.403137  
1.17298  0.402946  
1.17298  0.402946  
2.43626  0.403091  
2.08563  0.40308  
2.67029  0.403006  
2.67029  0.403006  
2.43626  0.403091  
2.43626  0.403091  
1.89689  0.403506  
2.08563  0.40308  
2.37346  0.403232  
1.92074  0.403468  
1.90089  0.403487  
1.17298  0.402946  
2.08563  0.40308  
0.703705  0.401012  
1.90089  0.403487  
1.17298  0.402946  
1.90089  0.403487  
2.08563  0.40308  
2.13119  0.403266  
2.13119  0.403266  
1.31295  0.403222  
2.08563  0.40308  
1.75418  0.403419  
1.17298  0.402946  
1.90089  0.403487  
1.92074  0.403468  
1.89454  0.403137  
1.92074  0.403468  
0.483542  0.403413  
0.711275  0.403416  
0.799152  0.403816  
0.799152  0.403816  
1.31295  0.403222  
1.31295  0.403222  
0.799152  0.403816  
0.718592  0.403569  
1.14938  0.403427  
0.711275  0.403416  
1.09169  0.40378  
0.799152  0.403816  
0.483542  0.403413  
0.799152  0.403816  
0.799152  0.403816  
0.483542  0.403413  
0.799152  0.403816  
1.09169  0.40378  
0.799152  0.403816  
1.03329  0.403718  
1.31295  0.403222  
1.44972  0.403334  
1.44972  0.403334  
1.44972  0.403334  
1.44972  0.403334  
1.44972  0.403334  
1.44972  0.403334  
1.09366  0.403501  
1.09169  0.40378  
1.09169  0.40378  
1.01183  0.40348  
0.799152  0.403816  
1.09169  0.40378  
1.31295  0.403222  
0.483542  0.403413  
0.799152  0.403816  
0.799152  0.403816  
0.711275  0.403416  
0.718592  0.403569  
1.2266  0.403739  
1.2266  0.403739  
0.711275  0.403416  
1.2266  0.403739  
1.14938  0.403427  
1.2266  0.403739  
1.01183  0.40348  
1.2266  0.403739  
0.718592  0.403569  
0.483542  0.403413  
1.05435  0.404056  
0.703705  0.401012  
1.14938  0.403427  
1.02373  0.404313  
1.10598  0.40464  
1.14938  0.403427  
0.718592  0.403569  
0.80433  0.404214  
0.857539  0.403998  
1.05435  0.404056  
0.756034  0.40412  
0.711275  0.403416  
0.718592  0.403569  
0.718592  0.403569  
0.711275  0.403416  
1.02373  0.404313  
1.05435  0.404056  
0.441794  0.404638  
1.02373  0.404313  
1.02373  0.404313  
1.01183  0.40348  
1.02373  0.404313  
0.633137  0.4045  
1.01183  0.40348  
0.730772  0.404672  
0.681842  0.404419  
0.730772  0.404672  
0.703705  0.401012  
0.730772  0.404672  
0.665203  0.404091  
0.484754  0.404607  
0.636197  0.403826  
0.636197  0.403826  
0.633137  0.4045  
0.584207  0.404455  
0.756034  0.40412  
0.584207  0.404455  
0.633137  0.4045  
0.665203  0.404091  
0.632859  0.404506  
0.637478  0.404487  
0.681842  0.404419  
0.584207  0.404455  
0.703705  0.401012  
0.681842  0.404419  
0.633137  0.4045  
0.484754  0.404607  
0.665203  0.404091  
0.681842  0.404419  
0.542333  0.404463  
0.637478  0.404487  
0.632859  0.404506  
0.730772  0.404672  
0.584207  0.404455  
0.681842  0.404419  
0.542333  0.404463  
0.665203  0.404091  
0.636197  0.403826  
0.633137  0.4045  
0.658357  0.404253  
0.542333  0.404463  
0.632859  0.404506  
0.542333  0.404463  
0.719585  0.404342  
0.719585  0.404342  
0.636197  0.403826  
0.636197  0.403826  
0.542333  0.404463  
0.632859  0.404506  
0.665203  0.404091  
0.633137  0.4045  
0.703705  0.401012  
0.411842  0.404808  
0.744425  0.405006  
0.632859  0.404506  
0.719585  0.404342  
0.658357  0.404253  
0.658357  0.404253  
0.730772  0.404672  
0.658357  0.404253  
0.691528  0.404728  
0.719585  0.404342  
0.632859  0.404506  
0.584207  0.404455  
0.584207  0.404455  
0.658357  0.404253  
0.691528  0.404728  
0.691528  0.404728  
0.636197  0.403826  
0.586354  0.404552  
0.686132  0.405155  
0.573823  0.404979  
0.564988  0.404555  
0.666574  0.405036  
0.618887  0.404812  
0.666574  0.405036  
0.586354  0.404552  
0.578915  0.40476  
0.564988  0.404555  
0.618887  0.404812  
0.509999  0.404924  
0.618887  0.404812  
0.623008  0.405083  
0.573823  0.404979  
0.517875  0.405048  
0.623008  0.405083  
0.502956  0.405219  
0.592206  0.404924  
0.509999  0.404924  
0.535638  0.404792  
0.623008  0.405083  
0.564988  0.404555  
0.618887  0.404812  
0.570926  0.404968  
0.623008  0.405083  
0.618887  0.404812  
0.509999  0.404924  
0.535638  0.404792  
0.586354  0.404552  
0.586491  0.405111  
0.586354  0.404552  
0.586354  0.404552  
0.592206  0.404924  
0.509999  0.404924  
0.592206  0.404924  
0.592206  0.404924  
0.535638  0.404792  
0.491289  0.405182  
0.419605  0.404886  
0.517875  0.405048  
0.535638  0.404792  
0.509999  0.404924  
0.442574  0.404932  
0.535638  0.404792  
0.573823  0.404979  
0.573823  0.404979  
0.570926  0.404968  
0.433097  0.404909  
0.509999  0.404924  
0.442574  0.404932  
0.498612  0.404998  
0.519828  0.405097  
0.519828  0.405097  
0.511493  0.405105  
0.498612  0.404998  
0.433097  0.404909  
0.535638  0.404792  
0.419605  0.404886  
0.498612  0.404998  
0.519828  0.405097  
0.454892  0.404937  
0.511493  0.405105  
0.519828  0.405097  
0.433097  0.404909  
0.433097  0.404909  
0.452033  0.405044  
0.511493  0.405105  
0.452033  0.405044  
0.519828  0.405097  
0.452033  0.405044  
0.452033  0.405044  
0.419605  0.404886  
0.419605  0.404886  
0.454892  0.404937  
0.454892  0.404937  
0.458079  0.405088  
0.419605  0.404886  
0.422667  0.405341  
0.420948  0.405241  
0.458079  0.405088  
0.442574  0.404932  
0.498612  0.404998  
0.491289  0.405182  
0.433097  0.404909  
0.453222  0.405325  
0.419605  0.404886  
0.458079  0.405088  
0.46971  0.405142  
0.433097  0.404909  
0.445917  0.405163  
0.46971  0.405142  
0.46971  0.405142  
0.422667  0.405341  
0.453222  0.405325  
0.46971  0.405142  
0.458079  0.405088  
0.442574  0.404932  
0.458079  0.405088  
0.453222  0.405325  
0.46971  0.405142  
0.431312  0.405124  
0.453222  0.405325  
0.422667  0.405341  
0.422864  0.405218  
0.367743  0.405342  
0.458079  0.405088  
0.422864  0.405218  
0.367743  0.405342  
0.420948  0.405241  
0.420948  0.405241  
0.441388  0.405363  
0.367743  0.405342  
0.431312  0.405124  
0.441388  0.405363  
0.420948  0.405241  
0.420948  0.405241  
0.407746  0.405371  
0.420016  0.405301  
0.407746  0.405371  
0.431312  0.405124  
0.423693  0.405261  
0.422864  0.405218  
0.431312  0.405124  
0.431312  0.405124  
0.422667  0.405341  
0.431312  0.405124  
0.407746  0.405371  
0.422864  0.405218  
0.423693  0.405261  
0.422864  0.405218  
0.423693  0.405261  
0.408866  0.40606  
0.420016  0.405301  
0.420016  0.405301  
0.420016  0.405301  
0.36524  0.405707  
0.36524  0.405707  
0.368887  0.405458  
0.404893  0.406197  
0.374589  0.406048  
0.410857  0.405617  
0.368887  0.405458  
0.387291  0.405285  
0.387291  0.405285  
0.374589  0.406048  
0.404893  0.406197  
0.387291  0.405285  
0.378629  0.406213  
0.374589  0.406048  
0.36524  0.405707  
0.378629  0.406213  
0.398222  0.40632  
0.368887  0.405458  
0.368887  0.405458  
0.392942  0.406788  
0.391913  0.406984  
0.373835  0.405775  
0.373835  0.405775  
0.378953  0.406398  
0.381439  0.407106  
0.36524  0.405707  
0.378953  0.406398  
0.370147  0.406585  
0.381439  0.407106  
0.373835  0.405775  
0.374589  0.406048  
0.378953  0.406398  
0.378953  0.406398  
0.374589  0.406048  
0.374589  0.406048  
0.37735  0.406738  
0.373835  0.405775  
0.373835  0.405775  
0.369034  0.408069  
0.370147  0.406585  
0.372527  0.407563  
0.370147  0.406585  
0.370677  0.408317  
0.36524  0.405707  
0.369034  0.408069  
0.364335  0.408342  
0.364335  0.408342  
0.364335  0.408342  
0.36524  0.405707  
0.364335  0.408342  
0.364086  0.409765  
0.363401  0.410327  
0.36016  0.411172  
0.36016  0.411172  
0.36016  0.411172  
0.359972  0.411578  
0.359925  0.413108  
0.358098  0.414499  
0.358098  0.414499  
0.357443  0.415132  
0.356448  0.415523  
0.356448  0.415523  
0.355879  0.417086  
0.354595  0.418134  
0.353747  0.418915  
0.353747  0.418915  
0.352852  0.420772  
0.352852  0.420772  
0.351948  0.423225  
0.351488  0.423281  
0.349394  0.424493  
0.349394  0.424493  
0.349394  0.424493  
0.349166  0.426428  
0.34829  0.428781  
0.34829  0.428781  
0.347145  0.431915  
0.346859  0.432637  
0.346172  0.434082  
0.345837  0.434514  
0.345212  0.435724  
0.344673  0.435826  
0.342694  0.437187  
0.342694  0.437187  
0.341429  0.437293  
0.341228  0.437674  
0.341086  0.439939  
0.341086  0.439939  
0.339334  0.443342  
0.339334  0.443342  
0.338025  0.443509  
0.33695  0.443539  
0.33695  0.443539  
0.335825  0.446922  
0.335825  0.446922  
0.335262  0.447713  
0.333495  0.448213  
0.333495  0.448213  
0.331169  0.449093  
0.331169  0.449093  
0.331169  0.449093  
0.329562  0.450584  
0.329562  0.450584  
0.328659  0.451779  
0.328659  0.451779  
0.327217  0.453423  
0.326778  0.454516  
0.326186  0.455973  
0.326186  0.455973  
0.325435  0.45823  
0.324835  0.459176  
0.323211  0.459584  
0.323211  0.459584  
0.321275  0.461728  
0.321275  0.461728  
0.321275  0.461728  
0.320685  0.464319  
0.319703  0.464657  
0.31847  0.465401  
0.31847  0.465401  
0.3171  0.466851  
0.3171  0.466851  
0.316608  0.467631  
0.316048  0.468806  
0.315059  0.471228  
0.31407  0.471574  
0.31407  0.471574  
0.313588  0.474098  
0.313166  0.476588  
0.311331  0.47695  
0.311331  0.47695  
0.310768  0.47884  
0.309636  0.479687  
0.309636  0.479687  
0.308293  0.481343  
0.308086  0.481512  
0.307776  0.484305  
0.307075  0.485456  
0.306074  0.487054  
0.304926  0.487342  
0.304926  0.487342  
0.303938  0.488325  
0.303938  0.488325  
0.301693  0.490816  
0.301693  0.490816  
0.30133  0.491726  
0.300013  0.492836  
0.300013  0.492836  
0.299067  0.493773  
0.298329  0.494798  
0.297529  0.495365  
0.296821  0.496739  
0.296244  0.497541  
0.295787  0.500454  
0.29566  0.499323  
0.294957  0.504201  
0.292302  0.504448  
0.292302  0.504448  
0.292302  0.504448  
0.29119  0.507346  
0.29119  0.507346  
0.288461  0.510776  
0.288461  0.510776  
0.288461  0.510776  
0.288461  0.510776  
0.288014  0.512497  
0.28633  0.512965  
0.28633  0.512965  
0.285496  0.514346  
0.28491  0.515575  
0.283933  0.515731  
0.283133  0.515933  
0.282453  0.517677  
0.282108  0.518091  
0.280767  0.519393  
0.280767  0.519393  
0.280198  0.5243  
0.277199  0.524499  
0.277199  0.524499  
0.277199  0.524499  
0.276947  0.52459  
0.276584  0.525824  
0.275426  0.528197  
0.274731  0.53041  
0.27367  0.532077  
0.27367  0.532077  
0.271981  0.532116  
0.271981  0.532116  
0.271086  0.532409  
0.2694  0.534094  
0.2694  0.534094  
0.269133  0.536638  
0.268088  0.538566  
0.266048  0.540385  
0.266048  0.540385  
0.266048  0.540385  
0.264571  0.541721  
0.264571  0.541721  
0.263646  0.545052  
0.263155  0.545454  
0.261644  0.546463  
0.261644  0.546463  
0.260539  0.547784  
0.260539  0.547784  
0.259281  0.553079  
0.259229  0.553841  
0.256392  0.55405  
0.256392  0.55405  
0.256392  0.55405  
0.255407  0.556281  
0.255407  0.556281  
0.254445  0.558355  
0.25371  0.559178  
0.253162  0.558893  
0.25191  0.562042  
0.251699  0.561442  
0.250719  0.562294  
0.248383  0.565894  
0.248107  0.566016  
0.248107  0.566016  
0.247262  0.567312  
0.246866  0.567969  
0.245187  0.571142  
0.245187  0.571142  
0.244272  0.57231  
0.243922  0.574396  
0.241651  0.576027  
0.241651  0.576027  
0.241651  0.576027  
0.240675  0.577121  
0.239746  0.579403  
0.239569  0.580819  
0.23741  0.583568  
0.23741  0.583568  
0.236068  0.584146  
0.236068  0.584146  
0.235719  0.585465  
0.23428  0.587462  
0.23428  0.587462  
0.232994  0.598367  
0.232437  0.606895  
0.232005  0.625574  
