0.997116  0.28852  
0.997114  0.288525  
0.997109  0.288517  
0.997113  0.288509  
0.997114  0.288525  
0.997116  0.288534  
0.997117  0.288529  
0.997118  0.28853  
0.997107  0.288514  
0.997116  0.28852  
0.997119  0.288527  
0.997103  0.288517  
0.997113  0.288509  
0.997105  0.288513  
0.997114  0.288515  
0.997108  0.288508  
0.997119  0.288527  
0.997109  0.288517  
0.997108  0.288512  
0.997095  0.288506  
0.997103  0.288517  
0.997108  0.288512  
0.997094  0.288514  
0.997103  0.288507  
0.997108  0.288508  
0.997119  0.288527  
0.997103  0.288507  
0.997105  0.288514  
0.997099  0.288508  
0.997088  0.288504  
0.997107  0.288515  
0.997091  0.288508  
0.997095  0.288506  
0.997103  0.288512  
0.997107  0.288514  
0.997088  0.288504  
0.997091  0.288508  
0.997105  0.288514  
0.997095  0.288517  
0.997103  0.288512  
0.997109  0.288524  
0.997119  0.288527  
0.997119  0.288524  
0.997092  0.28852  
0.997103  0.288521  
0.99708  0.288606  
0.997105  0.288648  
0.99711  0.288524  
0.997086  0.288713  
0.967866  0.318516  
0.967822  0.318672  
0.967815  0.318735  
0.967815  0.318735  
0.933028  0.343948  
0.932547  0.344191  
0.932842  0.344069  
0.932547  0.344191  
0.898134  0.37158  
0.898134  0.37158  
0.89769  0.371768  
0.897542  0.371831  
0.856407  0.394885  
0.856408  0.394884  
0.856407  0.394886  
0.856407  0.394886  
0.856407  0.394886  
0.81409  0.419013  
0.81409  0.419013  
0.81409  0.419013  
0.813717  0.418528  
0.813717  0.418528  
0.773205  0.450158  
0.773259  0.45012  
0.773205  0.450158  
0.773205  0.450158  
0.773205  0.450158  
0.773259  0.45012  
0.733475  0.488096  
0.733709  0.487881  
0.733709  0.487881  
0.733242  0.488311  
0.733242  0.48831  
0.733242  0.488311  
0.733242  0.48831  
0.690696  0.525733  
0.690696  0.525733  
0.686396  0.521854  
0.686396  0.521854  
0.688932  0.526121  
0.634442  0.555353  
0.63472  0.555278  
0.634442  0.555353  
0.63472  0.555278  
0.634442  0.555353  
0.634442  0.555353  
0.634442  0.555353  
0.575848  0.589597  
0.575869  0.589626  
0.57586  0.589616  
0.575869  0.589626  
0.575848  0.589597  
0.575873  0.589636  
0.575873  0.589636  
0.575918  0.589702  
0.57586  0.589616  
0.523295  0.643542  
0.523288  0.643522  
0.523292  0.643554  
0.523292  0.643554  
0.523295  0.643542  
0.523292  0.643554  
0.523288  0.643522  
0.523292  0.643554  
0.445868  0.681856  
0.445918  0.681816  
0.4459  0.681897  
0.445895  0.681917  
0.445915  0.68186  
0.445888  0.681896  
0.445918  0.681816  
0.445888  0.681896  
0.445895  0.681917  
0.4459  0.681897  
0.445868  0.681856  
0.445908  0.681947  
0.369309  0.746877  
0.369309  0.746877  
0.369461  0.746867  
0.369309  0.746877  
0.369309  0.746877  
0.369461  0.746867  
0.369461  0.746867  
0.369244  0.7469  
0.369461  0.746867  
0.368723  0.747573  
0.368723  0.747573  
0.368775  0.747582  
0.368749  0.747649  
0.261216  0.820943  
0.261219  0.820922  
0.261219  0.820922  
0.261216  0.820943  
0.261228  0.820939  
0.261219  0.820922  
0.261216  0.820943  
0.261157  0.82088  
0.261219  0.820922  
0.261157  0.82088  
0.261214  0.820935  
0.261228  0.820939  
0.261181  0.8209  
0.260969  0.821927  
0.260969  0.821927  
0.260969  0.821927  
0.260969  0.821924  
0.260969  0.821927  
0.256111  0.934355  
0.251265  0.94116  
0.245027  0.945467  
0.237096  0.951318  
0.228927  0.956914  
0.223787  0.960485  
0.219122  0.961981  
0.21282  0.964859  
0.203828  0.968274  
0.199332  0.970053  
0.191919  0.971648  
0.185985  0.973242  
0.179037  0.974945  
0.173003  0.976302  
0.166034  0.977814  
0.156792  0.979427  
0.15349  0.980033  
0.146902  0.982036  
0.140947  0.982798  
0.127259  0.984311  
0.127259  0.984311  
0.118153  0.985643  
0.114823  0.986344  
0.109469  0.986767  
0.102863  0.987781  
0.0929549  0.98908  
0.0921557  0.989613  
0.0851246  0.990288  
0.0771933  0.991323  
0.0742834  0.991841  
0.0687796  0.992888  
0.0611187  0.992976  
0.0568289  0.993523  
0.0525392  0.994373  
0.0426252  0.995603  
0.0374282  0.996142  
0.0335459  0.997153  
0.0137344  0.998436  
0.0137344  0.998436  
0.0137344  0.998436  
0.0137344  0.998436  
4.29072e-020  1  
1.47496e-019  1  
1.47496e-019  1  
