1.17104  0.22194  
0.861503  0.222485  
0.769595  0.22194  
0.717416  0.222254  
1.17104  0.22194  
0.861503  0.222485  
0.769595  0.22194  
1.17104  0.22194  
0.717416  0.222254  
1.17104  0.22194  
1.17104  0.22194  
1.17104  0.22194  
0.769595  0.22194  
0.769595  0.22194  
0.769595  0.22194  
0.861503  0.222485  
0.717416  0.222254  
0.769595  0.22194  
0.841831  0.222485  
0.797861  0.222485  
0.744316  0.222489  
0.704129  0.222648  
0.704129  0.222648  
0.63217  0.222786  
0.63217  0.222786  
0.63217  0.222786  
0.604163  0.223577  
0.592728  0.223577  
0.583219  0.223908  
0.57073  0.224903  
0.567299  0.225815  
0.567299  0.225815  
0.567299  0.225815  
0.565316  0.228589  
0.55126  0.228865  
0.55126  0.228865  
0.547708  0.231193  
0.541929  0.231975  
0.541929  0.231975  
0.537155  0.233421  
0.537155  0.233421  
0.534582  0.234859  
0.533753  0.235851  
0.534582  0.234859  
0.529029  0.237539  
0.526841  0.238214  
0.523784  0.239338  
0.523784  0.239338  
0.522723  0.240243  
0.522723  0.240243  
0.519752  0.242293  
0.515558  0.243807  
0.51273  0.244526  
0.5118  0.245398  
0.5118  0.245398  
0.510863  0.246698  
0.506936  0.247544  
0.50479  0.249218  
0.50479  0.249218  
0.502479  0.250779  
0.499924  0.251231  
0.49899  0.252038  
0.498813  0.25325  
0.498253  0.253423  
0.496005  0.254942  
0.495559  0.255444  
0.494788  0.256741  
0.493929  0.257306  
0.49279  0.258847  
0.491661  0.259535  
0.491661  0.259535  
0.488971  0.261535  
0.488678  0.26278  
0.487635  0.263202  
0.486891  0.264244  
0.485785  0.264887  
0.485692  0.265665  
0.483848  0.267061  
0.483144  0.267461  
0.482144  0.268344  
0.481399  0.269705  
0.480466  0.270614  
0.480016  0.27082  
0.478363  0.272247  
0.478305  0.27318  
0.476949  0.274046  
0.475415  0.27541  
0.475972  0.275014  
0.474219  0.27714  
0.473704  0.278186  
0.472116  0.278973  
0.4716  0.279831  
0.470587  0.280584  
0.470587  0.280584  
0.46821  0.283098  
0.46821  0.283098  
0.467404  0.284844  
0.465851  0.285658  
0.466159  0.286646  
0.463994  0.287506  
0.46363  0.287953  
0.462107  0.289637  
0.463097  0.290425  
0.46071  0.291254  
0.460103  0.29167  
0.459469  0.293008  
0.45798  0.294228  
0.457386  0.295018  
0.457167  0.295865  
0.455866  0.296983  
0.454692  0.298013  
0.454692  0.298013  
0.452841  0.300125  
0.453041  0.30067  
0.451369  0.301587  
0.450891  0.301779  
0.449499  0.303391  
0.449195  0.304858  
0.447467  0.305659  
0.447049  0.306451  
0.445962  0.307071  
0.445617  0.308154  
0.444469  0.309045  
0.444281  0.310016  
0.442497  0.31116  
0.441823  0.311955  
0.441241  0.312679  
0.440207  0.314067  
0.440184  0.314528  
0.438649  0.31568  
0.438133  0.316707  
0.437041  0.317888  
0.436535  0.318753  
0.434892  0.31981  
0.434818  0.320263  
0.433295  0.321664  
0.432817  0.322045  
0.431388  0.323852  
0.431085  0.323986  
0.430031  0.32564  
0.429129  0.326186  
0.428154  0.32729  
0.427151  0.328612  
0.426768  0.329102  
0.425979  0.330156  
0.424975  0.331279  
0.424252  0.332009  
0.423004  0.333315  
0.423004  0.333315  
0.421594  0.335161  
0.420662  0.336144  
0.419621  0.337501  
0.419195  0.338039  
0.41798  0.339317  
0.417493  0.339936  
0.416984  0.340795  
0.416345  0.342345  
0.414942  0.343206  
0.414942  0.343206  
0.413715  0.344586  
0.412744  0.345162  
0.411919  0.347119  
0.411412  0.347681  
0.409897  0.348924  
0.408969  0.349679  
0.408405  0.350561  
0.407328  0.351836  
0.406654  0.352794  
0.405507  0.353937  
0.404938  0.354847  
0.404079  0.355861  
0.40307  0.356725  
0.402455  0.357568  
0.402018  0.358281  
0.401182  0.359215  
0.39965  0.360543  
0.399042  0.36139  
0.398161  0.362558  
0.397571  0.363584  
0.396351  0.36471  
0.396351  0.36471  
0.394771  0.366535  
0.394498  0.36703  
0.393211  0.368625  
0.392758  0.369241  
0.391842  0.370665  
0.390658  0.371606  
0.389999  0.372667  
0.389329  0.373796  
0.388558  0.37418  
0.387311  0.375671  
0.386331  0.376861  
0.385759  0.377646  
0.384792  0.378831  
0.384147  0.37977  
0.383552  0.380619  
0.382641  0.38145  
0.381655  0.382863  
0.380796  0.383918  
0.379871  0.384662  
0.379487  0.385758  
0.37825  0.386902  
0.377665  0.387795  
0.37674  0.388675  
0.376576  0.388907  
0.375184  0.390741  
0.37424  0.391803  
0.373751  0.392487  
0.372864  0.393703  
0.372046  0.394584  
0.370963  0.396236  
0.370787  0.396595  
0.369453  0.398021  
0.368642  0.39883  
0.368282  0.399863  
0.367088  0.401228  
0.366224  0.401931  
0.365635  0.403313  
0.364613  0.404062  
0.363814  0.405267  
0.36297  0.406267  
0.361806  0.407619  
0.361521  0.408143  
0.360438  0.409429  
0.359675  0.410357  
0.359675  0.410357  
0.358029  0.4125  
0.35726  0.413635  
0.356359  0.414375  
0.355694  0.415663  
0.354604  0.41686  
0.353828  0.417882  
0.353153  0.419037  
0.352499  0.419799  
0.351826  0.420716  
0.350288  0.422333  
0.349981  0.42279  
0.349054  0.424035  
0.348814  0.424525  
0.347125  0.42672  
0.346534  0.427303  
0.345981  0.428604  
0.344898  0.429379  
0.344509  0.430282  
0.343867  0.431405  
0.342349  0.433404  
0.341694  0.434114  
0.340852  0.434897  
0.340124  0.435852  
0.339325  0.437033  
0.338413  0.438096  
0.337366  0.439196  
0.337006  0.440415  
0.335951  0.441307  
0.335555  0.442117  
0.334264  0.44357  
0.333636  0.444651  
0.332953  0.445679  
0.331964  0.446511  
0.33121  0.447613  
0.330668  0.448746  
0.329164  0.450349  
0.328916  0.451043  
0.327581  0.452457  
0.327042  0.453058  
0.326091  0.454625  
0.325404  0.455669  
0.324856  0.456908  
0.323594  0.458002  
0.322869  0.458857  
0.322077  0.459895  
0.321653  0.460445  
0.320428  0.462374  
0.319606  0.463309  
0.319197  0.464558  
0.318001  0.465761  
0.316988  0.466854  
0.316591  0.467733  
0.315459  0.469116  
0.314663  0.470435  
0.3141  0.471456  
0.313161  0.472259  
0.312127  0.473244  
0.311447  0.474746  
0.310593  0.475663  
0.309445  0.477005  
0.309333  0.477657  
0.30801  0.479442  
0.307082  0.48058  
0.306262  0.481493  
0.305933  0.482926  
0.304275  0.484192  
0.303689  0.485013  
0.303083  0.486156  
0.302159  0.487267  
0.3016  0.488035  
0.301018  0.489246  
0.300223  0.490038  
0.299153  0.492143  
0.298244  0.492939  
0.297437  0.494284  
0.296674  0.495119  
0.295546  0.4969  
0.295034  0.497644  
0.29361  0.499116  
0.293306  0.499637  
0.292918  0.50094  
0.291672  0.502091  
0.290383  0.503684  
0.289769  0.504702  
0.288993  0.505834  
0.288218  0.507121  
0.287447  0.508171  
0.28655  0.509275  
0.285666  0.510651  
0.284998  0.511958  
0.284346  0.512468  
0.282929  0.514247  
0.282713  0.514996  
0.281809  0.516104  
0.280919  0.51778  
0.279686  0.519277  
0.279052  0.520076  
0.278061  0.521514  
0.277246  0.522852  
0.276577  0.523967  
0.275795  0.525098  
0.274711  0.526456  
0.273922  0.527561  
0.273079  0.528785  
0.272433  0.529602  
0.271396  0.531084  
0.270611  0.532492  
0.269953  0.533564  
0.269132  0.534698  
0.268042  0.53619  
0.267504  0.537165  
0.26663  0.538451  
0.265348  0.539889  
0.265031  0.540635  
0.263959  0.542264  
0.263155  0.543389  
0.26248  0.54475  
0.261424  0.546285  
0.260552  0.547608  
0.259847  0.548645  
0.259198  0.549531  
0.257912  0.55112  
0.257267  0.551888  
0.256319  0.553386  
0.255633  0.554508  
0.254754  0.556046  
0.253939  0.557559  
0.25272  0.559042  
0.251811  0.560144  
0.251363  0.561313  
0.250367  0.562733  
0.249725  0.563497  
0.24884  0.564645  
0.248048  0.565644  
0.24696  0.567419  
0.246142  0.569079  
0.244963  0.570432  
0.244336  0.57204  
0.243342  0.573243  
0.242659  0.574179  
0.241621  0.575313  
0.240827  0.576817  
0.240011  0.578059  
0.239427  0.579775  
0.238107  0.581016  
0.237342  0.581868  
0.236648  0.583399  
0.235674  0.584831  
0.234648  0.586266  
0.234146  0.587084  
0.233263  0.588549  
0.231934  0.590074  
0.231212  0.591946  
0.230518  0.592786  
0.22982  0.593908  
0.228591  0.59524  
0.227869  0.59667  
0.226751  0.598121  
0.225927  0.599746  
0.225104  0.601222  
0.224376  0.602489  
0.223397  0.603349  
0.222744  0.604965  
0.221684  0.606664  
0.220709  0.608392  
0.220252  0.609493  
0.219011  0.610824  
0.217956  0.611885  
0.217245  0.613268  
0.216597  0.614679  
0.21564  0.61585  
0.214224  0.618085  
0.213581  0.619332  
0.212852  0.620258  
0.211888  0.621679  
0.21104  0.623487  
0.209976  0.624908  
0.20906  0.626533  
0.208523  0.627459  
0.20733  0.62896  
0.206749  0.630371  
0.205821  0.631594  
0.205176  0.632341  
0.203908  0.634285  
0.202573  0.636458  
0.202222  0.637044  
0.200944  0.639021  
0.200535  0.639917  
0.199214  0.641936  
0.198288  0.643485  
0.19752  0.645369  
0.196713  0.646248  
0.195621  0.647281  
0.194775  0.649343  
0.193896  0.650481  
0.192854  0.651899  
0.192042  0.653005  
0.190994  0.654847  
0.189959  0.656648  
0.189254  0.658129  
0.188314  0.659225  
0.187108  0.661167  
0.186501  0.662709  
0.185686  0.663509  
0.184505  0.665922  
0.183684  0.666654  
0.182971  0.668516  
0.181835  0.670116  
0.18079  0.671614  
0.179863  0.672901  
0.17902  0.674489  
0.177855  0.676248  
0.177084  0.677998  
0.175791  0.67978  
0.175061  0.680938  
0.174408  0.682513  
0.173435  0.683734  
0.172757  0.684834  
0.171503  0.687395  
0.170162  0.689005  
0.169295  0.690593  
0.168798  0.691632  
0.167473  0.693394  
0.166732  0.695008  
0.16592  0.696221  
0.164687  0.698228  
0.163994  0.699561  
0.16305  0.700714  
0.161936  0.703272  
0.160871  0.704723  
0.160057  0.706279  
0.159015  0.707581  
0.15817  0.709308  
0.157347  0.710182  
0.156131  0.712271  
0.155457  0.713435  
0.154354  0.715777  
0.153247  0.717434  
0.152206  0.719361  
0.151229  0.721039  
0.150279  0.722657  
0.149323  0.724089  
0.148371  0.725562  
0.14731  0.727313  
0.146306  0.729067  
0.145385  0.731271  
0.144568  0.732829  
0.143384  0.734437  
0.142467  0.735968  
0.14147  0.737614  
0.140075  0.739826  
0.139549  0.740655  
0.138448  0.743365  
0.137294  0.745017  
0.136261  0.74631  
0.135333  0.748311  
0.134578  0.749275  
0.133412  0.751952  
0.132251  0.753214  
0.131379  0.755184  
0.130176  0.756803  
0.129271  0.758295  
0.128148  0.760317  
0.127304  0.76204  
0.126372  0.76381  
0.125315  0.765387  
0.124417  0.767182  
0.123316  0.769143  
0.122173  0.771067  
0.121192  0.772533  
0.120281  0.774646  
0.119085  0.776427  
0.118209  0.778433  
0.117224  0.779831  
0.115966  0.782067  
0.114992  0.783492  
0.113847  0.785792  
0.112631  0.787893  
0.111748  0.789655  
0.110889  0.791236  
0.109738  0.792848  
0.108807  0.794944  
0.107745  0.796641  
0.106395  0.799049  
0.105291  0.801044  
0.104457  0.802228  
0.103599  0.804704  
0.102472  0.806008  
0.101285  0.808236  
0.100303  0.810198  
0.0991689  0.812046  
0.097747  0.814653  
0.0969176  0.815812  
0.0957059  0.818369  
0.0947671  0.819948  
0.093527  0.822303  
0.0926682  0.823637  
0.0914694  0.826238  
0.0901876  0.828036  
0.089277  0.829631  
0.0881784  0.831585  
0.0871892  0.833488  
0.0859343  0.835627  
0.0845523  0.838167  
0.0838784  0.840263  
0.0828279  0.841806  
0.081703  0.844149  
0.0801341  0.846623  
0.0792312  0.848127  
0.0783513  0.8496  
0.0771399  0.852125  
0.0757211  0.854772  
0.0749704  0.856176  
0.0738193  0.858137  
0.072475  0.860652  
0.0714806  0.862664  
0.0704528  0.864468  
0.0689765  0.867138  
0.0680519  0.868709  
0.0670123  0.870817  
0.0656698  0.873554  
0.0644027  0.876317  
0.0634604  0.877591  
0.0622993  0.879684  
0.0612565  0.882034  
0.0599288  0.884115  
0.0585615  0.886746  
0.0575146  0.888696  
0.0564726  0.890587  
0.0550868  0.89308  
0.0541036  0.895066  
0.0528425  0.897221  
0.0516838  0.899545  
0.0505468  0.901654  
0.0488462  0.904806  
0.0482116  0.906261  
0.0469486  0.908615  
0.0457923  0.91094  
0.0445672  0.913089  
0.0433922  0.915216  
0.042145  0.918249  
0.0408843  0.920239  
0.0396662  0.922607  
0.0383593  0.925211  
0.0371255  0.927351  
0.0357829  0.930117  
0.0344753  0.932359  
0.0332544  0.934857  
0.0322514  0.936856  
0.0310945  0.93923  
0.0298853  0.941731  
0.0285063  0.944492  
0.027061  0.946874  
0.0261168  0.949119  
0.0248272  0.951144  
0.0232999  0.954334  
0.0222123  0.956425  
0.0207416  0.959144  
0.0197149  0.961324  
0.0184515  0.963833  
0.0171357  0.966316  
0.0157067  0.969236  
0.0144912  0.971689  
0.0129273  0.974579  
0.0118756  0.976715  
0.0104749  0.979485  
0.00933037  0.981816  
0.00790314  0.984547  
0.00663253  0.987259  
0.00527115  0.98998  
0.00396116  0.99268  
0.00267926  0.995188  
0.00136682  0.998073  
0.000183853  1.47039  
