0.366127  0.654232  
0.366127  0.654232  
0.364307  0.653514  
0.366127  0.654232  
0.356681  0.655478  
0.353146  0.65621  
0.349421  0.657037  
0.349421  0.657037  
0.348381  0.658046  
0.346583  0.658016  
0.346583  0.658016  
0.347028  0.659672  
0.345475  0.660022  
0.341672  0.661058  
0.341672  0.661058  
0.341142  0.662094  
0.341142  0.662094  
0.341142  0.662094  
0.340556  0.663789  
0.340556  0.663789  
0.340556  0.663789  
0.340556  0.663789  
0.338069  0.66615  
0.337037  0.664369  
0.335395  0.667604  
0.334373  0.667872  
0.332946  0.668578  
0.332946  0.668578  
0.332266  0.669367  
0.331062  0.670059  
0.331062  0.670059  
0.329943  0.671055  
0.329943  0.671055  
0.329943  0.671055  
0.328356  0.672927  
0.328375  0.672927  
0.327571  0.674022  
0.327571  0.674022  
0.327571  0.674022  
0.327571  0.674022  
0.325336  0.67688  
0.325336  0.67688  
0.325336  0.67688  
0.325336  0.67688  
0.325336  0.67688  
0.322664  0.679003  
0.322664  0.679003  
0.322664  0.679003  
0.322664  0.679003  
0.31955  0.682193  
0.31955  0.682193  
0.318983  0.683069  
0.318983  0.683069  
0.318983  0.683069  
0.318983  0.683069  
0.318983  0.683069  
0.318983  0.683069  
0.314463  0.686894  
0.314463  0.686894  
0.312904  0.687468  
0.312904  0.687468  
0.313057  0.688086  
0.312904  0.687468  
0.312904  0.687468  
0.312904  0.687468  
0.312904  0.687468  
0.309908  0.692006  
0.309908  0.692006  
0.30813  0.692833  
0.307455  0.69297  
0.307267  0.693206  
0.306381  0.694572  
0.306117  0.695212  
0.306117  0.695212  
0.306117  0.695212  
0.304771  0.696811  
0.304771  0.696811  
0.303429  0.698308  
0.30273  0.69861  
0.30273  0.69861  
0.300835  0.699605  
0.300835  0.699605  
0.300385  0.700653  
0.300025  0.701304  
0.298484  0.701946  
0.298226  0.702798  
0.298226  0.702798  
0.297194  0.703758  
0.297194  0.703758  
0.295363  0.705099  
0.295363  0.705099  
0.294176  0.706189  
0.294176  0.706189  
0.293421  0.707115  
0.293239  0.70757  
0.291959  0.708389  
0.291959  0.708389  
0.291959  0.708389  
0.290208  0.710063  
0.289929  0.710809  
0.289929  0.710809  
0.289655  0.711785  
0.289655  0.711785  
0.289655  0.711785  
0.2871  0.713749  
0.28671  0.714078  
0.286095  0.714558  
0.285758  0.715052  
0.285758  0.715052  
0.285202  0.71664  
0.283616  0.717167  
0.283616  0.717167  
0.283616  0.717167  
0.281717  0.718904  
0.281406  0.719312  
0.281205  0.71993  
0.280997  0.720636  
0.279602  0.721007  
0.279602  0.721007  
0.279602  0.721007  
0.279418  0.722814  
0.276727  0.723562  
0.276727  0.723562  
0.276727  0.723562  
0.276148  0.724997  
0.274518  0.725964  
0.273854  0.726461  
0.27372  0.727016  
0.27372  0.727016  
0.27258  0.728439  
0.272548  0.728455  
0.272548  0.728455  
0.271015  0.730001  
0.26996  0.730401  
0.26996  0.730401  
0.26996  0.730401  
0.26996  0.730401  
0.268743  0.733276  
0.268575  0.733533  
0.267585  0.733779  
0.267585  0.733779  
0.267135  0.735562  
0.267135  0.735562  
0.26512  0.736922  
0.26512  0.736922  
0.26512  0.736922  
0.26512  0.736922  
0.262646  0.739233  
0.26169  0.739477  
0.26169  0.739477  
0.26053  0.740252  
0.26053  0.740252  
0.259687  0.741302  
0.259687  0.741302  
0.257874  0.742922  
0.257874  0.742922  
0.257874  0.742922  
0.257429  0.744712  
0.255251  0.745517  
0.255251  0.745517  
0.255106  0.74605  
0.254325  0.746879  
0.253953  0.74725  
0.253953  0.74725  
0.252461  0.748457  
0.252461  0.748457  
0.251735  0.749938  
0.250761  0.750432  
0.249926  0.751068  
0.249926  0.751068  
0.248345  0.752092  
0.248323  0.75239  
0.248323  0.75239  
0.247745  0.754018  
0.246271  0.754214  
0.246062  0.754591  
0.245526  0.754902  
0.245526  0.754902  
0.244052  0.756777  
0.243486  0.757181  
0.243055  0.75786  
0.243055  0.75786  
0.243055  0.75786  
0.242723  0.759521  
0.241604  0.760333  
0.239198  0.761186  
0.239198  0.761186  
0.239198  0.761186  
0.238257  0.762244  
0.238122  0.762799  
0.237339  0.763405  
0.237339  0.763405  
0.237339  0.763405  
0.234553  0.76575  
0.234553  0.76575  
0.234553  0.76575  
0.234553  0.76575  
0.234553  0.76575  
0.233189  0.768345  
0.231984  0.768794  
0.231856  0.769069  
0.230599  0.769751  
0.230512  0.770206  
0.229582  0.770935  
0.229498  0.771575  
0.229498  0.771575  
0.227254  0.773244  
0.226285  0.77409  
0.226096  0.774431  
0.226096  0.774431  
0.225414  0.774918  
0.225414  0.774918  
0.224114  0.776571  
0.224114  0.776571  
0.223516  0.777201  
0.222882  0.778056  
0.222882  0.778056  
0.222882  0.778056  
0.220294  0.780751  
0.219898  0.781172  
0.219898  0.781172  
0.219796  0.781383  
0.219782  0.78186  
0.217527  0.783161  
0.217251  0.783456  
0.217251  0.783456  
0.217251  0.783456  
0.216002  0.785093  
0.215849  0.785104  
0.214781  0.786573  
0.213622  0.786757  
0.213622  0.786757  
0.213622  0.786757  
0.21192  0.789174  
0.21192  0.789174  
0.211135  0.789959  
0.210682  0.790007  
0.21045  0.790362  
0.21045  0.790362  
0.20846  0.792177  
0.20846  0.792177  
0.20781  0.793278  
0.207197  0.793752  
0.207197  0.793752  
0.205187  0.795604  
0.204486  0.795789  
0.20433  0.796293  
0.20433  0.796293  
0.203728  0.797432  
0.203171  0.797851  
0.203105  0.79837  
0.201764  0.799076  
0.201148  0.799681  
0.20091  0.800251  
0.20091  0.800251  
0.199439  0.801222  
0.198916  0.801788  
0.198878  0.801827  
0.198878  0.801827  
0.196518  0.804321  
0.196708  0.804463  
0.196708  0.804463  
0.194998  0.805478  
0.194998  0.805478  
0.194272  0.806589  
0.194272  0.806589  
0.193395  0.807605  
0.19282  0.808041  
0.192625  0.808761  
0.19052  0.810114  
0.190488  0.810407  
0.190488  0.810407  
0.189811  0.810841  
0.189455  0.811506  
0.18862  0.811941  
0.188323  0.812936  
0.187247  0.813625  
0.187247  0.813625  
0.186192  0.814761  
0.185137  0.815363  
0.185137  0.815363  
0.184041  0.81641  
0.184041  0.81641  
0.183582  0.817043  
0.183582  0.817043  
0.18234  0.818869  
0.181491  0.818911  
0.180859  0.819812  
0.180627  0.820041  
0.179774  0.82075  
0.179111  0.821589  
0.178967  0.822214  
0.17836  0.822385  
0.177704  0.823026  
0.176397  0.823924  
0.176397  0.823924  
0.175663  0.824543  
0.175663  0.824543  
0.17382  0.826435  
0.173861  0.826564  
0.173861  0.826564  
0.172217  0.828254  
0.171477  0.828962  
0.170729  0.82956  
0.171278  0.829582  
0.170507  0.82992  
0.170291  0.830306  
0.16917  0.831257  
0.168824  0.831824  
0.167966  0.832751  
0.167965  0.83284  
0.167166  0.833567  
0.166052  0.834127  
0.165834  0.834859  
0.165424  0.834932  
0.164062  0.836279  
0.164062  0.836279  
0.164062  0.836279  
0.162339  0.837926  
0.162664  0.838632  
0.161749  0.839076  
0.161749  0.839076  
0.159946  0.840362  
0.159946  0.840362  
0.158851  0.841361  
0.159253  0.841956  
0.158655  0.842588  
0.157414  0.843211  
0.157203  0.843239  
0.157203  0.843239  
0.156269  0.844684  
0.155533  0.844785  
0.154733  0.84581  
0.154301  0.846152  
0.153858  0.846491  
0.153087  0.847478  
0.151872  0.848392  
0.151328  0.849052  
0.151328  0.849052  
0.150285  0.850093  
0.150341  0.850265  
0.150067  0.850719  
0.14826  0.852067  
0.148421  0.852561  
0.14728  0.852927  
0.147303  0.853101  
0.146224  0.854199  
0.146224  0.854199  
0.144915  0.8555  
0.145069  0.855864  
0.144346  0.855898  
0.143988  0.856471  
0.143352  0.856877  
0.1419  0.858318  
0.141849  0.858342  
0.141849  0.858342  
0.140479  0.860028  
0.140406  0.860506  
0.139612  0.860786  
0.139407  0.861138  
0.138121  0.862375  
0.137547  0.862737  
0.136972  0.863222  
0.136972  0.863222  
0.136506  0.864014  
0.135218  0.865211  
0.134551  0.865775  
0.134337  0.866128  
0.13403  0.866351  
0.132699  0.867551  
0.133066  0.867698  
0.132578  0.867915  
0.131116  0.869324  
0.130771  0.869479  
0.13057  0.869938  
0.1302  0.870683  
0.128674  0.87156  
0.128733  0.872052  
0.127775  0.872482  
0.127083  0.873259  
0.126418  0.873779  
0.126799  0.874507  
0.125949  0.87478  
0.124815  0.875586  
0.124534  0.875857  
0.124254  0.876355  
0.123331  0.877067  
0.123331  0.877067  
0.121907  0.878436  
0.12159  0.878959  
0.12159  0.878959  
0.120712  0.880341  
0.119942  0.880662  
0.119756  0.880859  
0.118521  0.881753  
0.118083  0.882463  
0.117658  0.882859  
0.117349  0.883297  
0.11609  0.884164  
0.115845  0.884485  
0.115774  0.885226  
0.114419  0.885849  
0.114419  0.885849  
0.113646  0.886982  
0.112632  0.887596  
0.11238  0.888102  
0.111613  0.888862  
0.11158  0.889093  
0.110907  0.88956  
0.110612  0.890416  
0.109172  0.89109  
0.108929  0.891484  
0.108507  0.891967  
0.107402  0.892989  
0.106928  0.893244  
0.10681  0.893516  
0.106313  0.894017  
0.10504  0.895139  
0.104549  0.895682  
0.104524  0.895958  
0.103776  0.896856  
0.103425  0.896935  
0.102369  0.897804  
0.101723  0.898336  
0.1015  0.898732  
0.100584  0.899557  
0.0998529  0.900351  
0.0996028  0.900718  
0.0988327  0.901341  
0.0988327  0.901341  
0.0974949  0.902574  
0.0977758  0.902791  
0.0965325  0.903627  
0.0958942  0.90434  
0.0956125  0.904621  
0.0948043  0.905509  
0.0943711  0.905715  
0.0935632  0.906596  
0.0935657  0.906946  
0.0922404  0.907947  
0.0919545  0.908454  
0.0912425  0.908852  
0.0908742  0.909299  
0.0899315  0.910293  
0.0895234  0.910761  
0.0890056  0.911334  
0.0887889  0.91168  
0.0881608  0.91201  
0.0876536  0.912638  
0.0873257  0.913309  
0.0862922  0.914099  
0.0860049  0.914121  
0.0854293  0.915018  
0.0848797  0.915379  
0.0838577  0.916361  
0.0832698  0.916948  
0.0831208  0.917216  
0.0824506  0.917884  
0.0814906  0.918756  
0.0809108  0.919367  
0.08058  0.919804  
0.0797991  0.920461  
0.0791673  0.921272  
0.0785758  0.921504  
0.0783644  0.921765  
0.0776062  0.922653  
0.0768747  0.923311  
0.076432  0.923933  
0.0759717  0.924366  
0.075287  0.924951  
0.0746427  0.925555  
0.0740688  0.92607  
0.0733392  0.926925  
0.0729199  0.927261  
0.0721731  0.928017  
0.0717258  0.928461  
0.0709544  0.929262  
0.0706326  0.929665  
0.070284  0.929953  
0.0692736  0.930926  
0.0692736  0.930926  
0.0683433  0.931896  
0.0678415  0.932562  
0.067141  0.933079  
0.0669287  0.933569  
0.0660238  0.934151  
0.0654771  0.934767  
0.0648377  0.935342  
0.0643355  0.935764  
0.0636383  0.936515  
0.0631956  0.937177  
0.0626148  0.93752  
0.0623789  0.938234  
0.0612916  0.938864  
0.0609025  0.939323  
0.0602354  0.939987  
0.0596501  0.940607  
0.0591351  0.940998  
0.0584654  0.941678  
0.0579114  0.942358  
0.0572068  0.942978  
0.0567495  0.943468  
0.0562043  0.943941  
0.0556521  0.944441  
0.0550937  0.945053  
0.0544438  0.945764  
0.053933  0.946217  
0.0532059  0.947052  
0.0529885  0.947167  
0.0520972  0.948036  
0.0515861  0.948681  
0.0510064  0.949165  
0.0507338  0.949547  
0.0500828  0.950108  
0.0493781  0.950857  
0.0486912  0.95157  
0.0481598  0.952052  
0.0476676  0.952503  
0.0469683  0.953188  
0.0465164  0.953689  
0.0458122  0.954331  
0.0452987  0.954863  
0.0447507  0.955502  
0.0441132  0.956138  
0.0437294  0.956391  
0.0429808  0.957212  
0.0424643  0.957641  
0.0419807  0.95846  
0.0412476  0.958928  
0.0407179  0.959477  
0.0401321  0.96008  
0.0395169  0.960656  
0.0390243  0.961169  
0.0384244  0.96175  
0.0377495  0.962471  
0.0372871  0.962869  
0.0366788  0.963455  
0.0360795  0.964144  
0.0354407  0.964731  
0.0350733  0.965129  
0.0343291  0.965809  
0.0337369  0.966473  
0.0331832  0.967025  
0.0327143  0.967607  
0.0320442  0.968203  
0.0316168  0.96865  
0.0310549  0.969268  
0.0303751  0.969935  
0.029809  0.970399  
0.029249  0.971012  
0.0286718  0.971674  
0.0280449  0.972334  
0.0274701  0.97279  
0.0269147  0.973259  
0.0262833  0.974056  
0.0254932  0.974713  
0.0253195  0.974856  
0.0245386  0.975645  
0.0239878  0.976185  
0.0235394  0.976769  
0.0228227  0.977527  
0.0222703  0.978035  
0.0216023  0.97862  
0.0211849  0.979184  
0.0206001  0.979523  
0.0199752  0.980165  
0.0193835  0.980782  
0.0187813  0.981318  
0.0182499  0.98188  
0.0176175  0.9826  
0.0171266  0.983099  
0.0165272  0.983664  
0.0159282  0.984157  
0.0153485  0.9849  
0.0148066  0.985451  
0.0142545  0.986079  
0.0136704  0.986537  
0.0129966  0.987314  
0.0124362  0.987799  
0.0117735  0.988604  
0.0112574  0.989065  
0.0107639  0.989585  
0.0101135  0.990228  
0.00948123  0.990998  
0.00907211  0.991456  
0.00838856  0.992315  
0.00786827  0.992988  
0.00719185  0.993685  
0.0067592  0.994341  
0.0062146  0.994848  
0.00555352  0.9959  
0.00506093  0.996501  
0.00447848  0.997266  
0.00389634  0.998226  
0.0033103  0.998847  
0.00272622  0.999712  
0.00219407  1.00037  
0.00148991  1.00172  
0.000741367  1.0027  
0.000460115  1.00366  
