2.17028  0.407376  
0.442943  0.408261  
0.36488  0.408595  
0.364081  0.408769  
0.362205  0.409061  
0.361797  0.409744  
0.361685  0.410227  
0.360969  0.410592  
0.35946  0.41113  
0.359742  0.411081  
0.358927  0.412175  
0.358609  0.412614  
0.358386  0.412882  
0.358927  0.412175  
0.357537  0.413935  
0.356838  0.41441  
0.356103  0.414997  
0.356103  0.414997  
0.355665  0.415761  
0.355027  0.416467  
0.354622  0.416691  
0.354213  0.417273  
0.353864  0.417812  
0.353351  0.418494  
0.352871  0.418948  
0.352807  0.419295  
0.352261  0.419752  
0.352059  0.42009  
0.35192  0.420486  
0.351268  0.421391  
0.351073  0.421462  
0.350541  0.421991  
0.350106  0.42288  
0.349586  0.423262  
0.349382  0.423831  
0.349382  0.423831  
0.348621  0.424764  
0.348077  0.425352  
0.347922  0.425449  
0.347226  0.426355  
0.346867  0.426853  
0.346649  0.427174  
0.346129  0.427765  
0.346129  0.427765  
0.345637  0.428615  
0.344939  0.429171  
0.344888  0.429401  
0.344196  0.430226  
0.343728  0.430773  
0.343523  0.431197  
0.343268  0.431578  
0.343083  0.43211  
0.342495  0.432592  
0.342336  0.433313  
0.341693  0.433592  
0.341339  0.433982  
0.34096  0.434472  
0.340413  0.435189  
0.340141  0.435786  
0.339578  0.436233  
0.339308  0.436814  
0.33895  0.437173  
0.338761  0.4376  
0.338075  0.438285  
0.337846  0.438617  
0.337551  0.439141  
0.337172  0.439817  
0.337172  0.439817  
0.336323  0.440778  
0.336308  0.441008  
0.335677  0.441506  
0.335285  0.442054  
0.335057  0.442476  
0.334397  0.44325  
0.334221  0.443739  
0.333839  0.444174  
0.333336  0.444824  
0.333336  0.444824  
0.332522  0.445924  
0.332073  0.446441  
0.331559  0.44693  
0.331262  0.447326  
0.330797  0.447953  
0.330616  0.448285  
0.33034  0.448758  
0.329902  0.449101  
0.329588  0.449964  
0.329021  0.450552  
0.328579  0.450998  
0.328579  0.450998  
0.327875  0.451855  
0.327435  0.452542  
0.327127  0.45313  
0.326795  0.453542  
0.32659  0.453711  
0.326222  0.454628  
0.325474  0.455203  
0.32518  0.455753  
0.32476  0.456172  
0.32476  0.456172  
0.324237  0.457165  
0.323997  0.457637  
0.323385  0.458255  
0.322997  0.45857  
0.32243  0.459356  
0.32243  0.459356  
0.321782  0.460491  
0.321774  0.460933  
0.320904  0.461583  
0.320728  0.461858  
0.320728  0.461858  
0.31985  0.462898  
0.319393  0.463537  
0.319157  0.464018  
0.318804  0.464574  
0.318319  0.465197  
0.318144  0.465784  
0.317594  0.466054  
0.317282  0.466731  
0.316862  0.46717  
0.316862  0.46717  
0.315896  0.46826  
0.315577  0.468753  
0.315563  0.469235  
0.31481  0.469939  
0.314231  0.470549  
0.314055  0.470804  
0.313702  0.471608  
0.313247  0.471982  
0.313039  0.4725  
0.312709  0.472839  
0.312227  0.473742  
0.311778  0.474258  
0.311445  0.474764  
0.310886  0.475288  
0.310583  0.47569  
0.310416  0.476078  
0.310002  0.47656  
0.309464  0.477443  
0.308916  0.477876  
0.308614  0.478358  
0.308319  0.478943  
0.307873  0.479561  
0.307246  0.480358  
0.307243  0.480832  
0.306602  0.481301  
0.306107  0.48193  
0.306107  0.48193  
0.305487  0.482779  
0.305  0.483495  
0.304597  0.484205  
0.304014  0.484764  
0.304132  0.485229  
0.30376  0.485546  
0.303234  0.486211  
0.30277  0.486833  
0.302295  0.48711  
0.301651  0.48788  
0.301565  0.488605  
0.301151  0.488899  
0.300578  0.489744  
0.300433  0.490028  
0.299756  0.490859  
0.299788  0.490876  
0.299004  0.491722  
0.298696  0.49215  
0.298349  0.492685  
0.298282  0.493241  
0.297386  0.494089  
0.29705  0.494676  
0.296747  0.495107  
0.296297  0.495727  
0.296195  0.495956  
0.295524  0.496908  
0.295282  0.497267  
0.294696  0.49796  
0.29468  0.498305  
0.294305  0.498702  
0.293592  0.49961  
0.29318  0.500165  
0.292945  0.500624  
0.292549  0.501285  
0.292131  0.502107  
0.29146  0.502354  
0.29146  0.502354  
0.290749  0.503586  
0.290555  0.504152  
0.2902  0.504475  
0.289671  0.50558  
0.289105  0.505713  
0.288657  0.50644  
0.288092  0.506991  
0.288092  0.506991  
0.287366  0.508367  
0.286826  0.509015  
0.286526  0.509393  
0.286325  0.509783  
0.285924  0.510492  
0.285614  0.511253  
0.285614  0.511253  
0.284822  0.512301  
0.284041  0.512991  
0.283627  0.51352  
0.283391  0.513976  
0.283001  0.514674  
0.282754  0.514899  
0.282256  0.515943  
0.281807  0.516411  
0.281292  0.517047  
0.280833  0.517597  
0.280641  0.518003  
0.280641  0.518003  
0.279885  0.519154  
0.27953  0.520102  
0.278888  0.520272  
0.278618  0.520928  
0.278108  0.521515  
0.277504  0.522468  
0.277601  0.52254  
0.276529  0.523693  
0.276422  0.524151  
0.275933  0.52482  
0.275531  0.525534  
0.275487  0.526094  
0.274772  0.526515  
0.274407  0.52742  
0.274372  0.527584  
0.273967  0.528673  
0.273083  0.529106  
0.272977  0.529141  
0.272552  0.530301  
0.271803  0.530903  
0.271803  0.530903  
0.27127  0.532136  
0.27071  0.532468  
0.270169  0.533443  
0.269914  0.533903  
0.269716  0.534078  
0.269553  0.535451  
0.268989  0.535885  
0.268989  0.535885  
0.268518  0.537635  
0.268338  0.537996  
0.267744  0.538716  
0.26736  0.539188  
0.26698  0.539491  
0.26698  0.539491  
0.266227  0.541446  
0.266174  0.542236  
0.265164  0.543119  
0.265164  0.543119  
0.265164  0.543119  
0.265164  0.543119  
0.265058  0.545964  
0.265164  0.543119  
0.265075  0.547839  
0.265075  0.547839  
0.265075  0.547839  
0.265058  0.545964  
0.265075  0.547839  
0.265029  0.552695  
0.265029  0.552695  
0.265029  0.552695  
0.264966  0.554825  
0.265029  0.552695  
0.265027  0.553225  
0.265029  0.552695  
0.265029  0.552695  
0.264966  0.554825  
0.265029  0.552695  
0.265029  0.552695  
0.265027  0.553225  
0.265024  0.565066  
0.265  0.565624  
0.265024  0.565066  
0.264966  0.554825  
0.265  0.565624  
0.265003  0.56917  
0.264975  0.571368  
0.264966  0.554825  
0.264966  0.554825  
0.264954  0.574355  
0.264966  0.554825  
0.264956  0.576166  
0.264954  0.574355  
0.264954  0.574355  
0.264819  0.578103  
0.264819  0.578103  
0.26489  0.582914  
0.26489  0.582914  
0.26489  0.582914  
0.264831  0.585164  
0.264831  0.585164  
0.264819  0.578103  
0.264819  0.578103  
0.264819  0.578103  
0.264831  0.585164  
0.264789  0.583912  
0.264789  0.583912  
0.264821  0.59016  
0.264831  0.585164  
0.264819  0.578103  
0.264847  0.59761  
0.264828  0.600509  
0.264821  0.59016  
0.264776  0.604033  
0.264785  0.6041  
0.264828  0.600509  
0.264785  0.6041  
0.264776  0.604033  
0.264776  0.604033  
0.264785  0.6041  
0.264821  0.59016  
0.264776  0.604033  
0.264773  0.615329  
0.26479  0.615602  
0.26479  0.615602  
0.26479  0.615602  
0.264773  0.615329  
0.264773  0.615329  
0.264773  0.615329  
0.264775  0.623056  
0.264775  0.623056  
0.264773  0.615329  
0.264775  0.623056  
0.264448  0.62067  
0.264448  0.62067  
0.264773  0.615329  
0.264775  0.623056  
0.264772  0.625235  
0.264772  0.631202  
0.264772  0.631202  
0.264774  0.627138  
0.264772  0.631202  
0.264775  0.623056  
0.264775  0.623056  
0.264775  0.623056  
0.264772  0.631202  
0.264772  0.625235  
0.264774  0.627138  
0.264775  0.623056  
0.264772  0.625235  
0.264774  0.627138  
0.264448  0.62067  
0.264775  0.623056  
0.264775  0.623056  
0.264448  0.62067  
0.264775  0.667581  
0.264774  0.627138  
0.264448  0.62067  
0.264448  0.62067  
0.264771  0.669881  
0.264771  0.669881  
0.264775  0.678344  
0.264771  0.669881  
0.264771  0.669881  
0.264775  0.678344  
0.264775  0.678344  
0.264775  0.678344  
0.257241  0.689581  
0.242347  0.689534  
0.257241  0.689581  
0.242347  0.689534  
0.2394  0.689408  
0.2394  0.689408  
0.2394  0.689408  
0.24131  0.689429  
0.242347  0.689534  
0.242347  0.689534  
0.24131  0.689429  
0.2394  0.689408  
0.228666  0.68962  
0.23329  0.689602  
0.242347  0.689534  
0.2394  0.689408  
0.2394  0.689408  
0.242347  0.689534  
0.24131  0.689429  
0.23329  0.689602  
0.228666  0.68962  
0.23329  0.689602  
0.23329  0.689602  
0.23329  0.689602  
0.23329  0.689602  
0.228666  0.68962  
0.228666  0.68962  
0.228666  0.68962  
0.228666  0.68962  
0.219211  0.689691  
0.223024  0.689843  
0.223024  0.689843  
0.219211  0.689691  
0.219211  0.689691  
0.223024  0.689843  
0.219211  0.689691  
0.219211  0.689691  
0.219211  0.689691  
0.218185  0.68994  
0.202966  0.690084  
0.202966  0.690084  
0.202966  0.690084  
0.212509  0.689816  
0.212509  0.689816  
0.212509  0.689816  
0.209015  0.689997  
0.209015  0.689997  
0.209015  0.689997  
0.202966  0.690084  
0.202966  0.690084  
0.202966  0.690084  
0.202966  0.690084  
0.202966  0.690084  
0.202966  0.690084  
0.199396  0.690259  
0.199396  0.690259  
0.199396  0.690259  
0.199396  0.690259  
0.197575  0.690475  
0.197206  0.690885  
0.194275  0.690879  
0.194275  0.690879  
0.194777  0.691254  
0.194275  0.690879  
0.192509  0.691749  
0.186473  0.691744  
0.188395  0.691948  
0.186473  0.691744  
0.188395  0.691948  
0.188395  0.691948  
0.183925  0.69216  
0.183925  0.69216  
0.183925  0.69216  
0.183925  0.69216  
0.183925  0.69216  
0.18163  0.692331  
0.18295  0.693635  
0.178487  0.693726  
0.178487  0.693726  
0.178487  0.693726  
0.178487  0.693726  
0.178487  0.693726  
0.175748  0.694627  
0.175748  0.694627  
0.175748  0.694627  
0.174779  0.694809  
0.174779  0.694809  
0.172366  0.696615  
0.172366  0.696615  
0.172366  0.696615  
0.17125  0.697225  
0.17125  0.697225  
0.170393  0.698266  
0.168861  0.698832  
0.168861  0.698832  
0.168198  0.699385  
0.16741  0.69961  
0.164741  0.699851  
0.164741  0.699851  
0.164741  0.699851  
0.164741  0.699851  
0.163545  0.701674  
0.163545  0.701674  
0.162857  0.702885  
0.162067  0.703203  
0.161874  0.703439  
0.161283  0.705648  
0.160704  0.706207  
0.160288  0.708648  
0.159682  0.709329  
0.15869  0.709706  
0.158382  0.711312  
0.157707  0.711336  
0.157418  0.712662  
0.156357  0.712926  
0.155775  0.713836  
0.155213  0.71478  
0.154587  0.715908  
0.154105  0.71681  
0.153523  0.718353  
0.152991  0.718707  
0.152204  0.71983  
0.152038  0.720614  
0.151454  0.721947  
0.150438  0.72309  
0.150183  0.723413  
0.149286  0.724688  
0.14901  0.725335  
0.148658  0.726899  
0.147537  0.728137  
0.147253  0.728403  
0.146417  0.729324  
0.146369  0.730333  
0.145431  0.731337  
0.144844  0.732397  
0.144193  0.733775  
0.143832  0.733807  
0.142992  0.735227  
0.14249  0.736787  
0.141908  0.737472  
0.141225  0.7384  
0.140286  0.739567  
0.140286  0.739567  
0.139636  0.741108  
0.138954  0.741916  
0.137734  0.743866  
0.137734  0.743866  
0.13702  0.744967  
0.136598  0.746169  
0.135738  0.747222  
0.135252  0.748382  
0.134933  0.749104  
0.133931  0.75072  
0.133601  0.751396  
0.132816  0.752451  
0.132225  0.753796  
0.131824  0.75439  
0.131185  0.756275  
0.130671  0.757549  
0.129954  0.758713  
0.129403  0.759265  
0.128422  0.760348  
0.128084  0.761366  
0.127486  0.762219  
0.126754  0.763878  
0.126243  0.764888  
0.125499  0.76543  
0.1251  0.766077  
0.124379  0.76694  
0.123667  0.768551  
0.123047  0.769937  
0.122545  0.770907  
0.121803  0.772153  
0.121226  0.773361  
0.120436  0.774554  
0.119824  0.775552  
0.119343  0.776688  
0.118067  0.778586  
0.118067  0.778586  
0.117377  0.779744  
0.116474  0.781125  
0.115906  0.782523  
0.115248  0.783572  
0.114914  0.784416  
0.113981  0.785939  
0.113547  0.786922  
0.112872  0.788121  
0.112325  0.78999  
0.111713  0.790761  
0.110938  0.79148  
0.109976  0.793811  
0.10947  0.794224  
0.109015  0.795265  
0.108059  0.796975  
0.107629  0.797642  
0.106977  0.798743  
0.106061  0.800372  
0.105546  0.801513  
0.104808  0.802776  
0.104082  0.803415  
0.103365  0.804911  
0.102942  0.805571  
0.101916  0.806938  
0.101585  0.807828  
0.100514  0.810093  
0.100268  0.810369  
0.099351  0.812607  
0.0987876  0.813059  
0.0981545  0.815062  
0.0971153  0.816045  
0.096734  0.817505  
0.0960652  0.818828  
0.0953624  0.819784  
0.0943063  0.820699  
0.0940105  0.821899  
0.0932436  0.822884  
0.0922466  0.824766  
0.0919006  0.82535  
0.0912504  0.827632  
0.0898527  0.828857  
0.0894221  0.82984  
0.0890045  0.830391  
0.0883531  0.831713  
0.0876742  0.832962  
0.0867822  0.834765  
0.0859588  0.836027  
0.0854444  0.837287  
0.0841935  0.840093  
0.083565  0.840851  
0.0831693  0.841925  
0.0823188  0.843418  
0.0814149  0.845526  
0.0807803  0.847007  
0.0804426  0.848661  
0.0792624  0.850607  
0.0779749  0.854245  
0.0779749  0.854245  
0.0770332  0.859413  
0.0765418  0.863017  
0.0759994  0.868507  
0.0752335  0.927478  
