0.999379  0.00184794  
1.00015  0.0046194  
0.999379  0.00184794  
0.999379  0.00184794  
1.00015  0.0046194  
0.999633  0.00981165  
0.999635  0.00981165  
0.999635  0.00981165  
0.999379  0.00184794  
0.999631  0.0140749  
0.999631  0.0140749  
0.999633  0.00981165  
0.999631  0.0140749  
0.999633  0.00981165  
0.999379  0.00184794  
0.999631  0.0140749  
0.999631  0.0140749  
0.999379  0.00184794  
0.999631  0.0140749  
0.934572  0.0342665  
0.94166  0.0348634  
0.94166  0.0350153  
0.94166  0.0348634  
0.94166  0.0348634  
0.94166  0.0350153  
0.92195  0.0423891  
0.92195  0.0423891  
0.922  0.0438841  
0.92195  0.0423891  
0.911197  0.0470704  
0.911197  0.0470704  
0.901415  0.0513509  
0.911197  0.0470704  
0.897708  0.0537806  
0.897708  0.0537806  
0.897708  0.0537806  
0.889733  0.0578572  
0.889733  0.0578572  
0.886957  0.0610136  
0.886957  0.0610136  
0.886957  0.0610136  
0.886957  0.0610136  
0.886957  0.0610136  
0.882066  0.0690282  
0.864021  0.0712522  
0.870401  0.0724888  
0.870401  0.0724888  
0.855694  0.075639  
0.855694  0.075639  
0.857361  0.075639  
0.854537  0.0785332  
0.854537  0.0785332  
0.854537  0.0785332  
0.854537  0.0785332  
0.854537  0.0785332  
0.854537  0.0785332  
0.831365  0.0890748  
0.827797  0.0909868  
0.828089  0.090995  
0.827724  0.0911866  
0.825961  0.0937347  
0.825961  0.0937347  
0.825961  0.0937347  
0.82356  0.0989247  
0.82356  0.0989247  
0.823475  0.100609  
0.805305  0.103219  
0.804962  0.103666  
0.804962  0.103666  
0.801266  0.106565  
0.801266  0.106565  
0.801266  0.106565  
0.79598  0.110034  
0.793055  0.112234  
0.793055  0.112234  
0.793055  0.112234  
0.793055  0.112234  
0.777085  0.118823  
0.775816  0.119675  
0.775816  0.119675  
0.775816  0.119675  
0.775816  0.119675  
0.775816  0.119675  
0.768093  0.125009  
0.768093  0.125009  
0.760404  0.1288  
0.761824  0.128941  
0.760625  0.130456  
0.760625  0.130456  
0.757254  0.133752  
0.757254  0.133752  
0.753566  0.136812  
0.747632  0.137393  
0.74657  0.137818  
0.74543  0.139912  
0.74115  0.140747  
0.74115  0.140747  
0.74115  0.140747  
0.729544  0.146423  
0.731296  0.146904  
0.731296  0.146904  
0.731296  0.146904  
0.725721  0.151158  
0.725721  0.151158  
0.722614  0.154  
0.722614  0.154  
0.711334  0.157099  
0.710177  0.158347  
0.708156  0.159217  
0.705402  0.161074  
0.707709  0.161396  
0.702948  0.162638  
0.702948  0.162638  
0.701932  0.164832  
0.701932  0.164832  
0.692999  0.168363  
0.696125  0.169088  
0.693304  0.169102  
0.691375  0.170524  
0.688997  0.171698  
0.688997  0.171698  
0.67976  0.175926  
0.676959  0.177384  
0.676715  0.17838  
0.676715  0.17838  
0.675436  0.179886  
0.675436  0.179886  
0.668847  0.18322  
0.668847  0.18322  
0.665702  0.18516  
0.665702  0.18516  
0.664626  0.187299  
0.657775  0.189399  
0.655287  0.190782  
0.654186  0.192204  
0.655707  0.192769  
0.655707  0.192769  
0.653807  0.195832  
0.647885  0.196173  
0.647341  0.197153  
0.647341  0.197153  
0.642296  0.19934  
0.64046  0.200921  
0.64046  0.200921  
0.64046  0.200921  
0.633541  0.205245  
0.633541  0.205245  
0.633541  0.205245  
0.625728  0.209526  
0.623792  0.210412  
0.626189  0.211254  
0.619983  0.212893  
0.619813  0.21429  
0.619813  0.21429  
0.618551  0.215629  
0.613037  0.217642  
0.613037  0.217642  
0.613037  0.217642  
0.609633  0.220603  
0.609633  0.220603  
0.603096  0.223574  
0.60092  0.225228  
0.602972  0.225884  
0.600843  0.22606  
0.597302  0.227627  
0.597302  0.227627  
0.595852  0.230312  
0.594007  0.230565  
0.594007  0.230565  
0.588236  0.233409  
0.588236  0.233409  
0.584766  0.235873  
0.584766  0.235873  
0.580799  0.238638  
0.580799  0.238638  
0.578822  0.239643  
0.576184  0.242358  
0.576184  0.243353  
0.574195  0.243545  
0.570725  0.244771  
0.568946  0.24584  
0.5666  0.247388  
0.564536  0.248686  
0.562746  0.249969  
0.562502  0.250001  
0.562502  0.250001  
0.562502  0.250001  
0.562502  0.250001  
0.562502  0.250001  
0.562502  0.250001  
0.562502  0.250001  
0.562502  0.250001  
0.562502  0.250001  
0.562502  0.250001  
0.562502  0.250001  
0.562502  0.250001  
0.562502  0.250001  
0.562502  0.250001  
0.562502  0.250001  
0.562502  0.250001  
0.562502  0.250001  
0.562502  0.250001  
0.562502  0.250001  
0.562502  0.250001  
0.562502  0.250001  
0.562502  0.250001  
0.562502  0.250001  
0.562502  0.250001  
0.562502  0.250001  
0.562502  0.250001  
0.562502  0.250001  
0.562502  0.250001  
0.562502  0.250001  
0.562502  0.250001  
0.562502  0.250001  
0.562502  0.250001  
0.562502  0.250001  
0.562502  0.250001  
0.562502  0.250001  
0.562502  0.250001  
0.562502  0.250001  
0.562502  0.250001  
0.562502  0.250001  
0.562502  0.250001  
0.562502  0.250001  
0.562502  0.250001  
0.562502  0.250001  
0.562502  0.250001  
0.562502  0.250001  
0.562502  0.250001  
0.562502  0.250001  
0.562502  0.250001  
0.562502  0.250001  
0.562502  0.250001  
0.562502  0.250001  
0.562502  0.250001  
0.562502  0.250001  
0.562502  0.250001  
0.562502  0.250001  
0.562502  0.250001  
0.562502  0.250001  
0.562502  0.250001  
0.562502  0.250001  
0.562502  0.250001  
0.562502  0.250001  
0.562502  0.250001  
0.562502  0.250001  
0.562502  0.250001  
0.562502  0.250001  
0.562502  0.250001  
0.562502  0.250001  
0.562502  0.250001  
0.562502  0.250001  
0.562502  0.250001  
0.562502  0.250001  
0.562502  0.250001  
0.562502  0.250001  
0.562502  0.250001  
0.562502  0.250001  
0.562502  0.250001  
0.562502  0.250001  
0.562502  0.250001  
0.562502  0.250001  
0.562502  0.250001  
0.562502  0.250001  
0.562502  0.250001  
0.562502  0.250001  
0.562502  0.250001  
0.562502  0.250001  
0.562502  0.250001  
0.562502  0.250001  
0.562502  0.250001  
0.562502  0.250001  
0.562502  0.250001  
0.562502  0.250001  
0.562502  0.250001  
0.562502  0.250001  
0.562502  0.250001  
0.562502  0.250001  
0.562502  0.250001  
0.562502  0.250001  
0.562502  0.250001  
0.250003  0.500002  
0.250002  0.500002  
0.250002  0.500002  
0.250002  0.500002  
0.250002  0.500002  
0.250002  0.500002  
0.250002  0.500002  
0.250002  0.500002  
0.250002  0.500002  
0.250003  0.500002  
0.250003  0.500002  
0.250002  0.500002  
0.250003  0.500002  
0.250002  0.500002  
0.250003  0.500002  
0.250003  0.500002  
0.250003  0.500002  
0.250003  0.500002  
0.250003  0.500002  
0.250003  0.500002  
0.250002  0.500002  
0.250002  0.500002  
0.250002  0.500002  
0.250002  0.500002  
0.250002  0.500002  
0.250003  0.500002  
0.250003  0.500002  
0.250003  0.500002  
0.250003  0.500002  
0.250003  0.500002  
0.250002  0.500002  
0.250002  0.500002  
0.250003  0.500002  
0.250002  0.500002  
0.250002  0.500002  
0.250002  0.500002  
0.250002  0.500002  
0.250003  0.500002  
0.250002  0.500002  
0.250002  0.500002  
0.250002  0.500002  
0.250001  0.500002  
0.250002  0.500002  
0.250003  0.500002  
0.250002  0.500002  
0.250001  0.500002  
0.250003  0.500002  
0.250003  0.500002  
0.250003  0.500002  
0.250003  0.500002  
0.250003  0.500002  
0.250002  0.500002  
0.250002  0.500002  
0.250003  0.500002  
0.250003  0.500002  
0.250002  0.500002  
0.250003  0.500002  
0.250003  0.500002  
0.250003  0.500002  
0.250003  0.500002  
0.250002  0.500002  
0.250003  0.500002  
0.250003  0.500002  
0.250001  0.500002  
0.250003  0.500002  
0.250003  0.500002  
0.250003  0.500002  
0.250003  0.500002  
0.250003  0.500002  
0.250002  0.500002  
0.250003  0.500002  
0.250003  0.500002  
0.250003  0.500002  
0.250003  0.500002  
0.250003  0.500002  
0.250003  0.500002  
0.250002  0.500002  
0.250003  0.500002  
0.250003  0.500002  
0.250002  0.500002  
0.250003  0.500002  
0.250003  0.500002  
0.250003  0.500002  
0.250003  0.500002  
0.250001  0.500002  
0.250001  0.500002  
0.250003  0.500002  
0.250003  0.500002  
0.250003  0.500002  
0.250003  0.500002  
0.250003  0.500002  
0.250003  0.500002  
0.250003  0.500002  
0.250003  0.500002  
0.250001  0.500002  
0.250003  0.500002  
0.250003  0.500002  
0.250003  0.500002  
0.250003  0.500002  
0.250003  0.500002  
0.250003  0.500002  
0.250003  0.500002  
0.250003  0.500002  
0.250003  0.500002  
0.250003  0.500002  
0.250003  0.500002  
0.250003  0.500002  
0.250003  0.500002  
0.250003  0.500002  
0.250003  0.500002  
0.250003  0.500002  
0.250003  0.500002  
0.250003  0.500002  
0.250003  0.500002  
0.250003  0.500002  
0.250003  0.500002  
0.250003  0.500002  
0.249849  0.500156  
0.248592  0.501591  
0.247536  0.503313  
0.246409  0.503736  
0.243973  0.506243  
0.242958  0.507259  
0.24214  0.50821  
0.240498  0.51002  
0.240295  0.511058  
0.237794  0.512487  
0.237343  0.513775  
0.236431  0.514447  
0.234277  0.516359  
0.234083  0.516388  
0.232584  0.518004  
0.231619  0.518949  
0.229204  0.521489  
0.228165  0.522726  
0.226864  0.524084  
0.225605  0.525357  
0.224351  0.526695  
0.223218  0.527906  
0.221726  0.529257  
0.220631  0.530518  
0.219519  0.531805  
0.218278  0.533122  
0.217734  0.533902  
0.215761  0.535755  
0.215155  0.536404  
0.213419  0.538339  
0.21195  0.539787  
0.211023  0.541141  
0.210658  0.541354  
0.209052  0.542965  
0.207774  0.544535  
0.205991  0.546372  
0.204709  0.547634  
0.203578  0.549  
0.203257  0.549852  
0.201144  0.551831  
0.200216  0.55278  
0.198657  0.554469  
0.197673  0.555838  
0.196262  0.557086  
0.195815  0.558537  
0.193918  0.559814  
0.192824  0.561217  
0.191547  0.56266  
0.190243  0.56404  
0.18988  0.564743  
0.187951  0.566848  
0.186542  0.568258  
0.186065  0.56902  
0.184293  0.571161  
0.183146  0.572439  
0.181904  0.573889  
0.180642  0.575202  
0.180109  0.575985  
0.178284  0.578007  
0.176888  0.579557  
0.176637  0.580217  
0.174551  0.582433  
0.173442  0.583782  
0.172206  0.585186  
0.171071  0.58657  
0.169841  0.588004  
0.168514  0.589618  
0.167547  0.590995  
0.166247  0.592437  
0.165106  0.593842  
0.163877  0.595311  
0.162733  0.596732  
0.161379  0.598415  
0.160699  0.599714  
0.159082  0.60136  
0.158062  0.602927  
0.156688  0.604399  
0.155506  0.605965  
0.154275  0.607516  
0.153166  0.609077  
0.151894  0.610371  
0.150736  0.612066  
0.150085  0.612902  
0.148288  0.615149  
0.147168  0.616731  
0.146076  0.618233  
0.14471  0.619784  
0.143521  0.621406  
0.142209  0.622964  
0.141096  0.624445  
0.139903  0.626243  
0.138633  0.627854  
0.137484  0.62945  
0.136342  0.631189  
0.13512  0.632621  
0.134535  0.633573  
0.132615  0.635955  
0.131599  0.637646  
0.130371  0.639257  
0.129061  0.640949  
0.127788  0.642637  
0.126615  0.644273  
0.125354  0.646218  
0.124273  0.64777  
0.123095  0.649445  
0.122256  0.650928  
0.120695  0.652841  
0.119455  0.654598  
0.118208  0.656329  
0.116942  0.658661  
0.115944  0.65977  
0.11475  0.661448  
0.113447  0.663446  
0.11221  0.665105  
0.110996  0.667033  
0.109923  0.668759  
0.108616  0.670574  
0.107474  0.672519  
0.106226  0.674226  
0.105046  0.676173  
0.103827  0.67802  
0.102605  0.679809  
0.101365  0.681722  
0.100221  0.683593  
0.09898  0.685501  
0.0979287  0.687529  
0.0966151  0.689476  
0.0953812  0.691563  
0.0941847  0.693175  
0.0929259  0.695252  
0.0917778  0.697476  
0.090476  0.699645  
0.0893284  0.701633  
0.0881113  0.70355  
0.0868459  0.705603  
0.0856007  0.707589  
0.084412  0.709914  
0.0831578  0.71188  
0.0818338  0.714223  
0.0806092  0.716514  
0.0795433  0.718485  
0.0782137  0.720618  
0.0770001  0.722866  
0.0757756  0.725026  
0.0745498  0.727428  
0.0735866  0.729065  
0.0720906  0.731722  
0.0707534  0.734128  
0.0695381  0.736538  
0.0682833  0.738897  
0.0671314  0.741239  
0.0658348  0.743742  
0.0645995  0.746187  
0.0633191  0.74864  
0.0626922  0.750512  
0.0626922  0.750512  
0.0626922  0.750512  
0.0626922  0.750512  
0.0626922  0.750512  
0.0626922  0.750512  
0.0626922  0.750512  
0.0626922  0.750512  
0.0626922  0.750512  
0.0626922  0.750512  
0.0626922  0.750512  
0.000191877  1.01016  
0.000191877  1.01016  
0.000191877  1.01016  
0.000191877  1.01016  
0.000191877  1.01016  
0.000191877  1.01016  
0.000191877  1.01016  
0.000191877  1.01016  
0.000191877  1.01016  
0.000191877  1.01016  
0.000191877  1.01016  
0.000191877  1.01016  
0.000191877  1.01016  
0.000191877  1.01016  
0.000191877  1.01016  
0.000191877  1.01016  
0.000191877  1.01016  
0.000191877  1.01016  
0.000191877  1.01016  
0.000191877  1.01016  
0.000191877  1.01016  
0.000191877  1.01016  
0.000191877  1.01016  
0.000191877  1.01016  
0.000191877  1.01016  
0.000191877  1.01016  
0.000191877  1.01016  
0.000191877  1.01016  
0.000191877  1.01016  
0.000191877  1.01016  
0.000191877  1.01016  
0.000191877  1.01016  
0.000191877  1.01016  
0.000191877  1.01016  
0.000191877  1.01016  
7.00547e-005  1.01199  
