0.999874  6.27699e-005  
0.990082  0.0049714  
0.987058  0.00649186  
0.987058  0.00649186  
0.987058  0.00649186  
0.987058  0.00649186  
0.987058  0.00649186  
0.987058  0.00649186  
0.987058  0.00649186  
0.987058  0.00649186  
0.987058  0.00649186  
0.987058  0.00649186  
0.987058  0.00649186  
0.987058  0.00649186  
0.987058  0.00649186  
0.849986  0.0780532  
0.849986  0.0780532  
0.847907  0.0791816  
0.840054  0.0834559  
0.832138  0.0877842  
0.824322  0.0920783  
0.816599  0.0963412  
0.809005  0.100554  
0.801552  0.104706  
0.798647  0.106329  
0.798646  0.10633  
0.798658  0.106323  
0.798651  0.106327  
0.798646  0.10633  
0.798644  0.106331  
0.798644  0.106331  
0.798644  0.106331  
0.798652  0.106327  
0.798652  0.106327  
0.798644  0.106331  
0.798651  0.106327  
0.798652  0.106327  
0.798656  0.106325  
0.665874  0.183989  
0.665874  0.183989  
0.665874  0.183989  
0.665876  0.183988  
0.665876  0.183988  
0.665874  0.183989  
0.660288  0.18742  
0.654224  0.191159  
0.648248  0.194868  
0.642252  0.198602  
0.636356  0.202281  
0.630549  0.205931  
0.624673  0.209637  
0.618954  0.21327  
0.613234  0.216922  
0.612211  0.217561  
0.612211  0.217561  
0.612211  0.217561  
0.612211  0.217561  
0.612211  0.217561  
0.612211  0.217561  
0.612211  0.217561  
0.612211  0.217561  
0.612211  0.217561  
0.612211  0.217561  
0.612211  0.217561  
0.612211  0.217561  
0.612211  0.217561  
0.612211  0.217561  
0.48395  0.304335  
0.48395  0.304335  
0.48395  0.304335  
0.48395  0.304335  
0.48395  0.304335  
0.48395  0.304335  
0.48395  0.304335  
0.48395  0.304335  
0.48395  0.304335  
0.48395  0.304335  
0.483112  0.304938  
0.478344  0.308376  
0.473609  0.311808  
0.468961  0.315192  
0.464223  0.318661  
0.45956  0.322111  
0.454943  0.325505  
0.450285  0.328969  
0.445762  0.332346  
0.441211  0.335786  
0.436657  0.3392  
0.432166  0.342607  
0.42847  0.345424  
0.42847  0.345424  
0.42847  0.345424  
0.42847  0.345424  
0.42847  0.345424  
0.42847  0.345424  
0.42847  0.345424  
0.42847  0.345424  
0.42847  0.345424  
0.42847  0.345424  
0.42847  0.345424  
0.42847  0.345424  
0.42847  0.345424  
0.305573  0.447214  
0.305573  0.447214  
0.305573  0.447214  
0.305573  0.447213  
0.305573  0.447214  
0.305573  0.447213  
0.305573  0.447213  
0.305573  0.447213  
0.305573  0.447214  
0.305573  0.447214  
0.305573  0.447213  
0.305573  0.447213  
0.305573  0.447213  
0.305573  0.447213  
0.305573  0.447213  
0.305573  0.447214  
0.305573  0.447214  
0.302488  0.450011  
0.298592  0.453565  
0.294695  0.457143  
0.290799  0.460758  
0.286926  0.464379  
0.283054  0.467982  
0.279203  0.471624  
0.275361  0.475298  
0.271528  0.478951  
0.267697  0.482648  
0.263873  0.486315  
0.260096  0.490006  
0.256282  0.493757  
0.252514  0.497492  
0.249058  0.500962  
0.249058  0.500961  
0.249058  0.500961  
0.249058  0.500966  
0.249058  0.500959  
0.249058  0.500961  
0.249058  0.500961  
0.249058  0.500966  
0.249058  0.500961  
0.249058  0.500961  
0.134302  0.633527  
0.134302  0.633527  
0.134302  0.633527  
0.134302  0.633527  
0.134302  0.633527  
0.134302  0.633527  
0.134302  0.633527  
0.134302  0.633527  
0.134302  0.633527  
0.134302  0.633527  
0.134302  0.633527  
0.134302  0.633527  
0.134302  0.633527  
0.134302  0.633527  
0.134302  0.633527  
0.134302  0.633527  
0.134302  0.633527  
0.134302  0.633527  
0.134302  0.633527  
0.134302  0.633527  
0.134302  0.633527  
0.134302  0.633527  
0.131375  0.637544  
0.127722  0.642622  
0.124114  0.647704  
0.120462  0.652923  
0.116836  0.658187  
0.113186  0.663589  
0.109545  0.669037  
0.105889  0.674595  
0.102228  0.680269  
0.0985678  0.686045  
0.0948887  0.69199  
0.0911768  0.698045  
0.0875176  0.704167  
0.0838149  0.710493  
0.0800391  0.717088  
0.0791995  0.718576  
0.0791995  0.718577  
0.0791995  0.718577  
0.0791995  0.718576  
0.0791995  0.718586  
2.60977e-006  1.04464  
2.60976e-006  1.04464  
2.60976e-006  1.04464  
2.60977e-006  1.04464  
2.60977e-006  1.04464  
2.60978e-006  1.04464  
2.60977e-006  1.04464  
2.60977e-006  1.04464  
2.60976e-006  1.04464  
2.60977e-006  1.04464  
2.60976e-006  1.04464  
2.60978e-006  1.04464  
2.60977e-006  1.04464  
2.60978e-006  1.04464  
2.60977e-006  1.04464  
