0.897759  0.364214  
0.897737  0.364184  
0.897732  0.364175  
0.897734  0.364179  
0.897734  0.364179  
0.897746  0.364199  
0.897759  0.364214  
0.897737  0.364184  
0.897724  0.364165  
0.897737  0.364187  
0.897742  0.36419  
0.897738  0.364184  
0.897746  0.364196  
0.897751  0.364205  
0.897724  0.364165  
0.897738  0.364184  
0.897731  0.364175  
0.897728  0.36417  
0.897732  0.364175  
0.897732  0.364178  
0.89774  0.364186  
0.897726  0.364167  
0.897736  0.364181  
0.897728  0.36417  
0.897726  0.364167  
0.897746  0.364199  
0.897739  0.364188  
0.897752  0.364204  
0.89774  0.364186  
0.897746  0.364198  
0.897746  0.364199  
0.897736  0.364181  
0.897753  0.364206  
0.897752  0.364204  
0.897733  0.36418  
0.897733  0.36418  
0.897746  0.364199  
0.897743  0.364192  
0.897743  0.364192  
0.897753  0.364206  
0.897764  0.364222  
0.897768  0.364228  
0.897764  0.364222  
0.897776  0.364243  
0.897764  0.364222  
0.897782  0.364248  
0.897776  0.364243  
0.897764  0.364222  
0.897782  0.364252  
0.897782  0.364252  
0.897786  0.36426  
0.897787  0.364253  
0.897787  0.364253  
0.897794  0.364262  
0.897796  0.364274  
0.897796  0.364274  
0.897793  0.364284  
0.89779  0.364279  
0.89778  0.364269  
0.897787  0.364283  
0.89779  0.364275  
0.897793  0.364284  
0.897782  0.364248  
0.897792  0.36428  
0.897794  0.364286  
0.89779  0.364275  
0.840415  0.455638  
0.840414  0.455635  
0.840414  0.455635  
0.840389  0.455647  
0.840402  0.455639  
0.840381  0.455653  
0.840381  0.455653  
0.840402  0.455674  
0.840387  0.455651  
0.761484  0.516926  
0.761043  0.516314  
0.762216  0.517857  
0.761484  0.516926  
0.762216  0.517857  
0.761026  0.516322  
0.761015  0.516309  
0.762892  0.518777  
0.761043  0.516314  
0.763831  0.520012  
0.761015  0.516309  
0.688801  0.587004  
0.688798  0.586998  
0.687393  0.58513  
0.688799  0.587001  
0.688799  0.587001  
0.688777  0.586971  
0.688756  0.586944  
0.688798  0.586998  
0.687393  0.58513  
0.606585  0.643807  
0.605986  0.642911  
0.606597  0.643824  
0.606608  0.643839  
0.606597  0.643824  
0.607122  0.644571  
0.60702  0.644382  
0.606585  0.643807  
0.607636  0.645303  
0.605986  0.642911  
0.607651  0.645335  
0.607651  0.645335  
0.538816  0.720065  
0.538856  0.720118  
0.538856  0.720118  
0.538837  0.720092  
0.538836  0.720091  
0.538816  0.720065  
0.538837  0.720092  
0.538836  0.720091  
0.53892  0.720202  
0.538947  0.720281  
0.456486  0.776949  
0.456525  0.77699  
0.456509  0.77697  
0.456511  0.776962  
0.456538  0.777018  
0.456486  0.776949  
0.456525  0.77699  
0.456511  0.776962  
0.339927  0.787302  
0.339926  0.787283  
0.33993  0.787298  
0.339911  0.787281  
0.339913  0.787302  
0.33992  0.787268  
0.339875  0.787235  
0.339881  0.787255  
0.339906  0.787283  
0.339877  0.787223  
0.339907  0.787277  
0.339907  0.787277  
0.339881  0.787255  
0.339924  0.787278  
0.339875  0.787235  
0.339905  0.787272  
0.339902  0.787262  
0.339877  0.787223  
0.339906  0.787283  
0.295744  0.896781  
0.295753  0.896792  
0.295753  0.896792  
0.295744  0.896781  
0.29574  0.896773  
0.29574  0.896773  
0.174549  0.899958  
0.17455  0.899951  
0.174551  0.899956  
0.174552  0.899953  
0.174551  0.899951  
0.174549  0.899964  
0.174551  0.899951  
0.174553  0.899961  
0.174552  0.899953  
0.174551  0.899951  
0.174551  0.899952  
0.174555  0.899964  
0.174552  0.899957  
0.174549  0.899958  
0.174551  0.899951  
0.174547  0.899957  
0.174547  0.899957  
0.174551  0.899956  
0.17455  0.899951  
0.174545  0.899958  
0.12556  1.00305  
0.125563  1.00303  
0.125561  1.00305  
0.125571  1.00306  
0.125571  1.00306  
0.12556  1.00305  
0.125563  1.00303  
0.125557  1.00308  
0.0541038  1.07393  
0.0541053  1.07393  
0.0541224  1.07394  
0.0541222  1.07393  
0.0541038  1.07393  
0.0541044  1.07393  
0.0541163  1.07393  
0.0541222  1.07393  
0.0541132  1.07393  
0.0541132  1.07393  
0.0541057  1.07393  
0.0541053  1.07393  
0.0538111  1.07488  
9.78162e-007  1.16835  
9.78162e-007  1.16835  
9.78162e-007  1.16835  
9.78162e-007  1.16835  
9.78162e-007  1.16835  
9.78162e-007  1.16835  
9.78162e-007  1.16835  
9.78162e-007  1.16835  
9.78162e-007  1.16835  
