1.46088  0.826098  9.57333e-005  
3.35228  0.000694803  0.000219896  
0.00319339  1.07328  0.000259766  
3.35228  0.000694803  0.000219896  
0.714769  0.734693  0.0110261  
0.00319339  1.07328  0.000259766  
3.35228  0.000694803  0.000219896  
0.902657  0.44547  0.00522508  
0.0070441  0.99979  0.0234105  
0.00319339  1.07328  0.000259766  
3.35228  0.000694803  0.000219896  
0.954031  0.307107  0.0231138  
0.708587  0.712706  0.0179425  
0.00649624  0.999739  0.024501  
0.00241606  1.07209  0.000314339  
3.35228  0.000694803  0.000219896  
0.973611  0.238175  0.0136131  
0.86933  0.500964  0.0406399  
0.551359  0.834863  0.0393984  
0.00649624  0.999739  0.024501  
0.00241606  1.07209  0.000314339  
3.35228  0.000694803  0.000219896  
0.983254  0.1879  0.0110655  
0.895091  0.44905  0.0409543  
0.705685  0.712273  0.0487188  
0.00867998  0.998813  0.0515974  
0.00649624  0.999739  0.024501  
0.00241606  1.07209  0.000314339  
3.35228  0.000694803  0.000219896  
0.987813  0.1635  0.00817006  
0.929437  0.37234  0.043607  
0.866708  0.49618  0.0621567  
0.600159  0.801619  0.0600351  
0.0115173  0.998693  0.0529829  
0.00538322  0.999669  0.026703  
0.00241606  1.07209  0.000314339  
3.35228  0.000694803  0.000219896  
0.991139  0.140781  0.0242838  
0.953414  0.309723  0.040217  
0.866708  0.49618  0.0621567  
0.706379  0.710928  0.0771653  
0.51079  0.860152  0.0175864  
0.00677299  0.998562  0.0547312  
0.00538322  0.999669  0.026703  
0.00229836  1.07099  0.000420856  
3.30596  5.2396e-005  0.000432435  
0.993086  0.122031  0.0231833  
0.964438  0.272353  0.0533904  
0.895588  0.447565  0.0746873  
0.863339  0.499316  0.0938853  
0.626797  0.783061  0.0484934  
0.0105039  0.996543  0.0849046  
0.00413633  0.998527  0.0560627  
0.00538322  0.999669  0.026703  
0.0020758  1.07775  0.000456259  
3.30596  5.2396e-005  0.000432435  
0.994648  0.105072  0.0261619  
0.972781  0.242175  0.057087  
0.919483  0.393101  0.0807394  
0.863339  0.499316  0.0938853  
0.706061  0.707188  0.0812429  
0.553296  0.831202  0.0865176  
0.0128417  0.996509  0.0868486  
0.00654613  0.998502  0.0577289  
0.00448556  0.999593  0.0291175  
0.00162131  1.08054  0.000536368  
3.30596  5.2396e-005  0.000432435  
0.995581  0.0968116  0.0163768  
0.976084  0.215199  0.0516754  
0.936552  0.349644  0.0506272  
0.866033  0.494698  0.0978188  
0.700377  0.706125  0.128397  
0.640331  0.767421  0.0930753  
0.500683  0.863411  0.101553  
0.0123143  0.996176  0.0891436  
0.00463556  0.998253  0.0595452  
0.00448556  0.999593  0.0291175  
0.00162131  1.08054  0.000536368  
3.30596  5.2396e-005  0.000432435  
0.996865  0.0836719  0.0194606  
0.980712  0.195039  0.0446713  
0.947499  0.313186  0.0856321  
0.893646  0.446266  0.0934447  
0.862064  0.496895  0.13064  
0.699459  0.705255  0.130779  
0.579382  0.814556  0.0987027  
0.00626556  0.992804  0.121805  
0.0107086  0.995824  0.0927655  
0.0139116  0.9982  0.0618468  
0.00342162  0.999581  0.0303576  
0.00162131  1.08054  0.000536368  
3.28568  5.2396e-005  0.000432435  
0.997174  0.077914  0.0227487  
0.983456  0.177683  0.0538588  
0.957925  0.286031  0.0769856  
0.912906  0.404794  0.0952399  
0.859837  0.498854  0.137716  
0.699461  0.703173  0.15541  
0.64144  0.756504  0.142389  
0.525273  0.843242  0.135923  
0.0176997  0.992006  0.127796  
0.0143113  0.995587  0.0949373  
0.0145578  0.99812  0.0638668  
0.00621768  0.999502  0.0322084  
0.00162131  1.08054  0.000536368  
3.27855  0.000246984  0.00032112  
0.997376  0.0713901  0.0248378  
0.98636  0.164338  0.051336  
0.962962  0.260714  0.0955183  
0.926246  0.367361  0.10668  
0.869358  0.482456  0.134148  
0.857707  0.500791  0.170529  
0.700499  0.702295  0.160468  
0.591732  0.796195  0.141937  
0.499003  0.860853  0.116382  
0.0176997  0.992006  0.127796  
0.0103142  0.995179  0.0988128  
0.0145456  0.997968  0.0659822  
0.00621768  0.999502  0.0322084  
0.00131653  1.08346  0.000660594  
3.01833  0.000246984  0.00032112  
0.997824  0.0673579  0.0342376  
0.988493  0.151418  0.038909  
0.96787  0.240754  0.0966663  
0.936676  0.339043  0.103561  
0.890897  0.44398  0.122115  
0.856522  0.499451  0.17546  
0.698433  0.699219  0.190975  
0.654535  0.739553  0.176919  
0.550052  0.823034  0.167199  
0.0132753  0.985916  0.169334  
0.0122241  0.990763  0.13669  
0.00644358  0.994886  0.101917  
0.0113582  0.997768  0.0684279  
0.00270822  0.99948  0.0342624  
0.00131653  1.08346  0.000660594  
3.27855  0.000246984  0.00032112  
0.997898  0.0605109  0.0352214  
0.990143  0.129119  0.0684425  
0.972773  0.220925  0.10342  
0.944167  0.312916  0.134056  
0.905645  0.405712  0.155046  
0.856522  0.499451  0.17546  
0.854908  0.497873  0.203969  
0.698433  0.699219  0.190975  
0.611687  0.787159  0.113315  
0.502658  0.849649  0.181852  
0.0212223  0.98513  0.175052  
0.0106109  0.99055  0.141322  
0.0117519  0.994438  0.106317  
0.0166234  0.997695  0.0704884  
0.00778432  0.999441  0.0345161  
0.00131653  1.08346  0.000660594  
3.01833  0.000246984  0.00032112  
0.997898  0.0605109  0.0352214  
0.990143  0.129119  0.0684425  
0.976624  0.190921  0.108549  
0.952744  0.286956  0.118909  
0.915679  0.378833  0.168464  
0.870662  0.468766  0.176892  
0.851571  0.498067  0.216458  
0.69469  0.695248  0.230496  
0.656966  0.738895  0.214001  
0.567988  0.811884  0.198917  
0.497394  0.850276  0.192884  
0.0228332  0.983908  0.182118  
0.0167509  0.989489  0.145634  
0.0122807  0.994153  0.109665  
0.0136901  0.997483  0.0724576  
0.0087304  0.999375  0.0368723  
0.000929148  1.03216  0.000738768  
3.01833  0.000246984  0.00032112  
0.998178  0.0551325  0.0332268  
0.990939  0.122049  0.0671377  
0.976624  0.190921  0.108549  
0.955792  0.270995  0.135551  
0.925846  0.353057  0.167243  
0.880139  0.439335  0.202107  
0.849692  0.493011  0.221752  
0.838738  0.485126  0.256335  
0.689287  0.691782  0.232568  
0.613332  0.771549  0.227902  
0.528875  0.83487  0.192909  
0.0331454  0.975205  0.224088  
0.0147902  0.982723  0.188757  
0.0153402  0.988925  0.152118  
0.00960886  0.993605  0.114119  
0.0108331  0.997199  0.0767097  
0.00485855  0.999322  0.0383393  
0.00102709  1.03128  0.000512518  
3.01833  0.000246984  0.00032112  
0.998178  0.0551325  0.0332268  
0.990853  0.115728  0.0766899  
0.978132  0.180923  0.11216  
0.958252  0.253285  0.146135  
0.931824  0.32031  0.181582  
0.892466  0.410914  0.209852  
0.84726  0.495383  0.236524  
0.838738  0.485126  0.256335  
0.689335  0.68904  0.261772  
0.647905  0.72311  0.251527  
0.569848  0.787867  0.248697  
0.491912  0.845035  0.218214  
0.0223394  0.973414  0.231405  
0.0193828  0.981613  0.19305  
0.0245544  0.987972  0.157927  
0.00724619  0.993293  0.117434  
0.0104914  0.997013  0.079507  
0.00658126  0.999253  0.0393266  
0.00102709  1.03128  0.000512518  
3.02399  0.000247756  0.000610781  
0.998491  0.049841  0.0339341  
0.991319  0.110017  0.074359  
0.979372  0.166247  0.11958  
0.960726  0.240269  0.156217  
0.934906  0.310443  0.195129  
0.900972  0.377345  0.223846  
0.862501  0.461674  0.240945  
0.838738  0.485126  0.256335  
0.827967  0.479088  0.304206  
0.684303  0.684789  0.277421  
0.61392  0.75681  0.256146  
0.535219  0.815395  0.252926  
0.491912  0.845035  0.218214  
0.0249425  0.970914  0.24168  
0.019477  0.979755  0.203413  
0.0173905  0.986798  0.163711  
0.0101028  0.992561  0.123812  
0.012074  0.996807  0.0829661  
0.00661264  0.999247  0.0404472  
0.000929148  1.03216  0.000738768  
3.02399  0.000247756  0.000610781  
0.998491  0.049841  0.0339341  
0.991923  0.0987612  0.081373  
0.980601  0.16309  0.126481  
0.962935  0.223751  0.159416  
0.937153  0.293281  0.200328  
0.902952  0.362532  0.234913  
0.870623  0.43551  0.265354  
0.832055  0.482807  0.285917  
0.827967  0.479088  0.304206  
0.67669  0.678056  0.288417  
0.648418  0.711311  0.297631  
0.57099  0.772578  0.299299  
0.50259  0.829559  0.287206  
0.0643657  0.959899  0.288971  
0.0273602  0.968597  0.250205  
0.0195924  0.977969  0.211249  
0.00978493  0.985722  0.170364  
0.00858192  0.991943  0.127745  
0.0102785  0.996399  0.0853979  
0.00276237  0.999087  0.0431815  
0.000929148  1.03216  0.000738768  
2.96178  0.000247756  0.000610781  
0.998805  0.0449401  0.045104  
0.991923  0.0987612  0.081373  
0.980814  0.152177  0.132495  
0.964523  0.210102  0.174732  
0.94273  0.261615  0.213511  
0.912238  0.341272  0.24291  
0.881256  0.401436  0.26271  
0.835067  0.477844  0.2981  
0.824458  0.481698  0.324299  
0.665692  0.668562  0.350506  
0.67669  0.678056  0.288417  
0.614687  0.724159  0.32619  
0.532532  0.791746  0.317604  
0.491912  0.845035  0.218214  
0.0527973  0.956062  0.301311  
0.032294  0.966777  0.263755  
0.0179895  0.975433  0.22148  
0.0104414  0.984448  0.177818  
0.0107959  0.991372  0.13511  
0.0157785  0.99602  0.0905511  
0.00355254  0.999097  0.0429387  
0.000665446  1.05726  0.000754465  
3.01833  0.000246984  0.00032112  
0.998805  0.0449401  0.045104  
0.992232  0.0889679  0.0903858  
0.98273  0.144918  0.132062  
0.964999  0.199746  0.173662  
0.94273  0.261615  0.213511  
0.915607  0.311223  0.259949  
0.884422  0.386657  0.276995  
0.843639  0.445193  0.308488  
0.823425  0.461703  0.337456  
0.806693  0.465106  0.376331  
0.661575  0.667939  0.380866  
0.634861  0.694973  0.358717  
0.576263  0.750533  0.357686  
0.512072  0.808295  0.310579  
0.491912  0.845035  0.218214  
0.0448226  0.95097  0.313705  
0.0117283  0.961829  0.274736  
0.0224105  0.97358  0.229997  
0.0127539  0.983411  0.185994  
0.0102422  0.99056  0.141256  
0.0101639  0.995736  0.0931394  
0.00580206  0.999018  0.0459504  
0.000665446  1.05726  0.000754465  
2.96178  0.000247756  0.000610781  
0.998961  0.0367436  0.0457103  
0.992232  0.0889679  0.0903858  
0.982792  0.13995  0.136462  
0.967013  0.188565  0.192659  
0.944027  0.24064  0.236406  
0.918045  0.297538  0.267518  
0.886579  0.358563  0.303783  
0.853044  0.422706  0.338472  
0.811417  0.467106  0.365584  
0.801789  0.460269  0.399962  
0.652323  0.655875  0.4281  
0.661575  0.667939  0.380866  
0.604771  0.715995  0.358913  
0.546302  0.758974  0.38004  
0.479855  0.809097  0.359338  
0.0404552  0.931201  0.372257  
0.0609652  0.946332  0.328692  
0.0368957  0.95867  0.286958  
0.0250432  0.970911  0.241594  
0.0127651  0.98113  0.196215  
0.00460019  0.989383  0.147611  
0.0133509  0.995477  0.0958978  
0.0109101  0.998953  0.0495529  
0.000929148  1.03216  0.000738768  
3.00276  0.000266121  0.000714945  
0.998961  0.0367436  0.0457103  
0.993803  0.085267  0.0897493  
0.981526  0.12597  0.152314  
0.965782  0.182055  0.202214  
0.943314  0.229963  0.247137  
0.918294  0.286641  0.289045  
0.887955  0.343342  0.321479  
0.854188  0.400771  0.335442  
0.816582  0.45834  0.384451  
0.792585  0.450247  0.419765  
0.777142  0.451538  0.450055  
0.649963  0.651905  0.438095  
0.611436  0.679929  0.429746  
0.569474  0.718709  0.418538  
0.516227  0.773704  0.409525  
0.474715  0.804365  0.3918  
0.0698138  0.925737  0.388623  
0.0330776  0.940433  0.3467  
0.0373816  0.955866  0.296263  
0.0236883  0.967827  0.253191  
0.019477  0.979755  0.203413  
0.00545434  0.988166  0.156016  
0.0083711  0.994774  0.103895  
0.00880806  0.998922  0.0515314  
0.000713145  1.09224  0.000406458  
2.96178  0.000247756  0.000610781  
0.998961  0.0367436  0.0457103  
0.992724  0.0708193  0.104666  
0.981526  0.12597  0.152314  
0.963557  0.168178  0.21347  
0.942722  0.219651  0.257996  
0.916246  0.269949  0.303943  
0.891373  0.32596  0.344416  
0.853273  0.37782  0.365996  
0.817088  0.419847  0.40305  
0.789069  0.466573  0.433199  
0.772471  0.453716  0.470041  
0.632842  0.633724  0.463415  
0.633491  0.635785  0.457667  
0.592307  0.690285  0.457031  
0.534107  0.727134  0.445554  
0.480636  0.779154  0.433051  
0.459836  0.782383  0.435749  
0.0196548  0.916518  0.405314  
0.0171181  0.93609  0.358302  
0.0457223  0.950162  0.315242  
0.0297098  0.964797  0.26626  
0.0173896  0.976791  0.216395  
0.0173905  0.986798  0.163711  
0.00976783  0.994411  0.110479  
0.011409  0.998621  0.0542351  
0.000713145  1.09224  0.000406458  
2.96178  0.000247756  0.000610781  
0.998572  0.0351084  0.0562036  
0.992042  0.0680147  0.11678  
0.980985  0.114359  0.166629  
0.963192  0.164818  0.220989  
0.943042  0.197002  0.274367  
0.915533  0.251084  0.317975  
0.886368  0.305972  0.364323  
0.848973  0.350555  0.40026  
0.811127  0.408175  0.422668  
0.776709  0.449946  0.453263  
0.762821  0.431707  0.492411  
0.746462  0.432935  0.514898  
0.610824  0.624249  0.513546  
0.600409  0.644198  0.487813  
0.55296  0.68881  0.481436  
0.510916  0.736551  0.47945  
0.459836  0.782383  0.435749  
0.0468217  0.88649  0.467286  
0.0112011  0.906503  0.426107  
0.017889  0.928812  0.378527  
0.0515859  0.945078  0.333258  
0.0455462  0.961346  0.279939  
0.0275803  0.974646  0.225645  
0.00980457  0.985726  0.170361  
0.0109108  0.993323  0.115936  
0.00864598  0.998377  0.0575523  
0.000713145  1.09224  0.000406458  
2.96178  0.000247756  0.000610781  
0.998572  0.0351084  0.0562036  
0.991525  0.0714122  0.120662  
0.980017  0.105495  0.178429  
0.961807  0.150477  0.23773  
0.939969  0.186282  0.291765  
0.911216  0.248916  0.337088  
0.881534  0.293221  0.384599  
0.849497  0.338311  0.41566  
0.816972  0.384812  0.45277  
0.773889  0.418673  0.482494  
0.746462  0.432935  0.514898  
0.731922  0.430218  0.545035  
0.581208  0.599497  0.564501  
0.605754  0.61024  0.534998  
0.568746  0.655807  0.522537  
0.518627  0.699114  0.524246  
0.477202  0.739133  0.507842  
0.443513  0.761338  0.481347  
0.0490416  0.873729  0.488773  
0.0310719  0.896975  0.446617  
0.0199441  0.918139  0.401333  
0.0495909  0.938947  0.349235  
0.0373816  0.955866  0.296263  
0.0250432  0.970911  0.241594  
0.0107969  0.98393  0.183793  
0.018679  0.992772  0.122019  
0.006727  0.998332  0.0616295  
0.000713145  1.09224  0.000406458  
2.96178  0.000247756  0.000610781  
0.998572  0.0351084  0.0562036  
0.99062  0.0541915  0.130485  
0.976852  0.100925  0.194818  
0.958352  0.137277  0.255044  
0.937311  0.172743  0.308599  
0.91027  0.220508  0.353862  
0.880204  0.264871  0.407204  
0.841038  0.313997  0.451513  
0.803406  0.350165  0.484021  
0.766037  0.403319  0.509577  
0.742147  0.4368  0.542243  
0.721493  0.427245  0.573522  
0.69938  0.410296  0.605391  
0.595434  0.593813  0.581591  
0.572681  0.60588  0.577442  
0.529365  0.647428  0.56832  
0.496655  0.703463  0.556071  
0.449657  0.733549  0.535977  
0.0394317  0.835169  0.553932  
0.0377711  0.860768  0.513319  
0.0468217  0.88649  0.467286  
0.0317888  0.909969  0.424524  
0.0404552  0.931201  0.372257  
0.0457223  0.950162  0.315242  
0.0354697  0.967926  0.254815  
0.0128132  0.981517  0.195909  
0.00591361  0.991532  0.131857  
0.0102115  0.997909  0.065665  
0.000478038  1.18755  0.000987795  
3.00276  0.000266121  0.000714945  
1.00043  0.0341972  0.00529017  
0.989154  0.0664222  0.139089  
0.976852  0.100925  0.194818  
0.956812  0.138437  0.266733  
0.929183  0.178219  0.328271  
0.901954  0.21771  0.384574  
0.871125  0.248793  0.435203  
0.833139  0.298744  0.474463  
0.797974  0.332963  0.510115  
0.753281  0.381582  0.540954  
0.725885  0.41765  0.566123  
0.704429  0.413916  0.602883  
0.686132  0.386638  0.632744  
0.556822  0.563192  0.632987  
0.56701  0.571164  0.61104  
0.525086  0.613482  0.616645  
0.474448  0.655454  0.60479  
0.453135  0.695182  0.587547  
0.429602  0.713162  0.581576  
0.0671629  0.818333  0.581898  
0.101505  0.846856  0.543125  
0.0490416  0.873729  0.488773  
0.0101789  0.895643  0.446836  
0.0305188  0.920098  0.394096  
0.0312488  0.943225  0.334252  
0.0117283  0.961829  0.274736  
0.0375879  0.979005  0.209098  
0.00662737  0.990502  0.140644  
0.00593645  0.997714  0.0694072  
0.000478038  1.18755  0.000987795  
2.96178  0.000247756  0.000610781  
1.00043  0.0341972  0.00529017  
0.988577  0.0536964  0.152119  
0.973014  0.0938758  0.217851  
0.950711  0.137605  0.284766  
0.923585  0.17466  0.355158  
0.894086  0.212248  0.401059  
0.859061  0.248507  0.457709  
0.824012  0.280014  0.507116  
0.784483  0.32131  0.543272  
0.752652  0.358099  0.577473  
0.714343  0.380964  0.597871  
0.686132  0.386638  0.632744  
0.657511  0.385544  0.667499  
0.640193  0.372936  0.68816  
0.542331  0.550859  0.650824  
0.535383  0.570917  0.642822  
0.488268  0.603666  0.643201  
0.458464  0.642725  0.632425  
0.407927  0.688577  0.611681  
0.407927  0.688577  0.611681  
0.138887  0.804978  0.613475  
0.0801776  0.825124  0.570656  
0.0289801  0.856046  0.526578  
0.069664  0.88548  0.473448  
0.0209032  0.913488  0.408814  
0.0228618  0.937567  0.355166  
0.0516113  0.957421  0.294448  
0.0307788  0.975867  0.224738  
0.0111808  0.988818  0.150976  
0.0101869  0.997225  0.0757875  
0.000478038  1.18755  0.000987795  
2.96178  0.000247756  0.000610781  
1.00043  0.0341972  0.00529017  
0.987119  0.0438684  0.160169  
0.969121  0.0937326  0.241083  
0.945598  0.100483  0.314985  
0.912571  0.167334  0.380482  
0.883441  0.192263  0.43174  
0.843054  0.226814  0.493366  
0.807332  0.267226  0.538192  
0.771137  0.285987  0.571876  
0.73446  0.330437  0.610635  
0.695143  0.360894  0.639171  
0.657511  0.385544  0.667499  
0.640193  0.372936  0.68816  
0.615762  0.352699  0.715004  
0.507261  0.508387  0.724263  
0.506277  0.512386  0.707295  
0.475949  0.549338  0.695749  
0.451104  0.592198  0.679779  
0.433037  0.611215  0.686408  
0.399928  0.67081  0.647931  
0.0830271  0.742654  0.67874  
0.0881677  0.772089  0.643144  
0.0779562  0.807555  0.605178  
0.0394317  0.835169  0.553932  
0.00944673  0.868608  0.503849  
0.0101789  0.895643  0.446836  
0.0587668  0.924655  0.385064  
0.0457223  0.950162  0.315242  
0.0250432  0.970911  0.241594  
0.0156077  0.987162  0.164231  
0.00500082  0.996784  0.0823336  
0.000478038  1.18755  0.000987795  
3.02399  0.000247756  0.000610781  
0.995695  0.0335822  0.0932458  
0.983284  0.0621959  0.177185  
0.962418  0.0756622  0.26258  
0.935512  0.127217  0.340283  
0.902361  0.158389  0.40981  
0.869417  0.162793  0.474323  
0.833553  0.223087  0.531095  
0.791791  0.238269  0.567113  
0.749003  0.276877  0.611049  
0.704971  0.306013  0.649392  
0.66759  0.331147  0.677018  
0.637933  0.35938  0.694749  
0.614164  0.347248  0.726639  
0.582023  0.339666  0.743827  
0.562258  0.318137  0.767624  
0.469316  0.489389  0.746418  
0.47907  0.503492  0.742691  
0.439161  0.545573  0.740248  
0.414419  0.55831  0.724285  
0.388969  0.584611  0.717469  
0.375852  0.621963  0.713282  
0.0680505  0.715957  0.7087  
0.0777355  0.744499  0.677589  
0.0481496  0.778338  0.641015  
0.104977  0.816291  0.590038  
0.0525437  0.848291  0.536929  
0.0345784  0.879647  0.479167  
0.0209032  0.913488  0.408814  
0.0333582  0.943184  0.342453  
0.0495551  0.967256  0.259885  
0.0291394  0.985018  0.177227  
0.0116544  0.996491  0.0869185  
0.000478038  1.18755  0.000987795  
2.96178  0.000247756  0.000610781  
0.996087  0.0335822  0.0932458  
0.981041  0.054119  0.193224  
0.957362  0.0847708  0.283682  
0.924641  0.112396  0.370808  
0.889963  0.143525  0.442859  
0.851498  0.178917  0.507848  
0.810581  0.203577  0.563661  
0.770579  0.236545  0.606339  
0.72521  0.249136  0.654428  
0.689103  0.277666  0.679019  
0.648434  0.281082  0.713044  
0.614559  0.327015  0.736833  
0.578816  0.343354  0.75486  
0.553821  0.316511  0.77515  
0.527497  0.301888  0.799632  
0.447825  0.452002  0.795023  
0.462319  0.463444  0.779861  
0.436716  0.483335  0.775177  
0.41221  0.518418  0.77212  
0.383365  0.550066  0.768718  
0.354551  0.579017  0.739543  
0.344198  0.565295  0.771563  
0.106417  0.675346  0.749893  
0.0680505  0.715957  0.7087  
0.0554846  0.750975  0.668529  
0.0960403  0.789804  0.625874  
0.0465394  0.824973  0.569505  
0.047881  0.861819  0.512686  
0.0101789  0.895643  0.446836  
0.0592666  0.932059  0.368526  
0.0481802  0.959426  0.287798  
0.0151893  0.981795  0.195977  
0.0116544  0.996491  0.0869185  
0.000478038  1.18755  0.000987795  
2.96178  0.000247756  0.000610781  
0.996087  0.0335822  0.0932458  
0.978667  0.0315939  0.20649  
0.948526  0.0875502  0.313672  
0.911305  0.100528  0.40397  
0.873917  0.113277  0.481879  
0.826849  0.166789  0.550769  
0.782922  0.180067  0.610443  
0.739608  0.208301  0.653863  
0.692344  0.216533  0.693336  
0.656513  0.249996  0.720276  
0.61461  0.278133  0.745982  
0.573099  0.300787  0.767123  
0.541359  0.3163  0.786609  
0.520683  0.302252  0.806255  
0.497854  0.285057  0.825538  
0.470554  0.269758  0.843319  
0.410834  0.420607  0.833827  
0.404865  0.421178  0.823192  
0.382328  0.450247  0.825029  
0.368969  0.483475  0.82319  
0.347895  0.505397  0.81146  
0.336787  0.524939  0.798437  
0.107792  0.60882  0.811412  
0.0541395  0.642143  0.783361  
0.106417  0.675346  0.749893  
0.0680505  0.715957  0.7087  
0.0554846  0.750975  0.668529  
0.0424311  0.795867  0.619522  
0.0450391  0.833722  0.556824  
0.0547439  0.875115  0.487726  
0.0236617  0.914366  0.407948  
0.0284084  0.950525  0.314459  
0.0244755  0.977393  0.213435  
0.00731944  0.994797  0.103624  
0.000478038  1.18755  0.000987795  
3.05008  0.000115022  0.00100865  
0.996087  0.0335822  0.0932458  
0.969583  0.0482206  0.242352  
0.938641  0.0758999  0.343082  
0.894764  0.0896877  0.442323  
0.850139  0.131403  0.52561  
0.797922  0.146491  0.596927  
0.750972  0.115801  0.654345  
0.702  0.199347  0.701002  
0.653643  0.203052  0.73563  
0.607955  0.222758  0.771061  
0.573583  0.247568  0.79106  
0.528383  0.270274  0.811034  
0.505904  0.283367  0.822589  
0.478341  0.279552  0.836413  
0.457436  0.245557  0.857875  
0.435454  0.260814  0.870998  
0.342198  0.365144  0.874574  
0.359827  0.375153  0.863474  
0.359827  0.375153  0.863474  
0.343398  0.422426  0.860714  
0.323342  0.451913  0.839477  
0.295183  0.470372  0.851159  
0.295183  0.470372  0.851159  
0.0737136  0.555727  0.840005  
0.125064  0.582084  0.827247  
0.057449  0.636394  0.779919  
0.0768475  0.669736  0.75352  
0.0638162  0.7143  0.713387  
0.0549981  0.756186  0.661291  
0.0661923  0.804829  0.59751  
0.0458955  0.853146  0.527279  
0.0101789  0.895643  0.446836  
0.02828  0.938839  0.348391  
0.0258542  0.972051  0.236066  
0.00626556  0.992804  0.121805  
0.000128275  1.47176  0.00138368  
2.98621  9.41104e-005  0.00179878  
1.20043  0.0300054  0.158868  
0.962502  0.0547848  0.274876  
0.920669  0.0802666  0.390623  
0.866375  0.0996823  0.494847  
0.813506  0.114084  0.575731  
0.756382  0.141246  0.650236  
0.702274  0.164077  0.701036  
0.650112  0.145729  0.750176  
0.598098  0.191213  0.784795  
0.564422  0.200531  0.804755  
0.528312  0.223301  0.829938  
0.492342  0.214129  0.849742  
0.460859  0.239872  0.856941  
0.435454  0.260814  0.870998  
0.413138  0.23538  0.884502  
0.392705  0.232994  0.894931  
0.3689  0.213719  0.907735  
0.322924  0.328934  0.907099  
0.317776  0.336783  0.893542  
0.291394  0.362826  0.890185  
0.291394  0.362826  0.890185  
0.270611  0.414767  0.892794  
0.270611  0.414767  0.892794  
0.0586448  0.478432  0.888751  
0.0370389  0.507515  0.868869  
0.0440433  0.543762  0.850055  
0.125064  0.582084  0.827247  
0.134131  0.6157  0.805588  
0.0642042  0.66605  0.763548  
0.0638162  0.7143  0.713387  
0.08932  0.766801  0.653365  
0.0994979  0.822388  0.578176  
0.0404035  0.870909  0.498392  
0.0523654  0.921403  0.393654  
0.0442829  0.964838  0.270098  
0.00865135  0.99056  0.141256  
0.000128275  1.47176  0.00138368  
2.98621  9.41104e-005  0.00179878  
1.19372  0.014562  0.190535  
0.958645  0.046488  0.285379  
0.895011  0.0760939  0.444396  
0.836551  0.0504585  0.550392  
0.770923  0.0960991  0.64163  
0.710431  0.118145  0.705136  
0.650112  0.145729  0.750176  
0.596583  0.151933  0.797709  
0.544334  0.161296  0.833536  
0.510269  0.178126  0.846234  
0.471671  0.16158  0.872651  
0.437443  0.198259  0.881  
0.411644  0.203276  0.895126  
0.386144  0.209767  0.900356  
0.36424  0.219696  0.911516  
0.346083  0.207351  0.920595  
0.327479  0.176707  0.930381  
0.2763  0.275654  0.935927  
0.280267  0.289544  0.924594  
0.25819  0.303795  0.923003  
0.25819  0.303795  0.923003  
0.235994  0.328854  0.921804  
0.235994  0.328854  0.921804  
0.125893  0.393899  0.927355  
0.119165  0.422172  0.915392  
0.0825138  0.445329  0.906369  
0.0586448  0.478432  0.888751  
0.0467168  0.519776  0.867723  
0.0737136  0.555727  0.840005  
0.0934519  0.606653  0.806768  
0.0404319  0.646251  0.773527  
0.0638162  0.7143  0.713387  
0.0646169  0.778215  0.647588  
0.0450391  0.833722  0.556824  
0.0101789  0.895643  0.446836  
0.00424939  0.950771  0.316077  
0.0220496  0.987642  0.163542  
0.000128275  1.47176  0.00138368  
2.98621  9.41104e-005  0.00179878  
1.1828  0.0133719  0.233349  
0.958645  0.046488  0.285379  
0.869321  0.070888  0.497704  
0.782276  0.0834905  0.623707  
0.702216  0.087984  0.711123  
0.632019  0.11624  0.76863  
0.580838  0.0616649  0.813786  
0.533237  0.0689094  0.846688  
0.477878  0.126568  0.873861  
0.444714  0.141944  0.88871  
0.402226  0.123917  0.909923  
0.37836  0.160052  0.914532  
0.350175  0.176838  0.925375  
0.331614  0.175614  0.930127  
0.308984  0.180037  0.936646  
0.294605  0.170328  0.943212  
0.279274  0.160125  0.948538  
0.264244  0.151123  0.953392  
0.250311  0.147763  0.959208  
0.226709  0.24863  0.945616  
0.225605  0.255367  0.949483  
0.215083  0.254484  0.950084  
0.205741  0.28826  0.94556  
0.193622  0.294627  0.949062  
0.185358  0.261544  0.952469  
0.182241  0.364971  0.950386  
0.0518432  0.390603  0.931202  
0.0530229  0.418407  0.922206  
0.0825138  0.445329  0.906369  
0.0735557  0.487829  0.884285  
0.088018  0.529131  0.861585  
0.11014  0.586139  0.822121  
0.114869  0.647306  0.773626  
0.0638162  0.7143  0.713387  
0.0678182  0.780123  0.635729  
0.047881  0.861819  0.512686  
0.0321436  0.9356  0.368102  
0.0151893  0.981795  0.195977  
0.000128275  1.47176  0.00138368  
2.98621  9.41104e-005  0.00179878  
1.16714  0.0275717  0.278652  
0.958645  0.046488  0.285379  
0.836551  0.0504585  0.550392  
0.724205  0.0799251  0.689698  
0.616836  0.0608809  0.786294  
0.548031  0.0830682  0.837851  
0.495691  0.0909574  0.870242  
0.447928  0.0746244  0.894599  
0.398657  0.117667  0.91351  
0.369837  0.078558  0.930678  
0.339411  0.115061  0.935707  
0.310873  0.0748208  0.948211  
0.286918  0.137441  0.952009  
0.264758  0.146078  0.953606  
0.254349  0.14944  0.958334  
0.240184  0.139919  0.961256  
0.22745  0.129774  0.966196  
0.214629  0.116678  0.970716  
0.166854  0.181603  0.970256  
0.182041  0.187043  0.967689  
0.182041  0.187043  0.967689  
0.173555  0.202452  0.967869  
0.16845  0.228063  0.96451  
0.155935  0.237605  0.968216  
0.155137  0.218634  0.972249  
0.150102  0.27905  0.971755  
0.144078  0.297657  0.972259  
0.130108  0.267889  0.97952  
0.13243  0.335421  0.956444  
0.115907  0.379665  0.954009  
0.0561298  0.405612  0.927298  
0.0825138  0.445329  0.906369  
0.0752071  0.50085  0.883307  
0.0917483  0.555727  0.840005  
0.057449  0.636394  0.779919  
0.0638162  0.7143  0.713387  
0.0605284  0.810032  0.595139  
0.0101789  0.895643  0.446836  
0.0243003  0.972933  0.234676  
0.000161297  1.47434  0.00169112  
2.98621  9.41104e-005  0.00179878  
1.16104  0.0183275  0.382619  
0.956165  0.00948526  0.634791  
0.772351  0.0242482  0.774949  
0.580838  0.0616649  0.813786  
0.485054  0.070062  0.877015  
0.447928  0.0746244  0.894599  
0.39011  0.0710185  0.92281  
0.348911  0.0708076  0.939916  
0.310873  0.0748208  0.948211  
0.287884  0.0780305  0.957022  
0.263033  0.0858829  0.966243  
0.235242  0.0536586  0.971274  
0.217556  0.0952175  0.972499  
0.206132  0.105357  0.973502  
0.195498  0.102069  0.976282  
0.183753  0.100699  0.979537  
0.168544  0.088971  0.981887  
0.163167  0.0861526  0.983678  
0.153591  0.0937293  0.98691  
0.148271  0.0947816  0.986853  
0.140788  0.0749233  0.988071  
0.133923  0.0740928  0.988856  
0.125696  0.141717  0.989675  
0.121956  0.14927  0.989928  
0.114285  0.146735  0.990819  
0.114285  0.146735  0.990819  
0.104971  0.174939  0.992237  
0.104971  0.174939  0.992237  
0.0991605  0.22812  0.99259  
0.0991605  0.22812  0.99259  
0.095457  0.231909  0.993188  
0.0927198  0.220191  0.993582  
0.0896499  0.225601  0.994058  
0.0518432  0.390603  0.931202  
0.0527306  0.453239  0.903229  
0.0467168  0.519776  0.867723  
0.0389425  0.617182  0.808264  
0.0543848  0.729228  0.711389  
0.0286742  0.859604  0.543403  
0.00424939  0.950771  0.316744  
0.000161297  1.47434  0.00169112  
2.98621  9.41104e-005  0.00179878  
1.07403  0.0164054  0.535322  
0.772351  0.0242482  0.774949  
0.586536  0.0230966  0.876252  
0.395901  0.0485824  0.919564  
0.375793  0.0500057  0.952603  
0.322023  0.00540565  0.965967  
0.247  0.0553554  0.969757  
0.235242  0.0536586  0.971274  
0.205722  0.0479263  0.978582  
0.194845  0.04653  0.981546  
0.174165  0.0524153  0.98532  
0.150606  0.0659501  0.989815  
0.150606  0.0659501  0.989815  
0.122556  0.0703967  0.990831  
0.122556  0.0703967  0.990831  
0.122556  0.0703967  0.990831  
0.116165  0.0726226  0.992281  
0.107702  0.069108  0.993475  
0.104074  0.0581085  0.993531  
0.0994171  0.0592353  0.993651  
0.0945794  0.0557067  0.994892  
0.0877706  0.0930287  0.995375  
0.0858587  0.0518697  0.995401  
0.0793784  0.0853292  0.995933  
0.0793784  0.0853292  0.995933  
0.0727538  0.0800822  0.996346  
0.0727538  0.0800822  0.996346  
0.068504  0.0876383  0.996658  
0.068504  0.0876383  0.996658  
0.0665603  0.118163  0.996891  
0.0640711  0.162948  0.997033  
0.0614889  0.171161  0.997055  
0.0600994  0.167805  0.997156  
0.058107  0.0765425  0.997566  
0.0565899  0.144337  0.997605  
0.0551784  0.0568952  0.998003  
0.0516864  0.389439  0.934449  
0.0240569  0.430137  0.913039  
0.0336567  0.604378  0.832515  
0.0312141  0.740197  0.704653  
0.0184429  0.895055  0.448073  
0.000161297  1.47434  0.00169112  
2.77385  8.51438e-005  0.0112988  
0.775726  0.00734609  0.782892  
0.438638  0.0114019  0.933207  
0.322023  0.00540565  0.965967  
0.242593  0.0172037  0.985536  
0.150014  0.0215963  0.99547  
0.150014  0.0215963  0.99547  
0.119094  0.0268743  0.996661  
0.122786  0.028274  0.996052  
0.103081  0.0241038  0.998212  
0.0538012  0.0286273  0.998479  
0.0592215  0.0303107  0.998114  
0.0619918  0.0312719  0.998092  
0.0619918  0.0312719  0.998092  
0.0619918  0.0312719  0.998092  
0.0619918  0.0312719  0.998092  
0.0619918  0.0312719  0.998092  
0.0553516  0.0345712  0.998174  
0.0553516  0.0345712  0.998174  
0.0496425  0.0333255  0.998615  
0.0496425  0.0333255  0.998615  
0.0453255  0.0263972  0.998903  
0.0453255  0.0263972  0.998903  
0.0404786  0.0411237  0.999046  
0.0404786  0.0411237  0.999046  
0.0374867  0.040824  0.999079  
0.0374867  0.040824  0.999079  
0.0356465  0.0433141  0.999128  
0.0356465  0.0433141  0.999128  
0.0340037  0.0552748  0.99929  
0.0322194  0.0606979  0.999323  
0.0322194  0.0606979  0.999323  
0.03062  0.0518801  0.999396  
0.0210232  0.0528504  0.999664  
0.0210232  0.0528504  0.999664  
0.0266178  0.0298627  0.999512  
0.0266178  0.0298627  0.999512  
0.0266178  0.0298627  0.999512  
0.0210232  0.0528504  0.999664  
0.0227525  0.0528504  0.999664  
0.0227525  0.0528504  0.999664  
0.0227525  0.0528504  0.999664  
0.0180066  0.75636  0.71471  
0.000161297  1.47434  0.00169112  
0.0338228  7.77209e-005  1.00187  
0.00729639  0.000120023  1.0004  
0.00721235  7.06447e-005  1.00041  
0.00729639  0.000120023  1.0004  
0.00729639  0.000120023  1.0004  
0.00721235  7.06447e-005  1.00041  
0.00721235  7.06447e-005  1.00041  
0.00721235  7.06447e-005  1.00041  
0.00721235  7.06447e-005  1.00041  
0.00729639  0.000120023  1.0004  
0.00721235  7.06447e-005  1.00041  
0.00729639  0.000120023  1.0004  
0.00729639  0.000120023  1.0004  
0.00721235  7.06447e-005  1.00041  
0.00721235  7.06447e-005  1.00041  
0.00721235  7.06447e-005  1.00041  
0.00714242  0.000168634  1.00041  
0.00695855  0.00129613  1.0004  
0.00714242  0.000168634  1.00041  
0.00695855  0.00129613  1.0004  
0.00695855  0.00129613  1.0004  
0.00695855  0.00129613  1.0004  
0.00695855  0.00129613  1.0004  
0.00714242  0.000168634  1.00041  
0.00695855  0.00129613  1.0004  
0.00695855  0.00129613  1.0004  
0.00695855  0.00129613  1.0004  
0.0069643  0.00140425  1.00039  
0.00714242  0.000168634  1.00041  
0.00695855  0.00129613  1.0004  
0.0069643  0.00140425  1.00039  
0.00695855  0.00129613  1.0004  
0.0069643  0.00140425  1.00039  
0.0069643  0.00140425  1.00039  
0.00755422  0.00178948  1.00038  
0.0069643  0.00140425  1.00039  
0.0069643  0.00140425  1.00039  
0.00511801  0.0378356  1.00094  
0.00511801  0.0378356  1.00094  
0.00511801  0.0378356  1.00094  
0.00414992  0.0435902  1.00138  
0.00414992  0.0435902  1.00138  
0.00317727  0.0831129  1.00472  
0.00317727  0.0831129  1.00472  
0.000161297  1.47434  0.00169112  
