1.54931  0.224402  
1.54931  0.224402  
1.54931  0.224402  
1.54931  0.224402  
1.54931  0.224402  
1.54931  0.224402  
1.54931  0.224402  
1.54931  0.224402  
1.54931  0.224402  
1.54931  0.224402  
1.3835  0.224481  
1.3835  0.224481  
1.15017  0.224505  
1.15017  0.224505  
1.0304  0.224724  
1.01161  0.224856  
0.904402  0.224898  
0.808032  0.224954  
0.808032  0.224954  
0.801108  0.224981  
0.700979  0.225219  
0.700979  0.225219  
0.700979  0.225219  
0.612588  0.225275  
0.612588  0.225275  
0.612588  0.225275  
0.588394  0.225477  
0.564159  0.225582  
0.564159  0.225582  
0.551414  0.226841  
0.551414  0.226841  
0.547151  0.228314  
0.547151  0.228314  
0.545274  0.229833  
0.546056  0.231067  
0.540121  0.231712  
0.53861  0.232902  
0.537374  0.233798  
0.534201  0.234175  
0.533719  0.235408  
0.53335  0.236185  
0.528229  0.237569  
0.528229  0.237569  
0.526584  0.239174  
0.523429  0.240042  
0.522462  0.240655  
0.519373  0.241987  
0.518064  0.242017  
0.516614  0.242917  
0.51333  0.243689  
0.512985  0.245195  
0.510051  0.245744  
0.509747  0.246628  
0.507052  0.247703  
0.504334  0.248719  
0.501439  0.249608  
0.500876  0.249994  
0.500388  0.251169  
0.499449  0.251957  
0.498181  0.25263  
0.496987  0.25373  
0.49629  0.254163  
0.495664  0.255131  
0.494553  0.255786  
0.493  0.257378  
0.492572  0.257612  
0.492137  0.258925  
0.490607  0.260015  
0.48937  0.261056  
0.488805  0.261801  
0.487387  0.263042  
0.486557  0.263924  
0.485475  0.264974  
0.484991  0.265437  
0.484118  0.266531  
0.483158  0.267389  
0.482343  0.268213  
0.481804  0.269446  
0.48038  0.270456  
0.479348  0.27128  
0.478446  0.272217  
0.478118  0.27285  
0.476614  0.274035  
0.476099  0.274897  
0.475195  0.275568  
0.474448  0.276754  
0.473209  0.277783  
0.472375  0.278641  
0.471451  0.279739  
0.470872  0.280437  
0.470289  0.281663  
0.468933  0.282282  
0.468375  0.283541  
0.467228  0.284199  
0.466663  0.285368  
0.465516  0.285882  
0.464927  0.287214  
0.463635  0.287925  
0.463074  0.28885  
0.462013  0.289621  
0.461041  0.290707  
0.459992  0.291935  
0.459778  0.292023  
0.4583  0.293692  
0.457507  0.294415  
0.45683  0.295221  
0.456097  0.296344  
0.455179  0.297461  
0.4539  0.29844  
0.453191  0.299251  
0.452582  0.300361  
0.451357  0.301237  
0.450343  0.302199  
0.44965  0.303018  
0.448901  0.303814  
0.448371  0.30486  
0.446932  0.305977  
0.446623  0.306863  
0.445521  0.307755  
0.444596  0.308744  
0.443887  0.309566  
0.44322  0.310461  
0.4422  0.311569  
0.44125  0.31254  
0.440442  0.313437  
0.439464  0.314299  
0.438531  0.315426  
0.437877  0.316293  
0.437301  0.316858  
0.436261  0.318206  
0.435435  0.318931  
0.434595  0.320052  
0.433534  0.321054  
0.432858  0.321751  
0.432194  0.322969  
0.430956  0.323932  
0.430495  0.32446  
0.429164  0.325898  
0.428481  0.326846  
0.427606  0.327802  
0.426775  0.328678  
0.426207  0.3297  
0.425302  0.330655  
0.42438  0.331541  
0.423973  0.332243  
0.42285  0.333428  
0.42188  0.334413  
0.420918  0.335478  
0.42025  0.336233  
0.419327  0.337356  
0.418459  0.33834  
0.417936  0.338967  
0.417128  0.340043  
0.41612  0.341277  
0.415477  0.342111  
0.414482  0.34336  
0.413574  0.34414  
0.413039  0.345214  
0.411985  0.346111  
0.411146  0.347034  
0.41022  0.348073  
0.40941  0.349055  
0.408672  0.350008  
0.407798  0.350966  
0.406971  0.352055  
0.406109  0.35283  
0.405181  0.354031  
0.404562  0.35478  
0.403951  0.355364  
0.403057  0.356924  
0.401969  0.357897  
0.40133  0.358705  
0.400404  0.359779  
0.399593  0.36064  
0.398924  0.361625  
0.398176  0.362513  
0.397207  0.363603  
0.396461  0.364567  
0.395525  0.365755  
0.394887  0.366449  
0.393737  0.367797  
0.392999  0.368787  
0.39226  0.369677  
0.391169  0.370751  
0.390517  0.371572  
0.389913  0.37245  
0.38881  0.373725  
0.388111  0.374718  
0.387283  0.375704  
0.386605  0.376684  
0.385687  0.377636  
0.384868  0.378603  
0.384047  0.379512  
0.383235  0.380689  
0.382413  0.381603  
0.381819  0.382455  
0.38071  0.383688  
0.380188  0.384687  
0.379164  0.385557  
0.378137  0.386792  
0.377525  0.387766  
0.376545  0.388859  
0.375976  0.389684  
0.375204  0.390947  
0.374297  0.391753  
0.37338  0.392784  
0.372742  0.394047  
0.37182  0.394834  
0.370966  0.395961  
0.370019  0.397125  
0.369513  0.397873  
0.36855  0.399001  
0.367885  0.400044  
0.367231  0.401162  
0.366241  0.401878  
0.365237  0.403083  
0.364807  0.403552  
0.36377  0.405067  
0.363165  0.406129  
0.36237  0.407007  
0.361309  0.408316  
0.360439  0.409313  
0.359634  0.410318  
0.358686  0.411454  
0.35816  0.412428  
0.357115  0.413535  
0.356588  0.414525  
0.355719  0.415586  
0.355048  0.416635  
0.353862  0.417703  
0.353159  0.418687  
0.35242  0.419594  
0.351501  0.420694  
0.350774  0.42166  
0.349928  0.422737  
0.349041  0.424117  
0.348099  0.425097  
0.347563  0.425858  
0.34672  0.427048  
0.34586  0.42815  
0.34503  0.429224  
0.344306  0.430238  
0.343563  0.43113  
0.342682  0.432254  
0.341778  0.433554  
0.341277  0.434386  
0.34038  0.435556  
0.339548  0.436372  
0.33869  0.437631  
0.337881  0.438794  
0.336993  0.439829  
0.336255  0.44078  
0.335527  0.441835  
0.334543  0.443004  
0.333762  0.444079  
0.33299  0.445367  
0.332378  0.446027  
0.331316  0.447416  
0.33053  0.448433  
0.329875  0.449754  
0.328748  0.450874  
0.327882  0.45188  
0.327091  0.453001  
0.32646  0.453851  
0.325458  0.455163  
0.324774  0.456208  
0.323884  0.457298  
0.323217  0.458358  
0.32231  0.459535  
0.321467  0.460561  
0.320659  0.461872  
0.319809  0.462878  
0.318933  0.463992  
0.318292  0.465173  
0.317493  0.466041  
0.316633  0.467417  
0.315679  0.468449  
0.314807  0.469579  
0.314285  0.470457  
0.31333  0.471633  
0.312589  0.472815  
0.311562  0.474134  
0.310865  0.475138  
0.310076  0.476153  
0.309248  0.477408  
0.308608  0.478408  
0.307879  0.479357  
0.306869  0.4806  
0.306097  0.481995  
0.305101  0.483008  
0.304293  0.484314  
0.303242  0.485582  
0.302955  0.486193  
0.30186  0.487615  
0.301123  0.488854  
0.30002  0.490095  
0.299378  0.490969  
0.298539  0.492168  
0.297947  0.493237  
0.29706  0.494248  
0.296355  0.495483  
0.295435  0.496479  
0.294505  0.498089  
0.293857  0.499104  
0.292789  0.500302  
0.291855  0.501649  
0.291093  0.502702  
0.290316  0.503767  
0.289447  0.50513  
0.288645  0.506177  
0.287798  0.507256  
0.287094  0.508405  
0.286312  0.509698  
0.285361  0.510958  
0.284553  0.511993  
0.283833  0.513239  
0.282849  0.514453  
0.281977  0.515745  
0.281209  0.516836  
0.280369  0.518106  
0.279781  0.518878  
0.278924  0.520431  
0.277991  0.521645  
0.276996  0.522799  
0.276164  0.524218  
0.275391  0.52526  
0.274569  0.526407  
0.273931  0.527657  
0.272855  0.529083  
0.272112  0.530261  
0.271268  0.531285  
0.270518  0.532363  
0.269454  0.533912  
0.268657  0.535086  
0.267888  0.536159  
0.266899  0.537575  
0.266216  0.538693  
0.265524  0.540075  
0.264671  0.541261  
0.263691  0.542367  
0.262863  0.543645  
0.261933  0.544914  
0.26119  0.546081  
0.260311  0.547428  
0.259466  0.548646  
0.25854  0.550018  
0.257917  0.551086  
0.2569  0.552439  
0.256187  0.553621  
0.255334  0.554991  
0.254463  0.556137  
0.253671  0.557268  
0.252785  0.558673  
0.251889  0.560164  
0.250946  0.561234  
0.250261  0.562612  
0.249175  0.563954  
0.248342  0.565068  
0.247621  0.566336  
0.246783  0.567513  
0.245884  0.569141  
0.245236  0.570092  
0.244256  0.571315  
0.24323  0.572894  
0.242557  0.57419  
0.241755  0.575375  
0.240657  0.576868  
0.239942  0.578039  
0.239034  0.579346  
0.238072  0.580771  
0.237193  0.582018  
0.236413  0.583419  
0.235494  0.584747  
0.234778  0.586065  
0.233755  0.58755  
0.232803  0.588732  
0.232036  0.589876  
0.231212  0.591295  
0.230344  0.592563  
0.229428  0.593971  
0.228699  0.595145  
0.227674  0.596717  
0.226821  0.598161  
0.225832  0.599498  
0.225087  0.600682  
0.224272  0.60201  
0.223288  0.603396  
0.222373  0.604878  
0.221716  0.606036  
0.220502  0.60773  
0.219774  0.608845  
0.218856  0.610316  
0.218124  0.611645  
0.217022  0.613101  
0.2162  0.614495  
0.215419  0.615736  
0.21449  0.617189  
0.213754  0.618718  
0.21264  0.620046  
0.211849  0.621395  
0.211088  0.622757  
0.210081  0.62424  
0.209149  0.625846  
0.208316  0.627128  
0.20739  0.628466  
0.206404  0.630011  
0.205581  0.631375  
0.204744  0.632823  
0.203912  0.634213  
0.203104  0.635468  
0.20208  0.636959  
0.201142  0.638547  
0.200282  0.639916  
0.19948  0.641264  
0.198555  0.642813  
0.197346  0.644444  
0.196556  0.64577  
0.195734  0.647045  
0.19495  0.648611  
0.194013  0.649743  
0.19291  0.651514  
0.19217  0.652824  
0.19113  0.65454  
0.190302  0.655818  
0.189301  0.657508  
0.188335  0.65897  
0.187618  0.660372  
0.186594  0.661914  
0.18573  0.663348  
0.184717  0.664825  
0.183784  0.666385  
0.182994  0.667949  
0.182044  0.669385  
0.181101  0.670842  
0.180071  0.672473  
0.179156  0.673859  
0.178215  0.675509  
0.177347  0.677073  
0.17641  0.678457  
0.175454  0.680178  
0.174595  0.681496  
0.173704  0.68336  
0.172442  0.68509  
0.171595  0.686487  
0.170748  0.687848  
0.169701  0.689415  
0.168811  0.691029  
0.167861  0.692866  
0.166942  0.694144  
0.166079  0.695638  
0.165059  0.697574  
0.164015  0.699095  
0.163174  0.700427  
0.162191  0.702177  
0.161295  0.703546  
0.160241  0.705761  
0.159455  0.707067  
0.158368  0.708546  
0.157374  0.71024  
0.156566  0.711838  
0.155576  0.713229  
0.154582  0.715052  
0.153579  0.716771  
0.152712  0.718226  
0.15173  0.719789  
0.150576  0.721718  
0.149792  0.723213  
0.148705  0.724976  
0.147825  0.726688  
0.146899  0.728289  
0.145863  0.729946  
0.144848  0.731816  
0.143842  0.733328  
0.142836  0.735215  
0.141794  0.736636  
0.140831  0.738432  
0.139962  0.740072  
0.138793  0.741964  
0.137903  0.743699  
0.136904  0.745378  
0.135934  0.746972  
0.134962  0.748653  
0.13387  0.750471  
0.132934  0.751918  
0.131899  0.753835  
0.131003  0.755548  
0.129814  0.757574  
0.128953  0.759093  
0.12789  0.761064  
0.126834  0.762887  
0.125845  0.764526  
0.124742  0.766303  
0.123923  0.767972  
0.122773  0.769724  
0.121713  0.771628  
0.120772  0.77354  
0.119702  0.775048  
0.1187  0.777248  
0.117665  0.779037  
0.11649  0.781023  
0.115502  0.782418  
0.114555  0.784127  
0.113373  0.786198  
0.112403  0.787919  
0.111414  0.789946  
0.110411  0.791701  
0.109436  0.79338  
0.108284  0.7956  
0.107097  0.797612  
0.106142  0.799258  
0.105136  0.801297  
0.104064  0.803061  
0.103033  0.805021  
0.101872  0.807121  
0.10077  0.809086  
0.0998266  0.810708  
0.098751  0.812559  
0.0976265  0.814478  
0.0964347  0.816629  
0.0954973  0.818275  
0.0943613  0.820566  
0.0932202  0.82267  
0.0922497  0.824582  
0.0911335  0.82614  
0.0900313  0.828219  
0.0889729  0.830138  
0.0879585  0.83194  
0.0868219  0.834382  
0.0856949  0.836298  
0.0846071  0.838155  
0.0835324  0.840235  
0.0824219  0.842115  
0.0812496  0.844192  
0.0801528  0.846288  
0.0790145  0.848472  
0.0779608  0.85027  
0.0768098  0.852612  
0.0756442  0.854621  
0.0746215  0.856799  
0.073421  0.858791  
0.0723499  0.860797  
0.0711927  0.862992  
0.0700374  0.865002  
0.0689421  0.867082  
0.0677255  0.869343  
0.0666278  0.871408  
0.0654255  0.873613  
0.0642462  0.875767  
0.0631819  0.877867  
0.0620563  0.879966  
0.0609001  0.882315  
0.0596945  0.884552  
0.0585171  0.886606  
0.0573745  0.888702  
0.0562316  0.890854  
0.0550303  0.893171  
0.0537939  0.895409  
0.0525526  0.89776  
0.0514505  0.899867  
0.0502702  0.902085  
0.0490383  0.904406  
0.0479675  0.906574  
0.0467316  0.908941  
0.0454982  0.911279  
0.0442512  0.913607  
0.0430697  0.915859  
0.0419333  0.918076  
0.0406523  0.920539  
0.0395172  0.922686  
0.0382051  0.925126  
0.036996  0.927508  
0.0357468  0.929936  
0.0346298  0.932059  
0.0333059  0.934567  
0.0321244  0.936844  
0.0308492  0.939322  
0.0296847  0.941798  
0.0284333  0.944152  
0.0271127  0.946644  
0.0259042  0.948946  
0.024664  0.951523  
0.0233926  0.954007  
0.0220615  0.9565  
0.0208183  0.958926  
0.0195929  0.961397  
0.0182371  0.964036  
0.0170403  0.966622  
0.0157218  0.969114  
0.0143059  0.971719  
0.0131581  0.974196  
0.0118725  0.976864  
0.0105772  0.979295  
0.0092551  0.981945  
0.00786631  0.984594  
0.00656201  0.987549  
0.00517726  0.990089  
0.00392201  0.992844  
0.00265419  0.995481  
0.0012966  0.998058  
4.05161e-005  1.00145  
