1  9.46354e-013  
1  9.46354e-013  
1  9.46354e-013  
1  9.46354e-013  
1  9.46354e-013  
1  9.46354e-013  
1  9.46354e-013  
1  9.46354e-013  
1  9.46354e-013  
1  9.46354e-013  
1  9.46354e-013  
1  9.46354e-013  
1  9.46354e-013  
1  9.46354e-013  
1  9.46354e-013  
1  9.46354e-013  
1  9.46354e-013  
1  9.46354e-013  
1  9.46354e-013  
1  9.46354e-013  
1  9.46354e-013  
1  9.46354e-013  
1  9.46354e-013  
1  9.46354e-013  
1  9.46354e-013  
1  9.46354e-013  
1  9.46354e-013  
1  9.46354e-013  
1  9.46354e-013  
0.950126  0.0501191  
0.950126  0.0501191  
0.950126  0.0501193  
0.950126  0.0501191  
0.950126  0.0501191  
0.950126  0.0501194  
0.950126  0.0501193  
0.950126  0.0501194  
0.950126  0.0501194  
0.950126  0.0501193  
0.950126  0.0501191  
0.950126  0.0501194  
0.950126  0.0501193  
0.950126  0.0501191  
0.950126  0.0501193  
0.950126  0.0501191  
0.950126  0.0501191  
0.950126  0.0501191  
0.950126  0.0501191  
0.950126  0.0501191  
0.950126  0.0501193  
0.950126  0.0501193  
0.950126  0.0501191  
0.950126  0.0501194  
0.950126  0.0501193  
0.950126  0.0501337  
0.950126  0.0501194  
0.950126  0.0501191  
0.950126  0.0501191  
0.900148  0.10014  
0.900148  0.10014  
0.900148  0.10014  
0.900148  0.100149  
0.900148  0.10014  
0.900148  0.100149  
0.900148  0.100149  
0.900148  0.100146  
0.900148  0.100146  
0.900148  0.100149  
0.900148  0.10014  
0.900148  0.100146  
0.900148  0.100146  
0.900148  0.100146  
0.900148  0.100149  
0.900148  0.100149  
0.900148  0.100149  
0.900148  0.100146  
0.900148  0.10014  
0.900148  0.100149  
0.900148  0.100149  
0.900148  0.10014  
0.900148  0.10014  
0.900148  0.10014  
0.900148  0.10014  
0.900148  0.10014  
0.900148  0.100149  
0.900148  0.10014  
0.85017  0.150164  
0.850151  0.150158  
0.85017  0.150164  
0.85017  0.150164  
0.850156  0.150165  
0.850156  0.150165  
0.85017  0.15018  
0.850156  0.150165  
0.85017  0.15018  
0.85017  0.15018  
0.85017  0.15018  
0.85017  0.15018  
0.850156  0.150165  
0.850151  0.150158  
0.850151  0.150158  
0.85017  0.15018  
0.85017  0.15018  
0.85017  0.15018  
0.850151  0.150158  
0.850151  0.150158  
0.850156  0.150165  
0.850156  0.150165  
0.85017  0.15018  
0.850151  0.150158  
0.85017  0.15018  
0.85017  0.15018  
0.85017  0.15018  
0.85017  0.15018  
0.85017  0.15018  
0.800178  0.200168  
0.800178  0.200168  
0.800178  0.200168  
0.800178  0.200168  
0.800178  0.200168  
0.800177  0.200189  
0.800177  0.200189  
0.800177  0.200178  
0.800177  0.200189  
0.800176  0.200167  
0.800177  0.200171  
0.800176  0.200167  
0.800177  0.200189  
0.800177  0.200189  
0.800177  0.200189  
0.800176  0.200167  
0.800177  0.200189  
0.800177  0.200189  
0.800176  0.200167  
0.800177  0.200171  
0.800177  0.200178  
0.800177  0.200189  
0.800177  0.200171  
0.800177  0.200178  
0.800176  0.200167  
0.800177  0.200189  
0.800176  0.200167  
0.800177  0.200178  
0.750229  0.25022  
0.750222  0.250224  
0.750228  0.250232  
0.750229  0.25022  
0.750222  0.250224  
0.750228  0.250226  
0.750229  0.25022  
0.750228  0.250226  
0.750222  0.250224  
0.750222  0.250224  
0.750227  0.250232  
0.750225  0.250232  
0.750225  0.250232  
0.750225  0.250232  
0.750225  0.250232  
0.750227  0.250232  
0.750227  0.250232  
0.750225  0.250232  
0.750225  0.250232  
0.750228  0.250226  
0.750225  0.250232  
0.750227  0.250232  
0.750225  0.250232  
0.750227  0.250232  
0.750228  0.250226  
0.750222  0.250224  
0.750225  0.250232  
0.750227  0.250232  
0.750222  0.250224  
0.700329  0.300311  
0.700329  0.300311  
0.700329  0.300311  
0.700329  0.300311  
0.700329  0.300311  
0.700329  0.300311  
0.700329  0.300311  
0.700329  0.300311  
0.70032  0.300334  
0.70032  0.300334  
0.70032  0.300334  
0.70032  0.300334  
0.70032  0.300334  
0.70032  0.300334  
0.70032  0.300334  
0.70032  0.300334  
0.70032  0.300334  
0.70032  0.300334  
0.70032  0.300334  
0.70032  0.300334  
0.70032  0.300334  
0.70032  0.300334  
0.70032  0.300334  
0.70032  0.300334  
0.70032  0.300334  
0.70032  0.300334  
0.70032  0.300334  
0.70032  0.300334  
0.650373  0.350359  
0.650373  0.350359  
0.650373  0.350359  
0.650373  0.350359  
0.650373  0.350359  
0.650373  0.350359  
0.650372  0.350362  
0.650373  0.350359  
0.650373  0.350359  
0.650373  0.350359  
0.65037  0.350394  
0.65037  0.350389  
0.65037  0.350394  
0.65037  0.350394  
0.65037  0.350386  
0.650372  0.350373  
0.65037  0.350394  
0.65037  0.350386  
0.65037  0.350394  
0.65037  0.350386  
0.65037  0.350394  
0.65037  0.350389  
0.65037  0.350386  
0.65037  0.350389  
0.65037  0.350394  
0.65037  0.350394  
0.65037  0.350386  
0.65037  0.350389  
0.65037  0.350386  
0.600366  0.400351  
0.600366  0.400351  
0.600366  0.400351  
0.600365  0.400351  
0.600365  0.400351  
0.600365  0.400351  
0.600365  0.400351  
0.600365  0.400351  
0.600365  0.400351  
0.600366  0.400351  
0.600365  0.400351  
0.600365  0.400366  
0.600344  0.400358  
0.600366  0.400383  
0.600365  0.400351  
0.600365  0.400366  
0.600365  0.400366  
0.600344  0.400358  
0.600365  0.400366  
0.600365  0.400351  
0.600344  0.400358  
0.600344  0.400358  
0.600344  0.400358  
0.600365  0.400366  
0.600365  0.400351  
0.600365  0.400366  
0.600365  0.400351  
0.600344  0.400358  
0.550239  0.450224  
0.550233  0.450229  
0.550239  0.450224  
0.550239  0.450224  
0.550233  0.450229  
0.550233  0.450229  
0.550239  0.450224  
0.550239  0.450224  
0.550239  0.450224  
0.550239  0.450224  
0.550239  0.450224  
0.550233  0.450229  
0.550239  0.450224  
0.550232  0.450235  
0.550232  0.450235  
0.550232  0.450235  
0.550232  0.450235  
0.550232  0.450234  
0.550232  0.450234  
0.550232  0.450235  
0.550232  0.450235  
0.550232  0.450234  
0.550232  0.450235  
0.550232  0.450235  
0.550232  0.450234  
0.550232  0.450234  
0.550232  0.450234  
0.550232  0.450235  
0.550232  0.450235  
0.500328  0.500309  
0.500275  0.500264  
0.500278  0.500264  
0.500278  0.500264  
0.500275  0.500264  
0.500275  0.500264  
0.500328  0.500309  
0.500328  0.500309  
0.500328  0.500309  
0.500278  0.500264  
0.500328  0.500309  
0.500328  0.500309  
0.500278  0.500264  
0.500328  0.500309  
0.500314  0.500335  
0.500275  0.500264  
0.500313  0.500324  
0.500314  0.500335  
0.500314  0.500335  
0.500314  0.500335  
0.500313  0.500324  
0.500278  0.500264  
0.500275  0.500264  
0.500314  0.500335  
0.500314  0.500335  
0.500313  0.500324  
0.500278  0.500264  
0.500313  0.500324  
0.450221  0.550208  
0.450221  0.550208  
0.450221  0.550208  
0.450221  0.550208  
0.450221  0.550208  
0.450221  0.550208  
0.450221  0.550208  
0.450221  0.550208  
0.450221  0.550208  
0.450221  0.550208  
0.450221  0.550208  
0.450221  0.550208  
0.450221  0.550208  
0.450221  0.550208  
0.450221  0.550208  
0.450221  0.550208  
0.450215  0.550215  
0.450215  0.550215  
0.450215  0.550215  
0.450215  0.550215  
0.450213  0.550223  
0.450213  0.550223  
0.450213  0.550223  
0.450213  0.550223  
0.450213  0.550223  
0.450215  0.550215  
0.450215  0.550215  
0.450215  0.550215  
0.450213  0.550223  
0.400234  0.600221  
0.400234  0.600221  
0.400234  0.600221  
0.400234  0.600221  
0.400234  0.600221  
0.400234  0.600221  
0.400234  0.600221  
0.400234  0.600221  
0.400234  0.600221  
0.400234  0.600221  
0.400234  0.600221  
0.400234  0.600221  
0.400234  0.600221  
0.400234  0.600221  
0.400234  0.600221  
0.400234  0.600221  
0.400234  0.600221  
0.400233  0.600236  
0.400233  0.600236  
0.400233  0.600236  
0.400233  0.600236  
0.400233  0.600236  
0.400233  0.600236  
0.400233  0.600236  
0.400233  0.600236  
0.400233  0.600236  
0.400233  0.600236  
0.400233  0.600236  
0.350251  0.65024  
0.350247  0.65024  
0.350247  0.65024  
0.350247  0.65024  
0.350247  0.65024  
0.350251  0.65024  
0.350247  0.65024  
0.350251  0.65024  
0.350251  0.65024  
0.350247  0.65024  
0.350247  0.65024  
0.350247  0.65024  
0.350247  0.65024  
0.350247  0.65024  
0.350247  0.65024  
0.350251  0.65024  
0.350247  0.65024  
0.350251  0.65024  
0.350244  0.65024  
0.350232  0.650245  
0.350232  0.650245  
0.350232  0.650245  
0.350232  0.650245  
0.350232  0.650245  
0.350232  0.650245  
0.350232  0.650245  
0.350232  0.650245  
0.350232  0.650245  
0.350232  0.650245  
0.300244  0.700229  
0.300174  0.700174  
0.300236  0.700229  
0.300179  0.700174  
0.300179  0.700174  
0.300244  0.700229  
0.300244  0.700229  
0.300244  0.700229  
0.300174  0.700174  
0.300174  0.700174  
0.300244  0.700229  
0.300174  0.700174  
0.300174  0.700174  
0.300244  0.700229  
0.300244  0.700229  
0.300179  0.700174  
0.300244  0.700229  
0.300179  0.700174  
0.300179  0.700174  
0.300174  0.700174  
0.300228  0.700241  
0.300228  0.700241  
0.300228  0.700241  
0.300228  0.700241  
0.300228  0.700241  
0.300228  0.700242  
0.300228  0.700241  
0.300179  0.700174  
0.250262  0.750273  
0.250262  0.750273  
0.250283  0.750273  
0.250283  0.750273  
0.250283  0.750273  
0.250262  0.750273  
0.250262  0.750273  
0.250262  0.750273  
0.250262  0.750273  
0.250262  0.750273  
0.250262  0.750273  
0.250262  0.750273  
0.250262  0.750273  
0.250262  0.750273  
0.250262  0.750273  
0.250262  0.750273  
0.250262  0.750273  
0.250283  0.750273  
0.250283  0.750273  
0.250262  0.750273  
0.250283  0.750273  
0.250262  0.750273  
0.250262  0.750273  
0.250262  0.750273  
0.250262  0.750273  
0.250262  0.750273  
0.250262  0.750273  
0.250262  0.750273  
0.250262  0.750273  
0.200281  0.800283  
0.200281  0.800283  
0.200281  0.800283  
0.200286  0.800283  
0.200281  0.800283  
0.200286  0.800283  
0.200281  0.800283  
0.200286  0.800283  
0.200281  0.800283  
0.200286  0.800283  
0.200281  0.800283  
0.200281  0.800283  
0.200281  0.800283  
0.200286  0.800283  
0.200281  0.800283  
0.200281  0.800283  
0.200281  0.800283  
0.200281  0.800283  
0.200281  0.800283  
0.200281  0.800283  
0.200286  0.800283  
0.200281  0.800283  
0.200281  0.800283  
0.200281  0.800283  
0.200281  0.800283  
0.200281  0.800283  
0.200281  0.800283  
0.200281  0.800283  
0.150272  0.850256  
0.150272  0.850256  
0.150272  0.850256  
0.150272  0.850256  
0.150272  0.850256  
0.150272  0.850256  
0.150272  0.850256  
0.150272  0.850256  
0.150272  0.850256  
0.150272  0.850256  
0.150272  0.850256  
0.150272  0.850256  
0.150272  0.850256  
0.150272  0.850256  
0.150272  0.850256  
0.150272  0.850256  
0.150272  0.850256  
0.150272  0.850256  
0.150272  0.850256  
0.150272  0.850256  
0.150272  0.850256  
0.150272  0.850256  
0.150272  0.850256  
0.150272  0.850256  
0.150272  0.850256  
0.150245  0.850256  
0.150245  0.850256  
0.150245  0.850256  
0.150245  0.850256  
0.100456  0.900443  
0.100461  0.900447  
0.100473  0.90045  
0.100456  0.900443  
0.100456  0.900443  
0.100473  0.90045  
0.100473  0.90045  
0.100456  0.900443  
0.100467  0.900447  
0.100473  0.900455  
0.100467  0.900447  
0.100461  0.900447  
0.100456  0.900443  
0.100467  0.90045  
0.100473  0.90045  
0.100461  0.900447  
0.100473  0.900455  
0.100467  0.90045  
0.100467  0.900447  
0.100467  0.900447  
0.100467  0.900447  
0.100467  0.900447  
0.100473  0.90045  
0.100456  0.900443  
0.100461  0.900447  
0.100451  0.900474  
0.100451  0.900474  
0.100451  0.900474  
0.0507387  0.950697  
0.0507387  0.950697  
0.05074  0.950701  
0.0507387  0.950697  
0.0507387  0.950697  
0.0507387  0.950697  
0.0507387  0.950697  
0.0507387  0.950697  
0.0507387  0.950697  
0.05074  0.950701  
0.05074  0.950701  
0.05074  0.950704  
0.0507387  0.950697  
0.0507387  0.950697  
0.0507387  0.950697  
0.05074  0.950701  
0.0507387  0.950697  
0.0507387  0.950697  
0.0507387  0.950697  
0.050746  0.950703  
0.05074  0.950702  
0.05074  0.950704  
0.0507387  0.950697  
0.0507387  0.950697  
0.0507387  0.950697  
0.05074  0.950701  
0.0507387  0.950697  
0.0507313  0.950716  
0.0507313  0.950716  
4.57051e-019  1  
4.58048e-017  1  
5.22669e-019  1  
7.18604e-020  1  
4.57051e-019  1  
5.22669e-019  1  
4.58048e-017  1  
3.1927e-017  1  
7.18604e-020  1  
7.18604e-020  1  
5.22669e-019  1  
7.18604e-020  1  
4.58048e-017  1  
4.57051e-019  1  
7.18604e-020  1  
4.57051e-019  1  
3.1927e-017  1  
3.1927e-017  1  
4.58048e-017  1  
3.1927e-017  1  
3.1927e-017  1  
5.22669e-019  1  
5.22669e-019  1  
4.57051e-019  1  
3.1927e-017  1  
4.57051e-019  1  
5.22669e-019  1  
4.58048e-017  1  
4.58048e-017  1  
