3.47576  0.798664  
3.47576  0.798664  
4.0232  0.798599  
4.0232  0.798599  
4.0232  0.798599  
4.0232  0.798599  
3.47576  0.798664  
3.61658  0.798696  
2.69675  0.798709  
2.69675  0.798709  
2.69675  0.798709  
4.0232  0.798599  
2.69675  0.798709  
4.0232  0.798599  
2.69675  0.798709  
2.69675  0.798709  
2.34657  0.798819  
2.49571  0.798722  
2.49571  0.798722  
2.49571  0.798722  
2.49571  0.798722  
2.34657  0.798819  
2.34657  0.798819  
1.99759  0.798993  
1.99759  0.798993  
1.99759  0.798993  
0.236373  0.798821  
0.343985  0.798948  
0.802161  0.799143  
0.165211  0.798833  
0.534876  0.799131  
0.318195  0.798932  
0.318195  0.798932  
0.165211  0.798833  
0.996972  0.799153  
0.737824  0.798983  
0.319321  0.798805  
0.263948  0.798804  
0.247075  0.798853  
0.399835  0.799091  
0.534876  0.799131  
0.343985  0.798948  
0.263948  0.798804  
0.247075  0.798853  
0.319321  0.798805  
0.534876  0.799131  
0.236373  0.798821  
0.399835  0.799091  
0.263948  0.798804  
0.165211  0.798833  
0.165211  0.798833  
0.318195  0.798932  
0.319321  0.798805  
0.247075  0.798853  
0.3318  0.79884  
0.534876  0.799131  
0.165211  0.798833  
0.236373  0.798821  
0.247075  0.798853  
0.263948  0.798804  
0.475102  0.799021  
0.236373  0.798821  
0.521426  0.799043  
0.311737  0.798555  
0.319321  0.798805  
0.717453  0.798877  
0.263948  0.798804  
0.147214  0.798749  
0.311737  0.798555  
0.381131  0.798487  
0.319321  0.798805  
0.523202  0.799039  
0.475102  0.799021  
0.523202  0.799039  
0.311737  0.798555  
0.236373  0.798821  
0.263948  0.798804  
0.318195  0.798932  
0.236373  0.798821  
0.521426  0.799043  
0.381131  0.798487  
0.549823  0.798717  
0.549823  0.798717  
0.372503  0.7987  
0.549823  0.798717  
0.549823  0.798717  
0.372503  0.7987  
0.354624  0.798939  
0.523202  0.799039  
0.381131  0.798487  
0.381131  0.798487  
0.334954  0.799146  
0.372503  0.7987  
0.399835  0.799091  
0.311737  0.798555  
0.372503  0.7987  
0.381131  0.798487  
0.199122  0.798984  
0.368703  0.799032  
0.372503  0.7987  
0.254958  0.79871  
0.14473  0.79918  
0.372503  0.7987  
0.254958  0.79871  
0.142036  0.799356  
0.250124  0.799338  
0.318195  0.798932  
0.14473  0.79918  
0.120669  0.799217  
0.368703  0.799032  
0.311737  0.798555  
0.368703  0.799032  
0.368703  0.799032  
0.381131  0.798487  
0.266967  0.798881  
0.386055  0.798733  
0.141095  0.799187  
0.119066  0.799252  
0.334954  0.799146  
0.141095  0.799187  
0.368703  0.799032  
0.120669  0.799217  
0.311737  0.798555  
0.266967  0.798881  
0.248799  0.799022  
0.248799  0.799022  
0.254958  0.79871  
0.197288  0.799358  
0.147214  0.798749  
0.266967  0.798881  
0.11683  0.799224  
0.11683  0.799224  
0.11683  0.799224  
0.266967  0.798881  
0.19488  0.799387  
0.266967  0.798881  
0.14473  0.79918  
0.14473  0.79918  
0.199122  0.798984  
0.177073  0.798962  
0.266967  0.798881  
0.253233  0.799038  
0.248799  0.799022  
0.176386  0.799138  
0.253233  0.799038  
0.254958  0.79871  
0.253233  0.799038  
0.177073  0.798962  
0.199122  0.798984  
0.199122  0.798984  
0.176386  0.799138  
0.248799  0.799022  
0.177073  0.798962  
0.190851  0.798621  
0.164743  0.799177  
0.177073  0.798962  
0.177073  0.798962  
0.190851  0.798621  
0.19011  0.799132  
0.141609  0.798965  
0.190851  0.798621  
0.253233  0.799038  
0.141609  0.798965  
0.176055  0.799048  
0.190851  0.798621  
0.176386  0.799138  
0.176055  0.799048  
0.190851  0.798621  
0.176055  0.799048  
0.177073  0.798962  
0.164743  0.799177  
0.176055  0.799048  
0.141609  0.798965  
0.20499  0.798448  
0.174107  0.798599  
0.20499  0.798448  
0.172147  0.798449  
0.13356  0.799065  
0.172147  0.798449  
0.20499  0.798448  
0.19011  0.799132  
0.161987  0.798666  
0.161987  0.798666  
0.177125  0.798554  
0.161987  0.798666  
0.20499  0.798448  
0.172147  0.798449  
0.20499  0.798448  
0.20499  0.798448  
0.161987  0.798666  
0.154873  0.798648  
0.147214  0.798749  
0.177125  0.798554  
0.174107  0.798599  
0.137118  0.798654  
0.177125  0.798554  
0.174107  0.798599  
0.177125  0.798554  
0.177125  0.798554  
0.172147  0.798449  
0.137118  0.798654  
0.154873  0.798648  
0.156252  0.798714  
0.137118  0.798654  
0.177125  0.798554  
0.172147  0.798449  
0.154873  0.798648  
0.141012  0.798704  
0.135707  0.798772  
0.154873  0.798648  
0.172147  0.798449  
0.14061  0.798655  
0.156252  0.798714  
0.135707  0.798772  
0.147207  0.798741  
0.161987  0.798666  
0.135124  0.798594  
0.141012  0.798704  
0.154873  0.798648  
0.161987  0.798666  
0.132965  0.798746  
0.135124  0.798594  
0.147207  0.798741  
0.135124  0.798594  
0.135124  0.798594  
0.144687  0.798601  
0.148205  0.798628  
0.148205  0.798628  
0.144687  0.798601  
0.148205  0.798628  
0.14061  0.798655  
0.148205  0.798628  
0.148205  0.798628  
0.148205  0.798628  
0.135124  0.798594  
0.144687  0.798601  
0.144687  0.798601  
0.141012  0.798704  
0.144687  0.798601  
0.132965  0.798746  
0.138985  0.798761  
0.138985  0.798761  
0.138985  0.798761  
0.14061  0.798655  
0.138985  0.798761  
0.132965  0.798746  
0.132965  0.798746  
0.135707  0.798772  
0.135124  0.798594  
0.132965  0.798746  
0.131518  0.799312  
0.12765  0.799279  
0.132965  0.798746  
0.131518  0.799312  
0.131427  0.798906  
0.12765  0.799279  
0.12765  0.799279  
0.125828  0.79955  
0.125828  0.79955  
0.125828  0.79955  
0.125828  0.79955  
0.119974  0.799827  
0.125828  0.79955  
0.119043  0.800195  
0.119974  0.799827  
0.119974  0.799827  
0.119043  0.800195  
0.119043  0.800195  
0.119043  0.800195  
0.113994  0.799985  
0.119043  0.800195  
0.113994  0.799985  
0.116089  0.800259  
0.113994  0.799985  
0.113994  0.799985  
0.116089  0.800259  
0.113994  0.799985  
0.116089  0.800259  
0.112646  0.801014  
0.113994  0.799985  
0.112646  0.801014  
0.112646  0.801014  
0.112646  0.801014  
0.111735  0.801353  
0.108797  0.801627  
0.108797  0.801627  
0.108797  0.801627  
0.108797  0.801627  
0.108797  0.801627  
0.108699  0.801859  
0.108252  0.801763  
0.107355  0.802023  
0.106832  0.802199  
0.106599  0.802457  
0.106439  0.80277  
0.105757  0.802778  
0.105497  0.802781  
0.105497  0.802781  
0.104384  0.803929  
0.104384  0.803929  
0.103834  0.804404  
0.103834  0.804404  
0.103765  0.804809  
0.103326  0.805347  
0.103326  0.805347  
0.103269  0.806424  
0.10309  0.80698  
0.102466  0.807204  
0.102466  0.807204  
0.101512  0.808038  
0.101512  0.808038  
0.101512  0.808038  
0.101011  0.809056  
0.100774  0.809423  
0.100774  0.809423  
0.100345  0.810027  
0.100345  0.810027  
0.100216  0.811354  
0.0996999  0.811489  
0.0991895  0.812111  
0.0991895  0.812111  
0.0991883  0.812444  
0.0991621  0.813107  
0.0982015  0.813878  
0.0982015  0.813878  
0.0980819  0.814514  
0.0977218  0.814984  
0.0977218  0.814984  
0.0971297  0.815783  
0.0971297  0.815783  
0.0968445  0.816618  
0.0965153  0.817214  
0.0964094  0.817381  
0.0960513  0.817899  
0.0955782  0.818495  
0.0955782  0.818495  
0.0953807  0.818973  
0.0951375  0.819345  
0.094792  0.819727  
0.0944282  0.820329  
0.0944026  0.820674  
0.0939509  0.821393  
0.0939509  0.821393  
0.0933784  0.822191  
0.0933784  0.822191  
0.0933784  0.822191  
0.0933784  0.822191  
0.0924293  0.824253  
0.0923421  0.824291  
0.0919394  0.824893  
0.0919009  0.82498  
0.0917372  0.825388  
0.0914527  0.826501  
0.0912232  0.826615  
0.0907098  0.827166  
0.0904004  0.827603  
0.0902338  0.828073  
0.0902338  0.828073  
0.0901878  0.828793  
0.0896937  0.829781  
0.0893628  0.830181  
0.0893628  0.830181  
0.089055  0.83075  
0.088877  0.831694  
0.0882269  0.831958  
0.0882269  0.831958  
0.0879155  0.832937  
0.087781  0.833523  
0.0874943  0.833852  
0.0874943  0.833852  
0.0867635  0.834809  
0.0867635  0.834809  
0.0863244  0.835588  
0.0858311  0.836304  
0.0858311  0.836304  
0.0857495  0.836809  
0.0856124  0.837974  
0.084932  0.838063  
0.084932  0.838063  
0.0846649  0.839253  
0.0842864  0.839996  
0.0842864  0.839996  
0.083577  0.840628  
0.083577  0.840628  
0.0832316  0.841585  
0.0829381  0.842087  
0.0825776  0.842586  
0.0823528  0.84293  
0.0821949  0.843155  
0.0819016  0.84385  
0.0816297  0.844149  
0.0811874  0.84478  
0.0811663  0.845309  
0.0809661  0.84564  
0.0804552  0.846632  
0.0802393  0.847015  
0.0800271  0.847236  
0.0796905  0.848046  
0.0795658  0.848066  
0.0789682  0.849434  
0.0789682  0.849434  
0.0787003  0.849709  
0.078351  0.850513  
0.078223  0.850621  
0.0778271  0.851533  
0.0773387  0.852402  
0.0773387  0.852402  
0.0768158  0.852838  
0.0766388  0.853506  
0.0764129  0.853881  
0.0759519  0.854878  
0.0759519  0.854878  
0.0757224  0.855979  
0.0753847  0.856074  
0.0748015  0.856701  
0.0747091  0.857002  
0.0743419  0.857622  
0.0741143  0.858213  
0.0735301  0.858927  
0.0735301  0.858927  
0.0730898  0.860314  
0.0730898  0.860314  
0.0728163  0.861286  
0.0724379  0.861304  
0.0722138  0.86229  
0.0719496  0.862358  
0.0713091  0.863306  
0.0713091  0.863306  
0.0712031  0.864122  
0.0708136  0.864733  
0.0706382  0.865566  
0.0699724  0.86635  
0.0698148  0.866416  
0.0694115  0.867228  
0.0694115  0.867228  
0.0688725  0.868248  
0.0688725  0.868248  
0.0684875  0.869487  
0.0676429  0.869911  
0.0676429  0.869911  
0.0674313  0.870598  
0.067034  0.871436  
0.0668131  0.872022  
0.0658935  0.873004  
0.0658935  0.873004  
0.0658935  0.873004  
0.0656836  0.873634  
0.0653131  0.874947  
0.0650442  0.875661  
0.0647594  0.876176  
0.0643385  0.87653  
0.0639832  0.876606  
0.0635208  0.877492  
0.0635208  0.877492  
0.0629927  0.878957  
0.0628318  0.879433  
0.0621328  0.880339  
0.0621328  0.880339  
0.0618097  0.88084  
0.0618097  0.88084  
0.0611521  0.882916  
0.0608897  0.883085  
0.0607101  0.883645  
0.0604346  0.884188  
0.0603236  0.884823  
0.060105  0.885691  
0.0595832  0.886435  
0.0590247  0.886981  
0.0587847  0.887384  
0.0584015  0.88807  
0.0581969  0.888481  
0.0579269  0.889263  
0.0579269  0.889263  
0.0575288  0.89085  
0.0571562  0.89143  
0.0565954  0.89171  
0.0562731  0.892122  
0.0558835  0.893047  
0.0554328  0.893771  
0.055206  0.894375  
0.055206  0.894375  
0.0547203  0.895291  
0.0543963  0.895561  
0.0539519  0.896624  
0.0534535  0.897273  
0.0534535  0.897273  
0.0529679  0.8984  
0.0526762  0.899199  
0.0523328  0.899957  
0.0518141  0.900737  
0.0515476  0.901422  
0.0513134  0.90165  
0.051064  0.902366  
0.0505953  0.903072  
0.0504437  0.903476  
0.0499008  0.90444  
0.0494465  0.905057  
0.0490227  0.90537  
0.0490227  0.90537  
0.0482495  0.907894  
0.0482495  0.907894  
0.0478405  0.908293  
0.047633  0.908441  
0.0469355  0.909378  
0.0469355  0.909378  
0.0463362  0.910769  
0.0462128  0.91144  
0.0456833  0.911801  
0.0454215  0.912463  
0.0451068  0.913608  
0.0444583  0.914032  
0.0443958  0.914124  
0.0440084  0.914617  
0.0435839  0.915825  
0.0430531  0.917253  
0.0430531  0.917253  
0.0421296  0.918153  
0.0421296  0.918153  
0.0416488  0.91888  
0.0415956  0.919917  
0.0411449  0.920688  
0.0408305  0.921092  
0.0403242  0.922186  
0.0399113  0.92305  
0.0396079  0.923513  
0.0390863  0.923995  
0.038627  0.924954  
0.0383722  0.925516  
0.0380279  0.926393  
0.0375182  0.927221  
0.0374084  0.927362  
0.0370905  0.928122  
0.0365419  0.928873  
0.0360258  0.929633  
0.0357513  0.930093  
0.0354826  0.931108  
0.0351697  0.931319  
0.0346395  0.932776  
0.0343016  0.933353  
0.0335877  0.93482  
0.0335877  0.93482  
0.0332458  0.93502  
0.0327776  0.935703  
0.0323989  0.936571  
0.0320937  0.937463  
0.0317791  0.938939  
0.0310602  0.939134  
0.0308792  0.93969  
0.0303026  0.940719  
0.0302001  0.941178  
0.0294541  0.942183  
0.0289829  0.943456  
0.0288265  0.943471  
0.0284994  0.944022  
0.0280627  0.945048  
0.0276282  0.945951  
0.0270525  0.946766  
0.0266433  0.948031  
0.0263148  0.948339  
0.0260216  0.949115  
0.0256334  0.949902  
0.0252529  0.950328  
0.0246893  0.951448  
0.02438  0.952006  
0.0238773  0.953053  
0.0231728  0.954386  
0.0231728  0.954386  
0.0228865  0.95495  
0.0223535  0.956081  
0.0219761  0.956968  
0.0211216  0.958509  
0.0211216  0.958509  
0.0207927  0.960605  
0.0200312  0.960885  
0.0199446  0.961386  
0.0196103  0.96204  
0.0187941  0.963943  
0.0180356  0.96481  
0.0180356  0.96481  
0.0177632  0.965475  
0.0173294  0.96641  
0.0169818  0.967015  
0.0164801  0.967692  
0.0157641  0.969805  
0.0153062  0.970064  
0.0150923  0.970769  
0.0148065  0.971224  
0.0140062  0.973623  
0.0138209  0.973694  
0.0131583  0.975144  
0.01235  0.978058  
0.01235  0.978058  
0.0120491  0.978556  
0.0116893  0.979459  
0.0112412  0.980458  
0.0103635  0.986408  
0.0103635  0.986408  
0.00963749  0.993714  
0.00923917  0.995307  
0.0089786  1.47261  
