1.87185  0.0843986  
1.2907  0.0843986  
1.2907  0.0843986  
1.87185  0.0843986  
1.87185  0.0843986  
1.2907  0.0843986  
1.87185  0.0843986  
1.87185  0.0843986  
1.87185  0.0843986  
1.21241  0.0843986  
1.21241  0.0843986  
1.87185  0.0843986  
1.87185  0.0843986  
1.87185  0.0843986  
1.21241  0.0843986  
1.87185  0.0843986  
1.21757  0.0843986  
1.21241  0.0843986  
1.2907  0.0843986  
1.21241  0.0843986  
1.2907  0.0843986  
1.21757  0.0843986  
1.2907  0.0843986  
1.21241  0.0843986  
1.08371  0.0843986  
1.08371  0.0843986  
1.08371  0.0843986  
1.0944  0.0843986  
1.11735  0.0843986  
1.11735  0.0843986  
1.11735  0.0843986  
1.11735  0.0843986  
1.05966  0.084718  
1.00871  0.0848381  
1.00871  0.0848381  
0.997789  0.0849678  
0.987802  0.0856466  
0.951378  0.0871117  
0.951378  0.0871117  
0.951378  0.0871117  
0.922018  0.0915222  
0.922018  0.0915222  
0.922018  0.0915222  
0.922018  0.0915222  
0.899327  0.0952544  
0.899327  0.0952544  
0.922018  0.0915222  
0.922018  0.0915222  
0.899327  0.0952544  
0.899327  0.0952544  
0.872998  0.103686  
0.872998  0.103686  
0.872998  0.103686  
0.8639  0.106337  
0.858819  0.107765  
0.858819  0.107765  
0.858819  0.107765  
0.859343  0.1088  
0.858379  0.115096  
0.858379  0.115096  
0.858379  0.115096  
0.858042  0.117373  
0.858042  0.117373  
0.858042  0.117373  
0.856119  0.122928  
0.856042  0.122977  
0.854909  0.129685  
0.853589  0.129861  
0.853589  0.129861  
0.853589  0.129861  
0.853589  0.129861  
0.851987  0.137908  
0.851245  0.138009  
0.851119  0.14145  
0.850192  0.142646  
0.851119  0.14145  
0.851119  0.14145  
0.851119  0.14145  
0.850192  0.142646  
0.851119  0.14145  
0.851119  0.14145  
0.850192  0.142646  
0.848728  0.156468  
0.85194  0.140123  
0.848728  0.156468  
0.851119  0.14145  
0.851119  0.14145  
0.847167  0.158363  
0.848324  0.15789  
0.851119  0.14145  
0.850192  0.142646  
0.847167  0.158363  
0.847167  0.158363  
0.847167  0.158363  
0.847167  0.158363  
0.84893  0.182781  
0.847167  0.158363  
0.848324  0.15789  
0.848728  0.156468  
0.84893  0.182781  
0.84893  0.182781  
0.848324  0.15789  
0.84893  0.182781  
0.848324  0.15789  
0.84893  0.182781  
0.84893  0.182781  
0.848324  0.15789  
0.687625  0.207337  
0.743072  0.207315  
0.743072  0.207315  
0.783748  0.207373  
0.687625  0.207337  
0.726398  0.207362  
0.726398  0.207362  
0.682049  0.207384  
0.687625  0.207337  
0.726398  0.207362  
0.687625  0.207337  
0.687625  0.207337  
0.687625  0.207337  
0.682049  0.207384  
0.682049  0.207384  
0.682049  0.207384  
0.682049  0.207384  
0.678172  0.207433  
0.682049  0.207384  
0.678172  0.207433  
0.678172  0.207433  
0.619966  0.207496  
0.657219  0.207653  
0.619966  0.207496  
0.657219  0.207653  
0.619948  0.207792  
0.619966  0.207496  
0.619966  0.207496  
0.619966  0.207496  
0.619966  0.207496  
0.615642  0.208754  
0.615642  0.208754  
0.592227  0.209237  
0.592227  0.209237  
0.592227  0.209237  
0.592227  0.209237  
0.592227  0.209237  
0.592227  0.209237  
0.58876  0.211885  
0.58876  0.211885  
0.58876  0.211885  
0.577238  0.215933  
0.577478  0.217322  
0.577478  0.217322  
0.577478  0.217322  
0.576555  0.219714  
0.576555  0.219714  
0.576555  0.219714  
0.576555  0.219714  
0.557442  0.226014  
0.557442  0.226014  
0.573488  0.229721  
0.566662  0.230647  
0.566662  0.230647  
0.559723  0.231415  
0.559723  0.231415  
0.559723  0.231415  
0.548541  0.234179  
0.548541  0.234179  
0.548541  0.234179  
0.548541  0.234179  
0.539835  0.236117  
0.539835  0.236134  
0.539835  0.236134  
0.539835  0.236117  
0.539835  0.236117  
0.538223  0.240995  
0.519853  0.242934  
0.518201  0.245116  
0.529707  0.245627  
0.529707  0.245627  
0.529707  0.245627  
0.518884  0.248129  
0.518884  0.248129  
0.518884  0.248129  
0.518884  0.248129  
0.517774  0.251197  
0.500304  0.252324  
0.50169  0.252503  
0.50169  0.252503  
0.50169  0.252503  
0.501506  0.252797  
0.500643  0.254526  
0.498103  0.256028  
0.500643  0.254526  
0.498934  0.258017  
0.498934  0.258017  
0.493543  0.260258  
0.49339  0.261534  
0.491866  0.262501  
0.491866  0.262501  
0.491866  0.262501  
0.484245  0.267064  
0.484245  0.267064  
0.484245  0.267064  
0.484245  0.267064  
0.48287  0.271121  
0.48287  0.271121  
0.481995  0.273865  
0.477217  0.275677  
0.477217  0.275677  
0.477217  0.275677  
0.476157  0.279018  
0.476157  0.279018  
0.471879  0.280962  
0.471879  0.280962  
0.471879  0.280962  
0.468371  0.285595  
0.468371  0.285595  
0.468371  0.285595  
0.468371  0.285595  
0.462372  0.290343  
0.462372  0.290343  
0.462372  0.290343  
0.463136  0.294369  
0.463136  0.294369  
0.462372  0.290343  
0.460362  0.299567  
0.458352  0.299579  
0.457944  0.300521  
0.452549  0.301674  
0.452549  0.301674  
0.451649  0.303223  
0.451649  0.303223  
0.450526  0.306465  
0.450526  0.306465  
0.450526  0.306465  
0.44483  0.311373  
0.44483  0.311373  
0.444437  0.312707  
0.440049  0.314311  
0.440049  0.314311  
0.440049  0.314311  
0.439791  0.316206  
0.439791  0.316206  
0.439791  0.316206  
0.437053  0.322072  
0.435989  0.322434  
0.434224  0.324174  
0.431926  0.325384  
0.431239  0.325719  
0.431239  0.325719  
0.428996  0.327623  
0.428996  0.327623  
0.428996  0.327623  
0.428996  0.327623  
0.428996  0.327623  
0.427541  0.33773  
0.418391  0.338545  
0.418391  0.338545  
0.421835  0.340688  
0.418391  0.338545  
0.417264  0.34171  
0.417264  0.34171  
0.414481  0.343181  
0.413795  0.344956  
0.41273  0.346089  
0.41273  0.346089  
0.41273  0.346089  
0.410598  0.35147  
0.409082  0.353701  
0.407291  0.353767  
0.407291  0.353767  
0.404974  0.356415  
0.403613  0.356671  
0.403613  0.356671  
0.403613  0.356671  
0.401908  0.36243  
0.399549  0.362575  
0.398077  0.363672  
0.397343  0.365879  
0.397343  0.365879  
0.397343  0.365879  
0.392661  0.370741  
0.392661  0.370741  
0.391771  0.371387  
0.391633  0.372907  
0.389784  0.375995  
0.389784  0.375995  
0.389784  0.375995  
0.383816  0.381012  
0.383816  0.381012  
0.383816  0.381012  
0.383639  0.38149  
0.383639  0.38149  
0.381809  0.386321  
0.37812  0.388866  
0.37812  0.388866  
0.37812  0.388866  
0.37812  0.388866  
0.376525  0.393341  
0.372981  0.394649  
0.372981  0.394649  
0.370697  0.397335  
0.370697  0.397335  
0.370697  0.397335  
0.369504  0.401187  
0.3677  0.402592  
0.3677  0.402592  
0.367235  0.406603  
0.364459  0.408346  
0.362911  0.40882  
0.362911  0.40882  
0.359235  0.411376  
0.359235  0.411376  
0.35878  0.412947  
0.35878  0.412947  
0.35599  0.416171  
0.355881  0.417061  
0.355881  0.417061  
0.35079  0.422397  
0.35079  0.422397  
0.35079  0.422397  
0.35079  0.422397  
0.347772  0.427123  
0.347772  0.427123  
0.345162  0.429385  
0.344924  0.429673  
0.34437  0.432015  
0.343729  0.432322  
0.342577  0.435217  
0.34189  0.436283  
0.339632  0.437513  
0.339427  0.439167  
0.336227  0.441444  
0.336227  0.441444  
0.335813  0.444162  
0.334344  0.444848  
0.334147  0.447738  
0.334147  0.447738  
0.329171  0.450799  
0.329171  0.450799  
0.329171  0.450799  
0.32664  0.455207  
0.32664  0.455207  
0.326395  0.455817  
0.324287  0.458088  
0.323348  0.459976  
0.32201  0.461029  
0.319722  0.463387  
0.319722  0.463387  
0.317794  0.466417  
0.317794  0.466417  
0.317794  0.466417  
0.314781  0.470878  
0.314312  0.47091  
0.314312  0.47091  
0.312353  0.475153  
0.311711  0.475195  
0.311711  0.475195  
0.31  0.480601  
0.307639  0.480947  
0.307639  0.480947  
0.305612  0.485052  
0.305612  0.485052  
0.303238  0.488851  
0.303238  0.488851  
0.301804  0.492261  
0.299969  0.492367  
0.298497  0.493396  
0.298173  0.495309  
0.297249  0.495715  
0.295573  0.497929  
0.295184  0.49965  
0.292777  0.500968  
0.292777  0.500968  
0.29113  0.503303  
0.289801  0.507224  
0.288888  0.507374  
0.287317  0.509508  
0.286622  0.510684  
0.286622  0.510684  
0.285185  0.514459  
0.28192  0.517421  
0.28192  0.517421  
0.281831  0.519288  
0.280178  0.519673  
0.27743  0.522683  
0.279874  0.52398  
0.274689  0.527662  
0.274689  0.527662  
0.274689  0.527662  
0.27281  0.531851  
0.27281  0.531851  
0.269141  0.534994  
0.269284  0.535846  
0.269284  0.535846  
0.266589  0.539686  
0.266589  0.539686  
0.265473  0.54112  
0.265015  0.542285  
0.263756  0.545661  
0.262927  0.545888  
0.261893  0.549237  
0.259985  0.550096  
0.256789  0.553773  
0.256789  0.553773  
0.256789  0.553773  
0.254031  0.558246  
0.254031  0.558246  
0.252079  0.560481  
0.252079  0.560481  
0.248854  0.565327  
0.249357  0.567456  
0.249357  0.567456  
0.245478  0.571547  
0.245191  0.571749  
0.245191  0.571749  
0.24332  0.5738  
0.24332  0.5738  
0.240235  0.579825  
0.240235  0.579825  
0.240235  0.579825  
0.238588  0.582893  
0.236033  0.586288  
0.236033  0.586288  
0.232648  0.589307  
0.232985  0.590144  
0.231357  0.592242  
0.231301  0.592276  
0.229291  0.594674  
0.228473  0.597284  
0.226668  0.598844  
0.226668  0.598844  
0.226668  0.598844  
0.221777  0.607445  
0.220049  0.609673  
0.220049  0.609673  
0.22099  0.610428  
0.219681  0.610934  
0.217758  0.612512  
0.217758  0.612512  
0.215617  0.617332  
0.21468  0.618104  
0.213655  0.620969  
0.213655  0.620969  
0.210627  0.626134  
0.210627  0.626134  
0.207667  0.629094  
0.207667  0.629094  
0.206645  0.631703  
0.204483  0.634019  
0.204483  0.634019  
0.204483  0.634019  
0.200986  0.641095  
0.200986  0.641095  
0.198944  0.642196  
0.198813  0.644915  
0.194935  0.650756  
0.193442  0.651478  
0.193652  0.652964  
0.193652  0.652964  
0.192197  0.653702  
0.190715  0.656728  
0.190161  0.65678  
0.187883  0.66047  
0.186623  0.662797  
0.186623  0.662797  
0.184711  0.666852  
0.184054  0.66721  
0.180104  0.672761  
0.180104  0.672761  
0.180104  0.672761  
0.17933  0.67493  
0.175284  0.680954  
0.174902  0.682067  
0.173435  0.684001  
0.17328  0.68427  
0.172823  0.685622  
0.169138  0.690944  
0.170951  0.69142  
0.169838  0.692411  
0.166331  0.6956  
0.167271  0.695993  
0.165414  0.698304  
0.164476  0.700106  
0.16171  0.703362  
0.16175  0.704715  
0.160119  0.706461  
0.158805  0.709442  
0.157472  0.712072  
0.156591  0.713057  
0.155458  0.714988  
0.152511  0.718862  
0.15308  0.71933  
0.152037  0.721799  
0.150748  0.72416  
0.14865  0.72661  
0.147939  0.727699  
0.147229  0.728342  
0.144289  0.732856  
0.144289  0.732856  
0.14276  0.735437  
0.141994  0.738319  
0.137586  0.744682  
0.138585  0.745998  
0.135987  0.74717  
0.135987  0.74717  
0.135223  0.750245  
0.132963  0.753923  
0.131552  0.754816  
0.131251  0.75614  
0.128261  0.760639  
0.127605  0.761933  
0.127586  0.763041  
0.12456  0.767712  
0.12445  0.769823  
0.122303  0.771698  
0.121702  0.772869  
0.120923  0.77484  
0.118074  0.778236  
0.116564  0.780724  
0.116828  0.781544  
0.114538  0.785439  
0.112969  0.787403  
0.11302  0.788234  
0.111252  0.792388  
0.11046  0.792442  
0.108454  0.795852  
0.106897  0.798834  
0.106142  0.799779  
0.103429  0.805224  
0.102207  0.807093  
0.101563  0.809641  
0.100585  0.811692  
0.0980838  0.814614  
0.0965278  0.816738  
0.0958123  0.817822  
0.0943372  0.822  
0.0930512  0.823418  
0.0914465  0.82642  
0.091315  0.827517  
0.0889044  0.830951  
0.0876684  0.833391  
0.0861345  0.83597  
0.0856956  0.838242  
0.0834895  0.841372  
0.0819407  0.844091  
0.0813406  0.845886  
0.0792406  0.848399  
0.0776745  0.852367  
0.0765953  0.85465  
0.0749384  0.856079  
0.0736967  0.85879  
0.0721949  0.861731  
0.0703733  0.865017  
0.0700197  0.866854  
0.0677666  0.869346  
0.0664086  0.872088  
0.0648806  0.874866  
0.0638834  0.876875  
0.0627955  0.880263  
0.0612752  0.881737  
0.0593736  0.885839  
0.0579332  0.888465  
0.0571359  0.890462  
0.0549427  0.894574  
0.0541957  0.895214  
0.0521988  0.899327  
0.0505192  0.902538  
0.0485559  0.905349  
0.0478783  0.907261  
0.0466155  0.910032  
0.0449644  0.912491  
0.0432192  0.915905  
0.0421391  0.918595  
0.0402619  0.921412  
0.0392875  0.923928  
0.0372783  0.928068  
0.0353077  0.931011  
0.0340501  0.933603  
0.0319777  0.937784  
0.0312328  0.939396  
0.0294254  0.942459  
0.0280129  0.945642  
0.0264291  0.948866  
0.0249773  0.951736  
0.023405  0.954618  
0.0218709  0.957174  
0.0201251  0.960714  
0.0187807  0.963105  
0.0169038  0.967094  
0.0154371  0.969814  
0.0141589  0.972338  
0.0127439  0.975551  
0.0113237  0.978349  
0.00912774  0.982097  
0.00764152  0.985544  
0.00579613  0.988645  
0.00446247  0.991753  
0.00309012  0.994512  
0.0015266  0.997578  
5.94719e-005  1.00143  
