0.999822  9.11299e-005  
0.990055  0.00499315  
0.980373  0.00986453  
0.970653  0.0147828  
0.960969  0.0197113  
0.951835  0.0243798  
0.942319  0.029269  
0.933127  0.034019  
0.924119  0.0386891  
0.915176  0.0433546  
0.906403  0.0479503  
0.897862  0.0524465  
0.889151  0.0570521  
0.880703  0.0615425  
0.872347  0.0660049  
0.864117  0.0704275  
0.855929  0.0748357  
0.847867  0.0792032  
0.839934  0.0835278  
0.832064  0.0878247  
0.824304  0.0920912  
0.816661  0.0963111  
0.809125  0.100486  
0.801611  0.104698  
0.794071  0.108894  
0.786714  0.113035  
0.779425  0.11715  
0.772305  0.121219  
0.765235  0.125237  
0.758165  0.129273  
0.751139  0.133319  
0.744195  0.137333  
0.737369  0.1413  
0.73069  0.1452  
0.723911  0.149171  
0.717376  0.153087  
0.710707  0.156966  
0.704221  0.16083  
0.697771  0.164678  
0.691382  0.168521  
0.685088  0.172312  
0.678694  0.176189  
0.672566  0.179922  
0.666416  0.183664  
0.660311  0.187405  
0.654221  0.191163  
0.648224  0.194878  
0.642247  0.198601  
0.636363  0.202281  
0.630514  0.205955  
0.624693  0.209645  
0.618947  0.213281  
0.613235  0.216918  
0.607559  0.220548  
0.601877  0.224193  
0.596317  0.227786  
0.590786  0.231378  
0.585281  0.234966  
0.579856  0.238528  
0.574513  0.242072  
0.569082  0.245628  
0.56372  0.249192  
0.5584  0.25274  
0.553194  0.256235  
0.54799  0.259736  
0.542768  0.263277  
0.537623  0.266777  
0.532466  0.270309  
0.527402  0.273777  
0.522361  0.277259  
0.517349  0.280732  
0.512366  0.284208  
0.507429  0.28766  
0.502491  0.291147  
0.497615  0.294582  
0.492755  0.298035  
0.487972  0.301475  
0.483115  0.304935  
0.47838  0.308362  
0.4736  0.311815  
0.468902  0.315259  
0.46422  0.318674  
0.459539  0.322107  
0.454913  0.325529  
0.450353  0.328916  
0.445741  0.332362  
0.441235  0.335746  
0.436642  0.339213  
0.432117  0.342647  
0.427674  0.346033  
0.42319  0.349471  
0.418762  0.352882  
0.414388  0.356279  
0.409955  0.359724  
0.405575  0.363153  
0.401314  0.36651  
0.396971  0.369945  
0.39266  0.373375  
0.38835  0.376824  
0.384058  0.380278  
0.379853  0.383679  
0.375619  0.387122  
0.371422  0.390557  
0.36723  0.394006  
0.363074  0.397446  
0.358918  0.400905  
0.35473  0.404408  
0.350648  0.407854  
0.346579  0.411297  
0.342478  0.414785  
0.338383  0.418296  
0.334377  0.421747  
0.330334  0.425254  
0.326314  0.428796  
0.322322  0.432292  
0.318329  0.43581  
0.314336  0.43935  
0.310391  0.442879  
0.306446  0.44643  
0.302512  0.449989  
0.298597  0.45356  
0.294676  0.45716  
0.290801  0.460744  
0.286918  0.464355  
0.283046  0.467981  
0.279212  0.471597  
0.27536  0.475253  
0.271524  0.478921  
0.267683  0.482626  
0.26388  0.486309  
0.260058  0.490044  
0.256302  0.493742  
0.252496  0.497511  
0.248746  0.501256  
0.244946  0.50508  
0.241233  0.50885  
0.237447  0.512715  
0.233748  0.516527  
0.230011  0.520406  
0.226307  0.524286  
0.222576  0.528221  
0.218889  0.532148  
0.215197  0.536107  
0.211507  0.540102  
0.207818  0.54413  
0.204147  0.548174  
0.200469  0.552263  
0.196812  0.556366  
0.193148  0.560515  
0.189478  0.564712  
0.18584  0.568909  
0.182189  0.57317  
0.178552  0.577446  
0.174907  0.581781  
0.171268  0.586155  
0.167642  0.59056  
0.16401  0.595019  
0.160382  0.599524  
0.156754  0.604078  
0.153127  0.608686  
0.149502  0.613346  
0.145878  0.618063  
0.142251  0.622838  
0.138626  0.627676  
0.134998  0.632579  
0.131371  0.637549  
0.127739  0.642596  
0.124107  0.647712  
0.120476  0.652904  
0.116822  0.658208  
0.113192  0.663563  
0.109531  0.669051  
0.105888  0.674595  
0.102227  0.680271  
0.0985662  0.68605  
0.094885  0.691977  
0.0911912  0.698025  
0.08753  0.70415  
0.0838021  0.710517  
0.0801118  0.717017  
0.0763837  0.723679  
0.072632  0.73053  
0.0688885  0.737546  
0.0651208  0.744828  
0.0613168  0.752378  
0.0575033  0.760203  
0.053676  0.768321  
0.0498392  0.776795  
0.0458917  0.785796  
0.0420632  0.794909  
0.0381021  0.804838  
0.0341076  0.815324  
0.0301049  0.826494  
0.0260479  0.838607  
0.021919  0.852048  
0.0177788  0.866664  
0.0135272  0.88378  
0.00906528  0.904836  
0.00464026  0.931928  
9.3931e-005  0.990312  
