0.999861  9.26966e-005  
0.990119  0.0049738  
0.980204  0.00994938  
0.970676  0.0147798  
0.961147  0.019634  
0.951556  0.0245237  
0.942361  0.0292476  
0.933142  0.0340144  
0.924168  0.0386673  
0.915193  0.0433428  
0.906488  0.0479037  
0.897777  0.0524889  
0.889245  0.0570058  
0.880713  0.061539  
0.872367  0.0659956  
0.864102  0.0704354  
0.85597  0.074817  
0.84792  0.0791809  
0.840035  0.0834822  
0.832088  0.0878124  
0.824378  0.0920997  
0.816635  0.0963658  
0.809015  0.100556  
0.801525  0.104742  
0.794193  0.108829  
0.786702  0.113041  
0.779448  0.117147  
0.772247  0.121233  
0.765206  0.125253  
0.758257  0.129265  
0.751185  0.133291  
0.744194  0.137335  
0.737399  0.1413  
0.730628  0.145241  
0.723972  0.149152  
0.717288  0.153085  
0.71072  0.156988  
0.704216  0.160842  
0.697776  0.164671  
0.691362  0.168521  
0.685037  0.172349  
0.678758  0.176133  
0.672585  0.179889  
0.666398  0.183672  
0.660268  0.187434  
0.654234  0.191155  
0.648193  0.194897  
0.642248  0.198597  
0.636426  0.20224  
0.630485  0.205969  
0.624711  0.209616  
0.618932  0.213278  
0.613224  0.216915  
0.607518  0.220566  
0.601912  0.224171  
0.596343  0.227785  
0.590811  0.231358  
0.585317  0.23494  
0.579795  0.238557  
0.574427  0.242093  
0.569057  0.245642  
0.563695  0.249205  
0.558408  0.252734  
0.553147  0.256262  
0.547986  0.259781  
0.542766  0.263276  
0.537638  0.266762  
0.532494  0.270278  
0.527435  0.273754  
0.522364  0.277252  
0.517359  0.280728  
0.512378  0.284201  
0.50747  0.287645  
0.502465  0.291153  
0.497644  0.294564  
0.492791  0.29801  
0.487914  0.301492  
0.483132  0.304924  
0.478345  0.308382  
0.473679  0.311767  
0.468907  0.315232  
0.464222  0.318662  
0.459599  0.322073  
0.454936  0.325511  
0.450341  0.328927  
0.445737  0.332369  
0.441195  0.335794  
0.436657  0.3392  
0.43212  0.342643  
0.427678  0.346029  
0.423183  0.349481  
0.418798  0.35288  
0.414352  0.356302  
0.410002  0.359687  
0.405604  0.363142  
0.401304  0.366521  
0.396955  0.369959  
0.392649  0.373401  
0.388361  0.376816  
0.384064  0.380271  
0.379826  0.3837  
0.375609  0.387135  
0.371393  0.390589  
0.367228  0.394017  
0.363066  0.397455  
0.35892  0.400901  
0.354777  0.404372  
0.350643  0.40785  
0.346541  0.411325  
0.342479  0.414785  
0.338415  0.418273  
0.334364  0.421763  
0.330319  0.42528  
0.326318  0.428778  
0.322319  0.432294  
0.318315  0.435821  
0.314353  0.439348  
0.310362  0.442901  
0.306442  0.446433  
0.302518  0.450001  
0.2986  0.453567  
0.294684  0.457152  
0.290792  0.460765  
0.28691  0.46436  
0.283015  0.46801  
0.279191  0.471617  
0.275358  0.475255  
0.271521  0.478927  
0.267691  0.482611  
0.263866  0.486321  
0.26009  0.490021  
0.256279  0.493774  
0.252516  0.4975  
0.248757  0.501254  
0.244947  0.505083  
0.241231  0.508847  
0.237488  0.512672  
0.233729  0.516547  
0.230036  0.520398  
0.226301  0.524299  
0.222602  0.528203  
0.218885  0.532162  
0.215178  0.536127  
0.211488  0.540124  
0.207826  0.544131  
0.204137  0.548195  
0.200471  0.552265  
0.196806  0.556375  
0.193147  0.560517  
0.189495  0.564692  
0.185833  0.568917  
0.182194  0.573159  
0.178551  0.577448  
0.17491  0.581778  
0.171273  0.586148  
0.167643  0.590558  
0.16401  0.595018  
0.160382  0.599524  
0.156755  0.604078  
0.153127  0.608685  
0.149503  0.613345  
0.145878  0.618061  
0.142253  0.622836  
0.138628  0.627673  
0.135  0.632578  
0.131373  0.637547  
0.127742  0.642591  
0.124112  0.647705  
0.120472  0.65291  
0.116836  0.658187  
0.113193  0.663564  
0.109546  0.669023  
0.105893  0.674589  
0.102236  0.680259  
0.0985626  0.686054  
0.0948948  0.691963  
0.0912196  0.697996  
0.087522  0.704175  
0.0838024  0.710535  
0.0801048  0.716988  
0.0763811  0.723657  
0.0726374  0.730489  
0.068894  0.737524  
0.0651131  0.744827  
0.0613323  0.752347  
0.0575092  0.76019  
0.0536576  0.768429  
0.0498484  0.776744  
0.0459627  0.785634  
0.0420369  0.79508  
0.0381169  0.804774  
0.0341276  0.815273  
0.0300981  0.826538  
0.0260377  0.838656  
0.0219284  0.851998  
0.0177713  0.866704  
0.0134372  0.884091  
0.00917472  0.904222  
0.00470368  0.931448  
8.86638e-005  0.990627  
