0.995662  0.286698  
0.99569  0.286682  
0.995693  0.286679  
0.99567  0.286688  
0.995632  0.286854  
0.965219  0.31511  
0.965052  0.315282  
0.965108  0.315224  
0.929564  0.339826  
0.929548  0.33991  
0.92954  0.339948  
0.929548  0.339902  
0.895531  0.368513  
0.895491  0.368828  
0.856659  0.394807  
0.856619  0.395132  
0.817054  0.423021  
0.816975  0.42367  
0.775603  0.453344  
0.775383  0.453735  
0.73403  0.488701  
0.73398  0.489302  
0.685968  0.520258  
0.685862  0.521135  
0.635524  0.556296  
0.635515  0.556302  
0.635466  0.556471  
0.635376  0.556495  
0.63537  0.556617  
0.584252  0.602128  
0.524555  0.646287  
0.451254  0.689772  
0.368235  0.745355  
0.368237  0.745333  
0.368036  0.746102  
0.257899  0.81695  
0.257914  0.816936  
0.257927  0.816907  
0.257924  0.816921  
0.257888  0.816955  
0.257845  0.816998  
0.257848  0.816991  
0.256111  0.93623  
0.250074  0.941297  
0.244204  0.946208  
0.238116  0.950826  
0.231621  0.955005  
0.224973  0.958992  
0.218037  0.963361  
0.211882  0.964982  
0.205643  0.967548  
0.199286  0.969223  
0.192248  0.971341  
0.185719  0.97303  
0.178458  0.975091  
0.172033  0.976337  
0.165412  0.978205  
0.159182  0.979197  
0.152297  0.980447  
0.146723  0.981566  
0.140063  0.982467  
0.133982  0.983672  
0.125813  0.984734  
0.121632  0.985383  
0.1156  0.986249  
0.108443  0.986927  
0.103371  0.988213  
0.0922658  0.988984  
0.0907171  0.989323  
0.0818944  0.990936  
0.0765254  0.991239  
0.0717658  0.991599  
0.0639452  0.992613  
0.0586807  0.993348  
0.0578233  0.993799  
0.0518015  0.994152  
0.0438808  0.995613  
0.0390711  0.995758  
0.0350665  0.996627  
0.0167182  0.998143  
0.0118834  0.999649  
0.00279235  0.999959  
2.32786e-027  1  
