0.390793  1.30024  0.000302883  
3.86194  0.00822018  0.000682108  
0.00697817  3.36161  0.000491396  
0.00644019  2.23141  0.000523844  
0.895572  0.446197  0.0195004  
0.0343365  1.00037  0.014332  
0.00636252  2.23174  0.000540334  
3.86093  0.0068629  0.000809749  
0.949047  0.316181  0.0164823  
0.70877  0.711176  0.00929988  
0.0265796  1.00004  0.0248774  
0.00522439  2.23118  0.000658013  
0.970762  0.242557  0.00776331  
0.867317  0.499273  0.0194386  
0.553672  0.834764  0.0286536  
0.983203  0.184091  0.0015961  
0.0306553  0.999926  0.0295288  
0.0276592  1  0.0259845  
3.85977  0.00594657  0.00124789  
0.987194  0.162218  0.0202817  
0.930225  0.369604  0.0437194  
0.603301  0.80449  0.0243853  
0.990345  0.141608  0.00427943  
0.51549  0.85942  0.00872629  
0.0537976  0.999564  0.054881  
0.0291487  0.999965  0.0276704  
0.992665  0.121853  0.00686831  
0.961947  0.274083  0.0221379  
0.867118  0.499415  0.086253  
0.626882  0.78257  0.0311886  
0.0690832  0.998164  0.0849387  
0.994559  0.109476  0.0251629  
0.920437  0.393568  0.00548454  
0.706606  0.709058  0.0154582  
0.554204  0.83445  0.0274464  
0.995161  0.0994885  0.0203177  
0.976694  0.215545  0.00686538  
0.938025  0.348844  0.0678901  
0.869069  0.495452  0.0782291  
0.642494  0.771282  0.0064398  
0.50369  0.867072  0.00511753  
0.0712668  0.998058  0.0904973  
0.0572796  0.999499  0.0585192  
0.995979  0.0904039  0.00727086  
0.981239  0.193664  0.00343647  
0.58204  0.814534  0.0265571  
0.0922109  0.996943  0.115937  
0.0722461  0.997988  0.0913799  
0.0574769  0.999295  0.0620556  
0.00162156  2.37818  0.00196039  
3.85774  0.00414337  0.00237991  
0.996738  0.0809898  0.0177513  
0.984446  0.177156  0.00974183  
0.958397  0.286753  0.0880756  
0.915111  0.405284  0.0174392  
0.652738  0.757978  0.0402376  
0.53057  0.850267  0.0432856  
0.106518  0.995865  0.128457  
0.0762931  0.997746  0.0965513  
0.997187  0.0763801  0.01633  
0.965078  0.262413  0.0472955  
0.874626  0.48586  0.0581659  
0.863096  0.50887  0.17047  
0.603818  0.802261  0.0860707  
0.503464  0.867536  0.00486402  
0.0588176  0.999087  0.0658796  
0.997825  0.0670694  0.0126522  
0.988554  0.151538  0.067479  
0.971093  0.239852  0.0892618  
0.940807  0.341615  0.10919  
0.65935  0.752817  0.0929694  
0.138677  0.994652  0.168117  
0.0795255  0.997539  0.100262  
0.998157  0.0644289  0.0161603  
0.990104  0.141291  0.0417078  
0.974975  0.222828  0.0154364  
0.949443  0.315656  0.112014  
0.911883  0.411446  0.0180397  
0.858993  0.516335  0.207128  
0.615641  0.794055  0.0396195  
0.511752  0.859952  0.0448956  
0.0874431  0.997322  0.105386  
3.03617  0.00291361  0.00256833  
0.998205  0.062065  0.00895248  
0.991515  0.130673  0.00941703  
0.977967  0.209194  0.0276762  
0.956671  0.294272  0.0551192  
0.923658  0.383927  0.0595118  
0.878556  0.479038  0.0636052  
0.663114  0.750069  0.087042  
0.576091  0.821844  0.0414323  
0.144949  0.992439  0.181488  
0.110376  0.995586  0.143893  
0.0860935  0.997246  0.107816  
0.0340021  0.999846  0.0361311  
0.998494  0.0587491  0.013269  
0.992456  0.123563  0.0626969  
0.980967  0.195739  0.0659958  
0.961861  0.274548  0.125356  
0.933908  0.358491  0.00703457  
0.858339  0.53343  0.260095  
0.625171  0.78224  0.111534  
0.536986  0.845027  0.113217  
0.161575  0.988524  0.225978  
0.0623727  0.998834  0.0766065  
0.0352036  0.999799  0.0379961  
0.998689  0.0552634  0.0391927  
0.993335  0.115898  0.0500677  
0.96687  0.25596  0.0106514  
0.943214  0.335789  0.157325  
0.908932  0.41965  0.00313535  
0.867198  0.499302  0.0834124  
0.855425  0.531309  0.271503  
0.589512  0.812132  0.0880497  
0.504856  0.865701  0.00631897  
0.179206  0.985271  0.233084  
0.145304  0.990631  0.194742  
0.120802  0.995133  0.153919  
0.0937703  0.996625  0.118181  
0.0638462  0.998647  0.0795941  
0.998789  0.0508069  0.0335877  
0.994033  0.110443  0.0466446  
0.985069  0.173899  0.0391033  
0.919251  0.394292  0.0748052  
0.881917  0.472363  0.246606  
0.848686  0.53613  0.317854  
0.633308  0.775983  0.250735  
0.5552  0.833788  0.207118  
0.138546  0.990579  0.200666  
0.0989141  0.996602  0.121018  
0.0660598  0.998439  0.082868  
0.998878  0.047847  0.0244339  
0.994739  0.103264  0.0845614  
0.986819  0.162324  0.0231785  
0.973724  0.228807  0.0688175  
0.954834  0.298167  0.128104  
0.928861  0.371044  0.187351  
0.896515  0.445946  0.0161593  
0.855522  0.521575  0.2748  
0.714121  0.706234  0.285379  
0.674188  0.740692  0.128154  
0.60123  0.800427  0.0887225  
0.525002  0.851953  0.295327  
0.218721  0.976715  0.293377  
0.178177  0.985208  0.252514  
0.162994  0.988204  0.211947  
0.124339  0.994795  0.171565  
0.0685028  0.998183  0.0852233  
0.99908  0.0463869  0.0370814  
0.995151  0.0988658  0.0272485  
0.988042  0.154682  0.0532092  
0.976456  0.21618  0.0607748  
0.959824  0.281414  0.0703028  
0.937157  0.350581  0.0814449  
0.906512  0.422732  0.00122247  
0.847455  0.538277  0.332473  
0.840878  0.544639  0.369873  
0.707368  0.708698  0.340901  
0.641909  0.768394  0.099552  
0.211934  0.981265  0.266982  
0.125212  0.993185  0.174113  
0.102281  0.996117  0.128558  
0.0378034  0.999615  0.0451722  
0.9991  0.0444816  0.00985674  
0.995767  0.0941904  0.00493474  
0.989051  0.148342  0.120895  
0.978893  0.204486  0.00910162  
0.963816  0.267644  0.0533026  
0.943433  0.332855  0.228083  
0.917655  0.399378  0.287152  
0.882874  0.470351  0.0528623  
0.712595  0.702403  0.341447  
0.678111  0.736772  0.0608265  
0.61113  0.792516  0.0769496  
0.540087  0.84405  0.0577414  
0.237155  0.974161  0.320351  
0.215145  0.979446  0.273261  
0.143046  0.990807  0.186751  
0.0722072  0.997997  0.0917238  
0.999128  0.0434944  0.0424042  
0.990127  0.141156  0.0338387  
0.967457  0.254065  0.108332  
0.925939  0.378404  0.301326  
0.896457  0.445427  0.347756  
0.858561  0.514284  0.217335  
0.836262  0.554074  0.408796  
0.828984  0.561393  0.44615  
0.647367  0.762796  0.0750773  
0.582813  0.81356  0.402261  
0.515314  0.858632  0.206992  
0.282805  0.961254  0.37355  
0.244246  0.970951  0.33335  
2.43578  0.00179011  0.00353456  
0.999306  0.0405436  0.0401015  
0.996299  0.0865468  0.0424384  
0.991099  0.134446  0.0566108  
0.982559  0.186741  0.0224929  
0.970431  0.241692  0.0150599  
0.953916  0.301027  0.0671279  
0.932381  0.361995  0.0251728  
0.905681  0.425668  0.252425  
0.871971  0.490289  0.324386  
0.827194  0.567027  0.465709  
0.715455  0.699513  0.466556  
0.67845  0.735593  0.325786  
0.62044  0.786077  0.38015  
0.260113  0.967774  0.35563  
0.145898  0.99043  0.186068  
0.0791404  0.997619  0.100638  
0.999324  0.0387013  0.0220223  
0.996644  0.0828973  0.00672038  
0.991841  0.12939  0.0909615  
0.984038  0.17813  0.0284461  
0.973067  0.230717  0.0552448  
0.958287  0.28707  0.242913  
0.939193  0.344167  0.0882261  
0.91467  0.406054  0.1251  
0.884844  0.467785  0.427269  
0.849525  0.528261  0.307003  
0.822473  0.575815  0.496665  
0.725368  0.694518  0.527298  
0.651685  0.75978  0.367332  
0.594195  0.808068  0.29458  
0.364856  0.94138  0.459523  
0.333224  0.951067  0.422447  
0.200688  0.980646  0.272553  
0.0398061  0.999617  0.0444914  
0.999447  0.0385173  0.0343598  
0.996919  0.0798035  0.0583961  
0.992326  0.12383  0.0179414  
0.985523  0.170041  0.0610241  
0.975465  0.220527  0.080824  
0.944785  0.330419  0.035681  
0.922793  0.387032  0.11556  
0.863356  0.506154  0.339701  
0.82697  0.566196  0.485021  
0.804048  0.598466  0.565179  
0.681006  0.733739  0.487238  
0.626428  0.78214  0.475112  
0.567423  0.824433  0.173647  
0.510182  0.863378  0.193209  
0.376365  0.935027  0.492944  
0.33754  0.946593  0.433312  
0.304684  0.959076  0.392461  
0.22031  0.976856  0.285177  
0.999547  0.0350625  0.0271068  
0.993023  0.118784  0.12571  
0.977635  0.21101  0.0814903  
0.96518  0.261917  0.106679  
0.949518  0.314771  0.394363  
0.90467  0.427116  0.22  
0.874959  0.484818  0.40151  
0.840881  0.544186  0.504615  
0.656446  0.755576  0.436115  
0.543889  0.841255  0.229929  
0.392808  0.921993  0.510965  
0.316864  0.951229  0.413285  
0.262837  0.966224  0.357128  
0.209644  0.978023  0.275524  
0.14957  0.989482  0.231404  
0.117943  0.993666  0.184538  
0.997433  0.0736905  0.107907  
0.993588  0.113907  0.00921973  
0.987793  0.157488  0.162  
0.979351  0.203055  0.0968666  
0.967708  0.252284  0.354587  
0.953432  0.303096  0.2298  
0.935524  0.354898  0.298814  
0.91281  0.410459  0.535763  
0.886153  0.465215  0.321662  
0.854046  0.520856  0.537831  
0.819739  0.576511  0.63426  
0.785763  0.619308  0.63981  
0.734611  0.684626  0.662069  
0.682891  0.731719  0.66451  
0.632086  0.776474  0.288645  
0.578142  0.816835  0.276205  
0.521526  0.854561  0.281817  
0.428637  0.903947  0.59545  
0.355127  0.936681  0.49051  
0.302932  0.954345  0.429824  
0.247854  0.969897  0.370166  
0.202334  0.980425  0.291675  
0.156932  0.988263  0.262117  
0.10898  0.994745  0.195168  
0.999563  0.0320579  0.0453973  
0.997601  0.0702609  0.050197  
0.994075  0.10971  0.126685  
0.980937  0.195437  0.27367  
0.957419  0.291085  0.177672  
0.9406  0.341229  0.350259  
0.919855  0.393294  0.329628  
0.866055  0.500948  0.337619  
0.83399  0.554438  0.494835  
0.795038  0.609873  0.636491  
0.757778  0.661432  0.719265  
0.709526  0.706969  0.183856  
0.660005  0.752233  0.27676  
0.607604  0.795607  0.61803  
0.551739  0.834338  0.269591  
0.503278  0.86849  0.65403  
0.450211  0.896864  0.612458  
0.392332  0.921228  0.580862  
0.342029  0.940785  0.490274  
0.292242  0.956517  0.401651  
0.241185  0.971462  0.41601  
0.195548  0.981451  0.305638  
0.997925  0.0670233  0.0388458  
0.994334  0.106567  0.0415022  
0.9894  0.146035  0.0500204  
0.982225  0.187981  0.198402  
0.97253  0.233163  0.147443  
0.96067  0.278421  0.228001  
0.945439  0.327053  0.116328  
0.926252  0.378061  0.466618  
0.90309  0.429636  0.567488  
0.877666  0.481366  0.679026  
0.845133  0.534929  0.481223  
0.811872  0.58403  0.664261  
0.77335  0.636071  0.742539  
0.732785  0.684363  0.805872  
0.685614  0.728597  0.336233  
0.636658  0.772313  0.423796  
0.586668  0.811225  0.156984  
0.534072  0.846678  0.728086  
0.48031  0.877635  0.657192  
0.379348  0.92617  0.495968  
0.325477  0.947495  0.546217  
0.27893  0.961847  0.385528  
0.232898  0.973192  0.36567  
0.188362  0.982576  0.270436  
0.147154  0.989587  0.23199  
0.0631097  0.998647  0.0888125  
0.0316621  0.999926  0.0423713  
1.95277  0.00166024  0.00408662  
0.99793  0.0656795  0.0800211  
0.994781  0.102922  0.0680473  
0.990062  0.14133  0.0310036  
0.983706  0.181526  0.0478352  
0.963209  0.268924  0.0450922  
0.949183  0.316083  0.290418  
0.931891  0.363686  0.260701  
0.910777  0.414059  0.533384  
0.885971  0.464019  0.508946  
0.85839  0.513328  0.488326  
0.827263  0.563102  0.749738  
0.791568  0.614625  0.921406  
0.751143  0.661308  0.778644  
0.707769  0.706914  0.585876  
0.662391  0.750711  0.371454  
0.615589  0.789084  0.682825  
0.566184  0.825942  0.723682  
0.517158  0.857835  0.224335  
0.315754  0.951451  0.422723  
0.264369  0.964936  0.497266  
0.225768  0.974668  0.372864  
0.180715  0.983853  0.308243  
0.139885  0.990545  0.284923  
0.101162  0.995121  0.154384  
0.0310867  0.999879  0.0786128  
0.999727  0.029124  0.0158101  
0.998147  0.0621809  0.0226235  
0.995327  0.0993784  0.012004  
0.991152  0.134513  0.0278146  
0.984729  0.175435  0.168958  
0.976343  0.216407  0.0772718  
0.966128  0.25958  0.134142  
0.952939  0.303509  0.29369  
0.936892  0.350679  0.448382  
0.917991  0.39818  0.251959  
0.894599  0.447075  0.739476  
0.869128  0.495375  0.196143  
0.838906  0.544816  0.675459  
0.806803  0.592097  0.836802  
0.769085  0.640821  0.856754  
0.729817  0.685491  0.997741  
0.641116  0.76854  0.425225  
0.596526  0.805506  0.872308  
0.545689  0.839292  0.255896  
0.447519  0.894949  0.81087  
0.399377  0.920453  0.5792  
0.347952  0.937998  0.756113  
0.305097  0.952532  0.441528  
0.259142  0.966114  0.532337  
0.217103  0.976424  0.441378  
0.174786  0.985549  0.307345  
0.135424  0.991307  0.307089  
0.0977508  0.995701  0.22639  
0.0594881  0.998505  0.167723  
0.995467  0.0959174  0.135291  
0.991383  0.131543  0.0990983  
0.985658  0.170025  0.0270737  
0.978262  0.208326  0.0470934  
0.968334  0.250273  0.279887  
0.956244  0.292857  0.741753  
0.941519  0.33817  0.718443  
0.902761  0.431311  0.711075  
0.878613  0.478207  0.301973  
0.851492  0.525231  0.881547  
0.82143  0.57242  0.8133  
0.747941  0.664836  0.941775  
0.664771  0.747952  0.398294  
0.620298  0.785713  0.836717  
0.575294  0.818747  0.378431  
0.527537  0.851465  0.812851  
0.479957  0.878208  0.975296  
0.430565  0.903502  0.993389  
0.384877  0.923284  0.809118  
0.337251  0.941612  0.750242  
0.250902  0.96858  0.458703  
0.169905  0.985677  0.491981  
0.13225  0.991429  0.363247  
0.0941119  0.995816  0.227373  
0.0186043  1.00004  0.0238929  
0.998331  0.0584979  0.0286989  
0.995885  0.093313  0.0182935  
0.992077  0.127799  0.0147167  
0.986742  0.163833  0.017871  
0.979691  0.202062  0.0220996  
0.970653  0.241527  0.284372  
0.959351  0.284105  0.786437  
0.945514  0.32569  0.50206  
0.909384  0.416359  0.442078  
0.887354  0.461891  0.474146  
0.862154  0.507873  0.172314  
0.83393  0.55482  0.939334  
0.800243  0.599941  0.702126  
0.765817  0.644386  0.745192  
0.688233  0.726767  0.0272303  
0.645005  0.764728  0.47044  
0.601449  0.800187  0.528767  
0.555439  0.832057  0.712796  
0.507443  0.861901  0.749325  
0.463012  0.886859  0.743724  
0.417513  0.909334  0.804343  
0.370824  0.929046  0.908881  
0.326842  0.945281  0.861966  
0.283915  0.959098  0.746121  
0.242684  0.970363  0.474681  
0.200915  0.979736  0.581725  
0.164021  0.986652  0.378491  
0.128306  0.991896  0.400598  
0.0926736  0.995898  0.262293  
0.0244129  1.00003  0.0609615  
1.94715  0.000619293  0.00615293  
1  0.0194735  0.022222  
0.996193  0.0880653  0.130871  
0.987296  0.159068  0.213196  
0.980723  0.195619  0.100614  
0.962114  0.27396  0.878956  
0.915683  0.403054  0.325446  
0.871358  0.491149  0.340817  
0.844759  0.535609  0.775074  
0.814622  0.580338  0.954028  
0.780921  0.625658  0.921073  
0.745847  0.667743  0.920165  
0.666828  0.746266  0.795037  
0.624961  0.781084  0.863385  
0.582153  0.813677  0.739217  
0.53786  0.843822  0.928246  
0.492631  0.870465  0.695364  
0.402226  0.915877  0.757428  
0.358367  0.933652  0.743095  
0.31348  0.950084  0.875283  
0.274737  0.961764  0.882222  
0.234832  0.972231  0.469225  
0.194032  0.98119  0.475214  
0.156708  0.98799  0.386474  
0.121152  0.992786  0.453508  
0.0874884  0.996507  0.265527  
0.0581165  0.998642  0.221139  
0.998598  0.0552677  0.0291757  
0.996327  0.0874258  0.0351405  
0.992888  0.119712  0.0690896  
0.988497  0.152048  0.138464  
0.981924  0.18978  0.700339  
0.974203  0.226561  0.192779  
0.964602  0.266121  0.203808  
0.952646  0.305128  0.408914  
0.938095  0.346821  0.319225  
0.92116  0.38939  0.826834  
0.902282  0.432017  0.510134  
0.879761  0.476029  0.772873  
0.854451  0.519829  0.893804  
0.827934  0.56257  0.497719  
0.795957  0.606412  0.873793  
0.762533  0.648206  0.769138  
0.726448  0.689051  0.639882  
0.647911  0.761933  0.125291  
0.606075  0.796105  0.036457  
0.564145  0.827869  0.743248  
0.520075  0.854463  0.743396  
0.47627  0.880156  0.657228  
0.433509  0.901901  0.651976  
0.388751  0.921862  0.565417  
0.346614  0.938245  0.891893  
0.305496  0.9524  0.408856  
0.266393  0.964001  0.573413  
0.227559  0.974069  0.364521  
0.188015  0.98237  0.455722  
0.148412  0.989328  0.483201  
0.120423  0.993019  0.189052  
0.0567536  0.998661  0.252829  
0.996578  0.0851916  0.0554331  
0.993417  0.115307  0.157313  
0.988885  0.149429  0.205396  
0.983275  0.182922  0.182232  
0.97576  0.219077  0.0842529  
0.966662  0.257121  0.254786  
0.955376  0.2957  0.806512  
0.942182  0.335315  0.200978  
0.9266  0.376588  0.735083  
0.908232  0.418725  0.427851  
0.887907  0.460743  0.854017  
0.864071  0.503713  0.254428  
0.809101  0.588755  0.778202  
0.778305  0.628811  0.710296  
0.744147  0.669493  0.977079  
0.670016  0.743061  0.540689  
0.629376  0.777801  0.650278  
0.587858  0.809991  0.555943  
0.547765  0.83737  0.34821  
0.504562  0.864207  0.870341  
0.460331  0.888187  0.651978  
0.377496  0.926376  0.859833  
0.337081  0.942343  0.443357  
0.295252  0.955564  0.52538  
0.258013  0.966341  0.862981  
0.218028  0.976005  0.55576  
0.184336  0.982997  0.528936  
0.150092  0.988789  0.362607  
0.116788  0.993317  0.344728  
0.085746  0.99667  0.188155  
0.0554628  0.998663  0.225891  
0.99876  0.0513208  0.0459361  
0.993762  0.112945  0.0439457  
0.989496  0.145415  0.187895  
0.984002  0.17866  0.0810873  
0.97726  0.21286  0.0339629  
0.968756  0.248627  0.0573026  
0.958797  0.285326  0.846736  
0.945796  0.326087  0.348033  
0.931197  0.365517  0.996483  
0.914102  0.406059  0.529982  
0.89527  0.447433  0.602196  
0.873456  0.487914  0.79226  
0.849113  0.528418  0.830441  
0.821853  0.570191  0.612128  
0.792693  0.610782  0.995619  
0.760887  0.649711  0.93169  
0.726169  0.689372  0.813892  
0.689077  0.725673  0.600085  
0.65046  0.760435  0.225488  
0.572849  0.822387  0.645957  
0.531367  0.847748  0.825154  
0.487038  0.874094  0.984749  
0.406898  0.91404  0.711974  
0.364842  0.931365  0.636481  
0.325604  0.945868  0.507019  
0.286749  0.958246  0.825525  
0.250664  0.968492  0.899642  
0.213069  0.977161  0.555667  
0.179042  0.983989  0.351468  
0.14457  0.989778  0.433703  
0.109263  0.994293  0.512219  
0.0830056  0.996921  0.410297  
0.0538424  0.998864  0.304259  
0.026236  0.999877  0.188623  
0.994069  0.109795  0.0429763  
0.984976  0.173147  0.20739  
0.970636  0.2413  0.827348  
0.960634  0.27829  0.827431  
0.935534  0.353409  0.72588  
0.920087  0.392273  0.280797  
0.881448  0.474026  0.643162  
0.857882  0.514596  0.921434  
0.833368  0.554946  0.640066  
0.806022  0.593956  0.641462  
0.775366  0.632459  0.88019  
0.742261  0.671083  0.865083  
0.670646  0.742191  0.121354  
0.63187  0.775735  0.615861  
0.595055  0.805546  0.406592  
0.474599  0.88049  0.704448  
0.434871  0.901357  0.933842  
0.394169  0.920898  0.83718  
0.354109  0.935378  0.632567  
0.278117  0.961034  0.940594  
0.24316  0.970073  0.414523  
0.207045  0.978358  0.395821  
0.173826  0.984948  0.394931  
0.141434  0.990145  0.786527  
0.079913  0.997022  0.233078  
0.0513624  0.998925  0.253052  
0.0243677  0.999846  0.221638  
0.996997  0.0784262  0.61901  
0.994273  0.107292  0.100401  
0.990807  0.136857  0.0147108  
0.985992  0.167949  0.241534  
0.97984  0.201494  0.0169843  
0.972403  0.235277  0.042167  
0.963127  0.269586  0.724611  
0.952221  0.305574  0.751907  
0.939492  0.343054  0.798707  
0.924562  0.38143  0.706649  
0.907401  0.421058  0.714919  
0.888457  0.460068  0.877037  
0.867182  0.498665  0.19331  
0.843188  0.539002  0.589187  
0.815909  0.578955  0.970983  
0.78804  0.616414  0.972217  
0.757931  0.652933  0.975952  
0.690461  0.723829  0.304159  
0.654218  0.756973  0.366944  
0.616302  0.788357  0.1495  
0.57883  0.816043  0.563459  
0.539004  0.843618  0.471881  
0.50092  0.86642  0.98154  
0.422435  0.907322  0.905712  
0.38217  0.924234  0.81563  
0.342158  0.94041  0.838094  
0.268861  0.963527  0.933961  
0.2356  0.972016  0.750336  
0.160272  0.987381  0.483216  
0.137897  0.990507  0.438894  
0.106181  0.994444  0.510614  
0.0775932  0.997261  0.879415  
0.0185849  1.00011  0.055112  
0.998983  0.04716  0.748126  
0.997146  0.0761051  0.0339809  
0.991331  0.133656  0.862242  
0.973754  0.228261  0.774686  
0.964918  0.262946  0.334048  
0.95499  0.297432  0.0932215  
0.942893  0.33397  0.377953  
0.913413  0.408216  0.852675  
0.852685  0.523647  0.510642  
0.828058  0.561201  0.57535  
0.772346  0.637  0.936036  
0.741187  0.67266  0.730545  
0.673683  0.739794  0.753553  
0.637911  0.770765  0.420453  
0.560395  0.829178  0.831206  
0.524639  0.852094  0.924986  
0.484591  0.875075  0.658369  
0.407733  0.913259  0.611057  
0.334731  0.942795  0.693923  
0.262393  0.96524  0.397962  
0.228351  0.973692  0.486161  
0.196286  0.981163  0.806608  
0.164763  0.986546  0.915156  
0.10493  0.994602  0.507234  
0.0723319  0.99747  0.51535  
0.0501609  0.998823  0.791492  
0.0167554  0.999896  0.483067  
0.999761  0.0237778  0.756319  
0.997315  0.0746455  0.0155313  
0.995048  0.101388  0.727176  
0.991671  0.129854  0.680268  
0.981883  0.190238  0.829828  
0.97507  0.222176  0.958379  
0.967207  0.255661  0.798941  
0.957781  0.288034  0.778116  
0.94644  0.324007  0.854519  
0.933149  0.35981  0.310647  
0.917996  0.397158  0.298744  
0.90127  0.434528  0.235436  
0.882145  0.471247  0.36017  
0.861553  0.509798  0.974578  
0.837776  0.546863  0.698215  
0.812307  0.583778  0.979943  
0.78517  0.620775  0.92794  
0.75677  0.656431  0.946234  
0.724608  0.691117  0.669394  
0.691276  0.723509  0.460394  
0.656339  0.756236  0.686094  
0.622174  0.784592  0.538923  
0.587765  0.809574  0.785726  
0.511072  0.860787  0.80034  
0.472364  0.881818  0.639924  
0.398277  0.917926  0.667526  
0.361889  0.932499  0.886342  
0.290611  0.95697  0.676223  
0.256622  0.966917  0.658033  
0.223105  0.975001  0.571622  
0.1911  0.981823  0.576697  
0.13027  0.99155  0.815063  
0.101496  0.995039  0.217353  
0.0745583  0.997424  0.766625  
0.0467914  0.999066  0.508982  
0.0208538  0.999836  0.771917  
1.56487  0.000494632  0.035382  
0.999799  0.0217032  0.735313  
0.995303  0.0985203  0.93926  
0.987976  0.154929  0.1372  
0.982927  0.18574  0.152378  
0.959955  0.28093  0.269726  
0.949594  0.314684  0.696502  
0.937284  0.34993  0.261805  
0.923084  0.385874  0.348606  
0.889591  0.457658  0.54089  
0.847182  0.532027  0.622974  
0.823604  0.569436  0.961249  
0.796882  0.605  0.877714  
0.770527  0.639468  0.680703  
0.740696  0.673654  0.810347  
0.709004  0.706753  0.392063  
0.674718  0.738926  0.395284  
0.570341  0.823328  0.275791  
0.496785  0.868167  0.727088  
0.459058  0.888499  0.639262  
0.423419  0.907821  0.77696  
0.386074  0.922703  0.769404  
0.350341  0.937143  0.541248  
0.280535  0.959944  0.598916  
0.248768  0.968801  0.686022  
0.186152  0.982815  0.798667  
0.147106  0.98952  0.396994  
0.12599  0.992466  0.965295  
0.097432  0.9955  0.258054  
