0.897918  0.364464  
0.89792  0.364459  
0.897932  0.364452  
0.897925  0.364454  
0.849386  0.46739  
0.849387  0.467389  
0.849367  0.467408  
0.849385  0.467393  
0.752377  0.504445  
0.752376  0.504445  
0.752332  0.504484  
0.752339  0.504477  
0.752356  0.504467  
0.752345  0.50447  
0.584277  0.613267  
0.584288  0.613256  
0.584272  0.613272  
0.512956  0.685085  
0.434909  0.747823  
0.340278  0.787783  
0.263652  0.852586  
0.208952  0.947148  
0.208915  0.947207  
0.134808  1.01617  
0.0644859  1.08869  
0.000120553  1.1692  
0.000150909  1.16896  
0.000171875  1.16859  
3.82671e-005  1.33354  
