1  1.22125e-015  
0.95022  0.0502195  
0.95022  0.0502316  
0.900502  0.10048  
0.900502  0.100513  
0.900502  0.100513  
0.900502  0.10053  
0.85032  0.150301  
0.850317  0.150322  
0.850317  0.150321  
0.850317  0.150321  
0.800341  0.20036  
0.750114  0.250107  
0.750114  0.250107  
0.750113  0.250107  
0.750113  0.250111  
0.700258  0.300243  
0.700257  0.300248  
0.700257  0.300259  
0.650543  0.35051  
0.650542  0.350517  
0.600545  0.400512  
0.600545  0.400521  
0.550641  0.450603  
0.550641  0.450637  
0.500722  0.500683  
0.500721  0.500712  
0.450693  0.550652  
0.450693  0.550656  
0.400672  0.600631  
0.350655  0.650614  
0.350648  0.650652  
0.350648  0.650676  
0.300215  0.700202  
0.300213  0.700223  
0.250259  0.750244  
0.250229  0.750244  
0.200307  0.800296  
0.200305  0.800325  
0.150574  0.850549  
0.150561  0.850577  
0.101124  0.901055  
0.101123  0.901118  
0.0508383  0.950808  
0.050834  0.950818  
2.97141e-019  1  
