0.984469  0.287245  
0.98447  0.287245  
0.984469  0.287245  
0.984469  0.287245  
0.984469  0.287245  
0.984466  0.287245  
0.974867  0.292622  
0.966652  0.298307  
0.959985  0.305225  
0.959126  0.308952  
0.906486  0.347226  
0.897379  0.349206  
0.890034  0.354432  
0.880103  0.361493  
0.878388  0.369195  
0.824734  0.405804  
0.819435  0.406056  
0.81184  0.410677  
0.805778  0.416484  
0.798648  0.421903  
0.797422  0.426719  
0.742719  0.464056  
0.739222  0.464504  
0.731896  0.470417  
0.723854  0.474583  
0.718341  0.480528  
0.716852  0.487922  
0.716852  0.487922  
0.660924  0.522431  
0.660924  0.522431  
0.653229  0.526317  
0.646474  0.530352  
0.639092  0.535936  
0.635622  0.54311  
0.579108  0.581308  
0.579108  0.581308  
0.579108  0.581308  
0.579108  0.581308  
0.571707  0.586052  
0.564307  0.590828  
0.557679  0.59605  
0.554708  0.601463  
0.554706  0.601463  
0.499555  0.640173  
0.499554  0.640173  
0.49318  0.643114  
0.485102  0.647584  
0.481039  0.652418  
0.475733  0.658624  
0.473953  0.660347  
0.473998  0.660345  
0.418464  0.698831  
0.418466  0.69883  
0.418444  0.698832  
0.417653  0.698879  
0.41088  0.702495  
0.40376  0.706699  
0.399287  0.710626  
0.39346  0.716847  
0.392857  0.719818  
0.335773  0.757705  
0.33577  0.757706  
0.330761  0.759893  
0.324541  0.765684  
0.31952  0.767943  
0.313303  0.773833  
0.312048  0.778846  
0.258402  0.816724  
0.257899  0.81674  
0.25815  0.816732  
0.256893  0.816773  
0.250794  0.820142  
0.243187  0.823656  
0.239189  0.830308  
0.233764  0.830815  
0.231091  0.837501  
0.175833  0.875067  
0.171427  0.876208  
0.166276  0.879202  
0.158967  0.885458  
0.155841  0.889367  
0.150724  0.893889  
0.150043  0.896661  
0.0940482  0.93383  
0.0920532  0.934503  
0.0868128  0.938068  
0.0795775  0.942773  
0.0753753  0.945402  
0.0712967  0.95241  
0.0140662  0.992788  
0.0140672  0.992788  
0.00994828  0.994498  
0.00484127  0.996543  
1.42847e-011  1  
