0.99981  9.52201e-005  
0.990045  0.00499079  
0.987058  0.00649217  
0.84999  0.0780508  
0.84789  0.0791907  
0.839962  0.0835092  
0.832013  0.0878547  
0.824291  0.0920977  
0.81667  0.0963023  
0.809026  0.100541  
0.801745  0.104598  
0.798644  0.106331  
0.798644  0.106331  
0.798644  0.106331  
0.798644  0.106331  
0.798644  0.106331  
0.665814  0.184026  
0.665814  0.184026  
0.660223  0.18746  
0.654196  0.191177  
0.648168  0.194911  
0.642282  0.198586  
0.636402  0.202256  
0.630522  0.205946  
0.624736  0.209621  
0.61892  0.213285  
0.613246  0.2169  
0.612241  0.217542  
0.612241  0.217541  
0.612243  0.217541  
0.61224  0.217542  
0.61224  0.217542  
0.612241  0.217542  
0.612245  0.217539  
0.612243  0.217541  
0.483839  0.304415  
0.483839  0.304415  
0.483839  0.304415  
0.483839  0.304415  
0.48384  0.304414  
0.483125  0.304928  
0.478343  0.308377  
0.473561  0.311842  
0.468911  0.315244  
0.46423  0.318656  
0.459539  0.322108  
0.454924  0.32552  
0.450299  0.328957  
0.445728  0.332371  
0.441221  0.335771  
0.436723  0.339152  
0.432118  0.342644  
0.428508  0.345395  
0.428508  0.345395  
0.428508  0.345395  
0.428508  0.345395  
0.428508  0.345395  
0.428508  0.345395  
0.428508  0.345395  
0.305595  0.447194  
0.305595  0.447194  
0.305595  0.447194  
0.305595  0.447194  
0.305595  0.447194  
0.305595  0.447194  
0.305595  0.447194  
0.305595  0.447194  
0.305595  0.447194  
0.305595  0.447194  
0.305595  0.447194  
0.3025  0.45  
0.298598  0.453559  
0.294687  0.45715  
0.290793  0.460748  
0.286919  0.464352  
0.283046  0.46798  
0.279199  0.47161  
0.275352  0.475265  
0.271512  0.478933  
0.267689  0.482616  
0.263877  0.486312  
0.260079  0.490021  
0.256232  0.493808  
0.252505  0.497503  
0.24905  0.50095  
0.24905  0.50095  
0.24905  0.50095  
0.134302  0.633528  
0.134302  0.633528  
0.134302  0.633528  
0.134302  0.633528  
0.134302  0.633528  
0.134302  0.633528  
0.134302  0.633528  
0.134302  0.633528  
0.134302  0.633528  
0.134302  0.633528  
0.134302  0.633528  
0.134302  0.633528  
0.134302  0.633528  
0.134302  0.633528  
0.134302  0.633528  
0.134302  0.633528  
0.131328  0.637609  
0.127726  0.642612  
0.12411  0.647707  
0.120475  0.652909  
0.116833  0.658192  
0.113189  0.663564  
0.109542  0.669029  
0.105885  0.674601  
0.102214  0.680291  
0.0985621  0.686054  
0.0948898  0.691959  
0.0912007  0.698006  
0.0875203  0.704162  
0.0837927  0.710532  
0.0800199  0.717123  
0.0791735  0.718622  
5.89449e-016  1.04462  
5.82783e-016  1.04462  
5.9062e-016  1.04462  
5.86189e-016  1.04462  
