0.822864  1.3727  
0.822864  1.3727  
0.822864  1.3727  
0.822864  1.3727  
0.822864  1.3727  
0.822864  1.3727  
0.822864  1.3727  
0.822864  1.3727  
0.822864  1.3727  
0.822864  1.3727  
0.82084  1.37989  
0.815018  1.39639  
0.807733  1.41537  
0.801958  1.43128  
0.794677  1.45287  
0.788479  1.46861  
0.781395  1.48849  
0.77452  1.5086  
0.768083  1.52561  
0.761772  1.54628  
0.754392  1.56411  
0.747331  1.58411  
0.739985  1.60532  
0.733395  1.62564  
0.725863  1.64576  
0.718312  1.66476  
0.710458  1.68732  
0.702963  1.70771  
0.69583  1.72807  
0.687734  1.7514  
0.682481  1.7662  
0.682481  1.7662  
0.682481  1.76617  
0.682481  1.7662  
0.682481  1.7662  
0.478799  2.33767  
0.470992  2.36437  
0.460207  2.39396  
0.448881  2.42578  
0.437824  2.45423  
0.426373  2.48751  
0.414952  2.51846  
0.403892  2.54965  
0.392954  2.58016  
0.381339  2.61304  
0.369344  2.64994  
0.356933  2.68482  
0.345253  2.72015  
0.333056  2.75522  
0.327599  2.77636  
0.327599  2.77636  
0.134476  3.31296  
0.134476  3.31296  
0.134476  3.31296  
0.134476  3.31296  
0.134476  3.31296  
0.1195  3.3576  
0.103138  3.40465  
0.0865955  3.45059  
0.0683925  3.50351  
0.0530122  3.54915  
0.0345643  3.59988  
0.015782  3.6568  
3.93286e-005  3.70301  
