12.6522  0.292709  
9.46997  0.292918  
7.40288  0.292992  
6.73431  0.293955  
5.42508  0.294228  
5.17433  0.294694  
3.81106  0.294729  
3.67655  0.294896  
1.75454  0.294911  
0.927746  0.29497  
0.492815  0.294994  
0.461628  0.295317  
0.472721  0.295193  
0.465402  0.295256  
0.458016  0.296307  
0.457896  0.297055  
0.45669  0.297618  
0.455361  0.298321  
0.45524  0.298336  
0.45435  0.299462  
0.453852  0.299533  
0.452836  0.30089  
0.451307  0.302324  
0.451233  0.30256  
0.451098  0.303227  
0.449537  0.30398  
0.44945  0.304144  
0.448709  0.304657  
0.448378  0.304983  
0.447849  0.305683  
0.447302  0.30599  
0.446739  0.306552  
0.446244  0.30717  
0.446155  0.307311  
0.445307  0.308181  
0.444981  0.308608  
0.444411  0.309366  
0.444357  0.309594  
0.444071  0.309687  
0.443504  0.310478  
0.442958  0.31089  
0.442467  0.311286  
0.441794  0.311833  
0.441638  0.312192  
0.440948  0.313198  
0.440152  0.313556  
0.439812  0.314145  
0.439503  0.314608  
0.438776  0.315498  
0.438456  0.315666  
0.43773  0.316584  
0.437536  0.316763  
0.43702  0.317236  
0.436386  0.317817  
0.436304  0.317961  
0.435806  0.318753  
0.435235  0.31922  
0.434979  0.31974  
0.434327  0.320312  
0.434006  0.320604  
0.433478  0.321409  
0.432988  0.321908  
0.432379  0.322362  
0.432094  0.322716  
0.431837  0.323288  
0.431163  0.323802  
0.430894  0.324386  
0.430223  0.324898  
0.429912  0.325489  
0.429533  0.325876  
0.429264  0.326442  
0.428686  0.326778  
0.428237  0.327221  
0.427898  0.327928  
0.427365  0.328436  
0.426921  0.328958  
0.426453  0.329349  
0.42589  0.329962  
0.425615  0.330171  
0.425092  0.330784  
0.424651  0.331444  
0.424144  0.331907  
0.423644  0.332445  
0.423263  0.332997  
0.422848  0.333597  
0.422564  0.334005  
0.421933  0.334371  
0.421569  0.334936  
0.421158  0.335517  
0.420716  0.335985  
0.420212  0.336522  
0.419625  0.33719  
0.419408  0.338164  
0.418994  0.338233  
0.418418  0.338778  
0.418039  0.339132  
0.417053  0.340044  
0.416817  0.340803  
0.416186  0.341204  
0.415907  0.342155  
0.415262  0.34237  
0.41489  0.343132  
0.414468  0.343133  
0.414042  0.343752  
0.413445  0.344439  
0.413096  0.344772  
0.412795  0.345226  
0.412142  0.345989  
0.411833  0.346438  
0.411235  0.347128  
0.410824  0.347347  
0.410382  0.34812  
0.410029  0.348428  
0.409574  0.349224  
0.409108  0.349763  
0.408712  0.350206  
0.408019  0.350979  
0.407838  0.351438  
0.407239  0.352041  
0.406772  0.352456  
0.406168  0.353035  
0.405575  0.353594  
0.405125  0.354297  
0.404868  0.35484  
0.404507  0.355404  
0.404095  0.35545  
0.403631  0.356041  
0.403053  0.357087  
0.402774  0.357248  
0.402329  0.357886  
0.401784  0.358299  
0.401218  0.359157  
0.40098  0.35937  
0.40051  0.359953  
0.400021  0.360479  
0.39956  0.360901  
0.398895  0.361642  
0.398359  0.362334  
0.397947  0.362554  
0.397692  0.363009  
0.397224  0.363855  
0.396872  0.364405  
0.396428  0.364806  
0.39567  0.365458  
0.395498  0.365724  
0.394934  0.36646  
0.394465  0.366965  
0.394074  0.367487  
0.393485  0.367971  
0.39313  0.368613  
0.392732  0.369097  
0.392203  0.369629  
0.391588  0.370238  
0.391065  0.370947  
0.39065  0.371621  
0.3903  0.3722  
0.389938  0.372569  
0.389163  0.373278  
0.388982  0.373533  
0.388508  0.374122  
0.387937  0.374963  
0.387628  0.375742  
0.3871  0.376168  
0.386528  0.376614  
0.385888  0.377185  
0.385635  0.377701  
0.385249  0.378242  
0.384879  0.378444  
0.384449  0.379036  
0.383894  0.379879  
0.383212  0.380705  
0.382849  0.381359  
0.382556  0.381537  
0.382117  0.382006  
0.381634  0.382645  
0.380985  0.383448  
0.380702  0.383874  
0.380201  0.384345  
0.379729  0.385258  
0.379385  0.385431  
0.37887  0.386066  
0.378368  0.386622  
0.37785  0.387348  
0.377398  0.387952  
0.377025  0.388358  
0.376544  0.388966  
0.375977  0.389495  
0.375649  0.390096  
0.375101  0.390723  
0.374564  0.391505  
0.37393  0.392091  
0.373719  0.392493  
0.373296  0.393168  
0.372806  0.393546  
0.372138  0.394557  
0.371824  0.394785  
0.371342  0.395582  
0.370904  0.396057  
0.370438  0.396707  
0.369922  0.397518  
0.369535  0.398005  
0.369075  0.39835  
0.368388  0.399073  
0.368047  0.39947  
0.367461  0.400559  
0.367121  0.401033  
0.366578  0.401475  
0.366088  0.402566  
0.365464  0.403416  
0.365099  0.40344  
0.364742  0.404154  
0.364179  0.40471  
0.363691  0.405421  
0.363174  0.405737  
0.362675  0.406354  
0.362334  0.406793  
0.361925  0.407605  
0.361299  0.408154  
0.360874  0.40888  
0.360461  0.409277  
0.359821  0.41018  
0.35933  0.410852  
0.358715  0.41167  
0.358542  0.412214  
0.358043  0.412467  
0.357561  0.413096  
0.356868  0.414095  
0.356485  0.414651  
0.355653  0.415543  
0.355148  0.416426  
0.354689  0.417072  
0.354049  0.41803  
0.353409  0.418408  
0.353194  0.418921  
0.35269  0.419804  
0.352203  0.420465  
0.351763  0.420617  
0.351245  0.421288  
0.350777  0.421973  
0.350154  0.422447  
0.349659  0.423327  
0.349325  0.423701  
0.348824  0.424487  
0.347975  0.425413  
0.347814  0.42568  
0.347213  0.426505  
0.346742  0.427109  
0.346325  0.427393  
0.345888  0.428091  
0.345297  0.428809  
0.344895  0.429685  
0.344394  0.429965  
0.343503  0.431864  
0.342948  0.433031  
0.342809  0.433501  
0.342425  0.435566  
0.341685  0.528634  
0.341528  0.535425  
