1.9186  0.12559  
1.22988  0.125904  
1.13536  0.12612  
1.03987  0.126304  
1.00062  0.126887  
0.999885  0.128166  
0.991081  0.135026  
0.9821  0.156888  
0.968513  0.164832  
0.951991  0.189516  
0.951304  0.194921  
0.922728  0.203592  
0.901233  0.228363  
0.900138  0.231308  
0.885765  0.23975  
0.880946  0.246467  
0.878801  0.249515  
0.875571  0.260229  
0.874909  0.261334  
0.86277  0.270348  
0.858974  0.27569  
0.854861  0.278438  
0.848276  0.279947  
0.841382  0.287793  
0.823969  0.302861  
0.820468  0.308548  
0.799415  0.326282  
0.790579  0.33756  
0.785627  0.346463  
0.784146  0.352151  
0.76866  0.358058  
0.768355  0.360427  
0.751691  0.37508  
0.748932  0.380554  
0.748346  0.394686  
0.73127  0.398431  
0.724384  0.401723  
0.720891  0.405529  
0.713776  0.412108  
0.712184  0.413822  
0.710794  0.428076  
0.710493  0.428317  
0.703177  0.43097  
0.687301  0.439211  
0.675405  0.451501  
0.667275  0.458699  
0.666634  0.460381  
0.653119  0.472803  
0.650845  0.475124  
0.649453  0.476794  
0.642987  0.482934  
0.62607  0.485306  
0.613882  0.485306  
0.58957  0.485306  
0.578419  0.485306  
0.543489  0.485306  
0.538044  0.485306  
0.526897  0.486923  
0.526665  0.489719  
0.514783  0.495303  
0.512365  0.495898  
0.509151  0.497163  
0.5079  0.500305  
0.505647  0.50113  
0.501969  0.501725  
0.499101  0.50488  
0.496931  0.505415  
0.495244  0.507389  
0.492589  0.509395  
0.491887  0.510386  
0.483774  0.518523  
0.476481  0.525706  
0.474935  0.526841  
0.473426  0.528553  
0.471835  0.530519  
0.470095  0.531581  
0.468465  0.533341  
0.461401  0.540906  
0.452288  0.549568  
0.45074  0.551493  
0.449072  0.553274  
0.447422  0.554116  
0.446199  0.555655  
0.445171  0.556176  
0.443147  0.557647  
0.44236  0.559009  
0.437774  0.563902  
0.436086  0.566768  
0.434788  0.56805  
0.433533  0.569578  
0.432072  0.571614  
0.429534  0.572262  
0.428842  0.573887  
0.4269  0.576399  
0.423546  0.580118  
0.421304  0.582908  
0.41871  0.584612  
0.416414  0.585599  
0.416098  0.586308  
0.414024  0.590076  
0.412643  0.591194  
0.410928  0.591307  
0.408725  0.593206  
0.407377  0.59541  
0.405343  0.597241  
0.404408  0.598097  
0.403966  0.59948  
0.401775  0.601169  
0.399202  0.602358  
0.398192  0.603666  
0.396214  0.605121  
0.395689  0.605754  
0.395171  0.609045  
0.392007  0.610765  
0.391756  0.611674  
0.390331  0.61304  
0.387023  0.615111  
0.386887  0.615263  
0.384049  0.616362  
0.37628  0.626627  
0.374119  0.628663  
0.371655  0.630543  
0.371438  0.631662  
0.369343  0.634597  
0.367877  0.635121  
0.365478  0.637652  
0.365165  0.637715  
0.362547  0.639215  
0.357073  0.644238  
0.355352  0.646739  
0.354027  0.647313  
0.353423  0.65007  
0.35084  0.651805  
0.349443  0.652271  
0.347947  0.65414  
0.345189  0.657034  
0.34286  0.658193  
0.34224  0.659544  
0.340676  0.66133  
0.3398  0.662381  
0.337738  0.664834  
0.335345  0.667104  
0.335137  0.667794  
0.329175  0.672127  
0.328781  0.673779  
0.3278  0.675582  
0.325639  0.678549  
0.318826  0.683612  
0.317838  0.684141  
0.316416  0.686232  
0.315266  0.687855  
0.314426  0.68864  
0.309596  0.693808  
0.3071  0.69561  
0.30075  0.701093  
0.29914  0.7028  
0.298835  0.703262  
0.296503  0.70511  
0.295645  0.705746  
0.293714  0.708051  
0.292354  0.708974  
0.291502  0.7113  
0.289459  0.71317  
0.288335  0.714463  
0.2867  0.715415  
0.284826  0.717941  
0.283924  0.719015  
0.282325  0.719646  
0.280984  0.723566  
0.27882  0.723655  
0.277237  0.723914  
0.274817  0.726255  
0.274546  0.727345  
0.272777  0.728582  
0.271065  0.731007  
0.269873  0.732095  
0.269546  0.734771  
0.266473  0.73703  
0.26419  0.739835  
0.262816  0.740541  
0.261552  0.741468  
0.258714  0.742645  
0.258351  0.743512  
0.256205  0.747156  
0.255952  0.747702  
0.254455  0.748427  
0.252274  0.751096  
0.250709  0.751877  
0.249932  0.752444  
0.249007  0.754084  
0.242548  0.759817  
0.242129  0.760315  
0.242107  0.765233  
0.239335  0.767094  
0.234904  0.769391  
0.233999  0.770241  
0.232398  0.773057  
0.230814  0.774211  
0.229627  0.776293  
0.228014  0.777928  
0.226265  0.778812  
0.22457  0.779664  
0.220448  0.782444  
0.220401  0.784046  
0.218424  0.785185  
0.218335  0.785902  
0.211112  0.791112  
0.21034  0.791201  
0.209291  0.791994  
0.207378  0.794589  
0.206469  0.794964  
0.20486  0.798339  
0.202673  0.798668  
0.201677  0.799384  
0.198715  0.802219  
0.196945  0.804574  
0.196213  0.806311  
0.196087  0.807847  
0.192207  0.808837  
0.190653  0.81054  
0.189845  0.812129  
0.18821  0.814539  
0.1868  0.816226  
0.185717  0.817722  
0.183599  0.819637  
0.181763  0.820769  
0.181121  0.822147  
0.179447  0.82393  
0.17825  0.82534  
0.175808  0.826232  
0.175076  0.827368  
0.172342  0.828742  
0.171508  0.830601  
0.170214  0.831904  
0.169846  0.834047  
0.165686  0.835841  
0.163683  0.837059  
0.161445  0.839535  
0.160765  0.840447  
0.159554  0.841859  
0.157074  0.843762  
0.156357  0.845442  
0.154987  0.845908  
0.153831  0.848926  
0.15243  0.849335  
0.150283  0.850695  
0.149018  0.852204  
0.147616  0.852838  
0.14549  0.856231  
0.144807  0.856432  
0.143337  0.857411  
0.141727  0.860161  
0.139968  0.861674  
0.138508  0.86259  
0.137683  0.864079  
0.135907  0.866274  
0.134154  0.868159  
0.132778  0.868462  
0.131458  0.869423  
0.129152  0.872063  
0.128273  0.872906  
0.126655  0.875053  
0.124843  0.876  
0.123759  0.877551  
0.122197  0.878693  
0.121007  0.881906  
0.119113  0.883339  
0.11735  0.884802  
0.11561  0.884972  
0.114748  0.887485  
0.11368  0.889529  
0.111321  0.891139  
0.110763  0.891781  
0.109156  0.893214  
0.106583  0.894685  
0.105889  0.895835  
0.104682  0.897774  
0.103111  0.897998  
0.101073  0.901481  
0.100031  0.901563  
0.0985393  0.90453  
0.0973772  0.905792  
0.09575  0.906786  
0.0939794  0.908261  
0.0924612  0.911283  
0.0908556  0.912526  
0.0891998  0.912785  
0.086753  0.916253  
0.0843809  0.917317  
0.0837267  0.918488  
0.0817539  0.920768  
0.0793034  0.923026  
0.0775278  0.924582  
0.0753811  0.926414  
0.0748188  0.928326  
0.0733479  0.92931  
0.070354  0.930985  
0.0688821  0.934681  
0.0653731  0.938651  
0.0644562  0.939391  
0.0619334  0.942189  
0.0607273  0.9435  
0.0600053  0.945292  
0.058481  0.945535  
0.0568121  0.946674  
0.0554036  0.94878  
0.052432  0.950207  
0.0501268  0.952238  
0.0496935  0.954934  
0.0463485  0.956903  
0.0441809  0.958214  
0.042698  0.958384  
0.0416643  0.959207  
0.0403049  0.964006  
0.0390271  0.966752  
0.0371991  0.967149  
0.0345668  0.96749  
0.0324553  0.970633  
0.0314468  0.971778  
0.029994  0.973846  
0.0280974  0.974205  
0.0268973  0.975136  
0.0252255  0.977318  
0.022931  0.978132  
0.022382  0.979792  
0.0211482  0.980297  
0.0190022  0.982345  
0.0181062  0.98324  
0.0150087  0.987156  
0.0127685  0.988777  
0.0115824  0.990724  
0.0106098  0.991997  
0.00866414  0.994316  
0.00714325  0.995619  
0.00577316  0.996962  
0.00298479  0.998774  
0.000510523  1.01426  
0.000279761  1.02716  
