1  1.22125e-015  
0.950359  0.0503442  
0.950359  0.0503735  
0.900339  0.100329  
0.850356  0.150337  
0.850356  0.150342  
0.800419  0.200394  
0.800416  0.200441  
0.800416  0.200442  
0.750309  0.250302  
0.750306  0.250302  
0.70024  0.300233  
0.700239  0.300233  
0.700235  0.300235  
0.700234  0.300238  
0.700236  0.300235  
0.650192  0.350181  
0.650192  0.350181  
0.650191  0.350193  
0.650192  0.350184  
0.650191  0.35019  
0.650192  0.350183  
0.600278  0.400264  
0.600265  0.40028  
0.550498  0.45052  
0.55049  0.450522  
0.500301  0.500311  
0.500294  0.500313  
0.450316  0.550309  
0.450314  0.55031  
0.400132  0.600126  
0.400125  0.600132  
0.350219  0.650215  
0.300076  0.700071  
0.300072  0.700076  
0.250194  0.750182  
0.250188  0.750189  
0.200402  0.80038  
0.200396  0.800405  
0.150621  0.850586  
0.150622  0.850586  
0.150602  0.850637  
0.100912  0.90086  
0.100906  0.900934  
0.0515049  0.951413  
0.0515028  0.951413  
0.0515048  0.951413  
0.0514724  0.951514  
7.94212e-020  1  
