1.13166  0.127903  
1.08063  0.128038  
1.0004  0.129009  
1.00034  0.130197  
0.997442  0.131413  
0.993159  0.133978  
0.99247  0.135238  
0.989204  0.137099  
0.98838  0.139437  
0.985488  0.140691  
0.984768  0.142265  
0.982096  0.143865  
0.979682  0.145941  
0.978147  0.147731  
0.976807  0.149432  
0.97504  0.150515  
0.97318  0.152903  
0.972491  0.153992  
0.970742  0.154781  
0.969141  0.157371  
0.966508  0.159547  
0.964635  0.161091  
0.963584  0.16205  
0.962068  0.163826  
0.960003  0.166248  
0.957661  0.167787  
0.957167  0.168551  
0.954691  0.170997  
0.953262  0.172808  
0.951084  0.174692  
0.949444  0.176226  
0.948513  0.177562  
0.946553  0.179281  
0.944845  0.181271  
0.942988  0.182665  
0.941482  0.184496  
0.939802  0.186177  
0.93769  0.188005  
0.9366  0.189615  
0.93505  0.190292  
0.933761  0.192608  
0.931757  0.194428  
0.929126  0.196197  
0.928092  0.19802  
0.925516  0.199787  
0.924265  0.201204  
0.923105  0.202869  
0.921233  0.204755  
0.919172  0.20603  
0.917401  0.208151  
0.916201  0.209774  
0.914723  0.211256  
0.912697  0.213263  
0.911377  0.214393  
0.909726  0.216223  
0.908656  0.217489  
0.906258  0.219685  
0.904641  0.221576  
0.903022  0.223059  
0.90074  0.224796  
0.899989  0.226097  
0.898009  0.22758  
0.896237  0.229934  
0.894354  0.231432  
0.893345  0.233103  
0.891335  0.234635  
0.890383  0.235231  
0.888051  0.237952  
0.885852  0.239398  
0.885031  0.241093  
0.882556  0.242873  
0.881175  0.2452  
0.879682  0.246569  
0.877168  0.248437  
0.875528  0.250116  
0.87382  0.251797  
0.872754  0.253354  
0.871745  0.255228  
0.870446  0.255999  
0.867693  0.258503  
0.866248  0.260213  
0.864929  0.261928  
0.862921  0.263298  
0.860561  0.265066  
0.859506  0.265923  
0.857574  0.268636  
0.855885  0.269935  
0.854544  0.271389  
0.852718  0.272986  
0.850652  0.274827  
0.849071  0.276483  
0.847829  0.278017  
0.846399  0.280442  
0.843942  0.282022  
0.841835  0.283674  
0.840177  0.285338  
0.838959  0.287019  
0.83733  0.28795  
0.836088  0.290137  
0.833358  0.292183  
0.832586  0.293076  
0.830995  0.295097  
0.829668  0.295782  
0.827077  0.298521  
0.825847  0.300146  
0.824229  0.301675  
0.821862  0.303631  
0.820614  0.305157  
0.819476  0.306389  
0.816979  0.308916  
0.815292  0.310412  
0.814054  0.31216  
0.812187  0.313921  
0.810756  0.315321  
0.808706  0.317157  
0.806578  0.319154  
0.806129  0.320249  
0.803997  0.322354  
0.802976  0.323588  
0.801884  0.325816  
0.799735  0.327066  
0.798036  0.329185  
0.796266  0.330698  
0.794865  0.332202  
0.792646  0.334115  
0.792129  0.336134  
0.790206  0.337115  
0.788497  0.339322  
0.786324  0.340645  
0.785134  0.342612  
0.783739  0.343686  
0.780876  0.345144  
0.778865  0.347447  
0.777395  0.349097  
0.775856  0.350776  
0.774739  0.352003  
0.772584  0.35419  
0.770688  0.355898  
0.768594  0.357513  
0.767654  0.359583  
0.76611  0.360942  
0.763302  0.362885  
0.762228  0.364275  
0.760898  0.365771  
0.758986  0.367165  
0.757037  0.369307  
0.75583  0.370794  
0.753611  0.372613  
0.751669  0.374127  
0.749743  0.375966  
0.748457  0.377166  
0.746793  0.379445  
0.744604  0.38066  
0.74309  0.382606  
0.741549  0.384201  
0.739525  0.386002  
0.73823  0.387441  
0.736934  0.389386  
0.734732  0.390724  
0.732982  0.392633  
0.731591  0.393883  
0.729988  0.395847  
0.72802  0.397602  
0.726667  0.399143  
0.724752  0.40095  
0.723187  0.402474  
0.721241  0.404353  
0.719909  0.406023  
0.718494  0.407681  
0.71666  0.409463  
0.715499  0.411208  
0.713892  0.412995  
0.711903  0.414399  
0.710113  0.415781  
0.708716  0.417305  
0.70689  0.419354  
0.704626  0.421213  
0.703626  0.423126  
0.702178  0.424218  
0.699923  0.426131  
0.697989  0.42803  
0.69631  0.429435  
0.695084  0.431414  
0.693089  0.432733  
0.691526  0.43469  
0.689983  0.435834  
0.688526  0.437443  
0.686741  0.439507  
0.685056  0.441303  
0.683389  0.442312  
0.680962  0.444553  
0.679221  0.446106  
0.677593  0.447978  
0.675661  0.449679  
0.674339  0.451151  
0.672828  0.452817  
0.67156  0.454689  
0.669291  0.455949  
0.668272  0.457993  
0.666147  0.459784  
0.664163  0.461256  
0.662861  0.462838  
0.661674  0.46383  
0.659205  0.466495  
0.658042  0.468311  
0.656391  0.47004  
0.65426  0.471185  
0.652955  0.472904  
0.650979  0.474903  
0.649401  0.476699  
0.647986  0.478266  
0.645671  0.479967  
0.644508  0.481421  
0.643064  0.483285  
0.641087  0.484413  
0.639389  0.486578  
0.638853  0.48774  
0.636937  0.490038  
0.63496  0.49154  
0.633587  0.493579  
0.631525  0.495981  
0.629481  0.497237  
0.578357  0.497241  
0.569862  0.497244  
0.562435  0.497299  
0.558678  0.497301  
0.547233  0.497301  
0.538465  0.497302  
0.532873  0.497303  
0.528709  0.497304  
0.523666  0.497304  
0.521718  0.497305  
0.516401  0.497306  
0.514468  0.497307  
0.508797  0.497308  
0.508039  0.497664  
0.506951  0.49941  
0.502957  0.50038  
0.500573  0.500444  
0.499801  0.500444  
0.498318  0.502538  
0.497613  0.504381  
0.495764  0.505673  
0.495137  0.506321  
0.492574  0.508827  
0.491848  0.510455  
0.490095  0.511786  
0.48741  0.513977  
0.486288  0.516888  
0.484498  0.518243  
0.483102  0.519579  
0.481297  0.52052  
0.479334  0.521437  
0.477074  0.523483  
0.476511  0.524716  
0.475308  0.526829  
0.473457  0.528026  
0.471811  0.529961  
0.471045  0.530329  
0.469319  0.532393  
0.466967  0.53395  
0.465939  0.535132  
0.464578  0.536144  
0.463718  0.538001  
0.462186  0.538912  
0.460097  0.540539  
0.458868  0.541843  
0.4577  0.543665  
0.45589  0.545798  
0.454916  0.547598  
0.45335  0.548278  
0.451984  0.550019  
0.450156  0.551891  
0.449396  0.553967  
0.44783  0.555473  
0.446328  0.55616  
0.444848  0.559038  
0.443775  0.559846  
0.442659  0.561617  
0.439864  0.561936  
0.438164  0.563955  
0.437143  0.565856  
0.435344  0.567181  
0.435263  0.568208  
0.433346  0.569522  
0.43245  0.571242  
0.429843  0.572778  
0.429286  0.574634  
0.427523  0.576713  
0.424053  0.578543  
0.422617  0.579906  
0.421606  0.580545  
0.420818  0.582983  
0.417616  0.585085  
0.416897  0.586185  
0.416269  0.588235  
0.413231  0.588912  
0.410555  0.59315  
0.409751  0.593255  
0.408328  0.593819  
0.406735  0.595236  
0.4058  0.598516  
0.402176  0.599793  
0.401665  0.599976  
0.401124  0.601087  
0.400079  0.604092  
0.396057  0.605515  
0.393248  0.608026  
0.391454  0.609406  
0.390012  0.610776  
0.387996  0.613326  
0.387237  0.614261  
0.385622  0.616719  
0.383831  0.618292  
0.382701  0.619712  
0.381861  0.619928  
0.380255  0.622168  
0.378634  0.624801  
0.377856  0.626838  
0.376322  0.62765  
0.373412  0.629627  
0.373063  0.629985  
0.370379  0.631514  
0.367045  0.635059  
0.366497  0.637388  
0.362526  0.638986  
0.361668  0.642012  
0.360433  0.643896  
0.357634  0.645757  
0.357006  0.646902  
0.35544  0.648484  
0.353302  0.649333  
0.352281  0.650864  
0.350112  0.651722  
0.349105  0.653209  
0.347473  0.654593  
0.345423  0.655663  
0.343388  0.658113  
0.339259  0.662293  
0.33818  0.663024  
0.337211  0.663599  
0.336478  0.665943  
0.333049  0.668879  
0.332553  0.669136  
0.331116  0.669827  
0.329336  0.670987  
0.32852  0.674049  
0.326191  0.675396  
0.325367  0.676415  
0.323894  0.676948  
0.32242  0.680144  
0.319944  0.681197  
0.318842  0.682295  
0.31783  0.683427  
0.316267  0.685338  
0.315123  0.687616  
0.313515  0.688626  
0.311991  0.689438  
0.310609  0.690658  
0.309312  0.691657  
0.307635  0.694298  
0.305277  0.695298  
0.304148  0.696988  
0.303155  0.698052  
0.301473  0.699683  
0.300152  0.701305  
0.298977  0.703264  
0.297529  0.703481  
0.296149  0.706079  
0.29469  0.707692  
0.29255  0.709145  
0.291786  0.711031  
0.290514  0.711761  
0.288988  0.71462  
0.287184  0.715638  
0.285559  0.716618  
0.284411  0.718633  
0.282667  0.720063  
0.28103  0.722321  
0.280132  0.72243  
0.277362  0.724351  
0.275968  0.727042  
0.274453  0.729009  
0.273428  0.731088  
0.271544  0.733063  
0.270222  0.734287  
0.267706  0.735728  
0.266337  0.737608  
0.265738  0.738819  
0.264109  0.740124  
0.262389  0.741331  
0.261257  0.741817  
0.259584  0.743428  
0.256354  0.74669  
0.253751  0.748955  
0.253343  0.751441  
0.250755  0.757174  
0.249575  0.757549  
0.248094  0.759365  
0.247303  0.760593  
0.246102  0.763247  
0.241817  0.764396  
0.240787  0.764441  
0.236312  0.768033  
0.232878  0.772384  
0.232667  0.772688  
0.23199  0.77607  
0.230473  0.778505  
0.227033  0.781493  
0.225734  0.783597  
0.223179  0.786382  
0.220778  0.788644  
0.216851  0.789341  
0.214934  0.791448  
0.212875  0.793077  
0.2096  0.794128  
0.207726  0.79601  
0.203319  0.798607  
0.201212  0.801233  
0.199933  0.801742  
0.197488  0.805603  
0.194899  0.807579  
0.19311  0.807897  
0.19095  0.811478  
0.189545  0.813222  
0.188292  0.814202  
0.187341  0.814938  
0.185539  0.81503  
0.183939  0.817798  
0.181101  0.819951  
0.180024  0.822549  
0.178057  0.823443  
0.176966  0.82529  
0.175266  0.826542  
0.1733  0.82843  
0.171742  0.829339  
0.170172  0.830724  
0.168933  0.832522  
0.167009  0.834516  
0.166397  0.834552  
0.164578  0.836944  
0.163175  0.838537  
0.162418  0.838997  
0.160648  0.84092  
0.158106  0.843412  
0.157835  0.844489  
0.154728  0.846557  
0.15299  0.847951  
0.150398  0.850636  
0.149535  0.851333  
0.148355  0.852533  
0.146915  0.854191  
0.145478  0.85569  
0.144609  0.857726  
0.142942  0.858921  
0.141256  0.860239  
0.139936  0.861931  
0.137657  0.863355  
0.136829  0.864331  
0.135159  0.86557  
0.13312  0.867424  
0.132524  0.868232  
0.130871  0.870543  
0.12927  0.871723  
0.12808  0.873677  
0.125797  0.875648  
0.125372  0.876619  
0.123716  0.878875  
0.122082  0.879372  
0.12064  0.881458  
0.119502  0.882228  
0.117097  0.883927  
0.116525  0.886116  
0.11524  0.88692  
0.113379  0.889333  
0.111354  0.890031  
0.110615  0.891877  
0.109174  0.89277  
0.107216  0.893756  
0.105549  0.895961  
0.105026  0.898415  
0.103379  0.899204  
0.101036  0.901079  
0.098052  0.90389  
0.0975896  0.905131  
0.0950615  0.909686  
0.0923227  0.910464  
0.0888821  0.91285  
0.0863726  0.915395  
0.0853763  0.916343  
0.0842197  0.916775  
0.0828323  0.919696  
0.0810191  0.921152  
0.079499  0.922545  
0.0783578  0.923825  
0.0765906  0.9262  
0.0747548  0.926695  
0.0739051  0.929844  
0.0727862  0.929949  
0.070465  0.932779  
0.0691672  0.933104  
0.0677939  0.934449  
0.0662576  0.936349  
0.0653986  0.937682  
0.0620739  0.940108  
0.0601293  0.941405  
0.0593894  0.944004  
0.0578293  0.944836  
0.0560726  0.946711  
0.0543215  0.947232  
0.0519436  0.949733  
0.0498661  0.954146  
0.0476945  0.954647  
0.0474782  0.955097  
0.043919  0.958513  
0.0419395  0.962069  
0.0382362  0.96465  
0.0360906  0.96577  
0.0340403  0.966985  
0.0327267  0.969038  
0.0296089  0.972962  
0.0277933  0.975177  
0.0261917  0.9777  
0.024612  0.978807  
0.0227125  0.979785  
0.0222735  0.980098  
0.020777  0.981257  
0.0189549  0.98229  
0.0174729  0.984958  
0.0157037  0.98669  
0.0132874  0.987735  
0.0107714  0.991313  
0.00868588  0.993419  
0.00649999  0.995639  
0.00531809  0.998858  
0.00450154  1.00079  
0.00199387  1.0074  
0.000990841  1.00873  
0.000469277  1.02156  
