1.13272  0.732071  0.000178999  
2.38602  0.00028606  0.000218585  
0.000320129  1.77272  0.000103207  
0.707679  0.708605  0.00943502  
2.37582  0.000319436  0.000231983  
0.8969  0.447685  0.0218757  
0.010383  0.999891  0.0240184  
0.950149  0.314856  0.0220931  
2.3519  0.000363293  0.000254134  
0.972783  0.241361  0.0238025  
0.867014  0.501646  0.00627784  
0.554953  0.833042  0.0320367  
0.0140191  0.99988  0.0252607  
0.000622837  1.70165  7.13242e-005  
0.981634  0.196506  0.0194155  
0.895193  0.447102  0.0430209  
0.0133892  0.998972  0.0515041  
0.00686001  0.999747  0.0260354  
0.988299  0.160955  0.0202163  
0.930087  0.371055  0.0353389  
0.866669  0.502168  0.0686141  
0.600227  0.800293  0.0541559  
0.990333  0.141319  0.0137499  
0.707814  0.70846  0.0772029  
0.513072  0.859478  0.0582553  
2.30577  0.000482445  0.000322013  
0.993404  0.124173  0.0171972  
0.963069  0.272321  0.0491011  
0.866051  0.505048  0.0962318  
0.624759  0.781854  0.0149431  
0.0218684  0.996664  0.084218  
0.0198792  0.998619  0.0559372  
0.994532  0.108386  0.00907828  
0.972648  0.241825  0.0359569  
0.92078  0.393665  0.0201902  
0.0210927  0.996508  0.0879331  
0.0131692  0.998467  0.0575016  
0.99567  0.0908812  0.0271352  
0.977761  0.216392  0.0318448  
0.937692  0.348986  0.0364421  
0.868541  0.496612  0.079446  
0.705496  0.707353  0.125575  
0.641963  0.765574  0.0798926  
0.500948  0.862367  0.0883353  
0.015073  0.996114  0.0898454  
0.996562  0.08343  0.0177146  
0.980492  0.189902  0.0592102  
0.948946  0.31518  0.0815207  
0.861639  0.493072  0.132294  
0.580429  0.806443  0.125286  
0.0168476  0.99286  0.122637  
0.0174165  0.996001  0.0934036  
0.00340985  0.999745  0.0310463  
0.996856  0.0824449  0.0293756  
0.983641  0.176638  0.0480017  
0.958098  0.285339  0.0847951  
0.915749  0.405344  0.0433331  
0.701035  0.700845  0.153468  
0.647372  0.758367  0.130553  
0.527821  0.846403  0.120868  
0.0195466  0.992572  0.127668  
0.0163738  0.995755  0.0949469  
0.0155801  0.998128  0.0636909  
0.0113807  0.999623  0.0322181  
0.99744  0.0756689  0.0245407  
0.986369  0.163276  0.0408509  
0.965962  0.260904  0.0900485  
0.927102  0.365143  0.121852  
0.870106  0.476012  0.138928  
0.860231  0.494754  0.163199  
0.591978  0.796365  0.141138  
0.499626  0.860902  0.123423  
0.019308  0.991936  0.130739  
0.0156612  0.995292  0.0986063  
0.00983343  0.999609  0.0324727  
0.997641  0.0697731  0.0176194  
0.987967  0.147822  0.0560307  
0.968116  0.241107  0.0945648  
0.935763  0.336743  0.12078  
0.889898  0.445192  0.112712  
0.649959  0.747172  0.171734  
0.54656  0.828229  0.16636  
0.0281461  0.986444  0.170112  
0.0247678  0.99516  0.101105  
0.998278  0.0648017  0.0212762  
0.989971  0.14042  0.0612199  
0.972137  0.220468  0.0968751  
0.943696  0.312543  0.12553  
0.902367  0.410901  0.148389  
0.858496  0.489381  0.183126  
0.854321  0.487653  0.2018  
0.609072  0.781486  0.177307  
0.497776  0.851423  0.17681  
0.0341953  0.98549  0.174493  
0.0239003  0.994637  0.106591  
0.0134335  0.997682  0.0712029  
0.00865479  0.999584  0.0345732  
0.998408  0.0585281  0.0108082  
0.990743  0.128123  0.063234  
0.975139  0.208303  0.0973505  
0.952319  0.280372  0.130412  
0.915122  0.375834  0.157513  
0.867495  0.470501  0.185105  
0.658222  0.736843  0.190865  
0.56956  0.810383  0.196875  
0.497487  0.85726  0.15821  
0.0347897  0.984189  0.180975  
0.0135353  0.989916  0.146667  
0.0193324  0.994225  0.110344  
0.00325726  0.997527  0.072486  
0.0148133  0.99952  0.0368292  
0.991567  0.117153  0.0674556  
0.977055  0.195157  0.093948  
0.955338  0.26889  0.145087  
0.92249  0.355131  0.175516  
0.883031  0.425842  0.202634  
0.839873  0.483726  0.257892  
0.699879  0.700621  0.241408  
0.606485  0.773005  0.221493  
0.531595  0.83769  0.192494  
0.0181997  0.975567  0.223118  
0.0112375  0.982977  0.188142  
0.032702  0.988981  0.151923  
0.00642291  0.993935  0.11399  
0.0136815  0.997303  0.0758769  
0.998798  0.0554847  0.0245225  
0.991715  0.107221  0.0779485  
0.979029  0.183479  0.100642  
0.958371  0.252545  0.142815  
0.931462  0.331605  0.185113  
0.891803  0.407531  0.207957  
0.846822  0.484488  0.232115  
0.699677  0.697788  0.279777  
0.650204  0.73202  0.239144  
0.576994  0.794432  0.252115  
0.492601  0.847747  0.21245  
0.0344261  0.973966  0.23298  
0.0281765  0.981572  0.196189  
0.0312283  0.98812  0.156838  
0.0113486  0.993362  0.117601  
0.0160962  0.997022  0.0792364  
0.0118431  0.999367  0.0389114  
0.999065  0.049445  0.0267343  
0.980022  0.170064  0.110775  
0.962654  0.239024  0.159219  
0.933596  0.309529  0.193661  
0.900163  0.386719  0.222164  
0.857995  0.460517  0.23882  
0.83805  0.489943  0.272365  
0.832  0.484883  0.302067  
0.684251  0.690405  0.285842  
0.617862  0.742505  0.270611  
0.542312  0.801437  0.271378  
0.0295467  0.971508  0.241447  
0.0265388  0.97972  0.204128  
0.0230937  0.987645  0.162638  
0.0264106  0.992975  0.121765  
0.0129615  0.996695  0.08257  
0.992794  0.0903702  0.0841166  
0.980357  0.161269  0.127253  
0.963451  0.221929  0.164744  
0.939155  0.286125  0.2027  
0.906061  0.360498  0.235472  
0.871828  0.428101  0.245993  
0.837628  0.473128  0.28747  
0.828104  0.483335  0.320009  
0.678554  0.682033  0.316825  
0.654879  0.7194  0.289538  
0.574684  0.774377  0.28659  
0.506917  0.825687  0.259132  
0.0599232  0.959499  0.291718  
0.0277364  0.96832  0.251244  
0.0261536  0.978123  0.210012  
0.0321917  0.986055  0.170579  
0.010395  0.992425  0.128969  
0.0100275  0.999198  0.0422451  
0.998535  0.0428967  0.0451883  
0.981758  0.153209  0.12248  
0.965671  0.209263  0.168248  
0.941313  0.27444  0.212535  
0.913909  0.326284  0.246478  
0.878177  0.40844  0.265998  
0.836023  0.471226  0.301419  
0.819698  0.474034  0.334945  
0.662805  0.67222  0.358831  
0.662515  0.682017  0.339716  
0.605113  0.739967  0.333347  
0.549264  0.790122  0.31118  
0.481965  0.830169  0.292321  
0.0358262  0.95452  0.301821  
0.0273107  0.965589  0.261783  
0.023613  0.976176  0.220183  
0.0206039  0.98509  0.178346  
0.0195551  0.991425  0.133781  
0.0103799  0.999023  0.0454215  
0.992218  0.0866411  0.0943514  
0.980884  0.146639  0.137548  
0.96555  0.193102  0.182959  
0.944914  0.262777  0.213863  
0.914718  0.321465  0.254237  
0.877542  0.386608  0.293759  
0.844157  0.448704  0.315149  
0.818611  0.474617  0.350734  
0.807573  0.466543  0.38285  
0.657517  0.665349  0.381211  
0.634437  0.687514  0.365527  
0.57943  0.744866  0.352776  
0.517619  0.806058  0.316565  
0.039913  0.95033  0.315494  
0.0462427  0.963009  0.27409  
0.0501199  0.974772  0.229488  
0.0389933  0.983335  0.187262  
0.980969  0.133025  0.1452  
0.944942  0.236855  0.233932  
0.917467  0.299764  0.266494  
0.888512  0.362106  0.30966  
0.84986  0.421055  0.331896  
0.813673  0.474788  0.360635  
0.801277  0.461699  0.396935  
0.647456  0.648258  0.423865  
0.646882  0.663622  0.392637  
0.605184  0.709469  0.38921  
0.545618  0.762341  0.356704  
0.478722  0.80983  0.36229  
0.0383908  0.930408  0.37184  
0.038639  0.944497  0.330593  
0.0496829  0.960099  0.287255  
0.034105  0.981533  0.196228  
0.0279056  0.989574  0.147705  
0.0128644  0.99545  0.0978164  
0.998624  0.0344843  0.0486668  
0.992181  0.0851078  0.100706  
0.965922  0.179986  0.195057  
0.943916  0.230409  0.239372  
0.917534  0.286234  0.284767  
0.888782  0.336682  0.320714  
0.857163  0.401997  0.34865  
0.814408  0.458775  0.372905  
0.795409  0.45966  0.40513  
0.783682  0.460662  0.453876  
0.611316  0.680094  0.425313  
0.572274  0.726396  0.400808  
0.509111  0.773694  0.395659  
0.469729  0.802796  0.392727  
0.0410695  0.924056  0.387694  
0.0299367  0.940224  0.343326  
0.029087  0.967664  0.254319  
0.0244994  0.979425  0.205042  
0.0240359  0.98858  0.155045  
0.034127  0.995037  0.104798  
0.992055  0.0787561  0.108972  
0.980443  0.125866  0.162676  
0.964207  0.173808  0.207179  
0.94354  0.224304  0.252357  
0.914521  0.272111  0.303452  
0.888169  0.322426  0.336178  
0.854888  0.371321  0.374044  
0.821955  0.432616  0.405661  
0.788738  0.45574  0.4235  
0.770398  0.448421  0.465589  
0.628878  0.628458  0.488903  
0.638044  0.639215  0.455321  
0.582793  0.693305  0.437204  
0.538293  0.727179  0.443519  
0.48189  0.780554  0.434391  
0.463714  0.792329  0.41057  
0.0249773  0.915447  0.405566  
0.038366  0.933431  0.361035  
0.0406517  0.964491  0.267906  
0.0358323  0.987354  0.164489  
0.00435133  0.998776  0.0533951  
0.991739  0.0675688  0.115669  
0.981095  0.113569  0.165445  
0.96136  0.16397  0.224173  
0.942633  0.202412  0.276365  
0.917484  0.258899  0.313261  
0.885328  0.307532  0.363005  
0.852234  0.346793  0.398224  
0.816892  0.400658  0.434057  
0.775959  0.448821  0.456021  
0.762666  0.437165  0.486948  
0.750087  0.436752  0.508075  
0.618914  0.618974  0.503804  
0.596055  0.646206  0.487393  
0.557511  0.693826  0.463296  
0.505286  0.739783  0.477557  
0.465027  0.779412  0.458353  
0.0354571  0.887042  0.466216  
0.0335969  0.907514  0.424435  
0.046722  0.927979  0.381784  
0.0583316  0.961196  0.28265  
0.0434258  0.974912  0.228799  
0.0268174  0.98559  0.173233  
0.0189905  0.993532  0.115944  
0.998244  0.0309586  0.0597289  
0.991473  0.0685796  0.117441  
0.978607  0.106826  0.181708  
0.960324  0.154675  0.239866  
0.938524  0.191612  0.292524  
0.91192  0.244424  0.339346  
0.882999  0.292455  0.377293  
0.848288  0.325824  0.421343  
0.816723  0.377301  0.458054  
0.775257  0.41805  0.482454  
0.733176  0.42681  0.546894  
0.596655  0.59806  0.558944  
0.609393  0.609999  0.521035  
0.569422  0.643994  0.524383  
0.514127  0.701818  0.516669  
0.476  0.735086  0.507275  
0.452434  0.76092  0.496866  
0.0453819  0.874346  0.487473  
0.0216391  0.897896  0.441966  
0.0216938  0.919695  0.397939  
0.0332408  0.937564  0.34968  
0.0277053  0.956003  0.297685  
0.0505475  0.972052  0.239735  
0.0298319  0.984043  0.183683  
0.997976  0.0296889  0.0643047  
0.991095  0.0356554  0.131541  
0.976231  0.106787  0.193991  
0.958002  0.142616  0.252155  
0.933425  0.186281  0.309985  
0.906182  0.235971  0.356106  
0.877097  0.274658  0.399619  
0.845187  0.299301  0.44791  
0.809961  0.351128  0.481248  
0.768666  0.399267  0.505268  
0.73779  0.435018  0.539933  
0.717819  0.403738  0.580776  
0.706935  0.402201  0.604727  
0.584902  0.589144  0.570971  
0.574444  0.603966  0.571074  
0.535665  0.646075  0.563587  
0.491006  0.689484  0.557186  
0.436016  0.732425  0.54386  
0.0411517  0.860494  0.514998  
0.0364271  0.88538  0.469979  
0.0680194  0.952012  0.31449  
0.0309411  0.981654  0.195869  
0.02077  0.991801  0.132339  
0.00962557  0.997858  0.0661926  
0.989831  0.0621925  0.133108  
0.975642  0.093177  0.2043  
0.954049  0.143005  0.266333  
0.932223  0.165669  0.325701  
0.901295  0.223146  0.385077  
0.871423  0.249916  0.430883  
0.833908  0.299631  0.476648  
0.802256  0.342875  0.503709  
0.762992  0.368318  0.537319  
0.7263  0.405296  0.56839  
0.679225  0.39854  0.630279  
0.549621  0.562446  0.631996  
0.56442  0.576567  0.614048  
0.539686  0.607622  0.605378  
0.497631  0.651052  0.599825  
0.451107  0.694981  0.59067  
0.430391  0.718297  0.57313  
0.0177246  0.81962  0.580165  
0.0559865  0.843316  0.543079  
0.0513703  0.869885  0.496934  
0.0244577  0.896304  0.446507  
0.0702834  0.922048  0.394381  
0.0394403  0.94273  0.336037  
0.0306396  0.978883  0.207874  
0.0196671  0.990546  0.139096  
0.00418339  0.997705  0.0703564  
2.45698  0.000256718  0.000201929  
0.997205  0.0241592  0.0740229  
0.987855  0.0549229  0.15108  
0.973285  0.0973201  0.217234  
0.950376  0.131506  0.292356  
0.92566  0.173609  0.347328  
0.890233  0.205593  0.411915  
0.858691  0.239018  0.459666  
0.825885  0.283031  0.502555  
0.785704  0.318231  0.54208  
0.747099  0.352068  0.573004  
0.716213  0.39099  0.592972  
0.66297  0.399952  0.665053  
0.635883  0.36487  0.689047  
0.53217  0.542147  0.667017  
0.532291  0.569462  0.657789  
0.49846  0.605747  0.649916  
0.428453  0.645591  0.646373  
0.417066  0.679169  0.634146  
0.403672  0.688294  0.614546  
0.0407264  0.796046  0.612078  
0.0537001  0.825128  0.570844  
0.0217444  0.856107  0.526574  
0.0517515  0.883854  0.47588  
0.050259  0.910912  0.420472  
0.0504139  0.935229  0.359299  
0.0398231  0.957744  0.294303  
0.0322686  0.989306  0.151055  
2.48686  0.000196385  0.000592076  
0.996487  0.0292163  0.0830859  
0.9866  0.0508786  0.161625  
0.96993  0.0733694  0.241486  
0.944644  0.12978  0.312144  
0.912763  0.164422  0.379068  
0.880281  0.203812  0.431739  
0.845376  0.224999  0.490129  
0.808467  0.263888  0.537904  
0.77088  0.292442  0.574936  
0.732964  0.316903  0.612215  
0.696756  0.354969  0.632416  
0.613534  0.362339  0.717647  
0.500107  0.49917  0.728635  
0.520251  0.523912  0.689636  
0.491543  0.557971  0.69904  
0.46239  0.577591  0.686084  
0.41747  0.627259  0.681634  
0.389782  0.65407  0.662738  
0.387579  0.644414  0.676668  
0.0631895  0.773418  0.637669  
0.0805261  0.806736  0.599808  
0.0820565  0.834895  0.557238  
0.0374202  0.867153  0.501978  
0.0239842  0.926768  0.385511  
0.996146  0.0291693  0.0870497  
0.984095  0.0426659  0.17692  
0.964207  0.0834972  0.261241  
0.938033  0.106525  0.340675  
0.904493  0.133957  0.406095  
0.86955  0.190941  0.468682  
0.831007  0.210685  0.530143  
0.785622  0.251708  0.570576  
0.751327  0.273784  0.609495  
0.709804  0.29597  0.648781  
0.671177  0.328375  0.669593  
0.586693  0.337509  0.748002  
0.563995  0.315396  0.771279  
0.474917  0.488416  0.753866  
0.463941  0.511346  0.733536  
0.454164  0.528894  0.736143  
0.393078  0.577633  0.724005  
0.392288  0.604641  0.720338  
0.376845  0.585165  0.734081  
0.125281  0.743291  0.683922  
0.0552652  0.779249  0.632059  
0.0424325  0.812791  0.589008  
0.0229832  0.849217  0.537229  
0.0481935  0.882174  0.476806  
0.0502331  0.912758  0.414179  
0.0444186  0.942211  0.337869  
0.0389377  0.985256  0.177104  
0.00784538  0.996235  0.0880315  
2.47378  0.000114149  0.00105258  
0.995675  0.0288381  0.0972171  
0.980159  0.04664  0.193958  
0.957253  0.0720997  0.282405  
0.927301  0.0956209  0.369859  
0.88776  0.153279  0.437633  
0.846168  0.170167  0.507167  
0.807242  0.19994  0.563984  
0.764115  0.226073  0.608458  
0.722786  0.239238  0.654752  
0.685678  0.256565  0.690209  
0.641229  0.296362  0.711329  
0.606216  0.334293  0.73191  
0.578988  0.350491  0.757196  
0.55043  0.327415  0.78012  
0.533867  0.311999  0.797181  
0.428351  0.450671  0.804413  
0.4506  0.461477  0.775043  
0.432653  0.468602  0.781487  
0.408126  0.496513  0.7767  
0.366252  0.545206  0.766664  
0.349855  0.566  0.75481  
0.0741977  0.751818  0.670944  
0.0730312  0.784364  0.626283  
0.0655256  0.822633  0.576539  
0.0371804  0.861476  0.515253  
0.018491  0.930727  0.371743  
0.0328754  0.960002  0.287969  
0.994698  0.0210476  0.103213  
0.976866  0.0410872  0.21689  
0.948933  0.0756834  0.314503  
0.91347  0.0771532  0.405427  
0.868324  0.124923  0.483276  
0.826124  0.160237  0.55035  
0.782294  0.191526  0.607934  
0.736858  0.201779  0.655568  
0.69476  0.235016  0.69089  
0.65173  0.255203  0.718404  
0.610714  0.261536  0.754533  
0.578985  0.287852  0.77599  
0.544478  0.300588  0.791778  
0.517462  0.306608  0.810644  
0.497166  0.301364  0.833487  
0.474222  0.259171  0.846183  
0.453899  0.260948  0.856424  
0.391027  0.442653  0.833723  
0.38583  0.455743  0.825335  
0.361132  0.489439  0.809713  
0.350172  0.52258  0.80375  
0.336263  0.540966  0.793664  
0.255975  0.613489  0.835295  
0.0999247  0.653014  0.794668  
0.0345425  0.835127  0.553762  
0.050286  0.879366  0.485363  
0.0210819  0.977568  0.216011  
0.993505  0.026548  0.114006  
0.971335  0.0360298  0.239211  
0.93584  0.0543277  0.348996  
0.89243  0.0951628  0.444368  
0.844999  0.121084  0.526837  
0.798536  0.157156  0.587811  
0.747718  0.161966  0.650597  
0.699812  0.189209  0.693338  
0.656628  0.190334  0.737178  
0.616009  0.224529  0.767762  
0.572256  0.249002  0.790196  
0.54027  0.268975  0.810424  
0.50374  0.285884  0.828546  
0.476807  0.268595  0.841599  
0.455169  0.25866  0.854681  
0.432488  0.248213  0.869342  
0.410609  0.237887  0.883889  
0.370677  0.367144  0.886029  
0.311981  0.401679  0.8809  
0.301278  0.429982  0.870417  
0.282777  0.579413  0.887596  
0.0996063  0.714573  0.71549  
0.0376183  0.852229  0.527279  
0.991598  0.0263343  0.129748  
0.963827  0.0394679  0.267019  
0.918096  0.0619873  0.392754  
0.869476  0.0633282  0.497231  
0.811486  0.100569  0.580646  
0.757493  0.124774  0.648734  
0.701976  0.14518  0.69935  
0.651256  0.163083  0.74712  
0.610115  0.183275  0.783696  
0.566335  0.186623  0.810087  
0.529403  0.194522  0.832855  
0.477131  0.237267  0.848397  
0.46052  0.246777  0.859602  
0.386075  0.227024  0.896923  
0.374598  0.221383  0.906222  
0.355068  0.192037  0.916966  
0.339391  0.182216  0.924455  
0.284222  0.376019  0.908519  
0.302273  0.376191  0.896108  
0.281532  0.348865  0.92748  
0.26234  0.332058  0.948354  
0.227181  0.585116  0.928796  
0.209789  0.633475  0.858701  
0.132997  0.670819  0.755092  
0.136982  0.768846  0.653364  
0.0829177  0.817154  0.585648  
0.0807586  0.925634  0.387654  
0.017283  0.991325  0.138161  
0.95061  0.0483241  0.310532  
0.895472  0.0672674  0.443838  
0.832796  0.0743656  0.555332  
0.768944  0.0999727  0.643261  
0.704529  0.115393  0.70478  
0.643724  0.140138  0.755169  
0.598291  0.131413  0.792982  
0.547336  0.131881  0.82844  
0.505946  0.181318  0.85213  
0.469512  0.181692  0.868778  
0.437902  0.185307  0.884265  
0.394769  0.212035  0.896838  
0.384438  0.22253  0.899894  
0.365202  0.213845  0.912344  
0.344833  0.19591  0.923838  
0.324629  0.183611  0.932212  
0.312572  0.177865  0.937575  
0.296594  0.178111  0.94232  
0.283742  0.153503  0.948087  
0.258476  0.350424  0.941118  
0.248655  0.325175  0.955823  
0.23836  0.245687  0.960713  
0.227469  0.442421  0.96278  
0.21386  0.219167  0.968899  
0.203806  0.23407  0.971746  
0.160045  0.64296  0.910953  
0.123158  0.64733  0.84332  
0.138393  0.660681  0.775361  
0.0419246  0.952896  0.315253  
0.0190321  0.988237  0.157505  
2.42729  0.000128183  0.00203818  
0.996865  0.0247547  0.0770937  
0.927869  0.0440232  0.371568  
0.866322  0.0638592  0.497548  
0.781532  0.0684318  0.625892  
0.702706  0.0832507  0.707653  
0.643164  0.100735  0.770376  
0.579214  0.118053  0.808564  
0.528005  0.134621  0.845979  
0.484586  0.117843  0.872753  
0.443426  0.135653  0.887492  
0.412221  0.149112  0.907674  
0.378756  0.150628  0.914883  
0.34843  0.169367  0.924984  
0.330474  0.183011  0.928963  
0.293552  0.180524  0.945112  
0.277289  0.162124  0.951382  
0.264965  0.166085  0.956395  
0.251993  0.148681  0.959596  
0.240839  0.137712  0.963325  
0.230606  0.11852  0.967418  
0.197157  0.240886  0.972006  
0.191096  0.321669  0.976049  
0.185429  0.188542  0.977351  
0.180445  0.344598  0.977424  
0.174409  0.101356  0.980965  
0.168025  0.102478  0.983347  
0.161443  0.0817953  0.984269  
0.157632  0.0972429  0.985384  
0.06634  0.659429  0.779845  
0.0354029  0.787643  0.630015  
0.0535718  0.861924  0.514919  
0.0105124  0.983694  0.19611  
0.90971  0.0422494  0.414666  
0.821638  0.0638948  0.571876  
0.707785  0.0504238  0.706866  
0.623195  0.0580517  0.783116  
0.557067  0.0961418  0.831924  
0.484701  0.101105  0.874155  
0.445349  0.0858579  0.892126  
0.400948  0.10424  0.912449  
0.370933  0.108028  0.927511  
0.33728  0.118119  0.935899  
0.313947  0.107189  0.944145  
0.291661  0.139481  0.951116  
0.267121  0.128074  0.957602  
0.240985  0.141246  0.962281  
0.225389  0.119836  0.968625  
0.214098  0.121105  0.970324  
0.203808  0.11463  0.973957  
0.193923  0.104057  0.976651  
0.175203  0.100316  0.981283  
0.16847  0.188636  0.982709  
0.156441  0.0980649  0.985351  
0.151142  0.0749259  0.987401  
0.144313  0.0806657  0.987596  
0.136296  0.0635903  0.989805  
0.130964  0.0654352  0.990125  
0.126546  0.0464536  0.991303  
0.122829  0.241194  0.99151  
0.118265  0.076897  0.991896  
0.0401795  0.72152  0.706775  
0.018291  0.816545  0.60779  
0.00563872  0.972839  0.242725  
0.614937  0.0481608  0.788613  
0.515012  0.0592063  0.859342  
0.443086  0.0602923  0.898616  
0.394756  0.0629488  0.918216  
0.350424  0.0450593  0.937621  
0.314745  0.0805818  0.94858  
0.285133  0.0894966  0.957324  
0.261194  0.0718521  0.964908  
0.239555  0.0992194  0.968351  
0.224092  0.063479  0.973904  
0.207606  0.10672  0.975231  
0.192091  0.107929  0.976971  
0.180248  0.101817  0.979952  
0.172588  0.099718  0.981508  
0.157924  0.0932388  0.984477  
0.154058  0.0861846  0.985691  
0.144188  0.0901549  0.987943  
0.136997  0.0817547  0.988387  
0.129169  0.0715921  0.990869  
0.121479  0.0793218  0.991688  
0.117611  0.053014  0.992421  
0.114477  0.0409944  0.992721  
0.11037  0.210578  0.993483  
0.106247  0.193909  0.993899  
0.101808  0.179561  0.994284  
0.0982451  0.102814  0.994756  
0.0941206  0.269444  0.995074  
0.0890081  0.212459  0.995201  
0.0872827  0.247131  0.995796  
0.0837611  0.251563  0.996103  
0.0819403  0.246634  0.996234  
0.0438466  0.670362  0.772204  
0.0235994  0.961575  0.318618  
0.997393  0.0233391  0.0729155  
0.764428  0.0228541  0.78138  
0.570305  0.000807097  0.883115  
0.429489  0.0466467  0.904057  
0.365235  0.0415473  0.931694  
0.290729  0.0524552  0.957683  
0.259269  0.040285  0.96582  
0.238849  0.0375081  0.97091  
0.21644  0.0533885  0.976764  
0.19433  0.0328291  0.980593  
0.178674  0.0467543  0.983324  
0.16331  0.0600368  0.985802  
0.151435  0.053462  0.987703  
0.140776  0.0627474  0.989597  
0.131211  0.0565466  0.990774  
0.121759  0.0404125  0.992018  
0.108291  0.0431002  0.993579  
0.104609  0.0538597  0.994077  
0.099052  0.0425405  0.994697  
0.0922611  0.0323454  0.995401  
0.0902269  0.0391782  0.995584  
0.0860434  0.032224  0.995982  
0.0824211  0.0524076  0.996334  
0.0792978  0.0857873  0.996738  
0.0763962  0.0317825  0.996863  
0.0738251  0.0295342  0.997222  
0.0706667  0.04861  0.997367  
0.0675607  0.0799053  0.997509  
0.0661355  0.0996419  0.997673  
0.0635594  0.0266629  0.997871  
0.0617917  0.0261115  0.997983  
0.0595795  0.155722  0.998077  
0.0579109  0.0625074  0.998217  
0.0562243  0.085753  0.998304  
0.0552405  0.186818  0.99839  
0.0532799  0.0628426  0.998499  
0.0517288  0.0226638  0.998583  
0.0511609  0.0573599  0.99867  
0.0185276  0.739555  0.72229  
0.0172244  0.90481  0.438033  
0.783069  0.0117513  0.779829  
0.463637  0.0214344  0.924572  
0.313134  0.0110723  0.968787  
0.196379  0.0232236  0.987161  
0.164068  0.0258134  0.986523  
0.164121  0.026224  0.986506  
0.131896  0.0250268  0.991312  
0.123952  0.026968  0.992308  
0.108977  0.0223166  0.994188  
0.0992573  0.0269144  0.995327  
0.0903559  0.0285874  0.995822  
0.0823518  0.0291509  0.996395  
0.0762046  0.0213047  0.997046  
0.0694757  0.0280339  0.997489  
0.0661023  0.0264417  0.997961  
0.0623574  0.0216346  0.997987  
0.0569943  0.0247843  0.998307  
0.0553791  0.0224502  0.998389  
0.0524861  0.0305517  0.998574  
0.0493627  0.0177497  0.998749  
0.0469809  0.0161209  0.998915  
0.0452005  0.014737  0.999014  
0.0427937  0.0215776  0.999078  
0.0411204  0.0173313  0.999123  
0.0398792  0.0217734  0.999176  
0.0378745  0.0185927  0.999239  
0.0366585  0.0201322  0.999314  
0.0349358  0.0213382  0.999355  
0.0344676  0.0181967  0.999394  
0.0330679  0.01509  0.999447  
0.0320004  0.0330677  0.999467  
0.0309067  0.0100048  0.999518  
0.0291182  0.00941044  0.999592  
0.0280639  0.0187155  0.999607  
0.0261506  0.00858112  0.999658  
0.0235182  0.0290202  0.999743  
0.00999583  0.745985  0.736412  
0.0809998  4.73749e-005  1.00264  
0.0137932  0.000177965  1.00151  
0.00929618  0.000508038  1.00064  
0.00458779  0.000746407  1.00014  
0.00382831  0.000795417  1.0001  
0.0034648  0.000838751  1.00007  
0.00310697  0.000972791  1.00005  
0.00267358  0.00130968  1.00003  
0.0024158  0.00139645  1.00003  
0.00252561  0.00180695  1.00002  
0.00269289  0.00129666  1.00003  
0.000461989  0.0264931  1.00046  
