1.00151  1.22742  0.000138293  
2.25551  0.00324948  8.46185e-005  
0.000250584  3.05626  0.000340648  
0.813878  0.810356  0.00552291  
0.00021744  2.95897  0.000350594  
1.00108  0.051085  0.0237541  
0.403065  1.08104  0.0198831  
0.767055  0.768825  0.0379539  
2.20193  0.00135883  0.000179044  
0.892766  0.543017  0.0161792  
0.516367  0.874981  0.0440701  
0.0583991  1.21843  0.0224384  
0.000319362  2.8648  0.000363701  
1.00028  0.0497172  0.0430762  
0.744438  0.742977  0.0509151  
0.136472  1.00786  0.0439232  
0.0480394  1.21721  0.0322224  
0.711336  0.711394  0.0753634  
0.0916004  1.00237  0.0552469  
0.000556349  2.66405  0.000379971  
0.998756  0.0569926  0.0749023  
0.876502  0.522202  0.101489  
0.0584623  0.99852  0.0786283  
1.00106  0.0536235  0.0287247  
0.0743562  1.00099  0.0588145  
1.0009  0.0510885  0.0296386  
0.99935  0.0486053  0.060066  
2.22023  0.000885642  0.000364894  
0.997672  0.0622513  0.0929255  
0.995399  0.0782933  0.124241  
0.869301  0.51292  0.127509  
0.518805  0.872327  0.117172  
0.0726015  0.995601  0.118364  
0.0781788  1.00093  0.0618979  
0.000928402  2.58948  0.000399402  
0.999253  0.0492483  0.063977  
0.997616  0.0663318  0.0942004  
0.707791  0.707363  0.160598  
0.866956  0.514279  0.162663  
0.707249  0.707663  0.161365  
0.515065  0.865837  0.171785  
0.99605  0.0470099  0.101106  
0.98907  0.0772275  0.166709  
0.706973  0.707721  0.16748  
0.0680879  0.997209  0.100676  
0.0219097  1.2164  0.0407363  
1.00068  0.0490235  0.0352463  
0.993342  0.0718128  0.135055  
0.510649  0.858733  0.209477  
0.51703  0.865588  0.182302  
0.106219  0.989953  0.17518  
0.0635321  0.996471  0.105674  
0.000603893  3.05128  0.000291683  
0.992842  0.0823322  0.144496  
0.986346  0.0698392  0.177938  
0.861818  0.517225  0.223724  
0.703365  0.703503  0.23571  
0.706843  0.707686  0.225701  
0.511047  0.858701  0.221634  
0.512373  0.862064  0.193727  
0.0922447  0.993962  0.143304  
2.27521  0.000550691  0.000434777  
0.991417  0.0717422  0.150122  
0.85833  0.513016  0.231388  
0.507096  0.852572  0.24645  
0.511096  0.858522  0.224622  
0.102108  0.993764  0.149218  
0.0238633  1.216  0.0459082  
0.99053  0.073268  0.156229  
0.985205  0.0863371  0.191963  
0.975833  0.0828644  0.233689  
0.505796  0.853625  0.239057  
0.14113  0.982256  0.233086  
0.101681  0.98889  0.180582  
0.10182  0.99374  0.153265  
0.998204  0.0575832  0.0815808  
0.984083  0.0910957  0.200658  
0.853687  0.506272  0.23663  
0.85353  0.51844  0.277659  
0.851842  0.521516  0.29603  
0.143986  0.980331  0.24404  
0.0872244  0.991963  0.153723  
0.0570051  0.998176  0.0826297  
0.9884  0.070001  0.168372  
0.981174  0.0843816  0.209624  
0.972838  0.0924213  0.249367  
0.963363  0.108639  0.288877  
0.837282  0.504453  0.320355  
0.694823  0.696366  0.329179  
0.17389  0.972853  0.286576  
0.14888  0.978978  0.252089  
0.0898942  0.99122  0.158722  
0.0905049  0.995496  0.129341  
1.21625  0.0200436  0.0397545  
0.970854  0.0938209  0.25695  
0.679339  0.678578  0.372042  
0.691203  0.692921  0.333773  
0.509219  0.838772  0.336451  
0.185456  0.969854  0.306962  
0.993093  0.0662116  0.135887  
0.977911  0.0990532  0.231766  
0.967343  0.101381  0.271989  
0.95542  0.109414  0.314852  
0.837245  0.515895  0.353139  
0.834075  0.517363  0.385649  
0.678074  0.678252  0.37577  
0.516313  0.834061  0.380949  
0.51352  0.837013  0.348221  
0.199264  0.96834  0.317927  
0.166936  0.974824  0.276805  
0.0991799  0.994797  0.140072  
1.21542  0.0132727  0.0589591  
0.996356  0.0525354  0.0992964  
0.97298  0.0573718  0.238251  
0.953244  0.127459  0.328726  
0.935407  0.125316  0.374747  
0.832344  0.5287  0.41048  
0.677093  0.677438  0.395317  
0.526502  0.830659  0.407661  
0.49526  0.8425  0.269709  
0.201447  0.965196  0.328429  
0.111904  0.988073  0.188616  
0.0665353  0.997217  0.0990107  
0.0378583  1.21532  0.0596068  
2.3842  0.000250762  7.6066e-005  
0.982748  0.0801817  0.201766  
0.959473  0.0913926  0.296718  
0.946906  0.104354  0.33808  
0.821994  0.52165  0.431806  
0.820868  0.528687  0.449948  
0.523952  0.823834  0.444683  
0.260207  0.951837  0.400607  
0.217372  0.962598  0.344986  
0.176049  0.970942  0.296734  
0.120634  0.985536  0.20735  
0.0695113  0.997046  0.10453  
0.96931  0.10894  0.268113  
0.957001  0.110229  0.310825  
0.91959  0.102237  0.405233  
0.905852  0.135562  0.444975  
0.816511  0.533561  0.484691  
0.677758  0.676727  0.520393  
0.675011  0.677031  0.51323  
0.545274  0.819559  0.50115  
0.520818  0.833195  0.404348  
0.294909  0.93531  0.457172  
0.268382  0.947795  0.412393  
0.162528  0.976168  0.270138  
0.13459  0.984974  0.216309  
0.02106  1.21463  0.0656063  
1.21548  0.01294  0.0590132  
0.964441  0.107448  0.283957  
0.948079  0.0920348  0.330111  
0.934012  0.138232  0.381838  
0.890859  0.127895  0.472578  
0.809417  0.536879  0.524402  
0.782498  0.519704  0.555551  
0.682382  0.67642  0.541564  
0.55826  0.806717  0.565185  
0.536277  0.815812  0.506635  
0.305367  0.929392  0.477512  
0.279422  0.941565  0.438755  
0.243785  0.953246  0.390978  
0.210896  0.96442  0.336781  
0.182518  0.974093  0.286508  
0.105761  0.990124  0.17482  
0.0141392  1.21403  0.0697075  
1.21449  0.0197172  0.0726909  
0.985558  0.0744965  0.184191  
0.94448  0.119704  0.350765  
0.876352  0.120952  0.49551  
0.856805  0.122637  0.530495  
0.569294  0.80092  0.590491  
0.325789  0.918882  0.510651  
0.294556  0.933216  0.461514  
0.215302  0.958892  0.356666  
0.179328  0.970373  0.300695  
0.104856  0.989607  0.178047  
0.0149047  1.21378  0.0730051  
1.21392  0.0339426  0.0784954  
0.994039  0.0682308  0.127773  
0.911492  0.0935999  0.421316  
0.889807  0.128078  0.474955  
0.867388  0.123179  0.512881  
0.837829  0.126448  0.559892  
0.818799  0.159793  0.596474  
0.76114  0.124289  0.660852  
0.682464  0.674443  0.641376  
0.585983  0.785278  0.677702  
0.555002  0.798657  0.601876  
0.514292  0.842366  0.331112  
0.384593  0.893923  0.594602  
0.357436  0.911192  0.543298  
0.249028  0.956363  0.382152  
0.192232  0.966586  0.317957  
0.110006  0.986965  0.196819  
0.017028  1.21345  0.0809226  
1.21364  0.0348386  0.0866242  
0.968037  0.107827  0.271644  
0.927845  0.131128  0.395475  
0.850367  0.104221  0.535916  
0.824301  0.138895  0.583813  
0.795102  0.122603  0.619606  
0.763016  0.125659  0.657702  
0.724025  0.502156  0.68787  
0.659529  0.111682  0.760212  
0.587947  0.780869  0.686458  
0.404968  0.880589  0.61929  
0.385106  0.902293  0.575706  
0.285209  0.946292  0.437007  
0.23774  0.957667  0.36812  
0.0185945  1.21326  0.0866138  
2.30258  0.00026309  0.000816436  
1.21197  0.0137158  0.0931869  
0.991445  0.0681385  0.146388  
0.978671  0.0783383  0.220047  
0.960529  0.08849  0.292217  
0.940341  0.126362  0.361579  
0.795972  0.107079  0.615097  
0.77298  0.129075  0.646754  
0.740201  0.111233  0.681567  
0.683516  0.0893002  0.735263  
0.630605  0.639931  0.781981  
0.605114  0.608076  0.791468  
0.569609  0.798635  0.630298  
0.436926  0.853329  0.674008  
0.370208  0.906548  0.557287  
0.271878  0.946886  0.427173  
0.225787  0.957716  0.368478  
0.0115178  1.21258  0.0875929  
1.21174  0.0300864  0.0955311  
0.998062  0.0573704  0.0852658  
0.873085  0.151868  0.509456  
0.804597  0.104785  0.603258  
0.773654  0.102578  0.641502  
0.682095  0.105296  0.739199  
0.655205  0.102352  0.761867  
0.62529  0.125712  0.790166  
0.587815  0.582325  0.80538  
0.579302  0.412329  0.820367  
0.547678  0.663507  0.834707  
0.535596  0.384987  0.848847  
0.40019  0.890792  0.611962  
0.3442  0.912047  0.528111  
0.257282  0.951115  0.407171  
0.213891  0.9604  0.351387  
0.136803  0.981498  0.237019  
0.0984565  0.990681  0.169517  
0.0632032  0.997262  0.0983292  
0.0061589  1.21176  0.0962294  
0.918412  0.0914603  0.405654  
0.848887  0.11134  0.541  
0.777653  0.121253  0.63948  
0.748421  0.108079  0.67248  
0.679904  0.120335  0.742505  
0.651369  0.12875  0.769581  
0.616951  0.0874754  0.791693  
0.591518  0.0746971  0.80958  
0.567404  0.076845  0.827083  
0.519001  0.0682494  0.857514  
0.501493  0.365196  0.869927  
0.481268  0.344205  0.876682  
0.462649  0.80532  0.88521  
0.433534  0.871751  0.786128  
0.385248  0.887062  0.752072  
0.342452  0.914133  0.529919  
0.211424  0.961025  0.352028  
0.171773  0.971395  0.294848  
0.124194  0.983997  0.217786  
0.0045719  1.21054  0.107434  
1.20948  0.0188264  0.112908  
0.997026  0.0596974  0.0988446  
0.938675  0.107293  0.361847  
0.831628  0.117536  0.567838  
0.784777  0.128088  0.632183  
0.678637  0.118613  0.743373  
0.644616  0.0908779  0.770155  
0.612137  0.122787  0.799883  
0.58372  0.0919302  0.817272  
0.548554  0.0913626  0.841228  
0.509771  0.100628  0.866369  
0.470354  0.583158  0.887718  
0.417833  0.418687  0.906811  
0.412856  0.656528  0.912271  
0.393299  0.478249  0.91525  
0.365817  0.897341  0.848791  
0.326389  0.915826  0.718704  
0.289114  0.934418  0.694213  
0.198297  0.964538  0.328734  
0.161754  0.976197  0.274382  
1.2081  0.017594  0.122386  
0.880105  0.128988  0.493171  
0.75491  0.118194  0.666673  
0.673506  0.125708  0.749203  
0.634128  0.0803503  0.777431  
0.601905  0.098016  0.804296  
0.544287  0.0972636  0.844448  
0.516736  0.376407  0.861683  
0.489224  0.0630569  0.874579  
0.468922  0.107743  0.890044  
0.443887  0.310184  0.895288  
0.373888  0.540324  0.925214  
0.358249  0.448574  0.928813  
0.346682  0.659792  0.931674  
0.324453  0.547538  0.936064  
0.305266  0.928182  0.706351  
0.275958  0.943098  0.774344  
1.2073  0.0150555  0.141293  
0.853399  0.113353  0.533041  
0.760928  0.156817  0.66651  
0.666729  0.119196  0.754491  
0.625585  0.0863029  0.785142  
0.587925  0.0730559  0.812438  
0.526638  0.08787  0.854593  
0.492024  0.0824695  0.874207  
0.470946  0.0809118  0.885948  
0.419922  0.303109  0.909831  
0.405801  0.403923  0.917377  
0.375268  0.377286  0.926923  
0.370668  0.450918  0.925847  
0.352621  0.352988  0.935749  
0.333536  0.474939  0.936709  
0.299872  0.562864  0.942848  
0.268565  0.483964  0.944576  
0.268904  0.944089  0.679525  
0.222577  0.945745  0.761036  
0.151993  0.977633  0.262671  
0.11177  0.98633  0.200304  
0.0228559  1.20661  0.14298  
1.2058  0.0288809  0.156578  
0.876449  0.113703  0.495593  
0.767507  0.134057  0.655423  
0.660579  0.119016  0.759812  
0.572329  0.089775  0.824615  
0.536593  0.0920648  0.848915  
0.501558  0.108901  0.871637  
0.475521  0.0967308  0.88514  
0.444282  0.0859759  0.899898  
0.41977  0.0688763  0.91018  
0.40234  0.0840336  0.919272  
0.37795  0.273795  0.928322  
0.363919  0.0830467  0.935016  
0.339187  0.237949  0.940205  
0.328635  0.231809  0.944048  
0.298969  0.377562  0.946186  
0.287705  0.413183  0.954981  
0.267173  0.513961  0.952637  
0.250468  0.492474  0.965073  
0.235511  0.674263  0.952011  
0.238109  0.378182  0.969678  
0.187596  0.801587  0.961023  
0.195586  0.926452  0.946798  
0.183894  0.969407  0.623552  
0.0260104  1.20295  0.152788  
1.19662  0.00372748  0.187152  
1.12844  0.022319  0.375309  
0.710867  0.133992  0.715634  
0.653033  0.109964  0.764747  
0.601919  0.0978072  0.804338  
0.556758  0.122967  0.839459  
0.477563  0.0826358  0.88246  
0.384934  0.0793962  0.926163  
0.372881  0.046613  0.928992  
0.35198  0.252521  0.938193  
0.316096  0.220516  0.948518  
0.299105  0.298747  0.954164  
0.281241  0.27903  0.958838  
0.2605  0.262922  0.959909  
0.252369  0.350968  0.968307  
0.242037  0.392382  0.966489  
0.230167  0.410594  0.972433  
0.215785  0.439784  0.975503  
0.204443  0.450468  0.978262  
0.199793  0.589933  0.979157  
0.196109  0.333282  0.98122  
0.172019  0.969418  0.930793  
0.14145  0.980421  0.243925  
0.104199  0.984502  0.600051  
0.0207573  1.19779  0.188008  
1.101  0.0363793  0.440837  
0.878851  0.063603  0.699645  
0.723205  0.10615  0.699244  
0.584427  0.0782762  0.815013  
0.532624  0.0832666  0.850446  
0.488596  0.0973934  0.877628  
0.415801  0.0560929  0.911298  
0.358801  0.0635544  0.935651  
0.336232  0.0907235  0.945886  
0.312552  0.0571562  0.951676  
0.299377  0.0759837  0.956948  
0.282713  0.0777556  0.962515  
0.267169  0.0476989  0.964777  
0.254524  0.188684  0.968927  
0.242157  0.241525  0.970683  
0.229712  0.231585  0.974153  
0.22049  0.222972  0.974697  
0.211462  0.154912  0.978061  
0.202229  0.250527  0.979805  
0.188768  0.358246  0.982233  
0.18189  0.225816  0.983569  
0.175412  0.397544  0.984432  
0.167499  0.356304  0.985862  
0.163409  0.0228582  0.986836  
0.15892  0.596631  0.987273  
0.154313  0.354144  0.987976  
0.14938  0.451969  0.988811  
0.110418  0.977774  0.931606  
0.0717714  0.991613  0.593695  
0.0416492  1.10356  0.423593  
0.0224612  1.19362  0.209244  
0.000211376  2.94887  0.00278308  
1.17161  0.0221624  0.290848  
1.04528  0.0439992  0.513314  
0.900909  0.0138516  0.672976  
0.775816  0.0569897  0.775481  
0.544754  0.0709172  0.841504  
0.494442  0.0724554  0.87214  
0.437348  0.0921937  0.903952  
0.402708  0.0594739  0.917399  
0.34196  0.0412552  0.94069  
0.288497  0.0380881  0.958243  
0.274367  0.0749864  0.964568  
0.247827  0.0484298  0.970094  
0.224113  0.157897  0.974474  
0.216716  0.153279  0.976648  
0.198859  0.0269797  0.98038  
0.193374  0.140672  0.981486  
0.187294  0.191304  0.982968  
0.178518  0.0544327  0.985341  
0.167799  0.20183  0.98659  
0.157633  0.248388  0.987924  
0.151932  0.152016  0.98841  
0.145052  0.228939  0.989517  
0.141273  0.307527  0.990268  
0.136362  0.169842  0.99078  
0.131442  0.0933128  0.991303  
0.12771  0.329902  0.992017  
0.123383  0.357636  0.992416  
0.120164  0.386498  0.992779  
0.115464  0.141504  0.993332  
0.113451  0.275872  0.993552  
0.0953883  0.981257  0.982222  
0.0465639  1.04774  0.524881  
0.0208222  1.17421  0.269908  
0.949577  0.0408101  0.633596  
0.628197  0.0233318  0.85982  
0.391696  0.0466225  0.921248  
0.285359  0.0620871  0.960335  
0.26395  0.0565434  0.966314  
0.241804  0.045597  0.971361  
0.223623  0.0819057  0.978311  
0.188702  0.0641313  0.98401  
0.181752  0.0510025  0.984587  
0.158547  0.115032  0.988265  
0.138509  0.0194617  0.990562  
0.128518  0.130729  0.99197  
0.119743  0.16944  0.992951  
0.116753  0.0244665  0.993447  
0.11373  0.111703  0.993649  
0.108443  0.171976  0.994219  
0.105893  0.179033  0.994425  
0.102197  0.247106  0.99486  
0.0992598  0.154512  0.995083  
0.0949952  0.296111  0.995652  
0.0928007  0.16082  0.9957  
0.0896755  0.19  0.995984  
0.0876443  0.122762  0.996213  
0.0851704  0.198294  0.996395  
0.0828034  0.277786  0.996675  
0.080794  0.289202  0.996835  
0.0750796  0.984654  0.855276  
0.0454265  0.995103  0.578207  
0.0270675  1.14181  0.358272  
1.04789  0.0237029  0.513314  
0.780555  0.0386512  0.774188  
0.583625  0.0355726  0.879438  
0.318259  0.0363064  0.966041  
0.197657  0.0492847  0.981476  
0.157894  0.0584465  0.98926  
0.143134  0.033003  0.990227  
0.130565  0.0240989  0.991731  
0.104685  0.0230781  0.994779  
0.0966864  0.0739264  0.995867  
0.0921143  0.0672971  0.996001  
0.0897428  0.0671418  0.996572  
0.0858768  0.0300304  0.996754  
0.0780522  0.0564776  0.997131  
0.0755401  0.0752635  0.997392  
0.071333  0.0706676  0.997755  
0.0698255  0.131804  0.997581  
0.0656712  0.0807045  0.997889  
0.0663713  0.122376  0.997862  
0.0641578  0.164024  0.998012  
0.0609628  0.0841548  0.998189  
0.0603697  0.214683  0.998198  
0.0585538  0.0426867  0.998317  
0.056496  0.274081  0.998481  
0.0547437  0.175025  0.998566  
0.0538467  0.302361  0.998616  
0.0524602  0.217087  0.998658  
0.0511677  0.137752  0.998782  
0.0296967  0.989324  0.920912  
0.0224254  1.1286  0.395564  
0.789843  0.0164149  0.76731  
0.409814  0.0213369  0.95728  
0.278318  0.0170755  0.974055  
0.242427  0.0227206  0.980464  
0.0795942  0.0246362  0.997117  
0.0689837  0.0158008  0.998497  
0.0536098  0.0233199  0.998815  
0.049848  0.0181137  0.998929  
0.0451801  0.0361938  0.99927  
0.0398613  0.01722  0.999342  
0.0378988  0.0452633  0.999433  
0.0367578  0.053999  0.999433  
0.0325361  0.0126266  0.999553  
0.0324379  0.066849  0.99954  
0.0321057  0.0686084  0.999489  
0.0311858  0.0147535  0.999631  
0.0285613  0.0956181  0.999662  
0.0286466  0.101908  0.999661  
0.0279614  0.121265  0.99966  
0.0277351  0.138808  0.999645  
0.0261552  0.0458544  0.999714  
0.0247281  0.133947  0.999724  
0.0242173  0.287134  0.999726  
0.0117387  0.994998  0.980368  
2.05107  0.000126317  0.516637  
0.0129599  0.00295041  0.999992  
0.00966951  0.00376416  0.999987  
0.00648488  0.00319695  0.999998  
0.00663223  0.00318315  0.999997  
0.000116889  2.05498  0.680581  
