0.971649  0.295807  
0.897218  0.362769  
0.896571  0.363271  
0.896574  0.363261  
0.813946  0.418749  
0.813958  0.418684  
0.813818  0.419202  
0.813833  0.41907  
0.733272  0.478528  
0.654144  0.538906  
0.653918  0.539661  
0.572194  0.596169  
0.571846  0.596586  
0.571815  0.59662  
0.492217  0.656051  
0.49213  0.656161  
0.49194  0.6564  
0.409174  0.712745  
0.409183  0.712728  
0.40919  0.712521  
0.409194  0.712502  
0.409166  0.712791  
0.40916  0.712814  
0.327616  0.770236  
0.32761  0.770259  
0.327618  0.770214  
0.327628  0.77019  
0.327604  0.770282  
0.327555  0.770489  
0.250663  0.833728  
0.250022  0.834555  
0.174492  0.899062  
0.174982  0.898347  
0.174443  0.899082  
0.17326  0.900681  
0.0871395  0.949948  
0.00159303  1.0022  
0.00159303  1.0022  
0.00159303  1.0022  
0.00159303  1.0022  
0.00159303  1.0022  
0.00159303  1.0022  
0.00159303  1.0022  
0.00159303  1.0022  
0.00159303  1.0022  
0.00159303  1.0022  
6.55002e-006  1.1214  
