0.984469  0.287245  
0.984469  0.287245  
0.984469  0.287245  
0.984469  0.287245  
0.984469  0.287245  
0.984469  0.287245  
0.984469  0.287245  
0.984469  0.287245  
0.982454  0.288491  
0.973667  0.293939  
0.964822  0.299579  
0.961173  0.306196  
0.959482  0.311734  
0.959482  0.311734  
0.902016  0.34616  
0.894924  0.351017  
0.886297  0.356313  
0.880365  0.361387  
0.87903  0.370305  
0.878797  0.370954  
0.822938  0.405079  
0.818802  0.406884  
0.810079  0.411985  
0.802536  0.417306  
0.797843  0.423255  
0.797377  0.424597  
0.743023  0.4639  
0.73697  0.464936  
0.729562  0.470041  
0.722015  0.475763  
0.71767  0.481508  
0.7165  0.483528  
0.660851  0.522375  
0.659875  0.522771  
0.652546  0.526055  
0.645585  0.532259  
0.638697  0.536959  
0.635479  0.543309  
0.579619  0.581213  
0.577795  0.581985  
0.570655  0.585641  
0.564103  0.590811  
0.557421  0.59625  
0.554989  0.601792  
0.499295  0.639996  
0.492631  0.643309  
0.484816  0.649126  
0.476974  0.653932  
0.474605  0.66028  
0.473779  0.661416  
0.418001  0.698726  
0.418026  0.6987  
0.418013  0.698713  
0.417904  0.699472  
0.410537  0.703053  
0.403023  0.707482  
0.398286  0.711158  
0.393025  0.718751  
0.392908  0.721677  
0.334515  0.757976  
0.333472  0.758469  
0.331298  0.759456  
0.325883  0.76351  
0.319637  0.769258  
0.312671  0.774813  
0.31199  0.778184  
0.254069  0.816623  
0.249056  0.819713  
0.244182  0.822862  
0.238426  0.827262  
0.23295  0.83175  
0.230991  0.838639  
0.177469  0.875732  
0.17754  0.875728  
0.177611  0.875724  
0.177312  0.875739  
0.17219  0.876005  
0.165173  0.88033  
0.160551  0.883869  
0.155475  0.887539  
0.150336  0.894556  
0.150119  0.896244  
0.0938147  0.933873  
0.0935112  0.934005  
0.0933594  0.934071  
0.0919935  0.934675  
0.0867286  0.938162  
0.0814636  0.941899  
0.0762678  0.94584  
0.0696034  0.95213  
0.00577458  0.995975  
0.00574613  0.996259  
0.00575048  0.996209  
0.00574395  0.996283  
0.00575484  0.99616  
0.00570446  0.996654  
0.00481535  0.996696  
2.11232e-008  1.00002  
