0.996003  0.00326922  
0.992419  0.00489962  
0.990427  0.00572971  
0.98557  0.00798497  
0.979799  0.0111723  
0.978282  0.0122137  
0.976042  0.0138074  
0.970338  0.0163547  
0.969639  0.0178988  
0.964369  0.018941  
0.962359  0.0207048  
0.958587  0.0215663  
0.954369  0.0242704  
0.952436  0.0252924  
0.949954  0.0275523  
0.944487  0.0289578  
0.941454  0.0304457  
0.938256  0.0320716  
0.936328  0.0337989  
0.931888  0.0351128  
0.929921  0.0364754  
0.926142  0.0383399  
0.922533  0.0400514  
0.920334  0.0413907  
0.918219  0.0430279  
0.915079  0.04455  
0.911178  0.0463158  
0.909079  0.047749  
0.905592  0.0492786  
0.902861  0.0506216  
0.900478  0.0515839  
0.89673  0.0538309  
0.893439  0.0552958  
0.890736  0.0566788  
0.887902  0.058179  
0.885705  0.0597226  
0.882205  0.0614239  
0.881398  0.0626392  
0.878024  0.064234  
0.874503  0.0658362  
0.871454  0.0673696  
0.869022  0.0688749  
0.86641  0.0700216  
0.863383  0.0716048  
0.861545  0.0729179  
0.857827  0.0744738  
0.856792  0.0760966  
0.852738  0.0774308  
0.850497  0.0789317  
0.847118  0.0799447  
0.844512  0.0818012  
0.842623  0.083109  
0.8387  0.0845848  
0.835782  0.0859625  
0.832897  0.087594  
0.8312  0.0890924  
0.828217  0.0904295  
0.825846  0.0916488  
0.823414  0.0933649  
0.821465  0.0942349  
0.818721  0.0958713  
0.815979  0.0973991  
0.812532  0.0989091  
0.810427  0.100253  
0.808021  0.101636  
0.806082  0.102793  
0.802779  0.104319  
0.800235  0.10575  
0.798043  0.107208  
0.79559  0.108518  
0.79362  0.109982  
0.790848  0.111167  
0.788212  0.1126  
0.785158  0.114119  
0.783525  0.115352  
0.781749  0.116659  
0.779076  0.117922  
0.776688  0.119376  
0.774235  0.120641  
0.771941  0.122304  
0.769751  0.123168  
0.76717  0.124706  
0.764862  0.125846  
0.762847  0.127623  
0.759957  0.128908  
0.757911  0.130374  
0.756355  0.131488  
0.752895  0.132703  
0.750486  0.134125  
0.74853  0.135276  
0.745632  0.136772  
0.74381  0.13817  
0.742255  0.138977  
0.738416  0.140915  
0.737045  0.142056  
0.734744  0.143169  
0.73303  0.144372  
0.730053  0.14587  
0.727725  0.147356  
0.725465  0.148697  
0.724437  0.149375  
0.721568  0.151345  
0.719488  0.152396  
0.716423  0.153911  
0.714218  0.155252  
0.71273  0.155977  
0.710831  0.157614  
0.708291  0.159314  
0.705638  0.160287  
0.704681  0.161693  
0.702475  0.162605  
0.700711  0.164087  
0.697865  0.165298  
0.694823  0.166627  
0.693801  0.167923  
0.691234  0.169481  
0.688822  0.170329  
0.686884  0.171764  
0.684524  0.173032  
0.682874  0.174331  
0.681259  0.175529  
0.679012  0.176771  
0.676565  0.177866  
0.67449  0.179344  
0.672435  0.180518  
0.670108  0.181875  
0.668431  0.183218  
0.666443  0.184355  
0.66414  0.185312  
0.662143  0.186657  
0.660089  0.187833  
0.657988  0.189097  
0.655838  0.190606  
0.654139  0.191525  
0.652084  0.192991  
0.649973  0.194159  
0.647823  0.195428  
0.645833  0.196502  
0.643907  0.197832  
0.642218  0.198823  
0.640059  0.200205  
0.63825  0.201573  
0.636686  0.202877  
0.634367  0.204057  
0.632454  0.20531  
0.630328  0.206261  
0.62845  0.207791  
0.626583  0.208749  
0.624624  0.21  
0.622642  0.211344  
0.621002  0.21259  
0.618984  0.213665  
0.617121  0.215116  
0.615396  0.21607  
0.613477  0.217306  
0.611547  0.21881  
0.609349  0.219639  
0.60771  0.220901  
0.60568  0.221957  
0.604  0.223103  
0.60207  0.224384  
0.600477  0.225615  
0.598578  0.22705  
0.5963  0.228038  
0.594413  0.229427  
0.592859  0.230546  
0.590576  0.231768  
0.589155  0.232767  
0.587264  0.234044  
0.58522  0.235186  
0.58349  0.236216  
0.58169  0.237432  
0.579721  0.238866  
0.578183  0.239956  
0.576354  0.241184  
0.574574  0.242326  
0.572913  0.243549  
0.571159  0.244473  
0.569059  0.245746  
0.567222  0.246953  
0.565599  0.248159  
0.5635  0.249351  
0.562538  0.250024  
0.562538  0.250028  
0.250023  0.500056  
0.249364  0.500696  
0.248104  0.501973  
0.246835  0.503277  
0.245559  0.504518  
0.244391  0.505706  
0.243165  0.507055  
0.241868  0.508402  
0.240641  0.509526  
0.239434  0.51084  
0.237955  0.512389  
0.236956  0.513394  
0.235655  0.514673  
0.234443  0.515962  
0.233257  0.517175  
0.232029  0.518475  
0.230785  0.519777  
0.229537  0.521102  
0.228219  0.522416  
0.22712  0.523722  
0.225887  0.524971  
0.224696  0.526333  
0.223378  0.527598  
0.222075  0.528941  
0.220869  0.530206  
0.219663  0.531465  
0.218566  0.532793  
0.217184  0.534144  
0.215982  0.535578  
0.214867  0.536678  
0.213786  0.538189  
0.212397  0.539427  
0.211313  0.540916  
0.209748  0.542186  
0.208739  0.543502  
0.207561  0.544543  
0.206351  0.546165  
0.205104  0.547351  
0.203805  0.548725  
0.202595  0.550066  
0.201351  0.55144  
0.200119  0.552788  
0.198841  0.554254  
0.197689  0.555424  
0.196466  0.556964  
0.195432  0.55824  
0.194065  0.559673  
0.192907  0.561155  
0.191678  0.562335  
0.19057  0.564043  
0.189253  0.565122  
0.187945  0.566675  
0.186912  0.5678  
0.185757  0.569284  
0.184513  0.570665  
0.183133  0.572254  
0.182157  0.573396  
0.180835  0.574858  
0.17954  0.576481  
0.17822  0.577953  
0.177147  0.579371  
0.176119  0.580631  
0.174809  0.582256  
0.173684  0.583428  
0.172482  0.58492  
0.171292  0.586491  
0.170146  0.58796  
0.168942  0.589245  
0.167695  0.590814  
0.166512  0.59218  
0.16524  0.594103  
0.164109  0.595279  
0.162864  0.596779  
0.16158  0.598138  
0.16042  0.599641  
0.159233  0.601314  
0.157969  0.602892  
0.156922  0.60414  
0.155573  0.605787  
0.15437  0.607216  
0.153244  0.608801  
0.151976  0.610315  
0.1507  0.611903  
0.149512  0.613485  
0.148362  0.615149  
0.147311  0.616376  
0.145844  0.618305  
0.144917  0.619702  
0.143601  0.621319  
0.142366  0.622931  
0.141261  0.624338  
0.140134  0.626144  
0.13887  0.627568  
0.13763  0.629127  
0.1364  0.630911  
0.135203  0.632526  
0.134057  0.634089  
0.132886  0.635665  
0.131692  0.637411  
0.130518  0.639242  
0.129249  0.64065  
0.12807  0.642404  
0.126936  0.644453  
0.125621  0.645847  
0.124291  0.647836  
0.123261  0.649187  
0.122021  0.650888  
0.120791  0.652612  
0.119634  0.65452  
0.118397  0.65612  
0.117239  0.658017  
0.115977  0.659715  
0.114752  0.66141  
0.113596  0.663247  
0.112416  0.665239  
0.111019  0.66696  
0.109966  0.668687  
0.108808  0.670292  
0.107594  0.672291  
0.106155  0.674527  
0.105188  0.675966  
0.103967  0.677925  
0.102772  0.679892  
0.101548  0.681485  
0.100375  0.683613  
0.0990799  0.685519  
0.0979063  0.687333  
0.096709  0.689198  
0.095495  0.691403  
0.094279  0.693255  
0.0930086  0.695314  
0.0918225  0.697233  
0.0906326  0.699191  
0.0893293  0.701384  
0.0881514  0.703372  
0.0869776  0.705495  
0.0856525  0.707556  
0.0843522  0.709756  
0.0832401  0.711743  
0.0820215  0.71383  
0.0808009  0.716087  
0.0795871  0.718379  
0.0783111  0.720314  
0.07712  0.722548  
0.0758788  0.724951  
0.0746254  0.727148  
0.073349  0.729523  
0.0721762  0.731672  
0.0708862  0.734206  
0.0696443  0.736509  
0.0682925  0.738943  
0.0671627  0.741392  
0.0658363  0.743707  
0.0645529  0.746211  
0.0634814  0.748888  
0.0626513  0.75041  
7.61674e-006  1.002  
