3.79366  1.62579  0.000528716  
6.03559  0.025871  0.000604908  
0.145975  2.3965  0.00315791  
6.03305  0.021344  0.00117558  
0.710036  0.741854  0.01693  
0.115086  2.97412  0.00545655  
0.897961  0.447055  0.0168986  
0.0218025  0.999993  0.0222824  
0.110741  2.22273  0.00565192  
5.22484  0.0118453  0.00177975  
0.950375  0.316002  0.0130516  
0.710086  0.71173  0.0187451  
0.0847094  2.40155  0.0096186  
0.972563  0.241961  0.00625206  
0.866813  0.502301  0.0358747  
0.55672  0.832524  0.0418987  
0.048213  1.37456  0.00994786  
0.982877  0.186782  0.00467869  
0.89723  0.445422  0.0239879  
0.706516  0.708265  0.0397344  
0.042696  0.999477  0.0488813  
0.986816  0.164298  0.0119366  
0.930697  0.366377  0.0168984  
0.866185  0.50117  0.0485869  
0.600486  0.804275  0.0270869  
0.0247875  0.999903  0.0267605  
5.97535  0.00503896  0.00141664  
0.990613  0.137965  0.0215279  
0.513445  0.863193  0.0189384  
0.044331  1.77163  0.0105946  
0.992953  0.120335  0.00916429  
0.96374  0.27385  0.0236371  
0.897015  0.444247  0.0576654  
0.626011  0.780165  0.0408277  
0.0255622  0.999881  0.0280838  
0.0322861  1.10003  0.0108841  
0.971199  0.240658  0.0365429  
0.921057  0.390117  0.0635394  
0.55626  0.832664  0.0912782  
0.995215  0.0994793  0.0173874  
0.977082  0.216151  0.0329002  
0.937893  0.350155  0.0207909  
0.869559  0.496411  0.044858  
0.707755  0.707759  0.0473594  
0.639309  0.769873  0.0467579  
0.504828  0.867525  0.0263794  
0.0747461  0.998045  0.0901702  
0.996233  0.0890652  0.0187418  
0.980695  0.196176  0.0472065  
0.949431  0.315022  0.017747  
0.895156  0.446259  0.079266  
0.580227  0.817707  0.0458116  
0.0962652  0.995748  0.124284  
0.0500743  0.999399  0.061776  
0.0272973  0.999836  0.0309048  
0.0289804  2.45127  0.0109386  
0.996875  0.0797573  0.00489157  
0.984528  0.17685  0.0344119  
0.958271  0.286502  0.0346475  
0.914377  0.406  0.0431962  
0.863803  0.507864  0.135543  
0.653413  0.762926  0.0116006  
0.0705879  0.997826  0.0945009  
0.0179427  1.94052  0.0114352  
5.51547  0.00364159  0.00187963  
0.965287  0.262804  0.0313023  
0.875311  0.48505  0.129421  
0.60008  0.801594  0.082549  
0.0765488  0.997399  0.099627  
0.988789  0.150876  0.0160987  
0.970514  0.241884  0.0702546  
0.939898  0.341709  0.0599128  
0.658483  0.753479  0.157159  
0.126736  0.992319  0.166335  
0.10397  0.994837  0.135205  
0.0828979  0.997237  0.102812  
0.047551  0.998989  0.0680124  
0.0296091  0.999778  0.0336683  
0.99793  0.0661491  0.0342755  
0.9903  0.139268  0.00500921  
0.974951  0.22362  0.0420682  
0.9106  0.413857  0.039848  
0.862709  0.509371  0.189358  
0.614341  0.791359  0.0154162  
0.515852  0.857513  0.116727  
0.0306908  0.999736  0.0349371  
0.998303  0.0618058  0.0223495  
0.991708  0.129297  0.0329167  
0.9784  0.207971  0.0280841  
0.956222  0.293292  0.0334083  
0.923407  0.384187  0.0307282  
0.878427  0.479198  0.163133  
0.663481  0.748571  0.105913  
0.572179  0.821006  0.0739804  
0.136832  0.990886  0.180114  
0.108706  0.994274  0.14141  
0.0817799  0.996887  0.110539  
0.052179  0.998851  0.0729126  
0.0320947  0.999717  0.0366433  
0.998401  0.0586583  0.0384844  
0.992391  0.123467  0.021157  
0.962312  0.273459  0.0532579  
0.934181  0.357662  0.050505  
0.894703  0.447566  0.161087  
0.857775  0.514864  0.222458  
0.625116  0.780937  0.16538  
0.538911  0.845982  0.122582  
0.114314  0.993707  0.152148  
0.0873777  0.996717  0.113686  
0.0164633  1.94  0.0115654  
0.99865  0.0545836  0.00344212  
0.993242  0.11651  0.0175814  
0.983203  0.184398  0.0562648  
0.966432  0.257021  0.00366406  
0.941849  0.336417  0.181796  
0.908423  0.418979  0.0271768  
0.864705  0.503956  0.22889  
0.709927  0.706523  0.272725  
0.669675  0.743759  0.10348  
0.58657  0.810688  0.255302  
0.186825  0.985108  0.235925  
0.153912  0.989163  0.197572  
0.115155  0.993649  0.153466  
0.086275  0.99645  0.116184  
0.0117903  3.37037  0.0118597  
0.998826  0.0511683  0.0125031  
0.99399  0.110302  0.0031172  
0.985171  0.173778  0.0795369  
0.949081  0.315915  0.0532436  
0.92042  0.391695  0.0816508  
0.88127  0.473531  0.25109  
0.851656  0.528244  0.313596  
0.634486  0.774578  0.180679  
0.555394  0.832086  0.189847  
0.18929  0.984419  0.239243  
0.153165  0.988713  0.203343  
0.0635451  0.998124  0.0832397  
0.033745  0.9997  0.0410849  
0.998976  0.0482567  0.0224905  
0.994586  0.104528  0.00747525  
0.986807  0.164116  0.0978014  
0.973646  0.228876  0.0213151  
0.954999  0.296756  0.180735  
0.929106  0.371571  0.0252646  
0.852571  0.523431  0.29397  
0.847386  0.53786  0.331166  
0.671102  0.742028  0.0233564  
0.599748  0.80169  0.240069  
0.526207  0.854094  0.26182  
0.219911  0.976077  0.292789  
0.156435  0.98797  0.205267  
0.99909  0.0454118  0.0415447  
0.995295  0.0976185  0.0115249  
0.987954  0.155813  0.0439824  
0.97669  0.215224  0.0685084  
0.95955  0.281754  0.100513  
0.936967  0.350031  0.0524453  
0.906581  0.42265  0.0174273  
0.869173  0.494703  0.264658  
0.843552  0.537717  0.346024  
0.840449  0.549361  0.378155  
0.641296  0.769669  0.19607  
0.569092  0.823677  0.0739529  
0.230303  0.973541  0.309889  
0.167863  0.986421  0.223123  
0.0689708  0.998071  0.0890636  
0.0319604  0.999603  0.044119  
4.38156  0.00136502  0.00381041  
0.995926  0.0937743  0.00535443  
0.989289  0.146483  0.085702  
0.978849  0.20526  0.0910727  
0.96382  0.267019  0.199453  
0.943243  0.332714  0.0338694  
0.917305  0.398951  0.0339164  
0.883087  0.469449  0.0783808  
0.716492  0.701606  0.383667  
0.676544  0.737842  0.0201546  
0.609808  0.794226  0.298107  
0.541837  0.844167  0.233383  
0.244002  0.97056  0.323583  
0.209446  0.9786  0.278711  
0.172136  0.985738  0.229263  
0.143798  0.990377  0.185494  
0.0773423  0.997796  0.0938739  
0.0357469  0.999572  0.0433713  
0.0105487  3.37024  0.0119463  
0.999309  0.0382001  0.0400814  
0.995954  0.0905437  0.0394646  
0.990266  0.140446  0.128532  
0.980902  0.19496  0.0643632  
0.96756  0.253948  0.0971291  
0.925102  0.380415  0.164088  
0.894824  0.447729  0.0217722  
0.839032  0.548457  0.404921  
0.718163  0.697773  0.432529  
0.647717  0.764707  0.181701  
0.582106  0.813525  0.323714  
0.515574  0.857534  0.228695  
0.285945  0.962027  0.379082  
0.250858  0.969456  0.327277  
0.152713  0.989391  0.195298  
0.0772653  0.997714  0.0979467  
0.00936205  3.37011  0.0120616  
4.37957  0.00147505  0.00387868  
0.996396  0.0849852  0.0744905  
0.990912  0.13483  0.127659  
0.982414  0.186923  0.0671213  
0.954053  0.301216  0.231228  
0.932279  0.362388  0.0609932  
0.905138  0.425482  0.117091  
0.872071  0.490349  0.253535  
0.825117  0.567718  0.473927  
0.678937  0.734707  0.252323  
0.617592  0.787237  0.226473  
0.268019  0.965463  0.347426  
0.193108  0.982514  0.256151  
0.112015  0.993902  0.149905  
0.0780586  0.996961  0.103466  
0.996653  0.0823778  0.110074  
0.991774  0.128418  0.0412787  
0.984025  0.178457  0.112422  
0.973054  0.230941  0.0938509  
0.938743  0.345206  0.241498  
0.914052  0.406171  0.147686  
0.883863  0.468085  0.0945233  
0.849566  0.530418  0.33918  
0.728147  0.694317  0.534462  
0.651544  0.758948  0.405848  
0.590745  0.806951  0.353847  
0.530542  0.848546  0.34012  
0.350369  0.945724  0.443983  
0.283276  0.962348  0.366428  
0.200662  0.980188  0.270902  
0.160831  0.987731  0.218319  
0.127729  0.993172  0.162772  
0.00578386  5.0255  0.0124439  
0.985475  0.170532  0.046052  
0.975462  0.220605  0.0615665  
0.961865  0.274434  0.169722  
0.944207  0.329952  0.0160651  
0.922041  0.387537  0.280161  
0.894886  0.447335  0.00561001  
0.863414  0.508298  0.382118  
0.80553  0.59381  0.568966  
0.726553  0.692006  0.542483  
0.681838  0.733539  0.105428  
0.62506  0.78304  0.539453  
0.56697  0.824843  0.217579  
0.511031  0.864206  0.0458566  
0.355082  0.936089  0.471511  
0.299393  0.954556  0.396048  
0.256444  0.9667  0.336459  
0.215173  0.976927  0.282819  
0.122926  0.99286  0.171808  
0.999398  0.0365262  0.0137538  
0.997177  0.0764478  0.0776965  
0.986543  0.163928  0.143412  
0.977547  0.21184  0.0282605  
0.96486  0.263189  0.0662138  
0.903852  0.428444  0.264499  
0.874734  0.48548  0.183221  
0.8404  0.54269  0.539237  
0.800483  0.600586  0.583046  
0.787653  0.623536  0.637103  
0.708306  0.707173  0.481548  
0.655206  0.755936  0.0635358  
0.543427  0.840225  0.19932  
0.393588  0.920569  0.514578  
0.353815  0.940195  0.467821  
0.21151  0.977767  0.282512  
0.163532  0.986831  0.241738  
0.11877  0.993308  0.157477  
0.0746241  0.997267  0.105607  
0.999502  0.035244  0.0240785  
0.997352  0.0734614  0.0574145  
0.993606  0.114415  0.0828663  
0.987761  0.156819  0.0295703  
0.979516  0.20157  0.149528  
0.967843  0.252172  0.212011  
0.953623  0.301382  0.301923  
0.934786  0.355857  0.0965036  
0.911977  0.410403  0.401854  
0.885348  0.465508  0.438454  
0.853932  0.521341  0.280758  
0.819  0.575322  0.640142  
0.784901  0.620987  0.660892  
0.727366  0.688447  0.684066  
0.681825  0.731599  0.213165  
0.630498  0.777215  0.460988  
0.57732  0.817269  0.216245  
0.522224  0.853689  0.335508  
0.441276  0.899834  0.584468  
0.407861  0.917921  0.539903  
0.246866  0.969405  0.364562  
0.20438  0.979418  0.272685  
0.999514  0.0344975  0.00161367  
0.99749  0.0711267  0.0736663  
0.988724  0.150524  0.186096  
0.980688  0.195898  0.0754986  
0.970418  0.242334  0.295279  
0.957051  0.290692  0.121815  
0.919505  0.393349  0.483894  
0.866213  0.500285  0.660872  
0.832228  0.555724  0.547664  
0.794489  0.609183  0.69908  
0.748513  0.666246  0.722196  
0.657093  0.754185  0.519224  
0.607844  0.795274  0.265116  
0.444148  0.897472  0.579886  
0.341311  0.940951  0.5132  
0.286558  0.958298  0.464771  
0.242723  0.970435  0.333662  
0.195495  0.980882  0.279684  
0.148859  0.989011  0.237798  
0.109774  0.994066  0.170886  
0.0706653  0.997751  0.135047  
0.999579  0.0321257  0.0440867  
0.997678  0.0683148  0.00904224  
0.994445  0.105835  0.0372974  
0.989312  0.145943  0.176418  
0.982239  0.188351  0.0242229  
0.972783  0.232903  0.132425  
0.960293  0.279601  0.132673  
0.944953  0.327866  0.25787  
0.925753  0.378783  0.0713856  
0.903038  0.429757  0.210015  
0.876285  0.482121  0.126238  
0.846562  0.533819  0.707081  
0.811449  0.585431  0.640989  
0.774596  0.636475  0.818882  
0.728938  0.685345  0.794511  
0.685204  0.729785  0.604243  
0.635548  0.77286  0.62449  
0.585917  0.81116  0.323448  
0.5332  0.847413  0.057397  
0.484577  0.879128  0.721233  
0.425824  0.906157  0.616026  
0.376488  0.927286  0.638614  
0.328049  0.946108  0.442339  
0.231884  0.97289  0.429363  
0.188003  0.98218  0.363944  
0.146749  0.989302  0.241783  
0.105917  0.99445  0.140944  
0.0666411  0.997917  0.116063  
0.00284804  2.12873  0.0124682  
0.997954  0.0652786  0.0219285  
0.994781  0.102829  0.0433701  
0.983482  0.182007  0.15557  
0.974571  0.224296  0.231884  
0.963376  0.269018  0.040892  
0.949511  0.314588  0.0537565  
0.931801  0.363806  0.396079  
0.910704  0.413619  0.315459  
0.886545  0.463532  0.00546257  
0.858744  0.512975  0.613673  
0.825861  0.565179  0.851871  
0.790672  0.612814  0.895973  
0.748953  0.663105  0.800421  
0.708192  0.707558  0.853321  
0.661865  0.750487  0.817359  
0.613648  0.790219  0.525518  
0.563253  0.827588  0.553936  
0.513292  0.858517  0.0427129  
0.462258  0.8871  0.614672  
0.413297  0.911348  0.574084  
0.36456  0.93229  0.576236  
0.316579  0.949941  0.577489  
0.26886  0.963991  0.421141  
0.224537  0.974902  0.3337  
0.181669  0.983492  0.30072  
0.14186  0.989991  0.297593  
0.103012  0.994856  0.237139  
4.38355  0.0012607  0.0039262  
0.99963  0.0308192  0.0234202  
0.997982  0.0636706  0.0231376  
0.995095  0.0992764  0.0225663  
0.990772  0.136148  0.145797  
0.98456  0.175369  0.093824  
0.976529  0.215593  0.108381  
0.966181  0.258483  0.33838  
0.952824  0.303939  0.396821  
0.936595  0.350456  0.230004  
0.917785  0.398928  0.163066  
0.868697  0.496101  0.549894  
0.838992  0.544804  0.724913  
0.769649  0.640197  0.80974  
0.728821  0.685436  0.673275  
0.685396  0.728417  0.461413  
0.640873  0.768075  0.707799  
0.593707  0.805143  0.190661  
0.544452  0.839458  0.0424925  
0.496584  0.869615  0.771847  
0.399298  0.917053  0.665538  
0.351493  0.937526  0.574756  
0.304403  0.952862  0.574954  
0.257793  0.966464  0.415304  
0.216999  0.976308  0.331538  
0.176135  0.984474  0.280321  
0.136125  0.990874  0.267393  
0.0976405  0.995402  0.130834  
0.0629011  0.998206  0.141924  
0.0310393  0.999626  0.0886097  
4.38555  0.00116186  0.00404643  
0.999682  0.0299732  0.0096274  
0.998067  0.0623566  0.00936483  
0.995457  0.0961233  0.0436377  
0.991443  0.132007  0.073254  
0.977979  0.208835  0.0112979  
0.96829  0.250205  0.143879  
0.941106  0.338744  0.179424  
0.902647  0.430984  0.208981  
0.878402  0.478594  0.283903  
0.85106  0.526466  0.673814  
0.819776  0.573377  0.62604  
0.664843  0.747591  0.61689  
0.619284  0.785507  0.463721  
0.573214  0.819921  0.80365  
0.526762  0.851185  0.260568  
0.479284  0.879389  0.942684  
0.430376  0.903112  0.947373  
0.385047  0.923475  0.563446  
0.335062  0.942282  0.712167  
0.294065  0.956192  0.401218  
0.251138  0.968401  0.674898  
0.208239  0.978246  0.44424  
0.170201  0.985516  0.337175  
0.132186  0.991302  0.206704  
0.0966118  0.995446  0.210576  
0.0587437  0.998399  0.144863  
0.0301729  0.999642  0.052288  
0.999683  0.0263597  0.00426946  
0.998274  0.0600014  0.0690006  
0.995876  0.0926468  0.0130413  
0.991892  0.127498  0.12864  
0.979515  0.202418  0.278599  
0.970267  0.242543  0.644174  
0.959022  0.283611  0.00581737  
0.945243  0.327146  0.0461383  
0.928799  0.370976  0.0529803  
0.909348  0.416664  0.169838  
0.887278  0.461654  0.285677  
0.86111  0.50873  0.575607  
0.800491  0.600424  0.917205  
0.76616  0.645338  0.939226  
0.688042  0.728209  0.358462  
0.643489  0.76574  0.276502  
0.59998  0.80075  0.62057  
0.554194  0.832901  0.238098  
0.509539  0.862062  0.889011  
0.416604  0.909996  0.652969  
0.370397  0.929491  0.485447  
0.325334  0.945665  0.631645  
0.28355  0.959066  0.464854  
0.202201  0.979668  0.586524  
0.163241  0.986675  0.317826  
0.128319  0.991755  0.258289  
0.0933567  0.995655  0.126896  
0.0295256  0.999687  0.109337  
4.38721  0.00108393  0.00415728  
0.998347  0.0587492  0.0204355  
0.99615  0.0897302  0.129674  
0.992462  0.122968  0.0732694  
0.987393  0.158609  0.049237  
0.972247  0.234606  0.0998947  
0.962327  0.272998  0.244336  
0.949145  0.315844  0.178291  
0.933744  0.358493  0.26443  
0.91545  0.402765  0.550772  
0.871478  0.491623  0.181682  
0.843823  0.537464  0.740116  
0.814697  0.580696  0.553169  
0.78265  0.624969  0.97158  
0.747366  0.668099  0.914568  
0.66719  0.745266  0.630232  
0.581105  0.814254  0.200139  
0.535325  0.845621  0.812135  
0.493259  0.871096  0.867766  
0.400871  0.91647  0.63558  
0.358674  0.933857  0.917806  
0.315977  0.949048  0.708992  
0.274968  0.961583  0.553548  
0.234356  0.972458  0.595364  
0.196267  0.98062  0.367655  
0.158348  0.987415  0.361921  
0.124281  0.992277  0.198418  
0.0891994  0.996047  0.199392  
0.0576224  0.998393  0.224843  
0.0255026  0.999717  0.0506551  
2.4989  0.000543488  0.00443509  
0.998456  0.056951  0.00241354  
0.996189  0.0877161  0.102971  
0.992866  0.120159  0.0743657  
0.98812  0.154203  0.0725952  
0.981953  0.18957  0.171969  
0.973996  0.227186  0.645382  
0.9643  0.265299  0.0897194  
0.952373  0.305737  0.986552  
0.937919  0.347432  0.265678  
0.9213  0.389111  0.0677028  
0.901883  0.432918  0.204084  
0.879796  0.476111  0.768647  
0.854342  0.519909  0.920538  
0.827128  0.563879  0.804317  
0.795288  0.606655  0.836303  
0.764355  0.650334  0.895336  
0.726197  0.688551  0.87771  
0.688524  0.726327  0.882841  
0.646932  0.763005  0.597419  
0.606926  0.795586  0.634695  
0.564487  0.825859  0.991516  
0.51955  0.855174  0.202218  
0.47643  0.880083  0.96755  
0.432348  0.902425  0.873878  
0.389249  0.921752  0.972947  
0.346918  0.938107  0.496337  
0.305974  0.952131  0.848849  
0.265995  0.964005  0.770807  
0.227085  0.973987  0.631393  
0.189479  0.982023  0.615113  
0.154559  0.988219  0.511163  
0.120222  0.992742  0.433346  
0.086323  0.996256  0.182707  
0.0557616  0.998449  0.17117  
0.998546  0.0551353  0.0524711  
0.993301  0.11643  0.0636445  
0.988887  0.149643  0.15739  
0.983096  0.18372  0.172388  
0.975594  0.219862  0.62414  
0.966322  0.257593  0.199826  
0.955362  0.295903  0.855688  
0.942107  0.336308  0.287668  
0.92643  0.377364  0.90532  
0.908188  0.419386  0.0295952  
0.88791  0.460276  0.784544  
0.864123  0.503831  0.513032  
0.838254  0.545884  0.508799  
0.809246  0.588812  0.547515  
0.777222  0.6301  0.989832  
0.745247  0.668542  0.786094  
0.670418  0.744062  0.0507939  
0.629645  0.778104  0.411475  
0.58871  0.810052  0.617762  
0.547189  0.837188  0.769127  
0.503753  0.864871  0.98952  
0.461222  0.887889  0.94153  
0.419713  0.907891  0.916418  
0.33681  0.941936  0.702645  
0.296607  0.955212  0.414894  
0.220166  0.975488  0.633927  
0.184071  0.98296  0.349215  
0.149559  0.988804  0.544089  
0.116545  0.993253  0.187346  
0.0853314  0.996391  0.155302  
0.00226437  3.10384  0.0148834  
0.998606  0.0534588  0.0231266  
0.996659  0.0825527  0.0178374  
0.99366  0.113146  0.0613533  
0.989492  0.145087  0.776878  
0.984083  0.178312  0.80187  
0.977008  0.213721  0.808116  
0.968422  0.249902  0.855992  
0.958538  0.285614  0.75996  
0.945632  0.32579  0.115249  
0.930875  0.36548  0.0534186  
0.914144  0.40589  0.180597  
0.895113  0.446093  0.198879  
0.87307  0.488262  0.224962  
0.848029  0.530341  0.488069  
0.822534  0.571314  0.482313  
0.791866  0.611367  0.71054  
0.760072  0.653057  0.830524  
0.688721  0.725485  0.282999  
0.611879  0.791435  0.606829  
0.571699  0.820836  0.450034  
0.529461  0.849123  0.060705  
0.489347  0.873032  0.80556  
0.44694  0.895071  0.704808  
0.406399  0.91397  0.821708  
0.364526  0.931438  0.644617  
0.287499  0.957996  0.790315  
0.250081  0.968431  0.878891  
0.213278  0.977025  0.643695  
0.178398  0.984012  0.984066  
0.144713  0.989559  0.532594  
0.112515  0.993712  0.202271  
0.0829637  0.996549  0.267247  
0.0537006  0.998552  0.0903492  
0.999745  0.0244344  0.00581272  
0.998785  0.0499145  0.0334149  
0.996811  0.080466  0.0391954  
0.994044  0.110007  0.115861  
0.990138  0.140889  0.0740046  
0.984938  0.173737  0.110685  
0.97841  0.207478  0.161635  
0.960541  0.278433  0.196261  
0.935181  0.354697  0.286322  
0.91947  0.393668  0.370802  
0.901201  0.433766  0.492657  
0.881228  0.473367  0.621838  
0.833359  0.553581  0.90252  
0.805103  0.594495  0.926621  
0.774339  0.635102  0.99685  
0.742142  0.672193  0.899361  
0.671372  0.7416  0.564714  
0.633333  0.774425  0.201065  
0.59464  0.804677  0.795157  
0.51505  0.85763  0.997558  
0.473505  0.882679  0.928134  
0.43417  0.901684  0.681497  
0.394157  0.919945  0.768921  
0.354627  0.935547  0.915497  
0.278693  0.96068  0.507116  
0.242608  0.970363  0.960356  
0.207562  0.978294  0.503126  
0.17299  0.985095  0.633926  
0.140886  0.990044  0.562358  
0.110105  0.993914  0.899001  
0.0804743  0.996759  0.240799  
0.052577  0.998614  0.260312  
0.998763  0.0509403  0.556926  
0.996956  0.078522  0.0394471  
0.994268  0.10721  0.936901  
0.990779  0.135743  0.0638348  
0.985694  0.168865  0.0252734  
0.979695  0.200834  0.291818  
0.971893  0.23563  0.669156  
0.962884  0.270248  0.199675  
0.951988  0.306929  0.389033  
0.93902  0.344213  0.441549  
0.924155  0.38225  0.583316  
0.907182  0.421218  0.958015  
0.888083  0.460139  0.489378  
0.866618  0.500034  0.763622  
0.842899  0.53901  0.546929  
0.81638  0.578113  0.576999  
0.757534  0.654863  0.781932  
0.689867  0.724223  0.376211  
0.654582  0.75799  0.804964  
0.615387  0.789053  0.939884  
0.578706  0.816938  0.915493  
0.539819  0.843224  0.934614  
0.501047  0.867195  0.807972  
0.459919  0.889025  0.814761  
0.382764  0.92396  0.674037  
0.344341  0.939202  0.492925  
0.30724  0.952041  0.939842  
0.270083  0.962936  0.7942  
0.235945  0.971805  0.520742  
0.201417  0.979765  0.288643  
0.169159  0.98567  0.431317  
0.136779  0.990582  0.889308  
0.107521  0.994221  0.414013  
0.077344  0.997001  0.856136  
0.0504982  0.998705  0.314827  
0.0246441  0.99976  0.0404683  
0.0018437  3.29174  0.0187641  
0.9998  0.0242394  0.0180512  
0.997221  0.0762497  0.982744  
0.994647  0.103761  0.95936  
0.99118  0.133815  0.0226626  
0.986646  0.163923  0.225061  
0.973837  0.228371  0.822655  
0.965028  0.262706  0.670811  
0.955051  0.297423  0.154357  
0.942853  0.333356  0.25323  
0.928703  0.371072  0.694879  
0.912923  0.409111  0.762137  
0.852431  0.523783  0.625224  
0.828423  0.560269  0.755127  
0.674252  0.740157  0.866586  
0.637713  0.770762  0.408731  
0.601173  0.799246  0.589088  
0.561722  0.827814  0.158132  
0.52468  0.852486  0.329425  
0.483707  0.876065  0.936091  
0.407526  0.913294  0.634786  
0.372061  0.928313  0.663233  
0.334528  0.942837  0.947311  
0.298571  0.954444  0.713015  
0.262996  0.964934  0.996537  
0.228738  0.973634  0.820942  
0.163132  0.986652  0.57458  
0.134059  0.990999  0.820763  
0.105088  0.994619  0.212954  
0.0748877  0.997172  0.551583  
0.0486419  0.998897  0.461396  
0.024243  0.999737  0.490145  
0.00167287  3.10289  0.0236586  
0.999839  0.0216519  0.0195459  
0.998882  0.0476665  0.0276243  
0.997304  0.0735885  0.0630331  
0.994793  0.101999  0.902196  
0.99162  0.129654  0.0879194  
0.987169  0.160123  0.221896  
0.981823  0.19064  0.204014  
0.975125  0.222384  0.0533464  
0.966777  0.255781  0.326744  
0.957668  0.288887  0.170415  
0.946034  0.324351  0.254136  
0.933024  0.360792  0.235137  
0.918041  0.397152  0.052726  
0.900805  0.434796  0.722523  
0.882303  0.471004  0.815809  
0.860498  0.509928  0.805228  
0.837239  0.547463  0.988347  
0.812869  0.58328  0.68409  
0.784499  0.621233  0.713066  
0.754883  0.658552  0.959918  
0.723313  0.691501  0.919596  
0.621431  0.785015  0.999806  
0.585182  0.812359  0.689013  
0.54744  0.837806  0.364937  
0.510503  0.860604  0.902338  
0.434992  0.90076  0.963564  
0.397538  0.917927  0.599812  
0.360696  0.932991  0.9538  
0.289792  0.957273  0.877209  
0.255914  0.966823  0.792882  
0.222902  0.975017  0.889826  
0.190627  0.981799  0.490718  
0.160166  0.987253  0.635334  
0.130711  0.991649  0.377547  
0.102279  0.994751  0.592344  
0.0226193  0.999773  0.789817  
0.000405289  3.9614  0.0283691  
2.60557  0.000297035  0.0955351  
0.998919  0.0471448  0.881309  
0.997375  0.072776  0.0135619  
0.995214  0.0982964  0.753512  
0.991916  0.127184  0.888314  
0.982681  0.185408  0.207252  
0.976399  0.216744  0.0846798  
0.968671  0.248988  0.0515465  
0.959546  0.28213  0.107116  
0.949656  0.313902  0.827268  
0.936891  0.350043  0.0656004  
0.922815  0.386881  0.715856  
0.906701  0.422611  0.456503  
0.889438  0.457216  0.11707  
0.868948  0.495917  0.293983  
0.847043  0.533108  0.820351  
0.823454  0.5683  0.802556  
0.797968  0.606264  0.594222  
0.769357  0.642201  0.855037  
0.740026  0.674805  0.982536  
0.674506  0.740528  0.0704031  
0.60476  0.797485  0.837111  
0.569387  0.823671  0.921105  
0.533318  0.847037  0.179739  
0.497057  0.868114  0.920937  
0.423336  0.906318  0.866156  
0.386819  0.922347  0.587481  
0.351408  0.93713  0.754124  
0.281478  0.959648  0.409941  
0.24924  0.968563  0.918941  
0.18491  0.982805  0.279398  
0.155788  0.987895  0.500847  
0.127277  0.99196  0.834778  
0.099411  0.995101  0.278554  
0.07259  0.997326  0.233678  
0.0464728  0.99892  0.242876  
0.000514682  1.00022  0.887684  
