1.13439  0.206294  
0.726048  0.206483  
0.718301  0.206686  
0.697112  0.206688  
0.636606  0.206692  
0.610685  0.206694  
0.603939  0.207029  
0.596556  0.208309  
0.592959  0.209367  
0.587144  0.210279  
0.584266  0.210366  
0.584079  0.211704  
0.579923  0.212284  
0.577554  0.213496  
0.576753  0.214135  
0.575215  0.215127  
0.57375  0.216048  
0.570271  0.218288  
0.565611  0.220712  
0.563167  0.221993  
0.560554  0.223592  
0.551925  0.225127  
0.550413  0.227344  
0.547609  0.228757  
0.543497  0.230171  
0.542754  0.231369  
0.54077  0.232426  
0.537882  0.232794  
0.534505  0.234531  
0.530928  0.235975  
0.529467  0.237286  
0.528665  0.238153  
0.525888  0.239718  
0.524138  0.240522  
0.522466  0.241239  
0.520833  0.241746  
0.518215  0.243316  
0.516252  0.243801  
0.51324  0.2451  
0.510157  0.245536  
0.50999  0.246428  
0.507445  0.247404  
0.50677  0.247851  
0.505584  0.249148  
0.502748  0.249833  
0.50105  0.250179  
0.499772  0.251519  
0.499185  0.252649  
0.497373  0.253702  
0.496869  0.254604  
0.495256  0.255504  
0.494582  0.256227  
0.493392  0.257194  
0.492207  0.258099  
0.49154  0.259411  
0.490309  0.260464  
0.489551  0.261323  
0.488228  0.262264  
0.488061  0.262998  
0.486691  0.263902  
0.4859  0.265127  
0.485004  0.265976  
0.483723  0.267011  
0.482517  0.268196  
0.482253  0.268417  
0.480543  0.270146  
0.480076  0.271248  
0.479079  0.271654  
0.478016  0.272784  
0.476747  0.274  
0.476436  0.275034  
0.47514  0.27608  
0.474502  0.277118  
0.473527  0.277452  
0.472389  0.278839  
0.47163  0.279979  
0.470715  0.281012  
0.469695  0.281721  
0.468316  0.283125  
0.467794  0.283735  
0.466799  0.285064  
0.46577  0.285887  
0.464955  0.286851  
0.463751  0.288108  
0.463125  0.288566  
0.46243  0.289566  
0.460838  0.290947  
0.460265  0.291898  
0.459644  0.292311  
0.458213  0.293887  
0.457634  0.294757  
0.456687  0.295781  
0.455742  0.296989  
0.454984  0.29785  
0.453811  0.298504  
0.453065  0.299656  
0.452333  0.300187  
0.451323  0.301945  
0.450232  0.302844  
0.449334  0.30401  
0.448566  0.304544  
0.447504  0.305758  
0.446784  0.306761  
0.445819  0.308056  
0.444554  0.309016  
0.444127  0.309956  
0.443176  0.31072  
0.442219  0.312052  
0.440876  0.312851  
0.440491  0.314019  
0.439177  0.314766  
0.438138  0.315878  
0.43751  0.317084  
0.436622  0.317966  
0.435729  0.318812  
0.434644  0.319825  
0.433748  0.320756  
0.4329  0.321969  
0.431922  0.323057  
0.431025  0.324087  
0.430183  0.325083  
0.429227  0.325937  
0.428375  0.326901  
0.427477  0.32813  
0.426972  0.328703  
0.426079  0.329808  
0.425143  0.331135  
0.423737  0.332245  
0.423023  0.333168  
0.422403  0.334321  
0.421397  0.335281  
0.420575  0.336282  
0.419621  0.337325  
0.418908  0.338275  
0.418133  0.339099  
0.417193  0.340295  
0.416083  0.341392  
0.415079  0.342486  
0.414294  0.343587  
0.413196  0.344789  
0.412626  0.345593  
0.411833  0.34622  
0.410973  0.347607  
0.409853  0.348966  
0.409285  0.349561  
0.408125  0.350906  
0.407482  0.351424  
0.406254  0.352932  
0.405525  0.35396  
0.404662  0.354974  
0.403869  0.356116  
0.403036  0.356877  
0.402136  0.358181  
0.401024  0.358949  
0.400585  0.360101  
0.3991  0.361497  
0.39873  0.362102  
0.397615  0.363386  
0.396631  0.364433  
0.396153  0.364988  
0.395003  0.366173  
0.394373  0.367804  
0.393244  0.368511  
0.392381  0.369735  
0.39142  0.37071  
0.390259  0.372049  
0.389895  0.373016  
0.38891  0.374004  
0.388039  0.375139  
0.387183  0.376137  
0.386382  0.37691  
0.38569  0.377801  
0.384722  0.379049  
0.383537  0.38055  
0.382621  0.381423  
0.381909  0.382487  
0.381074  0.383563  
0.380297  0.384307  
0.379493  0.385974  
0.378604  0.386613  
0.377614  0.387773  
0.376756  0.389086  
0.375833  0.389855  
0.37495  0.39103  
0.374117  0.392132  
0.3733  0.392993  
0.372502  0.394473  
0.371463  0.395499  
0.370764  0.396749  
0.369812  0.397619  
0.368796  0.398733  
0.368324  0.399447  
0.367117  0.400921  
0.366745  0.401497  
0.365214  0.40334  
0.364382  0.404427  
0.363843  0.40547  
0.362826  0.406389  
0.362019  0.40718  
0.361012  0.408749  
0.360345  0.409705  
0.359566  0.410637  
0.358698  0.411722  
0.35748  0.412961  
0.356614  0.414218  
0.355958  0.4154  
0.355183  0.41614  
0.354252  0.417509  
0.353334  0.418781  
0.352394  0.419906  
0.351538  0.420836  
0.35094  0.421673  
0.34998  0.422931  
0.348915  0.424312  
0.347824  0.425449  
0.34723  0.426454  
0.346451  0.42775  
0.34553  0.428604  
0.344745  0.429721  
0.343718  0.430936  
0.343  0.431943  
0.342261  0.433199  
0.341182  0.4344  
0.34035  0.435497  
0.33959  0.436826  
0.338312  0.437937  
0.337745  0.439083  
0.336817  0.440307  
0.335926  0.441335  
0.335187  0.442263  
0.334157  0.44361  
0.333587  0.444613  
0.332528  0.445731  
0.331751  0.447059  
0.330796  0.448259  
0.329929  0.449483  
0.329048  0.450347  
0.328131  0.45188  
0.327395  0.452634  
0.326484  0.453853  
0.32552  0.45532  
0.324695  0.456292  
0.323944  0.457362  
0.323056  0.458439  
0.3221  0.459771  
0.321087  0.461145  
0.32055  0.462105  
0.319636  0.463703  
0.318589  0.464655  
0.317905  0.465562  
0.316885  0.466979  
0.316168  0.467945  
0.315054  0.469445  
0.314257  0.470739  
0.313543  0.471698  
0.312685  0.472503  
0.311679  0.474026  
0.310613  0.475497  
0.309951  0.476461  
0.309057  0.477826  
0.308339  0.479124  
0.307514  0.479866  
0.306547  0.481459  
0.305649  0.482428  
0.30473  0.483839  
0.303645  0.485052  
0.302913  0.486353  
0.302162  0.487256  
0.301163  0.488571  
0.300204  0.490005  
0.29942  0.491037  
0.298533  0.492326  
0.297724  0.493561  
0.296915  0.494666  
0.295943  0.496061  
0.295152  0.497302  
0.294064  0.498621  
0.293264  0.49971  
0.292693  0.500575  
0.291592  0.502187  
0.29076  0.503548  
0.290074  0.504848  
0.288834  0.505882  
0.288039  0.507109  
0.287228  0.508795  
0.286368  0.509795  
0.285351  0.51097  
0.284586  0.512171  
0.28359  0.5134  
0.282794  0.514585  
0.281903  0.51603  
0.280784  0.517342  
0.280135  0.518403  
0.27936  0.519787  
0.278251  0.521176  
0.277574  0.522082  
0.276649  0.523775  
0.275761  0.524938  
0.274872  0.526509  
0.273975  0.527453  
0.273254  0.528659  
0.272117  0.53024  
0.271116  0.531636  
0.270376  0.532742  
0.26959  0.534183  
0.268672  0.535385  
0.26776  0.53694  
0.266844  0.538027  
0.265847  0.539271  
0.26502  0.540426  
0.2641  0.541938  
0.263131  0.543189  
0.262349  0.544266  
0.261467  0.545675  
0.260554  0.547361  
0.259644  0.548681  
0.25872  0.549776  
0.257857  0.551149  
0.256465  0.553125  
0.256175  0.554002  
0.254833  0.555515  
0.254232  0.556804  
0.253422  0.557766  
0.252475  0.55958  
0.251455  0.56078  
0.25079  0.561683  
0.249595  0.563445  
0.24898  0.564438  
0.247984  0.566088  
0.247116  0.567686  
0.24623  0.568805  
0.245284  0.570375  
0.244304  0.571444  
0.243449  0.57281  
0.24243  0.574013  
0.241607  0.575922  
0.240607  0.577311  
0.239801  0.578029  
0.238819  0.579966  
0.237936  0.580927  
0.236925  0.582379  
0.23611  0.584022  
0.235018  0.585457  
0.234212  0.586598  
0.233024  0.588458  
0.23235  0.589932  
0.231492  0.590926  
0.230631  0.592451  
0.229525  0.593947  
0.228696  0.59526  
0.227885  0.596365  
0.226762  0.598454  
0.225916  0.599686  
0.22485  0.601282  
0.224055  0.602576  
0.223041  0.603874  
0.222117  0.605819  
0.22111  0.60715  
0.220176  0.608379  
0.219455  0.609659  
0.218503  0.611412  
0.2174  0.612527  
0.21644  0.614241  
0.215651  0.615487  
0.214541  0.617122  
0.213771  0.618481  
0.212823  0.620025  
0.211781  0.621414  
0.210842  0.623255  
0.209999  0.624308  
0.209039  0.625967  
0.208061  0.6276  
0.207094  0.629303  
0.206214  0.630691  
0.205259  0.631815  
0.204422  0.633299  
0.203355  0.634988  
0.202395  0.636934  
0.201473  0.638086  
0.200658  0.639261  
0.199721  0.641628  
0.198618  0.642602  
0.197435  0.644355  
0.196572  0.64581  
0.195546  0.647452  
0.194749  0.648924  
0.193616  0.650341  
0.192973  0.652161  
0.191993  0.65314  
0.190803  0.655239  
0.189994  0.656894  
0.188683  0.658488  
0.187769  0.659949  
0.186993  0.661441  
0.186116  0.663331  
0.18501  0.664607  
0.184121  0.666157  
0.183047  0.667726  
0.181924  0.669427  
0.181181  0.670702  
0.180109  0.672813  
0.179094  0.674421  
0.17811  0.67577  
0.177191  0.677608  
0.17602  0.679307  
0.175323  0.680519  
0.174185  0.682266  
0.172999  0.6842  
0.17223  0.685384  
0.171324  0.687157  
0.170033  0.689058  
0.169305  0.690621  
0.168253  0.692098  
0.167288  0.693793  
0.166269  0.695428  
0.165297  0.697321  
0.164205  0.698866  
0.163249  0.700385  
0.1622  0.702148  
0.161353  0.703458  
0.159854  0.706163  
0.159027  0.707674  
0.158252  0.709385  
0.157107  0.710696  
0.156096  0.712405  
0.155115  0.714149  
0.154126  0.716045  
0.152983  0.71753  
0.152151  0.719207  
0.151037  0.720938  
0.150043  0.723006  
0.148867  0.724832  
0.147914  0.726376  
0.147038  0.728327  
0.145955  0.730072  
0.144779  0.732013  
0.143786  0.733661  
0.14275  0.735361  
0.141729  0.736957  
0.140642  0.738708  
0.139546  0.740627  
0.138573  0.742357  
0.137528  0.744078  
0.136451  0.746133  
0.135317  0.748013  
0.13432  0.749511  
0.133322  0.751492  
0.132336  0.753364  
0.131203  0.754888  
0.130183  0.756987  
0.128939  0.759037  
0.128117  0.760314  
0.126838  0.762613  
0.125815  0.764648  
0.124634  0.76642  
0.123763  0.768365  
0.122583  0.770268  
0.121586  0.771907  
0.120417  0.773816  
0.119443  0.775695  
0.118209  0.777802  
0.117035  0.779945  
0.116162  0.781822  
0.11526  0.784287  
0.113795  0.785593  
0.112729  0.787567  
0.111586  0.789903  
0.110551  0.791359  
0.109527  0.793362  
0.108334  0.795911  
0.107319  0.797215  
0.106205  0.79901  
0.105167  0.801418  
0.104026  0.803291  
0.102946  0.805273  
0.101861  0.807188  
0.100737  0.809447  
0.0995946  0.811369  
0.0985294  0.81332  
0.097007  0.815557  
0.0961225  0.81768  
0.0945965  0.819933  
0.0940014  0.821457  
0.0928803  0.823202  
0.0916333  0.825979  
0.0902808  0.827765  
0.0892921  0.829974  
0.0881822  0.8316  
0.0870594  0.833997  
0.0857532  0.836201  
0.0847292  0.838096  
0.0836676  0.840027  
0.0824955  0.842068  
0.0812896  0.844369  
0.0800239  0.846601  
0.0787019  0.849074  
0.0777793  0.850902  
0.0765976  0.853052  
0.0751774  0.855505  
0.0741521  0.857492  
0.073067  0.859562  
0.0718442  0.861762  
0.0706461  0.864055  
0.0693154  0.866441  
0.0683194  0.868403  
0.067035  0.870842  
0.0659242  0.873071  
0.0645196  0.8753  
0.0633071  0.877752  
0.0621569  0.879798  
0.0609072  0.882155  
0.0598495  0.884288  
0.0585396  0.886815  
0.0574083  0.88855  
0.0560405  0.891485  
0.0549035  0.893606  
0.0537295  0.895895  
0.0524868  0.897989  
0.0511724  0.900582  
0.0498662  0.903122  
0.0488161  0.905191  
0.0474193  0.90786  
0.0460599  0.910114  
0.0449902  0.912469  
0.043466  0.915074  
0.0424697  0.917402  
0.0411871  0.919927  
0.0399349  0.922218  
0.038671  0.92461  
0.0373043  0.927209  
0.0360517  0.92973  
0.0346142  0.932281  
0.0334997  0.934297  
0.0321924  0.936888  
0.0309752  0.93943  
0.0293425  0.942322  
0.0282957  0.944541  
0.0269745  0.947205  
0.0257023  0.949455  
0.0243733  0.952001  
0.0231035  0.954902  
0.021757  0.957078  
0.0204872  0.95964  
0.019143  0.962378  
0.0177573  0.964936  
0.016343  0.967769  
0.015073  0.970393  
0.0136659  0.972956  
0.0123365  0.975668  
0.0110572  0.978543  
0.00969884  0.980883  
0.00824815  0.983835  
0.00696297  0.986442  
0.00562745  0.989264  
0.00423173  0.991862  
0.00282488  0.995068  
0.00141001  0.997441  
0.000175057  1.00011  
