0.822864  1.3727  
0.822864  1.3727  
0.822864  1.3727  
0.822864  1.3727  
0.822864  1.3727  
0.822864  1.3727  
0.822864  1.3727  
0.822864  1.3727  
0.821318  1.37762  
0.814681  1.39671  
0.807936  1.41583  
0.801212  1.43352  
0.794845  1.45113  
0.788358  1.46933  
0.781097  1.48942  
0.77492  1.50722  
0.768371  1.5258  
0.760994  1.54617  
0.754182  1.56519  
0.746816  1.58585  
0.739635  1.60508  
0.733044  1.62633  
0.725112  1.64653  
0.717955  1.66782  
0.710354  1.68844  
0.702893  1.7089  
0.695643  1.72835  
0.688178  1.74906  
0.682682  1.76445  
0.478955  2.33808  
0.478937  2.33808  
0.469656  2.36426  
0.459627  2.39264  
0.447447  2.42701  
0.437897  2.45344  
0.426952  2.48559  
0.415422  2.51754  
0.403937  2.55016  
0.392452  2.58311  
0.380557  2.6157  
0.36905  2.64923  
0.357176  2.68275  
0.344488  2.71968  
0.332676  2.75609  
0.327158  2.77312  
0.134366  3.31327  
0.134166  3.3145  
0.134289  3.31352  
0.118785  3.35795  
0.103281  3.40537  
0.0865631  3.45502  
0.0700222  3.49968  
0.0522909  3.55447  
0.0337408  3.60055  
0.0132657  3.66366  
5.57342e-006  3.69767  
