1  9.46354e-013  
0.950126  0.0501193  
0.950126  0.0501191  
0.950126  0.0501194  
0.900148  0.10014  
0.850151  0.150158  
0.800176  0.200167  
0.750229  0.25022  
0.750222  0.250224  
0.700329  0.300311  
0.70032  0.300334  
0.650373  0.350359  
0.650373  0.350359  
0.650372  0.350362  
0.65037  0.350386  
0.650372  0.350373  
0.600365  0.400351  
0.600344  0.400358  
0.550239  0.450224  
0.550233  0.450229  
0.550232  0.450234  
0.500275  0.500264  
0.500278  0.500264  
0.450221  0.550208  
0.450215  0.550215  
0.450213  0.550223  
0.400234  0.600221  
0.400233  0.600236  
0.350244  0.65024  
0.350232  0.650245  
0.350232  0.650245  
0.300174  0.700174  
0.250262  0.750273  
0.250283  0.750273  
0.250262  0.750273  
0.200281  0.800283  
0.200286  0.800283  
0.150245  0.850256  
0.100456  0.900443  
0.100451  0.900474  
0.0507387  0.950697  
0.0507387  0.950697  
0.0507313  0.950716  
7.18604e-020  1  
