0.822864  1.3727  
0.822864  1.3727  
0.822864  1.3727  
0.822864  1.3727  
0.822864  1.3727  
0.822864  1.3727  
0.822864  1.3727  
0.822864  1.3727  
0.822864  1.3727  
0.816659  1.39036  
0.810125  1.40851  
0.803755  1.42652  
0.797221  1.44481  
0.790852  1.46296  
0.783678  1.48218  
0.77699  1.50185  
0.770456  1.51982  
0.762805  1.54041  
0.756379  1.55894  
0.749606  1.57897  
0.742571  1.59856  
0.734961  1.61904  
0.727505  1.64051  
0.719882  1.66058  
0.712621  1.68133  
0.70546  1.70292  
0.697347  1.72436  
0.689995  1.74528  
0.682767  1.76431  
0.479277  2.33915  
0.479277  2.33915  
0.479277  2.33915  
0.479277  2.33915  
0.479277  2.33915  
0.479277  2.33915  
0.472459  2.35677  
0.460777  2.39173  
0.450373  2.41951  
0.438675  2.45105  
0.428813  2.48132  
0.417116  2.51346  
0.405564  2.54572  
0.393444  2.57891  
0.382169  2.61172  
0.369433  2.64742  
0.358678  2.68065  
0.344559  2.72218  
0.333556  2.75612  
0.327653  2.77195  
0.135948  3.32169  
0.118979  3.35701  
0.103511  3.40183  
0.0864553  3.44996  
0.0692539  3.50005  
0.0525164  3.55433  
0.0352567  3.60123  
0.0181135  3.66489  
3.57959e-006  3.69772  
