1.00608  0.172975  
0.909557  0.173702  
0.909557  0.174356  
0.909557  0.174785  
0.909557  0.175744  
0.909557  0.17692  
0.909557  0.178071  
0.909557  0.186131  
0.909557  0.187348  
0.909557  0.189733  
0.909557  0.197983  
0.909557  0.198704  
0.909557  0.201221  
0.909557  0.201803  
0.909557  0.201964  
0.909557  0.220319  
0.909557  0.210949  
0.909557  0.210886  
0.909557  0.261294  
0.675682  0.945211  
0.739012  0.945209  
0.643291  0.945224  
0.632287  0.945456  
0.627579  0.945534  
0.625765  0.945623  
0.348849  1.08828  
0.34839  1.08828  
0.348571  1.08828  
0.349245  1.08828  
0.348391  1.08828  
