1  0.881259  
0.995078  0.895424  
0.990155  0.909637  
0.9864  0.921127  
0.981477  0.935427  
0.978137  0.948299  
0.972455  0.965998  
0.965212  0.978413  
0.960048  0.993676  
0.957104  1.0084  
0.952186  1.02033  
0.945629  1.03756  
0.941316  1.05401  
0.935113  1.06813  
0.928666  1.08197  
0.924651  1.09048  
0.917605  1.10966  
0.9129  1.12324  
0.905872  1.14464  
0.899708  1.16246  
0.892893  1.17995  
0.8887  1.19278  
0.881718  1.21039  
0.876775  1.22374  
0.869253  1.24564  
0.863787  1.25921  
0.857422  1.27889  
0.849806  1.29912  
0.844669  1.31205  
0.837952  1.33145  
0.831551  1.34877  
0.827034  1.36816  
0.818858  1.38611  
0.811819  1.406  
0.805313  1.4231  
0.799388  1.43991  
0.790851  1.46579  
0.784835  1.47982  
0.778179  1.49801  
0.770708  1.52075  
0.763418  1.54013  
0.756188  1.55935  
0.748461  1.58123  
0.739952  1.60572  
0.735683  1.62299  
0.726907  1.64709  
0.719265  1.66234  
0.711505  1.6843  
0.704499  1.70369  
0.69455  1.73189  
0.68435  1.76095  
0.679097  1.77739  
0.670013  1.80695  
0.659796  1.83135  
0.652534  1.85059  
0.64533  1.87332  
0.635892  1.89771  
0.62852  1.91674  
0.614737  1.95736  
0.608963  1.97677  
0.597511  2.00603  
0.591657  2.02641  
0.583195  2.05197  
0.568547  2.0857  
0.562904  2.10775  
0.550619  2.13687  
0.540963  2.16518  
0.531801  2.19418  
0.520068  2.22289  
0.512489  2.25176  
0.499223  2.28147  
0.490111  2.31129  
0.480361  2.33801  
0.467118  2.37125  
0.456618  2.40229  
0.445504  2.433  
0.435339  2.46259  
0.424026  2.4965  
0.410627  2.53145  
0.399557  2.56187  
0.386904  2.59902  
0.373295  2.63835  
0.361936  2.66786  
0.350968  2.70632  
0.337116  2.74427  
0.325328  2.77688  
0.311969  2.81227  
0.298839  2.85297  
0.285467  2.88507  
0.271876  2.9308  
0.256154  2.97016  
0.241478  3.01527  
0.226571  3.05559  
0.215673  3.09337  
0.198036  3.13578  
0.183618  3.17766  
0.167638  3.22015  
0.148645  3.27538  
0.136694  3.31294  
0.119893  3.362  
0.103637  3.41301  
0.0870091  3.44804  
0.0708236  3.50564  
0.0519786  3.54921  
0.0362687  3.61688  
0.0183272  3.65638  
8.88013e-005  3.69704  
