0	1	
0.000347263	0.981365	
0.000689376	0.973744	
0.00102826	0.967934	
0.00136459	0.96306	
0.00169877	0.958784	
0.00203105	0.954933	
0.00236164	0.951403	
0.00269068	0.948128	
0.00301829	0.945061	
0.00334458	0.942168	
0.00366962	0.939423	
0.00399349	0.936806	
0.00431625	0.934302	
0.00463795	0.931897	
0.00495865	0.929582	
0.00527839	0.927347	
0.00559721	0.925186	
0.00591514	0.92309	
0.00623221	0.921056	
0.00654847	0.919077	
0.00686393	0.917151	
0.00717861	0.915273	
0.00749256	0.91344	
0.00780578	0.91165	
0.00811829	0.909898	
0.00843013	0.908184	
0.0087413	0.906505	
0.00905182	0.904859	
0.00936171	0.903244	
0.00967099	0.901659	
0.00997967	0.900102	
0.0102878	0.898571	
0.0105953	0.897067	
0.0109022	0.895586	
0.0112086	0.894129	
0.0115145	0.892694	
0.0118199	0.891281	
0.0121247	0.889888	
0.012429	0.888515	
0.0127328	0.88716	
0.0130362	0.885824	
0.013339	0.884505	
0.0136414	0.883203	
0.0139434	0.881918	
0.0142448	0.880648	
0.0145459	0.879394	
0.0148465	0.878154	
0.0151467	0.876928	
0.0154464	0.875716	
0.0157457	0.874518	
0.0160447	0.873333	
0.0163432	0.87216	
0.0166413	0.870999	
0.016939	0.86985	
0.0172364	0.868713	
0.0175333	0.867587	
0.0178299	0.866471	
0.0181261	0.865367	
0.018422	0.864272	
0.0187175	0.863188	
0.0190126	0.862114	
0.0193074	0.861049	
0.0196019	0.859993	
0.019896	0.858947	
0.0201898	0.857909	
0.0204832	0.85688	
0.0207763	0.85586	
0.0210691	0.854848	
0.0213616	0.853844	
0.0216537	0.852848	
0.0219456	0.85186	
0.0222371	0.850879	
0.0225284	0.849905	
0.0228193	0.848939	
0.0231099	0.84798	
0.0234003	0.847029	
0.0236903	0.846083	
0.0239801	0.845145	
0.0242696	0.844213	
0.0245588	0.843288	
0.0248477	0.842368	
0.0251364	0.841455	
0.0254248	0.840549	
0.0257129	0.839648	
0.0260007	0.838753	
0.0262883	0.837863	
0.0265756	0.83698	
0.0268627	0.836102	
0.0271495	0.835229	
0.0274361	0.834362	
0.0277224	0.8335	
0.0280085	0.832643	
0.0282943	0.831791	
0.0285799	0.830944	
0.0288652	0.830102	
0.0291503	0.829265	
0.0294352	0.828433	
0.0297198	0.827606	
0.0300042	0.826783	
0.0302884	0.825964	
0.0305723	0.825151	
0.0308561	0.824341	
0.0311396	0.823536	
0.0314229	0.822735	
0.0317059	0.821938	
0.0319888	0.821146	
0.0322714	0.820358	
0.0325538	0.819573	
0.0328361	0.818793	
0.0331181	0.818016	
0.0333999	0.817244	
0.0336815	0.816475	
0.0339629	0.81571	
0.0342441	0.814948	
0.0345251	0.814191	
0.0348059	0.813437	
0.0350865	0.812686	
0.0353669	0.811939	
0.0356471	0.811196	
0.0359271	0.810456	
0.0362069	0.809719	
0.0364866	0.808985	
0.036766	0.808255	
0.0370453	0.807528	
0.0373244	0.806805	
0.0376033	0.806084	
0.0378821	0.805367	
0.0381606	0.804653	
0.038439	0.803941	
0.0387172	0.803233	
0.0389952	0.802528	
0.0392731	0.801826	
0.0395508	0.801126	
0.0398283	0.80043	
0.0401056	0.799736	
0.0403828	0.799045	
0.0406598	0.798357	
0.0409367	0.797672	
0.0412134	0.796989	
0.0414899	0.796309	
0.0417662	0.795632	
0.0420424	0.794957	
0.0423185	0.794285	
0.0425944	0.793616	
0.0428701	0.792949	
0.0431457	0.792285	
0.0434211	0.791623	
0.0436964	0.790963	
0.0439715	0.790306	
0.0442464	0.789652	
0.0445213	0.788999	
0.0447959	0.788349	
0.0450705	0.787702	
0.0453448	0.787057	
0.0456191	0.786414	
0.0458932	0.785773	
0.0461671	0.785135	
0.0464409	0.784498	
0.0467146	0.783864	
0.0469881	0.783233	
0.0472615	0.782603	
0.0475347	0.781975	
0.0478078	0.78135	
0.0480808	0.780727	
0.0483536	0.780105	
0.0486263	0.779486	
0.0488989	0.778869	
0.0491714	0.778254	
0.0494437	0.777641	
0.0497158	0.777029	
0.0499879	0.77642	
0.0502598	0.775813	
0.0505316	0.775208	
0.0508033	0.774604	
0.0510748	0.774003	
0.0513462	0.773403	
0.0516175	0.772805	
0.0518887	0.772209	
0.0521598	0.771615	
0.0524307	0.771023	
0.0527015	0.770432	
0.0529722	0.769843	
0.0532428	0.769256	
0.0535132	0.768671	
0.0537835	0.768087	
0.0540538	0.767505	
0.0543239	0.766925	
0.0545939	0.766347	
0.0548637	0.76577	
0.0551335	0.765195	
0.0554031	0.764621	
0.0556727	0.764049	
0.0559421	0.763479	
0.0562114	0.762911	
0.0564806	0.762343	
0.0567497	0.761778	
0.0570187	0.761214	
0.0572876	0.760652	
0.0575564	0.760091	
0.057825	0.759532	
0.0580936	0.758974	
0.058362	0.758418	
0.0586304	0.757863	
0.0588986	0.75731	
0.0591668	0.756758	
0.0594348	0.756207	
0.0597028	0.755658	
0.0599706	0.755111	
0.0602384	0.754565	
0.060506	0.75402	
0.0607736	0.753477	
0.061041	0.752935	
0.0613084	0.752395	
0.0615756	0.751856	
0.0618428	0.751318	
0.0621098	0.750782	
0.0623768	0.750246	
0.0626437	0.749713	
0.0629105	0.74918	
0.0631772	0.748649	
0.0634438	0.74812	
0.0637103	0.747591	
0.0639767	0.747064	
0.064243	0.746538	
0.0645092	0.746013	
0.0647754	0.74549	
0.0650414	0.744968	
0.0653074	0.744447	
0.0655733	0.743927	
0.0658391	0.743409	
0.0661048	0.742892	
0.0663704	0.742376	
0.0666359	0.741861	
0.0669014	0.741347	
0.0671667	0.740835	
0.067432	0.740323	
0.0676972	0.739813	
0.0679623	0.739304	
0.0682273	0.738796	
0.0684923	0.73829	
0.0687571	0.737784	
0.0690219	0.73728	
0.0692866	0.736776	
0.0695513	0.736274	
0.0698158	0.735773	
0.0700803	0.735273	
0.0703447	0.734774	
0.070609	0.734276	
0.0708732	0.73378	
0.0711374	0.733284	
0.0714015	0.732789	
0.0716655	0.732296	
0.0719294	0.731803	
0.0721933	0.731312	
0.072457	0.730822	
0.0727207	0.730332	
0.0729844	0.729844	
0.0732479	0.729356	
0.0735114	0.72887	
0.0737748	0.728385	
0.0740382	0.7279	
0.0743015	0.727417	
0.0745647	0.726935	
0.0748278	0.726453	
0.0750909	0.725973	
0.0753539	0.725493	
0.0756168	0.725015	
0.0758796	0.724537	
0.0761424	0.724061	
0.0764052	0.723585	
0.0766678	0.72311	
0.0769304	0.722637	
0.0771929	0.722164	
0.0774554	0.721692	
0.0777178	0.721221	
0.0779801	0.720751	
0.0782424	0.720282	
0.0785046	0.719813	
0.0787667	0.719346	
0.0790288	0.718879	
0.0792908	0.718414	
0.0795527	0.717949	
0.0798146	0.717485	
0.0800764	0.717022	
0.0803382	0.71656	
0.0805999	0.716099	
0.0808615	0.715638	
0.0811231	0.715179	
0.0813846	0.71472	
0.0816461	0.714262	
0.0819075	0.713805	
0.0821688	0.713349	
0.0824301	0.712894	
0.0826913	0.712439	
0.0829525	0.711985	
0.0832136	0.711532	
0.0834746	0.71108	
0.0837356	0.710629	
0.0839966	0.710178	
0.0842575	0.709729	
0.0845183	0.70928	
0.0847791	0.708832	
0.0850398	0.708384	
0.0853004	0.707938	
0.0855611	0.707492	
0.0858216	0.707047	
0.0860821	0.706602	
0.0863426	0.706159	
0.086603	0.705716	
0.0868633	0.705274	
0.0871236	0.704833	
0.0873839	0.704392	
0.0876441	0.703953	
0.0879042	0.703514	
0.0881643	0.703075	
0.0884243	0.702638	
0.0886843	0.702201	
0.0889443	0.701765	
0.0892042	0.701329	
0.089464	0.700895	
0.0897238	0.700461	
0.0899836	0.700027	
0.0902433	0.699595	
0.0905029	0.699163	
0.0907625	0.698732	
0.0910221	0.698301	
0.0912816	0.697872	
0.0915411	0.697442	
0.0918005	0.697014	
0.0920599	0.696586	
0.0923192	0.696159	
0.0925785	0.695733	
0.0928377	0.695307	
0.0930969	0.694882	
0.0933561	0.694458	
0.0936152	0.694034	
0.0938743	0.693611	
0.0941333	0.693189	
0.0943923	0.692767	
0.0946512	0.692346	
0.0949101	0.691925	
0.0951689	0.691505	
0.0954278	0.691086	
0.0956865	0.690668	
0.0959453	0.69025	
0.096204	0.689832	
0.0964626	0.689416	
0.0967212	0.689	
0.0969798	0.688584	
0.0972383	0.688169	
0.0974968	0.687755	
0.0977553	0.687342	
0.0980137	0.686929	
0.098272	0.686516	
0.0985304	0.686105	
0.0987887	0.685693	
0.0990469	0.685283	
0.0993052	0.684873	
0.0995634	0.684463	
0.0998215	0.684055	
0.10008	0.683646	
0.100338	0.683239	
0.100596	0.682832	
0.100854	0.682425	
0.101112	0.682019	
0.10137	0.681614	
0.101628	0.681209	
0.101885	0.680805	
0.102143	0.680401	
0.102401	0.679998	
0.102659	0.679596	
0.102917	0.679194	
0.103174	0.678793	
0.103432	0.678392	
0.10369	0.677991	
0.103947	0.677592	
0.104205	0.677192	
0.104462	0.676794	
0.10472	0.676396	
0.104977	0.675998	
0.105235	0.675601	
0.105492	0.675205	
0.105749	0.674809	
0.106007	0.674413	
0.106264	0.674018	
0.106521	0.673624	
0.106779	0.67323	
0.107036	0.672837	
0.107293	0.672444	
0.10755	0.672051	
0.107807	0.67166	
0.108065	0.671268	
0.108322	0.670877	
0.108579	0.670487	
0.108836	0.670097	
0.109093	0.669708	
0.10935	0.669319	
0.109607	0.668931	
0.109864	0.668543	
0.11012	0.668156	
0.110377	0.667769	
0.110634	0.667383	
0.110891	0.666997	
0.111148	0.666612	
0.111405	0.666227	
0.111661	0.665842	
0.111918	0.665458	
0.112175	0.665075	
0.112431	0.664692	
0.112688	0.66431	
0.112945	0.663928	
0.113201	0.663546	
0.113458	0.663165	
0.113714	0.662784	
0.113971	0.662404	
0.114227	0.662025	
0.114484	0.661645	
0.11474	0.661267	
0.114997	0.660888	
0.115253	0.66051	
0.11551	0.660133	
0.115766	0.659756	
0.116022	0.65938	
0.116279	0.659004	
0.116535	0.658628	
0.116791	0.658253	
0.117047	0.657878	
0.117304	0.657504	
0.11756	0.65713	
0.117816	0.656756	
0.118072	0.656383	
0.118328	0.656011	
0.118585	0.655639	
0.118841	0.655267	
0.119097	0.654896	
0.119353	0.654525	
0.119609	0.654155	
0.119865	0.653785	
0.120121	0.653415	
0.120377	0.653046	
0.120633	0.652677	
0.120889	0.652309	
0.121145	0.651941	
0.121401	0.651574	
0.121657	0.651206	
0.121913	0.65084	
0.122169	0.650474	
0.122425	0.650108	
0.122681	0.649742	
0.122936	0.649377	
0.123192	0.649013	
0.123448	0.648648	
0.123704	0.648284	
0.12396	0.647921	
0.124215	0.647558	
0.124471	0.647195	
0.124727	0.646833	
0.124983	0.646471	
0.125238	0.64611	
0.125494	0.645749	
0.12575	0.645388	
0.126005	0.645028	
0.126261	0.644668	
0.126517	0.644308	
0.126772	0.643949	
0.127028	0.64359	
0.127284	0.643232	
0.127539	0.642874	
0.127795	0.642516	
0.12805	0.642159	
0.128306	0.641802	
0.128561	0.641445	
0.128817	0.641089	
0.129073	0.640733	
0.129328	0.640378	
0.129584	0.640023	
0.129839	0.639668	
0.130095	0.639314	
0.13035	0.63896	
0.130605	0.638606	
0.130861	0.638253	
0.131116	0.6379	
0.131372	0.637548	
0.131627	0.637195	
0.131883	0.636844	
0.132138	0.636492	
0.132393	0.636141	
0.132649	0.63579	
0.132904	0.63544	
0.13316	0.63509	
0.133415	0.63474	
0.13367	0.634391	
0.133926	0.634041	
0.134181	0.633693	
0.134436	0.633344	
0.134692	0.632996	
0.134947	0.632649	
0.135202	0.632301	
0.135458	0.631954	
0.135713	0.631608	
0.135968	0.631261	
0.136223	0.630915	
0.136479	0.63057	
0.136734	0.630224	
0.136989	0.629879	
0.137245	0.629535	
0.1375	0.62919	
0.137755	0.628846	
0.13801	0.628503	
0.138266	0.628159	
0.138521	0.627816	
0.138776	0.627473	
0.139031	0.627131	
0.139286	0.626789	
0.139542	0.626447	
0.139797	0.626106	
0.140052	0.625765	
0.140307	0.625424	
0.140563	0.625083	
0.140818	0.624743	
0.141073	0.624403	
0.141328	0.624064	
0.141583	0.623724	
0.141838	0.623386	
0.142094	0.623047	
0.142349	0.622709	
0.142604	0.622371	
0.142859	0.622033	
0.143114	0.621695	
0.14337	0.621358	
0.143625	0.621021	
0.14388	0.620685	
0.144135	0.620349	
0.14439	0.620013	
0.144645	0.619677	
0.144901	0.619342	
0.145156	0.619007	
0.145411	0.618672	
0.145666	0.618338	
0.145921	0.618004	
0.146176	0.61767	
0.146432	0.617336	
0.146687	0.617003	
0.146942	0.61667	
0.147197	0.616337	
0.147452	0.616005	
0.147707	0.615673	
0.147963	0.615341	
0.148218	0.615009	
0.148473	0.614678	
0.148728	0.614347	
0.148983	0.614016	
0.149239	0.613686	
0.149494	0.613356	
0.149749	0.613026	
0.150004	0.612696	
0.150259	0.612367	
0.150514	0.612038	
0.15077	0.611709	
0.151025	0.611381	
0.15128	0.611053	
0.151535	0.610725	
0.15179	0.610397	
0.152046	0.61007	
0.152301	0.609743	
0.152556	0.609416	
0.152811	0.609089	
0.153067	0.608763	
0.153322	0.608437	
0.153577	0.608111	
0.153832	0.607785	
0.154087	0.60746	
0.154343	0.607135	
0.154598	0.606811	
0.154853	0.606486	
0.155108	0.606162	
0.155364	0.605838	
0.155619	0.605514	
0.155874	0.605191	
0.15613	0.604868	
0.156385	0.604545	
0.15664	0.604222	
0.156895	0.6039	
0.157151	0.603577	
0.157406	0.603256	
0.157661	0.602934	
0.157917	0.602613	
0.158172	0.602291	
0.158427	0.601971	
0.158683	0.60165	
0.158938	0.60133	
0.159194	0.601009	
0.159449	0.600689	
0.159704	0.60037	
0.15996	0.60005	
0.160215	0.599731	
0.16047	0.599412	
0.160726	0.599094	
0.160981	0.598775	
0.161237	0.598457	
0.161492	0.598139	
0.161748	0.597821	
0.162003	0.597504	
0.162259	0.597187	
0.162514	0.59687	
0.16277	0.596553	
0.163025	0.596236	
0.163281	0.59592	
0.163536	0.595604	
0.163792	0.595288	
0.164047	0.594973	
0.164303	0.594657	
0.164558	0.594342	
0.164814	0.594027	
0.165069	0.593713	
0.165325	0.593398	
0.165581	0.593084	
0.165836	0.59277	
0.166092	0.592456	
0.166347	0.592143	
0.166603	0.59183	
0.166859	0.591517	
0.167114	0.591204	
0.16737	0.590891	
0.167626	0.590579	
0.167881	0.590267	
0.168137	0.589955	
0.168393	0.589643	
0.168649	0.589332	
0.168904	0.58902	
0.16916	0.588709	
0.169416	0.588398	
0.169672	0.588088	
0.169927	0.587777	
0.170183	0.587467	
0.170439	0.587157	
0.170695	0.586848	
0.170951	0.586538	
0.171207	0.586229	
0.171463	0.58592	
0.171718	0.585611	
0.171974	0.585302	
0.17223	0.584994	
0.172486	0.584685	
0.172742	0.584377	
0.172998	0.58407	
0.173254	0.583762	
0.17351	0.583455	
0.173766	0.583147	
0.174022	0.58284	
0.174278	0.582534	
0.174534	0.582227	
0.17479	0.581921	
0.175046	0.581615	
0.175303	0.581309	
0.175559	0.581003	
0.175815	0.580697	
0.176071	0.580392	
0.176327	0.580087	
0.176583	0.579782	
0.17684	0.579477	
0.177096	0.579173	
0.177352	0.578868	
0.177608	0.578564	
0.177864	0.57826	
0.178121	0.577956	
0.178377	0.577653	
0.178633	0.57735	
0.17889	0.577046	
0.179146	0.576743	
0.179402	0.576441	
0.179659	0.576138	
0.179915	0.575836	
0.180172	0.575534	
0.180428	0.575232	
0.180685	0.57493	
0.180941	0.574628	
0.181198	0.574327	
0.181454	0.574026	
0.181711	0.573725	
0.181967	0.573424	
0.182224	0.573123	
0.18248	0.572823	
0.182737	0.572523	
0.182994	0.572222	
0.18325	0.571923	
0.183507	0.571623	
0.183764	0.571323	
0.18402	0.571024	
0.184277	0.570725	
0.184534	0.570426	
0.184791	0.570127	
0.185047	0.569829	
0.185304	0.56953	
0.185561	0.569232	
0.185818	0.568934	
0.186075	0.568636	
0.186332	0.568338	
0.186589	0.568041	
0.186846	0.567744	
0.187103	0.567446	
0.18736	0.56715	
0.187617	0.566853	
0.187874	0.566556	
0.188131	0.56626	
0.188388	0.565964	
0.188645	0.565667	
0.188902	0.565372	
0.189159	0.565076	
0.189416	0.56478	
0.189673	0.564485	
0.189931	0.56419	
0.190188	0.563895	
0.190445	0.5636	
0.190702	0.563305	
0.19096	0.563011	
0.191217	0.562716	
0.191474	0.562422	
0.191732	0.562128	
0.191989	0.561834	
0.192246	0.561541	
0.192504	0.561247	
0.192761	0.560954	
0.193019	0.560661	
0.193276	0.560368	
0.193534	0.560075	
0.193791	0.559783	
0.194049	0.55949	
0.194307	0.559198	
0.194564	0.558906	
0.194822	0.558614	
0.19508	0.558322	
0.195337	0.55803	
0.195595	0.557739	
0.195853	0.557447	
0.196111	0.557156	
0.196368	0.556865	
0.196626	0.556575	
0.196884	0.556284	
0.197142	0.555993	
0.1974	0.555703	
0.197658	0.555413	
0.197916	0.555123	
0.198174	0.554833	
0.198432	0.554543	
0.19869	0.554254	
0.198948	0.553964	
0.199206	0.553675	
0.199464	0.553386	
0.199722	0.553097	
0.19998	0.552808	
0.200239	0.55252	
0.200497	0.552231	
0.200755	0.551943	
0.201013	0.551655	
0.201272	0.551367	
0.20153	0.551079	
0.201788	0.550791	
0.202047	0.550504	
0.202305	0.550217	
0.202564	0.549929	
0.202822	0.549642	
0.203081	0.549355	
0.203339	0.549069	
0.203598	0.548782	
0.203856	0.548496	
0.204115	0.548209	
0.204373	0.547923	
0.204632	0.547637	
0.204891	0.547351	
0.20515	0.547066	
0.205408	0.54678	
0.205667	0.546495	
0.205926	0.546209	
0.206185	0.545924	
0.206444	0.545639	
0.206703	0.545354	
0.206962	0.54507	
0.207221	0.544785	
0.20748	0.544501	
0.207739	0.544217	
0.207998	0.543932	
0.208257	0.543648	
0.208516	0.543365	
0.208775	0.543081	
0.209034	0.542797	
0.209293	0.542514	
0.209553	0.542231	
0.209812	0.541948	
0.210071	0.541665	
0.210331	0.541382	
0.21059	0.541099	
0.210849	0.540817	
0.211109	0.540534	
0.211368	0.540252	
0.211628	0.53997	
0.211887	0.539688	
0.212147	0.539406	
0.212406	0.539124	
0.212666	0.538843	
0.212926	0.538561	
0.213185	0.53828	
0.213445	0.537999	
0.213705	0.537718	
0.213965	0.537437	
0.214225	0.537156	
0.214484	0.536875	
0.214744	0.536595	
0.215004	0.536315	
0.215264	0.536034	
0.215524	0.535754	
0.215784	0.535474	
0.216044	0.535194	
0.216304	0.534915	
0.216564	0.534635	
0.216825	0.534356	
0.217085	0.534076	
0.217345	0.533797	
0.217605	0.533518	
0.217866	0.533239	
0.218126	0.53296	
0.218386	0.532682	
0.218647	0.532403	
0.218907	0.532125	
0.219168	0.531847	
0.219428	0.531568	
0.219689	0.53129	
0.219949	0.531013	
0.22021	0.530735	
0.22047	0.530457	
0.220731	0.53018	
0.220992	0.529902	
0.221253	0.529625	
0.221513	0.529348	
0.221774	0.529071	
0.222035	0.528794	
0.222296	0.528517	
0.222557	0.528241	
0.222818	0.527964	
0.223079	0.527688	
0.22334	0.527411	
0.223601	0.527135	
0.223862	0.526859	
0.224123	0.526583	
0.224384	0.526308	
0.224646	0.526032	
0.224907	0.525756	
0.225168	0.525481	
0.22543	0.525206	
0.225691	0.524931	
0.225952	0.524656	
0.226214	0.524381	
0.226475	0.524106	
0.226737	0.523831	
0.226998	0.523557	
0.22726	0.523282	
0.227522	0.523008	
0.227783	0.522733	
0.228045	0.522459	
0.228307	0.522185	
0.228569	0.521912	
0.22883	0.521638	
0.229092	0.521364	
0.229354	0.521091	
0.229616	0.520817	
0.229878	0.520544	
0.23014	0.520271	
0.230402	0.519998	
0.230664	0.519725	
0.230926	0.519452	
0.231189	0.519179	
0.231451	0.518907	
0.231713	0.518634	
0.231975	0.518362	
0.232238	0.518089	
0.2325	0.517817	
0.232763	0.517545	
0.233025	0.517273	
0.233288	0.517001	
0.23355	0.51673	
0.233813	0.516458	
0.234075	0.516187	
0.234338	0.515915	
0.234601	0.515644	
0.234864	0.515373	
0.235126	0.515102	
0.235389	0.514831	
0.235652	0.51456	
0.235915	0.514289	
0.236178	0.514019	
0.236441	0.513748	
0.236704	0.513478	
0.236967	0.513207	
0.23723	0.512937	
0.237493	0.512667	
0.237757	0.512397	
0.23802	0.512127	
0.238283	0.511858	
0.238546	0.511588	
0.23881	0.511318	
0.239073	0.511049	
0.239337	0.51078	
0.2396	0.51051	
0.239864	0.510241	
0.240127	0.509972	
0.240391	0.509703	
0.240655	0.509434	
0.240918	0.509166	
0.241182	0.508897	
0.241446	0.508628	
0.24171	0.50836	
0.241974	0.508092	
0.242238	0.507824	
0.242502	0.507555	
0.242766	0.507287	
0.24303	0.50702	
0.243294	0.506752	
0.243558	0.506484	
0.243822	0.506216	
0.244087	0.505949	
0.244351	0.505681	
0.244615	0.505414	
0.24488	0.505147	
0.245144	0.50488	
0.245408	0.504613	
0.245673	0.504346	
0.245938	0.504079	
0.246202	0.503812	
0.246467	0.503546	
0.246732	0.503279	
0.246996	0.503013	
0.247261	0.502746	
0.247526	0.50248	
0.247791	0.502214	
0.248056	0.501948	
0.248321	0.501682	
0.248586	0.501416	
0.248851	0.501151	
0.249116	0.500885	
0.249381	0.500619	
0.249646	0.500354	
0.249912	0.500088	
0.250177	0.499823	
0.250442	0.499558	
0.250708	0.499293	
0.250973	0.499028	
0.251239	0.498763	
0.251504	0.498498	
0.25177	0.498233	
0.252035	0.497969	
0.252301	0.497704	
0.252567	0.49744	
0.252833	0.497175	
0.253098	0.496911	
0.253364	0.496647	
0.25363	0.496383	
0.253896	0.496119	
0.254162	0.495855	
0.254428	0.495591	
0.254694	0.495327	
0.254961	0.495064	
0.255227	0.4948	
0.255493	0.494537	
0.255759	0.494273	
0.256026	0.49401	
0.256292	0.493747	
0.256559	0.493484	
0.256825	0.493221	
0.257092	0.492958	
0.257358	0.492695	
0.257625	0.492432	
0.257892	0.49217	
0.258158	0.491907	
0.258425	0.491645	
0.258692	0.491382	
0.258959	0.49112	
0.259226	0.490858	
0.259493	0.490596	
0.25976	0.490333	
0.260027	0.490071	
0.260294	0.48981	
0.260561	0.489548	
0.260829	0.489286	
0.261096	0.489024	
0.261363	0.488763	
0.261631	0.488501	
0.261898	0.48824	
0.262166	0.487979	
0.262433	0.487717	
0.262701	0.487456	
0.262969	0.487195	
0.263236	0.486934	
0.263504	0.486673	
0.263772	0.486413	
0.26404	0.486152	
0.264308	0.485891	
0.264576	0.485631	
0.264844	0.48537	
0.265112	0.48511	
0.26538	0.484849	
0.265648	0.484589	
0.265917	0.484329	
0.266185	0.484069	
0.266453	0.483809	
0.266722	0.483549	
0.26699	0.483289	
0.267259	0.483029	
0.267527	0.48277	
0.267796	0.48251	
0.268064	0.482251	
0.268333	0.481991	
0.268602	0.481732	
0.268871	0.481472	
0.26914	0.481213	
0.269409	0.480954	
0.269678	0.480695	
0.269947	0.480436	
0.270216	0.480177	
0.270485	0.479918	
0.270754	0.47966	
0.271023	0.479401	
0.271293	0.479142	
0.271562	0.478884	
0.271832	0.478625	
0.272101	0.478367	
0.272371	0.478109	
0.27264	0.47785	
0.27291	0.477592	
0.27318	0.477334	
0.273449	0.477076	
0.273719	0.476818	
0.273989	0.47656	
0.274259	0.476303	
0.274529	0.476045	
0.274799	0.475787	
0.275069	0.47553	
0.275339	0.475272	
0.275609	0.475015	
0.27588	0.474757	
0.27615	0.4745	
0.27642	0.474243	
0.276691	0.473986	
0.276961	0.473729	
0.277232	0.473472	
0.277503	0.473215	
0.277773	0.472958	
0.278044	0.472701	
0.278315	0.472445	
0.278586	0.472188	
0.278856	0.471931	
0.279127	0.471675	
0.279398	0.471418	
0.27967	0.471162	
0.279941	0.470906	
0.280212	0.47065	
0.280483	0.470393	
0.280754	0.470137	
0.281026	0.469881	
0.281297	0.469625	
0.281569	0.46937	
0.28184	0.469114	
0.282112	0.468858	
0.282383	0.468602	
0.282655	0.468347	
0.282927	0.468091	
0.283199	0.467836	
0.283471	0.46758	
0.283743	0.467325	
0.284015	0.46707	
0.284287	0.466815	
0.284559	0.466559	
0.284831	0.466304	
0.285103	0.466049	
0.285376	0.465794	
0.285648	0.46554	
0.28592	0.465285	
0.286193	0.46503	
0.286465	0.464775	
0.286738	0.464521	
0.287011	0.464266	
0.287283	0.464012	
0.287556	0.463757	
0.287829	0.463503	
0.288102	0.463249	
0.288375	0.462995	
0.288648	0.46274	
0.288921	0.462486	
0.289194	0.462232	
0.289467	0.461978	
0.289741	0.461724	
0.290014	0.461471	
0.290287	0.461217	
0.290561	0.460963	
0.290834	0.460709	
0.291108	0.460456	
0.291382	0.460202	
0.291655	0.459949	
0.291929	0.459695	
0.292203	0.459442	
0.292477	0.459189	
0.292751	0.458935	
0.293025	0.458682	
0.293299	0.458429	
0.293573	0.458176	
0.293847	0.457923	
0.294122	0.45767	
0.294396	0.457417	
0.29467	0.457165	
0.294945	0.456912	
0.295219	0.456659	
0.295494	0.456406	
0.295769	0.456154	
0.296043	0.455901	
0.296318	0.455649	
0.296593	0.455397	
0.296868	0.455144	
0.297143	0.454892	
0.297418	0.45464	
0.297693	0.454388	
0.297968	0.454135	
0.298243	0.453883	
0.298519	0.453631	
0.298794	0.453379	
0.299069	0.453128	
0.299345	0.452876	
0.299621	0.452624	
0.299896	0.452372	
0.300172	0.452121	
0.300448	0.451869	
0.300723	0.451617	
0.300999	0.451366	
0.301275	0.451115	
0.301551	0.450863	
0.301827	0.450612	
0.302104	0.450361	
0.30238	0.450109	
0.302656	0.449858	
0.302932	0.449607	
0.303209	0.449356	
0.303485	0.449105	
0.303762	0.448854	
0.304038	0.448603	
0.304315	0.448352	
0.304592	0.448102	
0.304869	0.447851	
0.305146	0.4476	
0.305423	0.44735	
0.46215	0.320184	
0.462478	0.319943	
0.462806	0.319702	
0.463134	0.31946	
0.463463	0.319219	
0.463791	0.318978	
0.46412	0.318736	
0.464449	0.318495	
0.464778	0.318254	
0.465107	0.318012	
0.465436	0.317771	
0.465766	0.31753	
0.466095	0.317288	
0.466425	0.317047	
0.466755	0.316806	
0.467085	0.316564	
0.467415	0.316323	
0.467745	0.316081	
0.468075	0.31584	
0.468406	0.315598	
0.468736	0.315357	
0.469067	0.315115	
0.469398	0.314874	
0.469729	0.314632	
0.47006	0.314391	
0.470391	0.314149	
0.470723	0.313908	
0.471054	0.313666	
0.471386	0.313424	
0.471718	0.313183	
0.47205	0.312941	
0.472382	0.3127	
0.472714	0.312458	
0.473046	0.312216	
0.473379	0.311975	
0.473712	0.311733	
0.474044	0.311491	
0.474377	0.311249	
0.47471	0.311008	
0.475044	0.310766	
0.475377	0.310524	
0.475711	0.310282	
0.476044	0.31004	
0.476378	0.309799	
0.476712	0.309557	
0.477046	0.309315	
0.47738	0.309073	
0.477714	0.308831	
0.478049	0.308589	
0.478384	0.308347	
0.478718	0.308105	
0.479053	0.307863	
0.479388	0.307621	
0.479723	0.307379	
0.480059	0.307137	
0.480394	0.306895	
0.48073	0.306653	
0.481065	0.306411	
0.481401	0.306169	
0.481737	0.305927	
0.482074	0.305685	
0.48241	0.305443	
0.482746	0.3052	
0.483083	0.304958	
0.48342	0.304716	
0.483757	0.304474	
0.484094	0.304232	
0.484431	0.303989	
0.484768	0.303747	
0.485106	0.303505	
0.485443	0.303262	
0.485781	0.30302	
0.486119	0.302778	
0.486457	0.302535	
0.486795	0.302293	
0.487133	0.302051	
0.487472	0.301808	
0.48781	0.301566	
0.488149	0.301323	
0.488488	0.301081	
0.488827	0.300838	
0.489166	0.300596	
0.489506	0.300353	
0.489845	0.300111	
0.490185	0.299868	
0.490525	0.299625	
0.490865	0.299383	
0.491205	0.29914	
0.491545	0.298897	
0.491885	0.298655	
0.492226	0.298412	
0.492567	0.298169	
0.492907	0.297926	
0.493248	0.297684	
0.493589	0.297441	
0.493931	0.297198	
0.494272	0.296955	
0.494614	0.296712	
0.494955	0.296469	
0.495297	0.296226	
0.495639	0.295983	
0.495981	0.29574	
0.496324	0.295498	
0.496666	0.295254	
0.497009	0.295011	
0.497352	0.294768	
0.497695	0.294525	
0.498038	0.294282	
0.498381	0.294039	
0.498724	0.293796	
0.499068	0.293553	
0.499411	0.29331	
0.499755	0.293066	
0.500099	0.292823	
0.500443	0.29258	
0.500788	0.292337	
0.501132	0.292093	
0.501477	0.29185	
0.501821	0.291606	
0.502166	0.291363	
0.502511	0.29112	
0.502857	0.290876	
0.503202	0.290633	
0.503547	0.290389	
0.503893	0.290146	
0.504239	0.289902	
0.504585	0.289659	
0.504931	0.289415	
0.505277	0.289171	
0.505624	0.288928	
0.50597	0.288684	
0.506317	0.28844	
0.506664	0.288197	
0.507011	0.287953	
0.507358	0.287709	
0.507706	0.287465	
0.508053	0.287222	
0.508401	0.286978	
0.508749	0.286734	
0.509097	0.28649	
0.509445	0.286246	
0.509793	0.286002	
0.510142	0.285758	
0.51049	0.285514	
0.510839	0.28527	
0.511188	0.285026	
0.511537	0.284782	
0.511886	0.284538	
0.512236	0.284294	
0.512585	0.284049	
0.512935	0.283805	
0.513285	0.283561	
0.513635	0.283317	
0.513985	0.283072	
0.514335	0.282828	
0.514686	0.282584	
0.515037	0.282339	
0.515388	0.282095	
0.515739	0.281851	
0.51609	0.281606	
0.516441	0.281362	
0.516793	0.281117	
0.517144	0.280873	
0.517496	0.280628	
0.517848	0.280383	
0.5182	0.280139	
0.518553	0.279894	
0.518905	0.279649	
0.519258	0.279405	
0.51961	0.27916	
0.519963	0.278915	
0.520316	0.27867	
0.52067	0.278425	
0.521023	0.278181	
0.521377	0.277936	
0.521731	0.277691	
0.522085	0.277446	
0.522439	0.277201	
0.522793	0.276956	
0.523147	0.276711	
0.523502	0.276466	
0.523857	0.276221	
0.524212	0.275975	
0.524567	0.27573	
0.524922	0.275485	
0.525277	0.27524	
0.525633	0.274994	
0.525989	0.274749	
0.526345	0.274504	
0.526701	0.274258	
0.527057	0.274013	
0.527414	0.273768	
0.52777	0.273522	
0.528127	0.273277	
0.528484	0.273031	
0.528841	0.272786	
0.529198	0.27254	
0.529556	0.272294	
0.529913	0.272049	
0.530271	0.271803	
0.530629	0.271557	
0.530987	0.271311	
0.531345	0.271066	
0.531704	0.27082	
0.532062	0.270574	
0.532421	0.270328	
0.53278	0.270082	
0.533139	0.269836	
0.533499	0.26959	
0.533858	0.269344	
0.534218	0.269098	
0.534578	0.268852	
0.534938	0.268606	
0.535298	0.26836	
0.535658	0.268113	
0.536019	0.267867	
0.536379	0.267621	
0.53674	0.267375	
0.537101	0.267128	
0.537462	0.266882	
0.537824	0.266635	
0.538185	0.266389	
0.538547	0.266142	
0.538909	0.265896	
0.539271	0.265649	
0.539633	0.265403	
0.539996	0.265156	
0.540358	0.264909	
0.540721	0.264663	
0.541084	0.264416	
0.541447	0.264169	
0.54181	0.263922	
0.542174	0.263675	
0.542537	0.263429	
0.542901	0.263182	
0.543265	0.262935	
0.543629	0.262688	
0.543994	0.262441	
0.544358	0.262194	
0.544723	0.261946	
0.545088	0.261699	
0.545453	0.261452	
0.545818	0.261205	
0.546184	0.260958	
0.546549	0.26071	
0.546915	0.260463	
0.547281	0.260216	
0.547647	0.259968	
0.548013	0.259721	
0.54838	0.259473	
0.548747	0.259226	
0.549114	0.258978	
0.549481	0.25873	
0.549848	0.258483	
0.550215	0.258235	
0.550583	0.257987	
0.550951	0.25774	
0.551318	0.257492	
0.551687	0.257244	
0.552055	0.256996	
0.552423	0.256748	
0.552792	0.2565	
0.553161	0.256252	
0.55353	0.256004	
0.553899	0.255756	
0.554269	0.255508	
0.554638	0.25526	
0.555008	0.255011	
0.555378	0.254763	
0.555748	0.254515	
0.556118	0.254267	
0.556489	0.254018	
0.55686	0.25377	
0.557231	0.253521	
0.557602	0.253273	
0.557973	0.253024	
0.558344	0.252776	
0.558716	0.252527	
0.559088	0.252278	
0.55946	0.25203	
0.559832	0.251781	
0.560204	0.251532	
0.560577	0.251283	
0.56095	0.251034	
0.561323	0.250785	
0.561696	0.250536	
0.562069	0.250287	
0.562443	0.250038	
0.562816	0.249789	
0.56319	0.24954	
0.563564	0.249291	
0.563938	0.249042	
0.564313	0.248792	
0.564688	0.248543	
0.565062	0.248294	
0.565437	0.248044	
0.565813	0.247795	
0.566188	0.247545	
0.566564	0.247296	
0.566939	0.247046	
0.567315	0.246797	
0.567692	0.246547	
0.568068	0.246297	
0.568444	0.246047	
0.568821	0.245798	
0.569198	0.245548	
0.569575	0.245298	
0.569953	0.245048	
0.57033	0.244798	
0.570708	0.244548	
0.571086	0.244298	
0.571464	0.244048	
0.571842	0.243798	
0.572221	0.243547	
0.572599	0.243297	
0.572978	0.243047	
0.573357	0.242796	
0.573737	0.242546	
0.574116	0.242295	
0.574496	0.242045	
0.574876	0.241794	
0.575256	0.241544	
0.575636	0.241293	
0.576016	0.241043	
0.576397	0.240792	
0.576778	0.240541	
0.577159	0.24029	
0.57754	0.240039	
0.577922	0.239788	
0.578303	0.239537	
0.578685	0.239286	
0.579067	0.239035	
0.57945	0.238784	
0.579832	0.238533	
0.580215	0.238282	
0.580598	0.238031	
0.580981	0.237779	
0.581364	0.237528	
0.581747	0.237276	
0.582131	0.237025	
0.582515	0.236773	
0.582899	0.236522	
0.583283	0.23627	
0.583668	0.236019	
0.584052	0.235767	
0.584437	0.235515	
0.584822	0.235263	
0.585207	0.235011	
0.585593	0.23476	
0.585979	0.234508	
0.586365	0.234256	
0.586751	0.234003	
0.587137	0.233751	
0.587523	0.233499	
0.58791	0.233247	
0.588297	0.232995	
0.588684	0.232742	
0.589072	0.23249	
0.589459	0.232238	
0.589847	0.231985	
0.590235	0.231733	
0.590623	0.23148	
0.591011	0.231227	
0.5914	0.230975	
0.591789	0.230722	
0.592178	0.230469	
0.592567	0.230216	
0.592956	0.229963	
0.593346	0.22971	
0.593736	0.229457	
0.594126	0.229204	
0.594516	0.228951	
0.594907	0.228698	
0.595297	0.228445	
0.595688	0.228192	
0.596079	0.227938	
0.59647	0.227685	
0.596862	0.227432	
0.597254	0.227178	
0.597646	0.226925	
0.598038	0.226671	
0.59843	0.226417	
0.598823	0.226164	
0.599216	0.22591	
0.599609	0.225656	
0.600002	0.225402	
0.600395	0.225148	
0.600789	0.224894	
0.601183	0.22464	
0.601577	0.224386	
0.601971	0.224132	
0.602366	0.223878	
0.60276	0.223624	
0.603155	0.223369	
0.603551	0.223115	
0.603946	0.22286	
0.604342	0.222606	
0.604737	0.222351	
0.605133	0.222097	
0.60553	0.221842	
0.605926	0.221587	
0.606323	0.221333	
0.60672	0.221078	
0.607117	0.220823	
0.607514	0.220568	
0.607912	0.220313	
0.60831	0.220058	
0.608708	0.219803	
0.609106	0.219548	
0.609504	0.219293	
0.609903	0.219037	
0.610302	0.218782	
0.610701	0.218526	
0.6111	0.218271	
0.6115	0.218016	
0.6119	0.21776	
0.6123	0.217504	
0.6127	0.217249	
0.6131	0.216993	
0.613501	0.216737	
0.613902	0.216481	
0.614303	0.216225	
0.614704	0.215969	
0.615106	0.215713	
0.615508	0.215457	
0.61591	0.215201	
0.616312	0.214945	
0.616714	0.214688	
0.617117	0.214432	
0.61752	0.214176	
0.617923	0.213919	
0.618327	0.213663	
0.61873	0.213406	
0.619134	0.213149	
0.619538	0.212893	
0.619942	0.212636	
0.620347	0.212379	
0.620752	0.212122	
0.621157	0.211865	
0.621562	0.211608	
0.621967	0.211351	
0.622373	0.211094	
0.622779	0.210837	
0.623185	0.210579	
0.623591	0.210322	
0.623998	0.210065	
0.624405	0.209807	
0.624812	0.20955	
0.625219	0.209292	
0.625627	0.209034	
0.626034	0.208777	
0.626442	0.208519	
0.626851	0.208261	
0.627259	0.208003	
0.627668	0.207745	
0.628077	0.207487	
0.628486	0.207229	
0.628895	0.206971	
0.629305	0.206713	
0.629715	0.206454	
0.630125	0.206196	
0.630535	0.205937	
0.630946	0.205679	
0.631357	0.20542	
0.631768	0.205162	
0.632179	0.204903	
0.632591	0.204644	
0.633002	0.204385	
0.633415	0.204127	
0.633827	0.203868	
0.634239	0.203609	
0.634652	0.20335	
0.635065	0.20309	
0.635478	0.202831	
0.635892	0.202572	
0.636305	0.202312	
0.636719	0.202053	
0.637134	0.201794	
0.637548	0.201534	
0.637963	0.201274	
0.638378	0.201015	
0.638793	0.200755	
0.639208	0.200495	
0.639624	0.200235	
0.64004	0.199975	
0.640456	0.199715	
0.640872	0.199455	
0.641289	0.199195	
0.641706	0.198935	
0.642123	0.198674	
0.64254	0.198414	
0.642958	0.198154	
0.643376	0.197893	
0.643794	0.197632	
0.644212	0.197372	
0.644631	0.197111	
0.645049	0.19685	
0.645469	0.196589	
0.645888	0.196328	
0.646308	0.196067	
0.646727	0.195806	
0.647147	0.195545	
0.647568	0.195284	
0.647988	0.195023	
0.648409	0.194761	
0.64883	0.1945	
0.649252	0.194238	
0.649673	0.193977	
0.650095	0.193715	
0.650517	0.193454	
0.65094	0.193192	
0.651362	0.19293	
0.651785	0.192668	
0.652208	0.192406	
0.652632	0.192144	
0.653055	0.191882	
0.653479	0.191619	
0.653903	0.191357	
0.654328	0.191095	
0.654752	0.190832	
0.655177	0.19057	
0.655602	0.190307	
0.656028	0.190045	
0.656454	0.189782	
0.656879	0.189519	
0.657306	0.189256	
0.657732	0.188993	
0.658159	0.18873	
0.658586	0.188467	
0.659013	0.188204	
0.659441	0.187941	
0.659868	0.187677	
0.660296	0.187414	
0.660725	0.18715	
0.661153	0.186887	
0.661582	0.186623	
0.662011	0.186359	
0.66244	0.186096	
0.66287	0.185832	
0.6633	0.185568	
0.66373	0.185304	
0.66416	0.18504	
0.664591	0.184776	
0.665022	0.184511	
0.665453	0.184247	
0.665885	0.183983	
0.666316	0.183718	
0.666748	0.183453	
0.66718	0.183189	
0.667613	0.182924	
0.668046	0.182659	
0.668479	0.182394	
0.668912	0.18213	
0.669346	0.181865	
0.66978	0.181599	
0.670214	0.181334	
0.670648	0.181069	
0.671083	0.180804	
0.671518	0.180538	
0.671953	0.180273	
0.672388	0.180007	
0.672824	0.179741	
0.67326	0.179476	
0.673696	0.17921	
0.674133	0.178944	
0.67457	0.178678	
0.675007	0.178412	
0.675444	0.178146	
0.675882	0.17788	
0.67632	0.177613	
0.676758	0.177347	
0.677197	0.17708	
0.677635	0.176814	
0.678074	0.176547	
0.678514	0.176281	
0.678953	0.176014	
0.679393	0.175747	
0.679833	0.17548	
0.680274	0.175213	
0.680715	0.174946	
0.681156	0.174679	
0.681597	0.174411	
0.682038	0.174144	
0.68248	0.173876	
0.682922	0.173609	
0.683365	0.173341	
0.683807	0.173074	
0.68425	0.172806	
0.684694	0.172538	
0.685137	0.17227	
0.685581	0.172002	
0.686025	0.171734	
0.686469	0.171466	
0.686914	0.171197	
0.687359	0.170929	
0.687804	0.17066	
0.68825	0.170392	
0.688695	0.170123	
0.689141	0.169855	
0.689588	0.169586	
0.690035	0.169317	
0.690481	0.169048	
0.690929	0.168779	
0.691376	0.16851	
0.691824	0.16824	
0.692272	0.167971	
0.692721	0.167702	
0.693169	0.167432	
0.693618	0.167163	
0.694067	0.166893	
0.694517	0.166623	
0.694967	0.166353	
0.695417	0.166083	
0.695867	0.165813	
0.696318	0.165543	
0.696769	0.165273	
0.69722	0.165003	
0.697672	0.164732	
0.698124	0.164462	
0.698576	0.164191	
0.699029	0.163921	
0.699481	0.16365	
0.699934	0.163379	
0.700388	0.163108	
0.700842	0.162837	
0.701296	0.162566	
0.70175	0.162295	
0.702204	0.162024	
0.702659	0.161752	
0.703114	0.161481	
0.70357	0.161209	
0.704026	0.160938	
0.704482	0.160666	
0.704938	0.160394	
0.705395	0.160122	
0.705852	0.15985	
0.706309	0.159578	
0.706767	0.159306	
0.707225	0.159034	
0.707683	0.158761	
0.708141	0.158489	
0.7086	0.158216	
0.709059	0.157944	
0.709519	0.157671	
0.709978	0.157398	
0.710438	0.157125	
0.710899	0.156852	
0.711359	0.156579	
0.71182	0.156306	
0.712281	0.156032	
0.712743	0.155759	
0.713205	0.155485	
0.713667	0.155212	
0.71413	0.154938	
0.714592	0.154664	
0.715055	0.15439	
0.715519	0.154116	
0.715983	0.153842	
0.716447	0.153568	
0.716911	0.153294	
0.717376	0.15302	
0.717841	0.152745	
0.718306	0.152471	
0.718772	0.152196	
0.719238	0.151921	
0.719704	0.151646	
0.72017	0.151371	
0.720637	0.151096	
0.721105	0.150821	
0.721572	0.150546	
0.72204	0.150271	
0.722508	0.149995	
0.722977	0.14972	
0.723445	0.149444	
0.723914	0.149168	
0.724384	0.148893	
0.724854	0.148617	
0.725324	0.148341	
0.725794	0.148064	
0.726265	0.147788	
0.726736	0.147512	
0.727207	0.147236	
0.727679	0.146959	
0.728151	0.146682	
0.728623	0.146406	
0.729096	0.146129	
0.729569	0.145852	
0.730042	0.145575	
0.730516	0.145298	
0.73099	0.14502	
0.731464	0.144743	
0.731939	0.144466	
0.732414	0.144188	
0.732889	0.143911	
0.733365	0.143633	
0.733841	0.143355	
0.734317	0.143077	
0.734794	0.142799	
0.735271	0.142521	
0.735748	0.142243	
0.736226	0.141964	
0.736703	0.141686	
0.737182	0.141407	
0.73766	0.141128	
0.738139	0.14085	
0.738619	0.140571	
0.739098	0.140292	
0.739578	0.140013	
0.740058	0.139733	
0.740539	0.139454	
0.74102	0.139175	
0.741501	0.138895	
0.741983	0.138616	
0.742465	0.138336	
0.742947	0.138056	
0.74343	0.137776	
0.743913	0.137496	
0.744396	0.137216	
0.74488	0.136936	
0.745364	0.136655	
0.745848	0.136375	
0.746333	0.136094	
0.746818	0.135814	
0.747304	0.135533	
0.747789	0.135252	
0.748276	0.134971	
0.748762	0.13469	
0.749249	0.134408	
0.749736	0.134127	
0.750223	0.133846	
0.750711	0.133564	
0.751199	0.133282	
0.751688	0.133001	
0.752177	0.132719	
0.752666	0.132437	
0.753156	0.132155	
0.753646	0.131872	
0.754136	0.13159	
0.754627	0.131308	
0.755118	0.131025	
0.755609	0.130742	
0.756101	0.13046	
0.756593	0.130177	
0.757085	0.129894	
0.757578	0.12961	
0.758071	0.129327	
0.758565	0.129044	
0.759058	0.12876	
0.759553	0.128477	
0.760047	0.128193	
0.760542	0.127909	
0.761037	0.127625	
0.761533	0.127341	
0.762029	0.127057	
0.762525	0.126773	
0.763022	0.126489	
0.763519	0.126204	
0.764017	0.12592	
0.764515	0.125635	
0.765013	0.12535	
0.765511	0.125065	
0.76601	0.12478	
0.766509	0.124495	
0.767009	0.124209	
0.767509	0.123924	
0.768009	0.123638	
0.76851	0.123353	
0.769011	0.123067	
0.769513	0.122781	
0.770015	0.122495	
0.770517	0.122209	
0.77102	0.121923	
0.771523	0.121636	
0.772026	0.12135	
0.77253	0.121063	
0.773034	0.120777	
0.773538	0.12049	
0.774043	0.120203	
0.774548	0.119916	
0.775054	0.119629	
0.77556	0.119341	
0.776066	0.119054	
0.776573	0.118766	
0.77708	0.118479	
0.777588	0.118191	
0.778095	0.117903	
0.778604	0.117615	
0.779112	0.117327	
0.779621	0.117038	
0.780131	0.11675	
0.78064	0.116461	
0.781151	0.116173	
0.781661	0.115884	
0.782172	0.115595	
0.782683	0.115306	
0.783195	0.115017	
0.783707	0.114728	
0.78422	0.114438	
0.784733	0.114149	
0.785246	0.113859	
0.785759	0.113569	
0.786273	0.113279	
0.786788	0.112989	
0.787303	0.112699	
0.787818	0.112409	
0.788333	0.112119	
0.788849	0.111828	
0.789366	0.111537	
0.789883	0.111247	
0.7904	0.110956	
0.790917	0.110665	
0.791435	0.110373	
0.791954	0.110082	
0.792472	0.109791	
0.792992	0.109499	
0.793511	0.109208	
0.794031	0.108916	
0.794551	0.108624	
0.795072	0.108332	
0.795593	0.10804	
0.796115	0.107747	
0.796637	0.107455	
0.797159	0.107162	
0.797682	0.10687	
0.798205	0.106577	
0.798729	0.106284	
0.799253	0.105991	
0.799777	0.105697	
0.800302	0.105404	
0.800827	0.105111	
0.801353	0.104817	
0.801879	0.104523	
0.802405	0.104229	
0.802932	0.103935	
0.803459	0.103641	
0.803987	0.103347	
0.804515	0.103052	
0.805043	0.102758	
0.805572	0.102463	
0.806102	0.102168	
0.806631	0.101873	
0.807162	0.101578	
0.807692	0.101283	
0.808223	0.100988	
0.808755	0.100692	
0.809286	0.100397	
0.809819	0.100101	
0.810351	0.0998049	
0.810884	0.0995088	
0.811418	0.0992127	
0.811952	0.0989163	
0.812486	0.0986199	
0.813021	0.0983233	
0.813556	0.0980266	
0.814092	0.0977297	
0.814628	0.0974327	
0.815164	0.0971356	
0.815701	0.0968383	
0.816238	0.0965409	
0.816776	0.0962433	
0.817314	0.0959456	
0.817853	0.0956478	
0.818392	0.0953498	
0.818931	0.0950517	
0.819471	0.0947534	
0.820012	0.094455	
0.820553	0.0941565	
0.821094	0.0938578	
0.821635	0.093559	
0.822177	0.09326	
0.82272	0.0929609	
0.823263	0.0926616	
0.823806	0.0923622	
0.82435	0.0920627	
0.824894	0.091763	
0.825439	0.0914632	
0.825984	0.0911632	
0.82653	0.0908631	
0.827076	0.0905629	
0.827622	0.0902625	
0.828169	0.0899619	
0.828717	0.0896612	
0.829264	0.0893604	
0.829813	0.0890594	
0.830361	0.0887583	
0.830911	0.088457	
0.83146	0.0881556	
0.83201	0.087854	
0.832561	0.0875523	
0.833112	0.0872505	
0.833663	0.0869485	
0.834215	0.0866463	
0.834767	0.086344	
0.83532	0.0860416	
0.835873	0.085739	
0.836427	0.0854362	
0.836981	0.0851333	
0.837536	0.0848303	
0.838091	0.0845271	
0.838646	0.0842237	
0.839202	0.0839202	
0.839759	0.0836166	
0.840315	0.0833128	
0.840873	0.0830088	
0.841431	0.0827047	
0.841989	0.0824005	
0.842548	0.0820961	
0.843107	0.0817915	
0.843667	0.0814868	
0.844227	0.0811819	
0.844787	0.0808769	
0.845348	0.0805717	
0.84591	0.0802664	
0.846472	0.0799609	
0.847034	0.0796553	
0.847597	0.0793495	
0.848161	0.0790436	
0.848725	0.0787375	
0.849289	0.0784312	
0.849854	0.0781248	
0.850419	0.0778183	
0.850985	0.0775116	
0.851551	0.0772047	
0.852118	0.0768976	
0.852685	0.0765905	
0.853253	0.0762831	
0.853821	0.0759756	
0.85439	0.0756679	
0.854959	0.0753601	
0.855529	0.0750521	
0.856099	0.074744	
0.856669	0.0744357	
0.85724	0.0741272	
0.857812	0.0738186	
0.858384	0.0735098	
0.858957	0.0732009	
0.85953	0.0728918	
0.860103	0.0725825	
0.860677	0.0722731	
0.861252	0.0719635	
0.861827	0.0716538	
0.862402	0.0713439	
0.862978	0.0710338	
0.863555	0.0707236	
0.864132	0.0704132	
0.864709	0.0701026	
0.865287	0.0697919	
0.865866	0.069481	
0.866445	0.0691699	
0.867024	0.0688587	
0.867604	0.0685473	
0.868185	0.0682358	
0.868766	0.0679241	
0.869347	0.0676122	
0.869929	0.0673001	
0.870512	0.0669879	
0.871095	0.0666756	
0.871678	0.066363	
0.872262	0.0660503	
0.872847	0.0657374	
0.873432	0.0654243	
0.874017	0.0651111	
0.874603	0.0647977	
0.87519	0.0644842	
0.875777	0.0641704	
0.876365	0.0638565	
0.876953	0.0635425	
0.877541	0.0632282	
0.878131	0.0629138	
0.87872	0.0625992	
0.87931	0.0622845	
0.879901	0.0619696	
0.880492	0.0616545	
0.881084	0.0613392	
0.881676	0.0610237	
0.882269	0.0607081	
0.882863	0.0603923	
0.883456	0.0600764	
0.884051	0.0597602	
0.884646	0.0594439	
0.885241	0.0591274	
0.885837	0.0588108	
0.886434	0.0584939	
0.887031	0.0581769	
0.887628	0.0578597	
0.888226	0.0575424	
0.888825	0.0572248	
0.889424	0.0569071	
0.890024	0.0565892	
0.890624	0.0562711	
0.891225	0.0559528	
0.891826	0.0556344	
0.892428	0.0553158	
0.893031	0.054997	
0.893634	0.054678	
0.894237	0.0543589	
0.894841	0.0540395	
0.895446	0.05372	
0.896051	0.0534003	
0.896657	0.0530805	
0.897263	0.0527604	
0.89787	0.0524402	
0.898477	0.0521197	
0.899085	0.0517991	
0.899693	0.0514783	
0.900302	0.0511574	
0.900912	0.0508362	
0.901522	0.0505149	
0.902133	0.0501933	
0.902744	0.0498716	
0.903356	0.0495497	
0.903968	0.0492277	
0.904581	0.0489054	
0.905194	0.0485829	
0.905808	0.0482603	
0.906423	0.0479375	
0.907038	0.0476144	
0.907654	0.0472912	
0.90827	0.0469678	
0.908887	0.0466443	
0.909505	0.0463205	
0.910123	0.0459965	
0.910741	0.0456724	
0.91136	0.045348	
0.91198	0.0450235	
0.9126	0.0446988	
0.913221	0.0443739	
0.913843	0.0440488	
0.914465	0.0437235	
0.915087	0.043398	
0.915711	0.0430723	
0.916334	0.0427464	
0.916959	0.0424204	
0.917584	0.0420941	
0.918209	0.0417677	
0.918835	0.041441	
0.919462	0.0411142	
0.920089	0.0407871	
0.920717	0.0404599	
0.921346	0.0401324	
0.921975	0.0398048	
0.922604	0.039477	
0.923235	0.039149	
0.923866	0.0388207	
0.924497	0.0384923	
0.925129	0.0381637	
0.925762	0.0378349	
0.926395	0.0375059	
0.927029	0.0371767	
0.927663	0.0368472	
0.928298	0.0365176	
0.928934	0.0361878	
0.92957	0.0358578	
0.930207	0.0355276	
0.930845	0.0351971	
0.931483	0.0348665	
0.932121	0.0345357	
0.932761	0.0342046	
0.933401	0.0338734	
0.934041	0.033542	
0.934682	0.0332103	
0.935324	0.0328785	
0.935966	0.0325464	
0.936609	0.0322142	
0.937253	0.0318817	
0.937897	0.031549	
0.938542	0.0312161	
0.939188	0.030883	
0.939834	0.0305497	
0.940481	0.0302162	
0.941128	0.0298825	
0.941776	0.0295486	
0.942425	0.0292145	
0.943074	0.0288801	
0.943724	0.0285456	
0.944374	0.0282108	
0.945025	0.0278758	
0.945677	0.0275407	
0.94633	0.0272053	
0.946983	0.0268696	
0.947636	0.0265338	
0.948291	0.0261978	
0.948946	0.0258615	
0.949601	0.0255251	
0.950258	0.0251884	
0.950915	0.0248515	
0.951572	0.0245144	
0.95223	0.0241771	
0.952889	0.0238395	
0.953549	0.0235017	
0.954209	0.0231638	
0.95487	0.0228256	
0.955531	0.0224872	
0.956194	0.0221485	
0.956856	0.0218097	
0.95752	0.0214706	
0.958184	0.0211313	
0.958849	0.0207918	
0.959514	0.0204521	
0.96018	0.0201121	
0.960847	0.0197719	
0.961514	0.0194315	
0.962183	0.0190909	
0.962851	0.0187501	
0.963521	0.018409	
0.964191	0.0180677	
0.964862	0.0177262	
0.965533	0.0173845	
0.966205	0.0170425	
0.966878	0.0167003	
0.967552	0.0163579	
0.968226	0.0160152	
0.968901	0.0156724	
0.969576	0.0153293	
0.970253	0.0149859	
0.97093	0.0146424	
0.971607	0.0142986	
0.972286	0.0139546	
0.972965	0.0136103	
0.973644	0.0132659	
0.974325	0.0129212	
0.975006	0.0125762	
0.975688	0.012231	
0.97637	0.0118856	
0.977053	0.01154	
0.977737	0.0111941	
0.978422	0.010848	
0.979107	0.0105017	
0.979793	0.0101551	
0.98048	0.0098083	
0.981167	0.00946125	
0.981855	0.00911397	
0.982544	0.00876645	
0.983233	0.0084187	
0.983924	0.0080707	
0.984615	0.00772247	
0.985306	0.007374	
0.985999	0.00702529	
0.986692	0.00667633	
0.987386	0.00632714	
0.98808	0.00597771	
0.988776	0.00562804	
0.989472	0.00527812	
0.990168	0.00492796	
0.990866	0.00457756	
0.991564	0.00422692	
0.992263	0.00387603	
0.992963	0.00352489	
0.993663	0.00317352	
0.994364	0.00282189	
0.995066	0.00247002	
0.995769	0.00211791	
0.996472	0.00176554	
0.997176	0.00141293	
0.997881	0.00106007	
0.998587	0.000706964	
0.999293	0.000353607	
1	0	