0	1	
0.000489428	0.977877	
0.000970306	0.96885	
0.00144586	0.961976	
0.00191722	0.956214	
0.00238506	0.951163	
0.00284982	0.946616	
0.00331183	0.942452	
0.00377133	0.938589	
0.00422852	0.934973	
0.00468358	0.931563	
0.00513663	0.92833	
0.00558781	0.925248	
0.00603721	0.9223	
0.00648493	0.919471	
0.00693105	0.916747	
0.00737564	0.914118	
0.00781877	0.911576	
0.00826049	0.909113	
0.00870086	0.906722	
0.00913994	0.904397	
0.00957776	0.902134	
0.0100144	0.899928	
0.0104498	0.897776	
0.0108841	0.895673	
0.0113173	0.893617	
0.0117495	0.891605	
0.0121806	0.889634	
0.0126107	0.887703	
0.0130398	0.885808	
0.013468	0.883948	
0.0138952	0.882122	
0.0143215	0.880327	
0.014747	0.878563	
0.0151716	0.876827	
0.0155953	0.875119	
0.0160182	0.873437	
0.0164403	0.87178	
0.0168616	0.870148	
0.0172821	0.868538	
0.0177019	0.866951	
0.018121	0.865386	
0.0185393	0.863841	
0.0189568	0.862316	
0.0193737	0.86081	
0.0197899	0.859323	
0.0202055	0.857854	
0.0206203	0.856402	
0.0210346	0.854967	
0.0214481	0.853548	
0.0218611	0.852145	
0.0222734	0.850757	
0.0226851	0.849384	
0.0230963	0.848025	
0.0235068	0.846681	
0.0239168	0.845349	
0.0243262	0.844031	
0.024735	0.842726	
0.0251433	0.841434	
0.025551	0.840153	
0.0259583	0.838884	
0.0263649	0.837627	
0.0267711	0.836381	
0.0271768	0.835146	
0.0275819	0.833922	
0.0279866	0.832708	
0.0283907	0.831504	
0.0287944	0.830311	
0.0291976	0.829127	
0.0296004	0.827952	
0.0300026	0.826787	
0.0304045	0.825631	
0.0308058	0.824484	
0.0312068	0.823346	
0.0316073	0.822216	
0.0320073	0.821094	
0.0324069	0.819981	
0.0328061	0.818875	
0.0332049	0.817778	
0.0336033	0.816688	
0.0340013	0.815606	
0.0343988	0.814531	
0.034796	0.813463	
0.0351928	0.812403	
0.0355892	0.811349	
0.0359852	0.810302	
0.0363808	0.809262	
0.0367761	0.808229	
0.037171	0.807202	
0.0375655	0.806182	
0.0379597	0.805167	
0.0383535	0.804159	
0.038747	0.803157	
0.0391401	0.802161	
0.0395329	0.801171	
0.0399253	0.800187	
0.0403174	0.799208	
0.0407091	0.798235	
0.0411006	0.797267	
0.0414917	0.796305	
0.0418825	0.795348	
0.0422729	0.794396	
0.0426631	0.79345	
0.0430529	0.792508	
0.0434424	0.791571	
0.0438317	0.79064	
0.0442206	0.789713	
0.0446092	0.788791	
0.0449975	0.787874	
0.0453856	0.786961	
0.0457733	0.786053	
0.0461608	0.785149	
0.046548	0.78425	
0.0469349	0.783355	
0.0473215	0.782465	
0.0477078	0.781579	
0.0480939	0.780697	
0.0484797	0.779819	
0.0488652	0.778945	
0.0492505	0.778075	
0.0496355	0.77721	
0.0500203	0.776348	
0.0504048	0.77549	
0.050789	0.774636	
0.051173	0.773785	
0.0515568	0.772939	
0.0519403	0.772096	
0.0523235	0.771257	
0.0527065	0.770421	
0.0530893	0.769589	
0.0534718	0.76876	
0.0538541	0.767935	
0.0542362	0.767113	
0.054618	0.766295	
0.0549996	0.76548	
0.055381	0.764668	
0.0557622	0.76386	
0.0561431	0.763055	
0.0565238	0.762253	
0.0569043	0.761454	
0.0572846	0.760658	
0.0576647	0.759865	
0.0580446	0.759076	
0.0584242	0.758289	
0.0588037	0.757505	
0.0591829	0.756725	
0.0595619	0.755947	
0.0599408	0.755172	
0.0603194	0.7544	
0.0606978	0.753631	
0.0610761	0.752864	
0.0614541	0.752101	
0.061832	0.75134	
0.0622096	0.750581	
0.0625871	0.749826	
0.0629644	0.749073	
0.0633415	0.748323	
0.0637184	0.747575	
0.0640951	0.74683	
0.0644717	0.746087	
0.064848	0.745347	
0.0652242	0.74461	
0.0656003	0.743875	
0.0659761	0.743142	
0.0663518	0.742412	
0.0667273	0.741684	
0.0671026	0.740958	
0.0674778	0.740235	
0.0678528	0.739514	
0.0682276	0.738796	
0.0686023	0.73808	
0.0689768	0.737366	
0.0693511	0.736654	
0.0697253	0.735945	
0.0700993	0.735237	
0.0704732	0.734532	
0.0708469	0.733829	
0.0712205	0.733128	
0.0715939	0.73243	
0.0719672	0.731733	
0.0723403	0.731039	
0.0727132	0.730346	
0.073086	0.729656	
0.0734587	0.728967	
0.0738312	0.728281	
0.0742036	0.727597	
0.0745759	0.726914	
0.074948	0.726234	
0.0753199	0.725555	
0.0756917	0.724879	
0.0760634	0.724204	
0.076435	0.723531	
0.0768064	0.72286	
0.0771777	0.722191	
0.0775488	0.721524	
0.0779199	0.720859	
0.0782908	0.720195	
0.0786615	0.719533	
0.0790322	0.718873	
0.0794027	0.718215	
0.0797731	0.717559	
0.0801433	0.716904	
0.0805135	0.716251	
0.0808835	0.7156	
0.0812534	0.71495	
0.0816232	0.714302	
0.0819928	0.713656	
0.0823624	0.713012	
0.0827318	0.712369	
0.0831011	0.711727	
0.0834703	0.711088	
0.0838394	0.71045	
0.0842084	0.709813	
0.0845773	0.709178	
0.084946	0.708545	
0.0853147	0.707913	
0.0856832	0.707283	
0.0860516	0.706654	
0.08642	0.706027	
0.0867882	0.705402	
0.0871563	0.704778	
0.0875243	0.704155	
0.0878922	0.703534	
0.08826	0.702914	
0.0886278	0.702296	
0.0889954	0.701679	
0.0893629	0.701064	
0.0897303	0.70045	
0.0900976	0.699837	
0.0904649	0.699226	
0.090832	0.698617	
0.091199	0.698008	
0.091566	0.697401	
0.0919328	0.696796	
0.0922996	0.696191	
0.0926663	0.695589	
0.0930329	0.694987	
0.0933994	0.694387	
0.0937658	0.693788	
0.0941321	0.69319	
0.0944984	0.692594	
0.0948645	0.691999	
0.0952306	0.691405	
0.0955966	0.690813	
0.0959625	0.690222	
0.0963283	0.689632	
0.096694	0.689043	
0.0970597	0.688456	
0.0974253	0.68787	
0.0977908	0.687285	
0.0981562	0.686701	
0.0985216	0.686119	
0.0988869	0.685537	
0.0992521	0.684957	
0.0996172	0.684378	
0.0999823	0.6838	
0.100347	0.683224	
0.100712	0.682648	
0.101077	0.682074	
0.101442	0.681501	
0.101806	0.680929	
0.102171	0.680358	
0.102536	0.679788	
0.1029	0.679219	
0.103265	0.678652	
0.103629	0.678085	
0.103993	0.67752	
0.104358	0.676956	
0.104722	0.676393	
0.105086	0.675831	
0.10545	0.67527	
0.105814	0.67471	
0.106178	0.674151	
0.106542	0.673593	
0.106905	0.673036	
0.107269	0.67248	
0.107633	0.671926	
0.107997	0.671372	
0.10836	0.670819	
0.108724	0.670267	
0.109087	0.669717	
0.10945	0.669167	
0.109814	0.668618	
0.110177	0.668071	
0.11054	0.667524	
0.110904	0.666978	
0.111267	0.666433	
0.11163	0.665889	
0.111993	0.665347	
0.112356	0.664805	
0.112719	0.664264	
0.113082	0.663724	
0.113445	0.663185	
0.113807	0.662646	
0.11417	0.662109	
0.114533	0.661573	
0.114896	0.661038	
0.115258	0.660503	
0.115621	0.659969	
0.115983	0.659437	
0.116346	0.658905	
0.116708	0.658374	
0.117071	0.657844	
0.117433	0.657315	
0.117795	0.656787	
0.118158	0.656259	
0.11852	0.655733	
0.118882	0.655207	
0.119244	0.654682	
0.119606	0.654158	
0.119969	0.653635	
0.120331	0.653113	
0.120693	0.652591	
0.121055	0.652071	
0.121417	0.651551	
0.121779	0.651032	
0.12214	0.650514	
0.122502	0.649997	
0.122864	0.64948	
0.123226	0.648964	
0.123588	0.648449	
0.123949	0.647935	
0.124311	0.647422	
0.124673	0.64691	
0.125035	0.646398	
0.125396	0.645887	
0.125758	0.645377	
0.126119	0.644867	
0.126481	0.644358	
0.126842	0.643851	
0.127204	0.643343	
0.127565	0.642837	
0.127927	0.642331	
0.128288	0.641827	
0.12865	0.641322	
0.129011	0.640819	
0.129372	0.640316	
0.129734	0.639814	
0.130095	0.639313	
0.130456	0.638813	
0.130818	0.638313	
0.131179	0.637814	
0.13154	0.637315	
0.131901	0.636818	
0.132262	0.636321	
0.132624	0.635825	
0.132985	0.635329	
0.133346	0.634834	
0.133707	0.63434	
0.134068	0.633847	
0.134429	0.633354	
0.13479	0.632862	
0.135151	0.632371	
0.135512	0.63188	
0.135874	0.63139	
0.136235	0.6309	
0.136596	0.630412	
0.136957	0.629924	
0.137318	0.629436	
0.137679	0.628949	
0.13804	0.628463	
0.1384	0.627978	
0.138761	0.627493	
0.139122	0.627009	
0.139483	0.626525	
0.139844	0.626042	
0.140205	0.62556	
0.140566	0.625079	
0.140927	0.624598	
0.141288	0.624117	
0.141649	0.623637	
0.14201	0.623158	
0.142371	0.62268	
0.142731	0.622202	
0.143092	0.621725	
0.143453	0.621248	
0.143814	0.620772	
0.144175	0.620296	
0.144536	0.619821	
0.144897	0.619347	
0.145257	0.618873	
0.145618	0.6184	
0.145979	0.617928	
0.14634	0.617456	
0.146701	0.616984	
0.147062	0.616514	
0.147423	0.616043	
0.147784	0.615574	
0.148144	0.615105	
0.148505	0.614636	
0.148866	0.614168	
0.149227	0.613701	
0.149588	0.613234	
0.149949	0.612768	
0.15031	0.612302	
0.150671	0.611837	
0.151031	0.611372	
0.151392	0.610908	
0.151753	0.610445	
0.152114	0.609982	
0.152475	0.609519	
0.152836	0.609057	
0.153197	0.608596	
0.153558	0.608135	
0.153919	0.607675	
0.15428	0.607215	
0.154641	0.606756	
0.155002	0.606297	
0.155363	0.605839	
0.155724	0.605381	
0.156085	0.604924	
0.156446	0.604468	
0.156807	0.604011	
0.157168	0.603556	
0.157529	0.603101	
0.15789	0.602646	
0.158251	0.602192	
0.158612	0.601738	
0.158974	0.601285	
0.159335	0.600832	
0.159696	0.60038	
0.160057	0.599929	
0.160418	0.599478	
0.160779	0.599027	
0.161141	0.598577	
0.161502	0.598127	
0.161863	0.597678	
0.162224	0.597229	
0.162586	0.596781	
0.162947	0.596333	
0.163308	0.595886	
0.16367	0.595439	
0.164031	0.594992	
0.164393	0.594547	
0.164754	0.594101	
0.165115	0.593656	
0.165477	0.593212	
0.165838	0.592768	
0.1662	0.592324	
0.166561	0.591881	
0.166923	0.591438	
0.167284	0.590996	
0.167646	0.590554	
0.168008	0.590113	
0.168369	0.589672	
0.168731	0.589231	
0.169093	0.588791	
0.169454	0.588352	
0.169816	0.587912	
0.170178	0.587474	
0.17054	0.587035	
0.170902	0.586598	
0.171263	0.58616	
0.171625	0.585723	
0.171987	0.585287	
0.172349	0.584851	
0.172711	0.584415	
0.173073	0.58398	
0.173435	0.583545	
0.173797	0.58311	
0.174159	0.582676	
0.174521	0.582243	
0.174883	0.581809	
0.175246	0.581376	
0.175608	0.580944	
0.17597	0.580512	
0.176332	0.580081	
0.176695	0.579649	
0.177057	0.579219	
0.177419	0.578788	
0.177782	0.578358	
0.178144	0.577929	
0.178507	0.577499	
0.178869	0.577071	
0.179232	0.576642	
0.179594	0.576214	
0.179957	0.575787	
0.18032	0.575359	
0.180682	0.574933	
0.181045	0.574506	
0.181408	0.57408	
0.181771	0.573654	
0.182133	0.573229	
0.182496	0.572804	
0.182859	0.57238	
0.183222	0.571955	
0.183585	0.571532	
0.183948	0.571108	
0.184311	0.570685	
0.184674	0.570262	
0.185038	0.56984	
0.185401	0.569418	
0.185764	0.568997	
0.186127	0.568575	
0.186491	0.568154	
0.186854	0.567734	
0.187217	0.567314	
0.187581	0.566894	
0.187944	0.566475	
0.188308	0.566056	
0.188671	0.565637	
0.189035	0.565218	
0.189399	0.5648	
0.189762	0.564383	
0.190126	0.563965	
0.19049	0.563548	
0.190854	0.563132	
0.191218	0.562716	
0.191582	0.5623	
0.191946	0.561884	
0.19231	0.561469	
0.192674	0.561054	
0.193038	0.560639	
0.193402	0.560225	
0.193766	0.559811	
0.194131	0.559398	
0.194495	0.558984	
0.194859	0.558571	
0.195224	0.558159	
0.195588	0.557747	
0.195953	0.557335	
0.196317	0.556923	
0.196682	0.556512	
0.197047	0.556101	
0.197411	0.55569	
0.197776	0.55528	
0.198141	0.55487	
0.198506	0.55446	
0.198871	0.554051	
0.199236	0.553642	
0.199601	0.553233	
0.199966	0.552825	
0.200331	0.552416	
0.200696	0.552009	
0.201061	0.551601	
0.201427	0.551194	
0.201792	0.550787	
0.202158	0.550381	
0.202523	0.549974	
0.202889	0.549568	
0.203254	0.549163	
0.20362	0.548757	
0.203986	0.548352	
0.204351	0.547948	
0.204717	0.547543	
0.205083	0.547139	
0.205449	0.546735	
0.205815	0.546332	
0.206181	0.545928	
0.206547	0.545525	
0.206913	0.545123	
0.20728	0.54472	
0.207646	0.544318	
0.208012	0.543916	
0.208379	0.543515	
0.208745	0.543114	
0.209112	0.542713	
0.209478	0.542312	
0.209845	0.541912	
0.210212	0.541511	
0.210579	0.541112	
0.210945	0.540712	
0.211312	0.540313	
0.211679	0.539914	
0.212046	0.539515	
0.212413	0.539117	
0.212781	0.538718	
0.213148	0.538321	
0.213515	0.537923	
0.213883	0.537526	
0.21425	0.537129	
0.214618	0.536732	
0.214985	0.536335	
0.215353	0.535939	
0.21572	0.535543	
0.216088	0.535147	
0.216456	0.534752	
0.216824	0.534356	
0.217192	0.533961	
0.21756	0.533567	
0.217928	0.533172	
0.218296	0.532778	
0.218665	0.532384	
0.219033	0.531991	
0.219401	0.531597	
0.21977	0.531204	
0.220138	0.530811	
0.220507	0.530418	
0.220875	0.530026	
0.221244	0.529634	
0.221613	0.529242	
0.221982	0.52885	
0.222351	0.528459	
0.22272	0.528068	
0.223089	0.527677	
0.223458	0.527286	
0.223827	0.526896	
0.224197	0.526506	
0.224566	0.526116	
0.224936	0.525726	
0.225305	0.525337	
0.225675	0.524948	
0.226045	0.524559	
0.226414	0.52417	
0.226784	0.523781	
0.227154	0.523393	
0.227524	0.523005	
0.227894	0.522617	
0.228264	0.52223	
0.228635	0.521843	
0.229005	0.521455	
0.229375	0.521069	
0.229746	0.520682	
0.230116	0.520296	
0.230487	0.519909	
0.230858	0.519524	
0.231228	0.519138	
0.231599	0.518752	
0.23197	0.518367	
0.232341	0.517982	
0.232712	0.517597	
0.233084	0.517213	
0.233455	0.516828	
0.233826	0.516444	
0.234198	0.51606	
0.234569	0.515677	
0.234941	0.515293	
0.235312	0.51491	
0.235684	0.514527	
0.236056	0.514144	
0.236428	0.513762	
0.2368	0.513379	
0.237172	0.512997	
0.237544	0.512615	
0.237916	0.512233	
0.238289	0.511852	
0.238661	0.51147	
0.239034	0.511089	
0.239406	0.510708	
0.239779	0.510328	
0.240152	0.509947	
0.240525	0.509567	
0.240898	0.509187	
0.241271	0.508807	
0.241644	0.508427	
0.242017	0.508048	
0.24239	0.507669	
0.242764	0.50729	
0.243137	0.506911	
0.243511	0.506532	
0.243884	0.506154	
0.244258	0.505775	
0.244632	0.505397	
0.245006	0.505019	
0.24538	0.504642	
0.245754	0.504264	
0.246128	0.503887	
0.246502	0.50351	
0.246877	0.503133	
0.247251	0.502756	
0.247626	0.50238	
0.248	0.502004	
0.248375	0.501628	
0.24875	0.501252	
0.249125	0.500876	
0.2495	0.5005	
0.249875	0.500125	
0.25025	0.49975	
0.250625	0.499375	
0.251001	0.499	
0.251376	0.498626	
0.251752	0.498251	
0.252128	0.497877	
0.252503	0.497503	
0.252879	0.497129	
0.253255	0.496755	
0.253631	0.496382	
0.254007	0.496009	
0.254384	0.495635	
0.25476	0.495262	
0.255136	0.49489	
0.255513	0.494517	
0.25589	0.494145	
0.256266	0.493772	
0.256643	0.4934	
0.25702	0.493028	
0.257397	0.492657	
0.257774	0.492285	
0.258152	0.491914	
0.258529	0.491543	
0.258906	0.491172	
0.259284	0.490801	
0.259662	0.49043	
0.260039	0.49006	
0.260417	0.489689	
0.260795	0.489319	
0.261173	0.488949	
0.261551	0.488579	
0.261929	0.48821	
0.262308	0.48784	
0.262686	0.487471	
0.263065	0.487102	
0.263444	0.486733	
0.263822	0.486364	
0.264201	0.485995	
0.26458	0.485626	
0.264959	0.485258	
0.265338	0.48489	
0.265718	0.484522	
0.266097	0.484154	
0.266477	0.483786	
0.266856	0.483419	
0.267236	0.483051	
0.267616	0.482684	
0.267996	0.482317	
0.268376	0.48195	
0.268756	0.481583	
0.269136	0.481217	
0.269516	0.48085	
0.269897	0.480484	
0.270277	0.480118	
0.270658	0.479752	
0.271039	0.479386	
0.27142	0.47902	
0.271801	0.478655	
0.272182	0.478289	
0.272563	0.477924	
0.272945	0.477559	
0.273326	0.477194	
0.273708	0.476829	
0.274089	0.476465	
0.274471	0.4761	
0.274853	0.475736	
0.275235	0.475372	
0.275617	0.475008	
0.275999	0.474644	
0.276382	0.47428	
0.276764	0.473916	
0.277147	0.473553	
0.277529	0.473189	
0.277912	0.472826	
0.278295	0.472463	
0.278678	0.4721	
0.279061	0.471737	
0.279445	0.471375	
0.279828	0.471012	
0.280211	0.47065	
0.280595	0.470288	
0.280979	0.469926	
0.281363	0.469564	
0.281747	0.469202	
0.282131	0.46884	
0.282515	0.468479	
0.282899	0.468117	
0.283284	0.467756	
0.283668	0.467395	
0.284053	0.467034	
0.284438	0.466673	
0.284823	0.466312	
0.285208	0.465952	
0.285593	0.465591	
0.285978	0.465231	
0.286363	0.464871	
0.286749	0.464511	
0.287135	0.464151	
0.28752	0.463791	
0.287906	0.463431	
0.288292	0.463072	
0.288678	0.462712	
0.289064	0.462353	
0.289451	0.461994	
0.289837	0.461635	
0.290224	0.461276	
0.290611	0.460917	
0.290998	0.460558	
0.291385	0.4602	
0.291772	0.459841	
0.292159	0.459483	
0.292546	0.459125	
0.292934	0.458767	
0.293321	0.458409	
0.293709	0.458051	
0.294097	0.457693	
0.294485	0.457335	
0.294873	0.456978	
0.295261	0.456621	
0.29565	0.456263	
0.296038	0.455906	
0.296427	0.455549	
0.296815	0.455192	
0.297204	0.454835	
0.297593	0.454479	
0.297982	0.454122	
0.298372	0.453766	
0.298761	0.45341	
0.299151	0.453053	
0.29954	0.452697	
0.29993	0.452341	
0.30032	0.451985	
0.30071	0.45163	
0.3011	0.451274	
0.301491	0.450918	
0.301881	0.450563	
0.302272	0.450208	
0.302662	0.449853	
0.303053	0.449497	
0.303444	0.449142	
0.303835	0.448788	
0.304226	0.448433	
0.304618	0.448078	
0.305009	0.447724	
0.305401	0.447369	
0.305793	0.447015	
0.306185	0.44666	
0.306577	0.446306	
0.306969	0.445952	
0.307361	0.445598	
0.307754	0.445245	
0.308146	0.444891	
0.308539	0.444537	
0.308932	0.444184	
0.309325	0.44383	
0.309718	0.443477	
0.310111	0.443124	
0.310505	0.442771	
0.310898	0.442418	
0.311292	0.442065	
0.311686	0.441712	
0.31208	0.441359	
0.312474	0.441006	
0.312868	0.440654	
0.313262	0.440301	
0.313657	0.439949	
0.314052	0.439597	
0.314446	0.439245	
0.314841	0.438893	
0.315237	0.438541	
0.315632	0.438189	
0.316027	0.437837	
0.316423	0.437485	
0.316818	0.437134	
0.317214	0.436782	
0.31761	0.436431	
0.318006	0.43608	
0.318402	0.435728	
0.318799	0.435377	
0.319195	0.435026	
0.319592	0.434675	
0.319989	0.434324	
0.320386	0.433974	
0.320783	0.433623	
0.32118	0.433272	
0.321578	0.432922	
0.321975	0.432571	
0.322373	0.432221	
0.322771	0.431871	
0.323169	0.431521	
0.323567	0.431171	
0.323965	0.430821	
0.324364	0.430471	
0.324762	0.430121	
0.325161	0.429771	
0.32556	0.429422	
0.325959	0.429072	
0.326358	0.428723	
0.326757	0.428373	
0.327157	0.428024	
0.327556	0.427675	
0.327956	0.427325	
0.328356	0.426976	
0.328756	0.426627	
0.329156	0.426278	
0.329557	0.42593	
0.329957	0.425581	
0.330358	0.425232	
0.330759	0.424884	
0.33116	0.424535	
0.331561	0.424187	
0.331962	0.423838	
0.332364	0.42349	
0.332766	0.423142	
0.333167	0.422794	
0.333569	0.422445	
0.333971	0.422097	
0.334374	0.42175	
0.334776	0.421402	
0.335179	0.421054	
0.335581	0.420706	
0.335984	0.420359	
0.336387	0.420011	
0.33679	0.419664	
0.337194	0.419316	
0.337597	0.418969	
0.338001	0.418622	
0.338405	0.418274	
0.338809	0.417927	
0.339213	0.41758	
0.339617	0.417233	
0.340022	0.416886	
0.340426	0.416539	
0.340831	0.416193	
0.341236	0.415846	
0.341641	0.415499	
0.342046	0.415153	
0.342452	0.414806	
0.342857	0.41446	
0.343263	0.414113	
0.343669	0.413767	
0.344075	0.413421	
0.344481	0.413075	
0.344888	0.412728	
0.345294	0.412382	
0.345701	0.412036	
0.346108	0.41169	
0.346515	0.411345	
0.346922	0.410999	
0.34733	0.410653	
0.347737	0.410307	
0.348145	0.409962	
0.348553	0.409616	
0.348961	0.409271	
0.349369	0.408925	
0.349778	0.40858	
0.350186	0.408235	
0.350595	0.407889	
0.351004	0.407544	
0.351413	0.407199	
0.351822	0.406854	
0.352232	0.406509	
0.352641	0.406164	
0.353051	0.405819	
0.353461	0.405474	
0.353871	0.405129	
0.354281	0.404785	
0.354692	0.40444	
0.355102	0.404095	
0.355513	0.403751	
0.355924	0.403406	
0.356335	0.403062	
0.356747	0.402717	
0.357158	0.402373	
0.35757	0.402029	
0.357982	0.401684	
0.358394	0.40134	
0.358806	0.400996	
0.359218	0.400652	
0.359631	0.400308	
0.360043	0.399964	
0.360456	0.39962	
0.360869	0.399276	
0.361283	0.398932	
0.361696	0.398588	
0.36211	0.398245	
0.362523	0.397901	
0.362937	0.397557	
0.363351	0.397214	
0.363766	0.39687	
0.36418	0.396526	
0.364595	0.396183	
0.36501	0.39584	
0.365425	0.395496	
0.36584	0.395153	
0.366255	0.39481	
0.366671	0.394466	
0.367087	0.394123	
0.367503	0.39378	
0.367919	0.393437	
0.368335	0.393094	
0.368752	0.392751	
0.369168	0.392408	
0.369585	0.392065	
0.370002	0.391722	
0.370419	0.391379	
0.370837	0.391036	
0.371254	0.390694	
0.371672	0.390351	
0.37209	0.390008	
0.372508	0.389666	
0.372926	0.389323	
0.373345	0.38898	
0.373764	0.388638	
0.374183	0.388295	
0.374602	0.387953	
0.375021	0.387611	
0.37544	0.387268	
0.37586	0.386926	
0.37628	0.386584	
0.3767	0.386241	
0.37712	0.385899	
0.37754	0.385557	
0.377961	0.385215	
0.378382	0.384873	
0.378803	0.384531	
0.379224	0.384188	
0.379645	0.383846	
0.380067	0.383504	
0.380488	0.383163	
0.38091	0.382821	
0.381332	0.382479	
0.381755	0.382137	
0.382177	0.381795	
0.3826	0.381453	
0.383023	0.381112	
0.383446	0.38077	
0.383869	0.380428	
0.384293	0.380087	
0.384716	0.379745	
0.38514	0.379403	
0.385564	0.379062	
0.385989	0.37872	
0.386413	0.378379	
0.386838	0.378037	
0.387263	0.377696	
0.387688	0.377354	
0.388113	0.377013	
0.388538	0.376672	
0.388964	0.37633	
0.38939	0.375989	
0.389816	0.375648	
0.390242	0.375306	
0.390669	0.374965	
0.391095	0.374624	
0.391522	0.374283	
0.391949	0.373942	
0.392376	0.373601	
0.392804	0.373259	
0.393231	0.372918	
0.393659	0.372577	
0.394087	0.372236	
0.394516	0.371895	
0.394944	0.371554	
0.395373	0.371213	
0.395802	0.370872	
0.396231	0.370531	
0.39666	0.37019	
0.39709	0.36985	
0.397519	0.369509	
0.397949	0.369168	
0.398379	0.368827	
0.39881	0.368486	
0.39924	0.368145	
0.399671	0.367805	
0.400102	0.367464	
0.400533	0.367123	
0.400964	0.366783	
0.401396	0.366442	
0.401828	0.366101	
0.40226	0.365761	
0.402692	0.36542	
0.403124	0.365079	
0.403557	0.364739	
0.40399	0.364398	
0.404423	0.364057	
0.404856	0.363717	
0.40529	0.363376	
0.405723	0.363036	
0.406157	0.362695	
0.406591	0.362355	
0.407026	0.362014	
0.40746	0.361674	
0.407895	0.361333	
0.40833	0.360993	
0.408765	0.360653	
0.409201	0.360312	
0.409636	0.359972	
0.410072	0.359631	
0.410508	0.359291	
0.410944	0.358951	
0.411381	0.35861	
0.411818	0.35827	
0.412255	0.357929	
0.412692	0.357589	
0.413129	0.357249	
0.413567	0.356908	
0.414005	0.356568	
0.414443	0.356228	
0.414881	0.355888	
0.415319	0.355547	
0.415758	0.355207	
0.416197	0.354867	
0.416636	0.354526	
0.417075	0.354186	
0.417515	0.353846	
0.417955	0.353506	
0.418395	0.353165	
0.418835	0.352825	
0.419276	0.352485	
0.419716	0.352145	
0.420157	0.351805	
0.420599	0.351464	
0.42104	0.351124	
0.421482	0.350784	
0.421923	0.350444	
0.422365	0.350103	
0.422808	0.349763	
0.42325	0.349423	
0.423693	0.349083	
0.424136	0.348743	
0.424579	0.348403	
0.425023	0.348062	
0.425466	0.347722	
0.42591	0.347382	
0.426355	0.347042	
0.426799	0.346702	
0.427243	0.346361	
0.427688	0.346021	
0.428133	0.345681	
0.428579	0.345341	
0.429024	0.345001	
0.42947	0.34466	
0.429916	0.34432	
0.430362	0.34398	
0.430809	0.34364	
0.431256	0.3433	
0.431702	0.342959	
0.43215	0.342619	
0.432597	0.342279	
0.433045	0.341939	
0.433493	0.341598	
0.433941	0.341258	
0.434389	0.340918	
0.434838	0.340578	
0.435287	0.340237	
0.435736	0.339897	
0.436185	0.339557	
0.436635	0.339217	
0.437084	0.338876	
0.437535	0.338536	
0.437985	0.338196	
0.438435	0.337855	
0.438886	0.337515	
0.439337	0.337175	
0.439789	0.336834	
0.44024	0.336494	
0.440692	0.336154	
0.441144	0.335813	
0.441596	0.335473	
0.442049	0.335133	
0.442501	0.334792	
0.442954	0.334452	
0.443408	0.334111	
0.443861	0.333771	
0.444315	0.333431	
0.444769	0.33309	
0.445223	0.33275	
0.445677	0.332409	
0.446132	0.332069	
0.446587	0.331728	
0.447042	0.331388	
0.447498	0.331047	
0.447954	0.330707	
0.44841	0.330366	
0.448866	0.330025	
0.449322	0.329685	
0.449779	0.329344	
0.450236	0.329004	
0.450693	0.328663	
0.451151	0.328322	
0.451609	0.327982	
0.452067	0.327641	
0.452525	0.3273	
0.452983	0.32696	
0.453442	0.326619	
0.453901	0.326278	
0.454361	0.325937	
0.45482	0.325597	
0.45528	0.325256	
0.45574	0.324915	
0.4562	0.324574	
0.456661	0.324233	
0.457122	0.323892	
0.457583	0.323551	
0.458044	0.32321	
0.458506	0.322869	
0.458968	0.322528	
0.45943	0.322187	
0.459892	0.321846	
0.460355	0.321505	
0.460818	0.321164	
0.461281	0.320823	
0.461745	0.320482	
0.462208	0.320141	
0.462672	0.3198	
0.463137	0.319459	
0.463601	0.319117	
0.464066	0.318776	
0.464531	0.318435	
0.464996	0.318094	
0.465462	0.317752	
0.465928	0.317411	
0.466394	0.31707	
0.46686	0.316728	
0.467327	0.316387	
0.467794	0.316045	
0.468261	0.315704	
0.468729	0.315362	
0.469197	0.315021	
0.469665	0.314679	
0.470133	0.314338	
0.470601	0.313996	
0.47107	0.313654	
0.471539	0.313313	
0.472009	0.312971	
0.472479	0.312629	
0.472949	0.312287	
0.473419	0.311946	
0.473889	0.311604	
0.47436	0.311262	
0.474831	0.31092	
0.475302	0.310578	
0.475774	0.310236	
0.476246	0.309894	
0.476718	0.309552	
0.477191	0.30921	
0.477663	0.308868	
0.478136	0.308526	
0.47861	0.308184	
0.479083	0.307842	
0.479557	0.307499	
0.480031	0.307157	
0.480506	0.306815	
0.48098	0.306472	
0.481456	0.30613	
0.481931	0.305788	
0.482406	0.305445	
0.482882	0.305103	
0.483358	0.30476	
0.483835	0.304418	
0.484312	0.304075	
0.484789	0.303732	
0.485266	0.30339	
0.485743	0.303047	
0.486221	0.302704	
0.486699	0.302362	
0.487178	0.302019	
0.487657	0.301676	
0.488136	0.301333	
0.488615	0.30099	
0.489095	0.300647	
0.489575	0.300304	
0.490055	0.299961	
0.490535	0.299618	
0.491016	0.299275	
0.491497	0.298931	
0.491978	0.298588	
0.49246	0.298245	
0.492942	0.297902	
0.493424	0.297558	
0.493907	0.297215	
0.49439	0.296871	
0.494873	0.296528	
0.495356	0.296184	
0.49584	0.295841	
0.496324	0.295497	
0.496809	0.295153	
0.497293	0.29481	
0.497778	0.294466	
0.498264	0.294122	
0.498749	0.293778	
0.499235	0.293434	
0.499721	0.29309	
0.500208	0.292746	
0.500694	0.292402	
0.501182	0.292058	
0.501669	0.291714	
0.502157	0.29137	
0.502645	0.291026	
0.503133	0.290681	
0.503622	0.290337	
0.50411	0.289993	
0.5046	0.289648	
0.505089	0.289304	
0.505579	0.288959	
0.506069	0.288615	
0.50656	0.28827	
0.507051	0.287925	
0.507542	0.28758	
0.508033	0.287236	
0.508525	0.286891	
0.509017	0.286546	
0.509509	0.286201	
0.510002	0.285856	
0.510495	0.285511	
0.510988	0.285166	
0.511482	0.28482	
0.511976	0.284475	
0.51247	0.28413	
0.512965	0.283785	
0.513459	0.283439	
0.513955	0.283094	
0.51445	0.282748	
0.514946	0.282403	
0.515442	0.282057	
0.515939	0.281711	
0.516435	0.281366	
0.516933	0.28102	
0.51743	0.280674	
0.517928	0.280328	
0.518426	0.279982	
0.518924	0.279636	
0.519423	0.27929	
0.519922	0.278944	
0.520422	0.278597	
0.520921	0.278251	
0.521421	0.277905	
0.521922	0.277558	
0.522423	0.277212	
0.522924	0.276865	
0.523425	0.276519	
0.523927	0.276172	
0.524429	0.275825	
0.524931	0.275479	
0.525434	0.275132	
0.525937	0.274785	
0.52644	0.274438	
0.526944	0.274091	
0.527448	0.273744	
0.527952	0.273397	
0.528457	0.273049	
0.528962	0.272702	
0.529467	0.272355	
0.529973	0.272007	
0.530479	0.27166	
0.530986	0.271312	
0.531492	0.270965	
0.531999	0.270617	
0.532507	0.270269	
0.533015	0.269921	
0.533523	0.269574	
0.534031	0.269226	
0.53454	0.268878	
0.535049	0.26853	
0.535559	0.268181	
0.536068	0.267833	
0.536579	0.267485	
0.537089	0.267136	
0.5376	0.266788	
0.538111	0.266439	
0.538623	0.266091	
0.539135	0.265742	
0.539647	0.265393	
0.540159	0.265045	
0.540672	0.264696	
0.541186	0.264347	
0.541699	0.263998	
0.542213	0.263649	
0.542728	0.2633	
0.543242	0.26295	
0.543757	0.262601	
0.544273	0.262252	
0.544789	0.261902	
0.545305	0.261553	
0.545821	0.261203	
0.546338	0.260853	
0.546855	0.260503	
0.547373	0.260154	
0.547891	0.259804	
0.548409	0.259454	
0.548928	0.259104	
0.549447	0.258753	
0.549966	0.258403	
0.550486	0.258053	
0.551006	0.257702	
0.551526	0.257352	
0.552047	0.257001	
0.552568	0.256651	
0.55309	0.2563	
0.553612	0.255949	
0.554134	0.255598	
0.554657	0.255247	
0.55518	0.254896	
0.555703	0.254545	
0.556227	0.254194	
0.556751	0.253843	
0.557275	0.253491	
0.5578	0.25314	
0.558325	0.252788	
0.558851	0.252437	
0.559377	0.252085	
0.559903	0.251733	
0.56043	0.251381	
0.560957	0.251029	
0.561485	0.250677	
0.562012	0.250325	
0.562541	0.249973	
0.563069	0.249621	
0.563598	0.249268	
0.564128	0.248916	
0.564657	0.248563	
0.565187	0.24821	
0.565718	0.247858	
0.566249	0.247505	
0.56678	0.247152	
0.567312	0.246799	
0.567844	0.246446	
0.568376	0.246093	
0.568909	0.245739	
0.569442	0.245386	
0.569976	0.245033	
0.57051	0.244679	
0.571044	0.244325	
0.571579	0.243972	
0.572114	0.243618	
0.57265	0.243264	
0.573186	0.24291	
0.573722	0.242556	
0.574259	0.242202	
0.574796	0.241847	
0.575333	0.241493	
0.575871	0.241138	
0.576409	0.240784	
0.576948	0.240429	
0.577487	0.240074	
0.578027	0.239719	
0.578566	0.239364	
0.579107	0.239009	
0.579647	0.238654	
0.580188	0.238299	
0.58073	0.237944	
0.581272	0.237588	
0.581814	0.237233	
0.582357	0.236877	
0.5829	0.236521	
0.583443	0.236165	
0.583987	0.235809	
0.584532	0.235453	
0.585076	0.235097	
0.585621	0.234741	
0.586167	0.234385	
0.586713	0.234028	
0.587259	0.233672	
0.587806	0.233315	
0.588353	0.232958	
0.588901	0.232601	
0.589449	0.232244	
0.589997	0.231887	
0.590546	0.23153	
0.591095	0.231173	
0.591645	0.230816	
0.592195	0.230458	
0.592745	0.2301	
0.593296	0.229743	
0.593848	0.229385	
0.594399	0.229027	
0.594951	0.228669	
0.595504	0.228311	
0.596057	0.227953	
0.596611	0.227594	
0.597164	0.227236	
0.597719	0.226877	
0.598273	0.226519	
0.598828	0.22616	
0.599384	0.225801	
0.59994	0.225442	
0.600496	0.225083	
0.601053	0.224724	
0.601611	0.224364	
0.602168	0.224005	
0.602726	0.223645	
0.603285	0.223286	
0.603844	0.222926	
0.604403	0.222566	
0.604963	0.222206	
0.605524	0.221846	
0.606084	0.221486	
0.606646	0.221125	
0.607207	0.220765	
0.607769	0.220404	
0.608332	0.220044	
0.608895	0.219683	
0.609458	0.219322	
0.610022	0.218961	
0.610586	0.2186	
0.611151	0.218239	
0.611716	0.217877	
0.612282	0.217516	
0.612848	0.217154	
0.613414	0.216792	
0.613981	0.21643	
0.614549	0.216068	
0.615116	0.215706	
0.615685	0.215344	
0.616254	0.214982	
0.616823	0.214619	
0.617392	0.214257	
0.617963	0.213894	
0.618533	0.213531	
0.619104	0.213168	
0.619676	0.212805	
0.620248	0.212442	
0.62082	0.212079	
0.621393	0.211715	
0.621966	0.211352	
0.62254	0.210988	
0.623114	0.210624	
0.623689	0.21026	
0.624264	0.209896	
0.62484	0.209532	
0.625416	0.209168	
0.625992	0.208803	
0.626569	0.208439	
0.627147	0.208074	
0.627725	0.207709	
0.628303	0.207344	
0.628882	0.206979	
0.629461	0.206614	
0.630041	0.206249	
0.630622	0.205883	
0.631202	0.205518	
0.631784	0.205152	
0.632365	0.204786	
0.632948	0.20442	
0.63353	0.204054	
0.634114	0.203688	
0.634697	0.203321	
0.635281	0.202955	
0.635866	0.202588	
0.636451	0.202221	
0.637037	0.201854	
0.637623	0.201487	
0.638209	0.20112	
0.638796	0.200753	
0.639384	0.200385	
0.639972	0.200018	
0.640561	0.19965	
0.64115	0.199282	
0.641739	0.198914	
0.642329	0.198546	
0.642919	0.198177	
0.64351	0.197809	
0.644102	0.19744	
0.644694	0.197072	
0.645286	0.196703	
0.645879	0.196334	
0.646473	0.195965	
0.647067	0.195595	
0.647661	0.195226	
0.648256	0.194856	
0.648852	0.194487	
0.649448	0.194117	
0.650044	0.193747	
0.650641	0.193377	
0.651239	0.193006	
0.651837	0.192636	
0.652435	0.192266	
0.653034	0.191895	
0.653634	0.191524	
0.654234	0.191153	
0.654834	0.190782	
0.655435	0.19041	
0.656037	0.190039	
0.656639	0.189667	
0.657241	0.189296	
0.657845	0.188924	
0.658448	0.188552	
0.659052	0.18818	
0.659657	0.187807	
0.660262	0.187435	
0.660868	0.187062	
0.661474	0.186689	
0.662081	0.186316	
0.662688	0.185943	
0.663296	0.18557	
0.663905	0.185197	
0.664513	0.184823	
0.665123	0.184449	
0.665733	0.184076	
0.666343	0.183702	
0.666954	0.183327	
0.667566	0.182953	
0.668178	0.182579	
0.66879	0.182204	
0.669404	0.181829	
0.670017	0.181454	
0.670632	0.181079	
0.671246	0.180704	
0.671862	0.180328	
0.672477	0.179953	
0.673094	0.179577	
0.673711	0.179201	
0.674328	0.178825	
0.674946	0.178449	
0.675565	0.178072	
0.676184	0.177696	
0.676804	0.177319	
0.677424	0.176942	
0.678045	0.176565	
0.678666	0.176188	
0.679288	0.175811	
0.67991	0.175433	
0.680533	0.175055	
0.681157	0.174678	
0.681781	0.1743	
0.682406	0.173921	
0.683031	0.173543	
0.683657	0.173165	
0.684283	0.172786	
0.68491	0.172407	
0.685538	0.172028	
0.686166	0.171649	
0.686794	0.171269	
0.687424	0.17089	
0.688053	0.17051	
0.688684	0.17013	
0.689315	0.16975	
0.689946	0.16937	
0.690578	0.16899	
0.691211	0.168609	
0.691844	0.168228	
0.692478	0.167847	
0.693112	0.167466	
0.693747	0.167085	
0.694383	0.166704	
0.695019	0.166322	
0.695656	0.16594	
0.696293	0.165558	
0.696931	0.165176	
0.697569	0.164794	
0.698209	0.164411	
0.698848	0.164029	
0.699488	0.163646	
0.700129	0.163263	
0.700771	0.16288	
0.701413	0.162496	
0.702055	0.162113	
0.702699	0.161729	
0.703342	0.161345	
0.703987	0.160961	
0.704632	0.160576	
0.705278	0.160192	
0.705924	0.159807	
0.706571	0.159422	
0.707218	0.159037	
0.707866	0.158652	
0.708515	0.158267	
0.709164	0.157881	
0.709814	0.157495	
0.710465	0.157109	
0.711116	0.156723	
0.711767	0.156337	
0.71242	0.15595	
0.713073	0.155564	
0.713726	0.155177	
0.71438	0.15479	
0.715035	0.154402	
0.715691	0.154015	
0.716347	0.153627	
0.717004	0.153239	
0.717661	0.152851	
0.718319	0.152463	
0.718977	0.152075	
0.719637	0.151686	
0.720297	0.151297	
0.720957	0.150908	
0.721618	0.150519	
0.72228	0.150129	
0.722942	0.14974	
0.723605	0.14935	
0.724269	0.14896	
0.724933	0.14857	
0.725598	0.148179	
0.726264	0.147789	
0.72693	0.147398	
0.727597	0.147007	
0.728265	0.146616	
0.728933	0.146224	
0.729602	0.145833	
0.730271	0.145441	
0.730941	0.145049	
0.731612	0.144657	
0.732284	0.144264	
0.732956	0.143872	
0.733629	0.143479	
0.734302	0.143086	
0.734976	0.142693	
0.735651	0.142299	
0.736326	0.141905	
0.737002	0.141512	
0.737679	0.141117	
0.738357	0.140723	
0.739035	0.140329	
0.739714	0.139934	
0.740393	0.139539	
0.741073	0.139144	
0.741754	0.138749	
0.742436	0.138353	
0.743118	0.137957	
0.743801	0.137561	
0.744484	0.137165	
0.745168	0.136769	
0.745853	0.136372	
0.746539	0.135975	
0.747225	0.135578	
0.747912	0.135181	
0.7486	0.134783	
0.749288	0.134386	
0.749977	0.133988	
0.750667	0.13359	
0.751358	0.133191	
0.752049	0.132793	
0.752741	0.132394	
0.753433	0.131995	
0.754126	0.131595	
0.75482	0.131196	
0.755515	0.130796	
0.75621	0.130396	
0.756907	0.129996	
0.757603	0.129596	
0.758301	0.129195	
0.758999	0.128794	
0.759698	0.128393	
0.760398	0.127992	
0.761098	0.127591	
0.761799	0.127189	
0.762501	0.126787	
0.763204	0.126385	
0.763907	0.125982	
0.764611	0.12558	
0.765316	0.125177	
0.766021	0.124774	
0.766727	0.12437	
0.767434	0.123967	
0.768142	0.123563	
0.76885	0.123159	
0.76956	0.122755	
0.770269	0.12235	
0.77098	0.121945	
0.771691	0.12154	
0.772404	0.121135	
0.773116	0.12073	
0.77383	0.120324	
0.774544	0.119918	
0.77526	0.119512	
0.775975	0.119105	
0.776692	0.118699	
0.77741	0.118292	
0.778128	0.117885	
0.778847	0.117477	
0.779566	0.11707	
0.780287	0.116662	
0.781008	0.116253	
0.78173	0.115845	
0.782453	0.115436	
0.783176	0.115028	
0.7839	0.114618	
0.784626	0.114209	
0.785351	0.113799	
0.786078	0.11339	
0.786805	0.112979	
0.787534	0.112569	
0.788263	0.112158	
0.788992	0.111748	
0.789723	0.111336	
0.790454	0.110925	
0.791186	0.110513	
0.791919	0.110102	
0.792653	0.109689	
0.793387	0.109277	
0.794123	0.108864	
0.794859	0.108451	
0.795596	0.108038	
0.796333	0.107625	
0.797072	0.107211	
0.797811	0.106797	
0.798551	0.106383	
0.799292	0.105969	
0.800034	0.105554	
0.800777	0.105139	
0.80152	0.104723	
0.802264	0.104308	
0.803009	0.103892	
0.803755	0.103476	
0.804502	0.10306	
0.805249	0.102643	
0.805998	0.102226	
0.806747	0.101809	
0.807497	0.101392	
0.808248	0.100974	
0.808999	0.100556	
0.809752	0.100138	
0.810505	0.0997194	
0.811259	0.0993007	
0.812014	0.0988816	
0.81277	0.0984623	
0.813527	0.0980428	
0.814284	0.0976229	
0.815043	0.0972028	
0.815802	0.0967823	
0.816562	0.0963617	
0.817323	0.0959407	
0.818085	0.0955194	
0.818848	0.0950979	
0.819611	0.0946761	
0.820376	0.094254	
0.821141	0.0938316	
0.821907	0.093409	
0.822674	0.092986	
0.823442	0.0925628	
0.824211	0.0921393	
0.824981	0.0917155	
0.825751	0.0912914	
0.826523	0.090867	
0.827295	0.0904424	
0.828068	0.0900174	
0.828842	0.0895922	
0.829617	0.0891666	
0.830393	0.0887408	
0.83117	0.0883147	
0.831948	0.0878883	
0.832726	0.0874616	
0.833506	0.0870346	
0.834286	0.0866073	
0.835068	0.0861797	
0.83585	0.0857518	
0.836633	0.0853236	
0.837417	0.0848952	
0.838202	0.0844664	
0.838988	0.0840373	
0.839774	0.0836079	
0.840562	0.0831782	
0.841351	0.0827482	
0.84214	0.0823179	
0.842931	0.0818874	
0.843722	0.0814565	
0.844515	0.0810252	
0.845308	0.0805937	
0.846102	0.0801619	
0.846897	0.0797298	
0.847693	0.0792974	
0.84849	0.0788646	
0.849288	0.0784316	
0.850087	0.0779982	
0.850887	0.0775645	
0.851688	0.0771305	
0.85249	0.0766962	
0.853293	0.0762616	
0.854096	0.0758266	
0.854901	0.0753914	
0.855707	0.0749558	
0.856513	0.0745199	
0.857321	0.0740837	
0.85813	0.0736472	
0.858939	0.0732103	
0.85975	0.0727732	
0.860561	0.0723357	
0.861374	0.0718979	
0.862187	0.0714597	
0.863002	0.0710212	
0.863817	0.0705824	
0.864633	0.0701433	
0.865451	0.0697039	
0.866269	0.0692641	
0.867089	0.068824	
0.867909	0.0683836	
0.868731	0.0679428	
0.869553	0.0675017	
0.870377	0.0670603	
0.871201	0.0666185	
0.872027	0.0661764	
0.872853	0.065734	
0.873681	0.0652912	
0.874509	0.0648481	
0.875339	0.0644046	
0.876169	0.0639608	
0.877001	0.0635167	
0.877834	0.0630722	
0.878667	0.0626274	
0.879502	0.0621823	
0.880338	0.0617368	
0.881175	0.0612909	
0.882013	0.0608447	
0.882852	0.0603982	
0.883692	0.0599513	
0.884533	0.0595041	
0.885375	0.0590565	
0.886218	0.0586085	
0.887062	0.0581603	
0.887907	0.0577116	
0.888754	0.0572626	
0.889601	0.0568133	
0.89045	0.0563636	
0.891299	0.0559135	
0.89215	0.0554631	
0.893002	0.0550123	
0.893855	0.0545612	
0.894708	0.0541097	
0.895563	0.0536578	
0.89642	0.0532056	
0.897277	0.052753	
0.898135	0.0523001	
0.898995	0.0518468	
0.899855	0.0513931	
0.900717	0.0509391	
0.901579	0.0504846	
0.902443	0.0500299	
0.903308	0.0495747	
0.904174	0.0491192	
0.905042	0.0486633	
0.90591	0.048207	
0.906779	0.0477504	
0.90765	0.0472933	
0.908522	0.0468359	
0.909395	0.0463782	
0.910269	0.04592	
0.911144	0.0454615	
0.91202	0.0450026	
0.912898	0.0445433	
0.913776	0.0440836	
0.914656	0.0436235	
0.915537	0.0431631	
0.916419	0.0427022	
0.917302	0.042241	
0.918187	0.0417794	
0.919072	0.0413174	
0.919959	0.040855	
0.920847	0.0403922	
0.921736	0.0399291	
0.922627	0.0394655	
0.923518	0.0390015	
0.924411	0.0385372	
0.925305	0.0380724	
0.9262	0.0376073	
0.927096	0.0371417	
0.927994	0.0366758	
0.928892	0.0362094	
0.929792	0.0357427	
0.930693	0.0352755	
0.931596	0.0348079	
0.932499	0.03434	
0.933404	0.0338716	
0.93431	0.0334028	
0.935217	0.0329336	
0.936126	0.032464	
0.937036	0.031994	
0.937947	0.0315235	
0.938859	0.0310527	
0.939772	0.0305814	
0.940687	0.0301098	
0.941603	0.0296377	
0.94252	0.0291651	
0.943439	0.0286922	
0.944359	0.0282189	
0.94528	0.0277451	
0.946202	0.0272709	
0.947126	0.0267962	
0.94805	0.0263212	
0.948977	0.0258457	
0.949904	0.0253698	
0.950833	0.0248935	
0.951763	0.0244167	
0.952694	0.0239395	
0.953627	0.0234619	
0.954561	0.0229838	
0.955496	0.0225053	
0.956432	0.0220263	
0.95737	0.021547	
0.95831	0.0210671	
0.95925	0.0205869	
0.960192	0.0201062	
0.961135	0.019625	
0.96208	0.0191434	
0.963025	0.0186614	
0.963973	0.0181789	
0.964921	0.017696	
0.965871	0.0172126	
0.966822	0.0167287	
0.967775	0.0162444	
0.968729	0.0157597	
0.969684	0.0152745	
0.970641	0.0147888	
0.971599	0.0143027	
0.972559	0.0138162	
0.973519	0.0133291	
0.974482	0.0128416	
0.975445	0.0123537	
0.97641	0.0118652	
0.977377	0.0113763	
0.978345	0.010887	
0.979314	0.0103972	
0.980284	0.00990687	
0.981256	0.0094161	
0.98223	0.00892486	
0.983205	0.00843314	
0.984181	0.00794095	
0.985159	0.00744828	
0.986138	0.00695513	
0.987119	0.0064615	
0.988101	0.00596739	
0.989084	0.0054728	
0.990069	0.00497772	
0.991056	0.00448216	
0.992044	0.00398611	
0.993033	0.00348957	
0.994024	0.00299255	
0.995016	0.00249503	
0.99601	0.00199701	
0.997005	0.0014985	
0.998002	0.000999501	
0.999	0.0005	
1	0	