0	1	
0.00050025	1	
0.0010005	0.999999	
0.00150075	0.999998	
0.002001	0.999996	
0.00250125	0.999994	
0.0030015	0.999991	
0.00350175	0.999988	
0.004002	0.999984	
0.00450225	0.99998	
0.0050025	0.999975	
0.00550275	0.99997	
0.006003	0.999964	
0.00650325	0.999958	
0.0070035	0.999951	
0.00750375	0.999944	
0.008004	0.999936	
0.00850425	0.999928	
0.0090045	0.999919	
0.00950475	0.99991	
0.010005	0.9999	
0.0105053	0.99989	
0.0110055	0.999879	
0.0115058	0.999868	
0.012006	0.999856	
0.0125063	0.999844	
0.0130065	0.999831	
0.0135068	0.999818	
0.014007	0.999804	
0.0145073	0.99979	
0.0150075	0.999775	
0.0155078	0.99976	
0.016008	0.999744	
0.0165083	0.999727	
0.0170085	0.999711	
0.0175088	0.999693	
0.018009	0.999676	
0.0185093	0.999657	
0.0190095	0.999639	
0.0195098	0.999619	
0.02001	0.9996	
0.0205103	0.999579	
0.0210105	0.999559	
0.0215108	0.999537	
0.022011	0.999516	
0.0225113	0.999493	
0.0230115	0.99947	
0.0235118	0.999447	
0.024012	0.999423	
0.0245123	0.999399	
0.0250125	0.999374	
0.0255128	0.999349	
0.026013	0.999323	
0.0265133	0.999297	
0.0270135	0.99927	
0.0275138	0.999243	
0.028014	0.999215	
0.0285143	0.999187	
0.0290145	0.999158	
0.0295148	0.999129	
0.030015	0.999099	
0.0305153	0.999069	
0.0310155	0.999038	
0.0315158	0.999007	
0.032016	0.998975	
0.0325163	0.998943	
0.0330165	0.99891	
0.0335168	0.998877	
0.034017	0.998843	
0.0345173	0.998809	
0.0350175	0.998774	
0.0355178	0.998738	
0.036018	0.998703	
0.0365183	0.998666	
0.0370185	0.99863	
0.0375188	0.998592	
0.038019	0.998555	
0.0385193	0.998516	
0.0390195	0.998477	
0.0395198	0.998438	
0.04002	0.998398	
0.0405203	0.998358	
0.0410205	0.998317	
0.0415208	0.998276	
0.042021	0.998234	
0.0425213	0.998192	
0.0430215	0.998149	
0.0435218	0.998106	
0.044022	0.998062	
0.0445223	0.998018	
0.0450225	0.997973	
0.0455228	0.997928	
0.046023	0.997882	
0.0465233	0.997836	
0.0470235	0.997789	
0.0475238	0.997741	
0.048024	0.997694	
0.0485243	0.997645	
0.0490245	0.997597	
0.0495248	0.997547	
0.050025	0.997497	
0.0505253	0.997447	
0.0510255	0.997396	
0.0515258	0.997345	
0.052026	0.997293	
0.0525263	0.997241	
0.0530265	0.997188	
0.0535268	0.997135	
0.054027	0.997081	
0.0545273	0.997027	
0.0550275	0.996972	
0.0555278	0.996917	
0.056028	0.996861	
0.0565283	0.996805	
0.0570285	0.996748	
0.0575288	0.99669	
0.058029	0.996633	
0.0585293	0.996574	
0.0590295	0.996516	
0.0595298	0.996456	
0.06003	0.996396	
0.0605303	0.996336	
0.0610305	0.996275	
0.0615308	0.996214	
0.062031	0.996152	
0.0625313	0.99609	
0.0630315	0.996027	
0.0635318	0.995964	
0.064032	0.9959	
0.0645323	0.995836	
0.0650325	0.995771	
0.0655328	0.995705	
0.066033	0.99564	
0.0665333	0.995573	
0.0670335	0.995507	
0.0675338	0.995439	
0.068034	0.995371	
0.0685343	0.995303	
0.0690345	0.995234	
0.0695348	0.995165	
0.070035	0.995095	
0.0705353	0.995025	
0.0710355	0.994954	
0.0715358	0.994883	
0.072036	0.994811	
0.0725363	0.994738	
0.0730365	0.994666	
0.0735368	0.994592	
0.074037	0.994519	
0.0745373	0.994444	
0.0750375	0.994369	
0.0755378	0.994294	
0.076038	0.994218	
0.0765383	0.994142	
0.0770385	0.994065	
0.0775388	0.993988	
0.078039	0.99391	
0.0785393	0.993832	
0.0790395	0.993753	
0.0795398	0.993673	
0.08004	0.993594	
0.0805403	0.993513	
0.0810405	0.993432	
0.0815408	0.993351	
0.082041	0.993269	
0.0825413	0.993187	
0.0830415	0.993104	
0.0835418	0.993021	
0.084042	0.992937	
0.0845423	0.992853	
0.0850425	0.992768	
0.0855428	0.992682	
0.086043	0.992597	
0.0865433	0.99251	
0.0870435	0.992423	
0.0875438	0.992336	
0.088044	0.992248	
0.0885443	0.99216	
0.0890445	0.992071	
0.0895448	0.991982	
0.090045	0.991892	
0.0905453	0.991802	
0.0910455	0.991711	
0.0915458	0.991619	
0.092046	0.991528	
0.0925463	0.991435	
0.0930465	0.991342	
0.0935468	0.991249	
0.094047	0.991155	
0.0945473	0.991061	
0.0950475	0.990966	
0.0955478	0.990871	
0.096048	0.990775	
0.0965483	0.990678	
0.0970485	0.990582	
0.0975488	0.990484	
0.098049	0.990386	
0.0985493	0.990288	
0.0990495	0.990189	
0.0995498	0.99009	
0.10005	0.98999	
0.10055	0.98989	
0.101051	0.989789	
0.101551	0.989687	
0.102051	0.989586	
0.102551	0.989483	
0.103052	0.98938	
0.103552	0.989277	
0.104052	0.989173	
0.104552	0.989069	
0.105053	0.988964	
0.105553	0.988859	
0.106053	0.988753	
0.106553	0.988646	
0.107054	0.98854	
0.107554	0.988432	
0.108054	0.988324	
0.108554	0.988216	
0.109055	0.988107	
0.109555	0.987998	
0.110055	0.987888	
0.110555	0.987778	
0.111056	0.987667	
0.111556	0.987555	
0.112056	0.987443	
0.112556	0.987331	
0.113057	0.987218	
0.113557	0.987105	
0.114057	0.986991	
0.114557	0.986877	
0.115058	0.986762	
0.115558	0.986646	
0.116058	0.986531	
0.116558	0.986414	
0.117059	0.986297	
0.117559	0.98618	
0.118059	0.986062	
0.118559	0.985944	
0.11906	0.985825	
0.11956	0.985705	
0.12006	0.985586	
0.12056	0.985465	
0.121061	0.985344	
0.121561	0.985223	
0.122061	0.985101	
0.122561	0.984979	
0.123062	0.984856	
0.123562	0.984732	
0.124062	0.984609	
0.124562	0.984484	
0.125063	0.984359	
0.125563	0.984234	
0.126063	0.984108	
0.126563	0.983982	
0.127064	0.983855	
0.127564	0.983727	
0.128064	0.9836	
0.128564	0.983471	
0.129065	0.983342	
0.129565	0.983213	
0.130065	0.983083	
0.130565	0.982953	
0.131066	0.982822	
0.131566	0.98269	
0.132066	0.982559	
0.132566	0.982426	
0.133067	0.982293	
0.133567	0.98216	
0.134067	0.982026	
0.134567	0.981892	
0.135068	0.981757	
0.135568	0.981621	
0.136068	0.981485	
0.136568	0.981349	
0.137069	0.981212	
0.137569	0.981075	
0.138069	0.980937	
0.138569	0.980799	
0.13907	0.98066	
0.13957	0.98052	
0.14007	0.98038	
0.14057	0.98024	
0.141071	0.980099	
0.141571	0.979958	
0.142071	0.979816	
0.142571	0.979673	
0.143072	0.979531	
0.143572	0.979387	
0.144072	0.979243	
0.144572	0.979099	
0.145073	0.978954	
0.145573	0.978809	
0.146073	0.978663	
0.146573	0.978516	
0.147074	0.978369	
0.147574	0.978222	
0.148074	0.978074	
0.148574	0.977926	
0.149075	0.977777	
0.149575	0.977627	
0.150075	0.977477	
0.150575	0.977327	
0.151076	0.977176	
0.151576	0.977025	
0.152076	0.976873	
0.152576	0.97672	
0.153077	0.976568	
0.153577	0.976414	
0.154077	0.97626	
0.154577	0.976106	
0.155078	0.975951	
0.155578	0.975796	
0.156078	0.97564	
0.156578	0.975483	
0.157079	0.975326	
0.157579	0.975169	
0.158079	0.975011	
0.158579	0.974853	
0.15908	0.974694	
0.15958	0.974534	
0.16008	0.974374	
0.16058	0.974214	
0.161081	0.974053	
0.161581	0.973892	
0.162081	0.97373	
0.162581	0.973567	
0.163082	0.973404	
0.163582	0.973241	
0.164082	0.973077	
0.164582	0.972913	
0.165083	0.972748	
0.165583	0.972582	
0.166083	0.972416	
0.166583	0.97225	
0.167084	0.972083	
0.167584	0.971916	
0.168084	0.971748	
0.168584	0.971579	
0.169085	0.97141	
0.169585	0.971241	
0.170085	0.971071	
0.170585	0.970901	
0.171086	0.97073	
0.171586	0.970558	
0.172086	0.970386	
0.172586	0.970214	
0.173087	0.970041	
0.173587	0.969868	
0.174087	0.969694	
0.174587	0.969519	
0.175088	0.969344	
0.175588	0.969169	
0.176088	0.968993	
0.176588	0.968817	
0.177089	0.96864	
0.177589	0.968462	
0.178089	0.968284	
0.178589	0.968106	
0.17909	0.967927	
0.17959	0.967748	
0.18009	0.967568	
0.18059	0.967387	
0.181091	0.967206	
0.181591	0.967025	
0.182091	0.966843	
0.182591	0.96666	
0.183092	0.966477	
0.183592	0.966294	
0.184092	0.96611	
0.184592	0.965926	
0.185093	0.965741	
0.185593	0.965555	
0.186093	0.965369	
0.186593	0.965183	
0.187094	0.964996	
0.187594	0.964809	
0.188094	0.964621	
0.188594	0.964432	
0.189095	0.964243	
0.189595	0.964054	
0.190095	0.963864	
0.190595	0.963673	
0.191096	0.963482	
0.191596	0.963291	
0.192096	0.963099	
0.192596	0.962907	
0.193097	0.962714	
0.193597	0.96252	
0.194097	0.962326	
0.194597	0.962132	
0.195098	0.961937	
0.195598	0.961742	
0.196098	0.961546	
0.196598	0.961349	
0.197099	0.961152	
0.197599	0.960955	
0.198099	0.960757	
0.198599	0.960558	
0.1991	0.960359	
0.1996	0.96016	
0.2001	0.95996	
0.2006	0.95976	
0.201101	0.959559	
0.201601	0.959357	
0.202101	0.959155	
0.202601	0.958953	
0.203102	0.95875	
0.203602	0.958546	
0.204102	0.958342	
0.204602	0.958138	
0.205103	0.957933	
0.205603	0.957727	
0.206103	0.957522	
0.206603	0.957315	
0.207104	0.957108	
0.207604	0.956901	
0.208104	0.956693	
0.208604	0.956484	
0.209105	0.956275	
0.209605	0.956066	
0.210105	0.955856	
0.210605	0.955645	
0.211106	0.955434	
0.211606	0.955223	
0.212106	0.955011	
0.212606	0.954799	
0.213107	0.954586	
0.213607	0.954372	
0.214107	0.954158	
0.214607	0.953944	
0.215108	0.953729	
0.215608	0.953513	
0.216108	0.953297	
0.216608	0.953081	
0.217109	0.952864	
0.217609	0.952646	
0.218109	0.952428	
0.218609	0.95221	
0.21911	0.951991	
0.21961	0.951772	
0.22011	0.951552	
0.22061	0.951331	
0.221111	0.95111	
0.221611	0.950889	
0.222111	0.950667	
0.222611	0.950444	
0.223112	0.950221	
0.223612	0.949998	
0.224112	0.949774	
0.224612	0.949549	
0.225113	0.949324	
0.225613	0.949099	
0.226113	0.948873	
0.226613	0.948646	
0.227114	0.948419	
0.227614	0.948192	
0.228114	0.947964	
0.228614	0.947735	
0.229115	0.947507	
0.229615	0.947277	
0.230115	0.947047	
0.230615	0.946817	
0.231116	0.946586	
0.231616	0.946354	
0.232116	0.946122	
0.232616	0.94589	
0.233117	0.945657	
0.233617	0.945423	
0.234117	0.945189	
0.234617	0.944955	
0.235118	0.94472	
0.235618	0.944484	
0.236118	0.944248	
0.236618	0.944012	
0.237119	0.943775	
0.237619	0.943537	
0.238119	0.943299	
0.238619	0.943061	
0.23912	0.942822	
0.23962	0.942582	
0.24012	0.942342	
0.24062	0.942102	
0.241121	0.941861	
0.241621	0.941619	
0.242121	0.941377	
0.242621	0.941135	
0.243122	0.940892	
0.243622	0.940648	
0.244122	0.940404	
0.244622	0.94016	
0.245123	0.939915	
0.245623	0.939669	
0.246123	0.939423	
0.246623	0.939177	
0.247124	0.93893	
0.247624	0.938682	
0.248124	0.938434	
0.248624	0.938186	
0.249125	0.937937	
0.249625	0.937687	
0.250125	0.937437	
0.250625	0.937187	
0.251126	0.936936	
0.251626	0.936684	
0.252126	0.936432	
0.252626	0.93618	
0.253127	0.935927	
0.253627	0.935673	
0.254127	0.935419	
0.254627	0.935165	
0.255128	0.93491	
0.255628	0.934654	
0.256128	0.934398	
0.256628	0.934142	
0.257129	0.933885	
0.257629	0.933627	
0.258129	0.933369	
0.258629	0.933111	
0.25913	0.932852	
0.25963	0.932592	
0.26013	0.932332	
0.26063	0.932072	
0.261131	0.931811	
0.261631	0.931549	
0.262131	0.931287	
0.262631	0.931025	
0.263132	0.930762	
0.263632	0.930498	
0.264132	0.930234	
0.264632	0.92997	
0.265133	0.929705	
0.265633	0.929439	
0.266133	0.929173	
0.266633	0.928907	
0.267134	0.92864	
0.267634	0.928372	
0.268134	0.928104	
0.268634	0.927836	
0.269135	0.927567	
0.269635	0.927297	
0.270135	0.927027	
0.270635	0.926757	
0.271136	0.926486	
0.271636	0.926214	
0.272136	0.925942	
0.272636	0.925669	
0.273137	0.925396	
0.273637	0.925123	
0.274137	0.924849	
0.274637	0.924574	
0.275138	0.924299	
0.275638	0.924024	
0.276138	0.923748	
0.276638	0.923471	
0.277139	0.923194	
0.277639	0.922917	
0.278139	0.922639	
0.278639	0.92236	
0.27914	0.922081	
0.27964	0.921802	
0.28014	0.921522	
0.28064	0.921241	
0.281141	0.92096	
0.281641	0.920678	
0.282141	0.920396	
0.282641	0.920114	
0.283142	0.919831	
0.283642	0.919547	
0.284142	0.919263	
0.284642	0.918979	
0.285143	0.918694	
0.285643	0.918408	
0.286143	0.918122	
0.286643	0.917836	
0.287144	0.917549	
0.287644	0.917261	
0.288144	0.916973	
0.288644	0.916684	
0.289145	0.916395	
0.289645	0.916106	
0.290145	0.915816	
0.290645	0.915525	
0.291146	0.915234	
0.291646	0.914943	
0.292146	0.914651	
0.292646	0.914358	
0.293147	0.914065	
0.293647	0.913772	
0.294147	0.913477	
0.294647	0.913183	
0.295148	0.912888	
0.295648	0.912592	
0.296148	0.912296	
0.296648	0.912	
0.297149	0.911703	
0.297649	0.911405	
0.298149	0.911107	
0.298649	0.910809	
0.29915	0.91051	
0.29965	0.91021	
0.30015	0.90991	
0.30065	0.909609	
0.301151	0.909308	
0.301651	0.909007	
0.302151	0.908705	
0.302651	0.908402	
0.303152	0.908099	
0.303652	0.907796	
0.304152	0.907492	
0.304652	0.907187	
0.305153	0.906882	
0.305653	0.906576	
0.306153	0.90627	
0.306653	0.905964	
0.307154	0.905657	
0.307654	0.905349	
0.308154	0.905041	
0.308654	0.904733	
0.309155	0.904423	
0.309655	0.904114	
0.310155	0.903804	
0.310655	0.903493	
0.311156	0.903182	
0.311656	0.902871	
0.312156	0.902559	
0.312656	0.902246	
0.313157	0.901933	
0.313657	0.901619	
0.314157	0.901305	
0.314657	0.900991	
0.315158	0.900676	
0.315658	0.90036	
0.316158	0.900044	
0.316658	0.899728	
0.317159	0.89941	
0.317659	0.899093	
0.318159	0.898775	
0.318659	0.898456	
0.31916	0.898137	
0.31966	0.897818	
0.32016	0.897498	
0.32066	0.897177	
0.321161	0.896856	
0.321661	0.896534	
0.322161	0.896212	
0.322661	0.89589	
0.323162	0.895567	
0.323662	0.895243	
0.324162	0.894919	
0.324662	0.894594	
0.325163	0.894269	
0.325663	0.893944	
0.326163	0.893618	
0.326663	0.893291	
0.327164	0.892964	
0.327664	0.892636	
0.328164	0.892308	
0.328664	0.89198	
0.329165	0.891651	
0.329665	0.891321	
0.330165	0.890991	
0.330665	0.89066	
0.331166	0.890329	
0.331666	0.889998	
0.332166	0.889666	
0.332666	0.889333	
0.333167	0.889	
0.333667	0.888666	
0.334167	0.888332	
0.334667	0.887998	
0.335168	0.887663	
0.335668	0.887327	
0.336168	0.886991	
0.336668	0.886654	
0.337169	0.886317	
0.337669	0.88598	
0.338169	0.885642	
0.338669	0.885303	
0.33917	0.884964	
0.33967	0.884624	
0.34017	0.884284	
0.34067	0.883944	
0.341171	0.883603	
0.341671	0.883261	
0.342171	0.882919	
0.342671	0.882576	
0.343172	0.882233	
0.343672	0.88189	
0.344172	0.881546	
0.344672	0.881201	
0.345173	0.880856	
0.345673	0.88051	
0.346173	0.880164	
0.346673	0.879818	
0.347174	0.879471	
0.347674	0.879123	
0.348174	0.878775	
0.348674	0.878426	
0.349175	0.878077	
0.349675	0.877728	
0.350175	0.877377	
0.350675	0.877027	
0.351176	0.876676	
0.351676	0.876324	
0.352176	0.875972	
0.352676	0.875619	
0.353177	0.875266	
0.353677	0.874913	
0.354177	0.874559	
0.354677	0.874204	
0.355178	0.873849	
0.355678	0.873493	
0.356178	0.873137	
0.356678	0.872781	
0.357179	0.872423	
0.357679	0.872066	
0.358179	0.871708	
0.358679	0.871349	
0.35918	0.87099	
0.35968	0.87063	
0.36018	0.87027	
0.36068	0.86991	
0.361181	0.869549	
0.361681	0.869187	
0.362181	0.868825	
0.362681	0.868462	
0.363182	0.868099	
0.363682	0.867736	
0.364182	0.867371	
0.364682	0.867007	
0.365183	0.866642	
0.365683	0.866276	
0.366183	0.86591	
0.366683	0.865543	
0.367184	0.865176	
0.367684	0.864809	
0.368184	0.86444	
0.368684	0.864072	
0.369185	0.863703	
0.369685	0.863333	
0.370185	0.862963	
0.370685	0.862592	
0.371186	0.862221	
0.371686	0.86185	
0.372186	0.861478	
0.372686	0.861105	
0.373187	0.860732	
0.373687	0.860358	
0.374187	0.859984	
0.374687	0.859609	
0.375188	0.859234	
0.375688	0.858859	
0.376188	0.858483	
0.376688	0.858106	
0.377189	0.857729	
0.377689	0.857351	
0.378189	0.856973	
0.378689	0.856594	
0.37919	0.856215	
0.37969	0.855836	
0.38019	0.855455	
0.38069	0.855075	
0.381191	0.854694	
0.381691	0.854312	
0.382191	0.85393	
0.382691	0.853547	
0.383192	0.853164	
0.383692	0.852781	
0.384192	0.852396	
0.384692	0.852012	
0.385193	0.851627	
0.385693	0.851241	
0.386193	0.850855	
0.386693	0.850468	
0.387194	0.850081	
0.387694	0.849693	
0.388194	0.849305	
0.388694	0.848917	
0.389195	0.848528	
0.389695	0.848138	
0.390195	0.847748	
0.390695	0.847357	
0.391196	0.846966	
0.391696	0.846574	
0.392196	0.846182	
0.392696	0.84579	
0.393197	0.845396	
0.393697	0.845003	
0.394197	0.844609	
0.394697	0.844214	
0.395198	0.843819	
0.395698	0.843423	
0.396198	0.843027	
0.396698	0.84263	
0.397199	0.842233	
0.397699	0.841836	
0.398199	0.841437	
0.398699	0.841039	
0.3992	0.84064	
0.3997	0.84024	
0.4002	0.83984	
0.4007	0.839439	
0.401201	0.839038	
0.401701	0.838636	
0.402201	0.838234	
0.402701	0.837832	
0.403202	0.837428	
0.403702	0.837025	
0.404202	0.836621	
0.404702	0.836216	
0.405203	0.835811	
0.405703	0.835405	
0.406203	0.834999	
0.406703	0.834592	
0.407204	0.834185	
0.407704	0.833778	
0.408204	0.833369	
0.408704	0.832961	
0.409205	0.832552	
0.409705	0.832142	
0.410205	0.831732	
0.410705	0.831321	
0.411206	0.83091	
0.411706	0.830498	
0.412206	0.830086	
0.412706	0.829673	
0.413207	0.82926	
0.413707	0.828847	
0.414207	0.828432	
0.414707	0.828018	
0.415208	0.827603	
0.415708	0.827187	
0.416208	0.826771	
0.416708	0.826354	
0.417209	0.825937	
0.417709	0.825519	
0.418209	0.825101	
0.418709	0.824682	
0.41921	0.824263	
0.41971	0.823844	
0.42021	0.823423	
0.42071	0.823003	
0.421211	0.822582	
0.421711	0.82216	
0.422211	0.821738	
0.422711	0.821315	
0.423212	0.820892	
0.423712	0.820468	
0.424212	0.820044	
0.424712	0.819619	
0.425213	0.819194	
0.425713	0.818769	
0.426213	0.818342	
0.426713	0.817916	
0.427214	0.817489	
0.427714	0.817061	
0.428214	0.816633	
0.428714	0.816204	
0.429215	0.815775	
0.429715	0.815345	
0.430215	0.814915	
0.430715	0.814484	
0.431216	0.814053	
0.431716	0.813621	
0.432216	0.813189	
0.432716	0.812757	
0.433217	0.812323	
0.433717	0.81189	
0.434217	0.811456	
0.434717	0.811021	
0.435218	0.810586	
0.435718	0.81015	
0.436218	0.809714	
0.436718	0.809277	
0.437219	0.80884	
0.437719	0.808402	
0.438219	0.807964	
0.438719	0.807525	
0.43922	0.807086	
0.43972	0.806646	
0.44022	0.806206	
0.44072	0.805766	
0.441221	0.805324	
0.441721	0.804883	
0.442221	0.80444	
0.442721	0.803998	
0.443222	0.803555	
0.443722	0.803111	
0.444222	0.802667	
0.444722	0.802222	
0.445223	0.801777	
0.445723	0.801331	
0.446223	0.800885	
0.446723	0.800438	
0.447224	0.799991	
0.447724	0.799543	
0.448224	0.799095	
0.448724	0.798646	
0.449225	0.798197	
0.449725	0.797748	
0.450225	0.797297	
0.450725	0.796847	
0.451226	0.796395	
0.451726	0.795944	
0.452226	0.795492	
0.452726	0.795039	
0.453227	0.794586	
0.453727	0.794132	
0.454227	0.793678	
0.454727	0.793223	
0.455228	0.792768	
0.455728	0.792312	
0.456228	0.791856	
0.456728	0.791399	
0.457229	0.790942	
0.457729	0.790484	
0.458229	0.790026	
0.458729	0.789567	
0.45923	0.789108	
0.45973	0.788648	
0.46023	0.788188	
0.46073	0.787728	
0.461231	0.787266	
0.461731	0.786805	
0.462231	0.786342	
0.462731	0.78588	
0.463232	0.785416	
0.463732	0.784953	
0.464232	0.784489	
0.464732	0.784024	
0.465233	0.783559	
0.465733	0.783093	
0.466233	0.782627	
0.466733	0.78216	
0.467234	0.781693	
0.467734	0.781225	
0.468234	0.780757	
0.468734	0.780288	
0.469235	0.779819	
0.469735	0.779349	
0.470235	0.778879	
0.470735	0.778408	
0.471236	0.777937	
0.471736	0.777465	
0.472236	0.776993	
0.472736	0.77652	
0.473237	0.776047	
0.473737	0.775573	
0.474237	0.775099	
0.474737	0.774624	
0.475238	0.774149	
0.475738	0.773673	
0.476238	0.773197	
0.476738	0.772721	
0.477239	0.772243	
0.477739	0.771766	
0.478239	0.771287	
0.478739	0.770809	
0.47924	0.770329	
0.47974	0.76985	
0.48024	0.769369	
0.48074	0.768889	
0.481241	0.768407	
0.481741	0.767926	
0.482241	0.767444	
0.482741	0.766961	
0.483242	0.766478	
0.483742	0.765994	
0.484242	0.76551	
0.484742	0.765025	
0.485243	0.76454	
0.485743	0.764054	
0.486243	0.763568	
0.486743	0.763081	
0.487244	0.762594	
0.487744	0.762106	
0.488244	0.761618	
0.488744	0.761129	
0.489245	0.76064	
0.489745	0.76015	
0.490245	0.75966	
0.490745	0.759169	
0.491246	0.758678	
0.491746	0.758186	
0.492246	0.757694	
0.492746	0.757201	
0.493247	0.756708	
0.493747	0.756214	
0.494247	0.75572	
0.494747	0.755225	
0.495248	0.75473	
0.495748	0.754234	
0.496248	0.753738	
0.496748	0.753241	
0.497249	0.752744	
0.497749	0.752246	
0.498249	0.751748	
0.498749	0.751249	
0.49925	0.75075	
0.49975	0.75025	
0.50025	0.74975	
0.50075	0.749249	
0.501251	0.748748	
0.501751	0.748246	
0.502251	0.747744	
0.502751	0.747241	
0.503252	0.746738	
0.503752	0.746234	
0.504252	0.74573	
0.504752	0.745225	
0.505253	0.74472	
0.505753	0.744214	
0.506253	0.743708	
0.506753	0.743201	
0.507254	0.742694	
0.507754	0.742186	
0.508254	0.741678	
0.508754	0.741169	
0.509255	0.74066	
0.509755	0.74015	
0.510255	0.73964	
0.510755	0.739129	
0.511256	0.738618	
0.511756	0.738106	
0.512256	0.737594	
0.512756	0.737081	
0.513257	0.736568	
0.513757	0.736054	
0.514257	0.73554	
0.514757	0.735025	
0.515258	0.73451	
0.515758	0.733994	
0.516258	0.733478	
0.516758	0.732961	
0.517259	0.732444	
0.517759	0.731926	
0.518259	0.731407	
0.518759	0.730889	
0.51926	0.730369	
0.51976	0.72985	
0.52026	0.729329	
0.52076	0.728809	
0.521261	0.728287	
0.521761	0.727766	
0.522261	0.727243	
0.522761	0.726721	
0.523262	0.726197	
0.523762	0.725673	
0.524262	0.725149	
0.524762	0.724624	
0.525263	0.724099	
0.525763	0.723573	
0.526263	0.723047	
0.526763	0.72252	
0.527264	0.721993	
0.527764	0.721465	
0.528264	0.720937	
0.528764	0.720408	
0.529265	0.719879	
0.529765	0.719349	
0.530265	0.718819	
0.530765	0.718288	
0.531266	0.717757	
0.531766	0.717225	
0.532266	0.716693	
0.532766	0.71616	
0.533267	0.715627	
0.533767	0.715093	
0.534267	0.714559	
0.534767	0.714024	
0.535268	0.713489	
0.535768	0.712953	
0.536268	0.712416	
0.536768	0.71188	
0.537269	0.711342	
0.537769	0.710805	
0.538269	0.710266	
0.538769	0.709728	
0.53927	0.709188	
0.53977	0.708648	
0.54027	0.708108	
0.54077	0.707567	
0.541271	0.707026	
0.541771	0.706484	
0.542271	0.705942	
0.542771	0.705399	
0.543272	0.704856	
0.543772	0.704312	
0.544272	0.703768	
0.544772	0.703223	
0.545273	0.702678	
0.545773	0.702132	
0.546273	0.701586	
0.546773	0.701039	
0.547274	0.700492	
0.547774	0.699944	
0.548274	0.699395	
0.548774	0.698847	
0.549275	0.698297	
0.549775	0.697748	
0.550275	0.697197	
0.550775	0.696646	
0.551276	0.696095	
0.551776	0.695543	
0.552276	0.694991	
0.552776	0.694438	
0.553277	0.693885	
0.553777	0.693331	
0.554277	0.692777	
0.554777	0.692222	
0.555278	0.691667	
0.555778	0.691111	
0.556278	0.690555	
0.556778	0.689998	
0.557279	0.689441	
0.557779	0.688883	
0.558279	0.688324	
0.558779	0.687766	
0.55928	0.687206	
0.55978	0.686646	
0.56028	0.686086	
0.56078	0.685525	
0.561281	0.684964	
0.561781	0.684402	
0.562281	0.68384	
0.562781	0.683277	
0.563282	0.682714	
0.563782	0.68215	
0.564282	0.681586	
0.564782	0.681021	
0.565283	0.680456	
0.565783	0.67989	
0.566283	0.679323	
0.566783	0.678757	
0.567284	0.678189	
0.567784	0.677621	
0.568284	0.677053	
0.568784	0.676484	
0.569285	0.675915	
0.569785	0.675345	
0.570285	0.674775	
0.570785	0.674204	
0.571286	0.673633	
0.571786	0.673061	
0.572286	0.672489	
0.572786	0.671916	
0.573287	0.671342	
0.573787	0.670769	
0.574287	0.670194	
0.574787	0.669619	
0.575288	0.669044	
0.575788	0.668468	
0.576288	0.667892	
0.576788	0.667315	
0.577289	0.666738	
0.577789	0.66616	
0.578289	0.665582	
0.578789	0.665003	
0.57929	0.664424	
0.57979	0.663844	
0.58029	0.663263	
0.58079	0.662683	
0.581291	0.662101	
0.581791	0.661519	
0.582291	0.660937	
0.582791	0.660354	
0.583292	0.659771	
0.583792	0.659187	
0.584292	0.658603	
0.584792	0.658018	
0.585293	0.657433	
0.585793	0.656847	
0.586293	0.65626	
0.586793	0.655674	
0.587294	0.655086	
0.587794	0.654498	
0.588294	0.65391	
0.588794	0.653321	
0.589295	0.652732	
0.589795	0.652142	
0.590295	0.651552	
0.590795	0.650961	
0.591296	0.650369	
0.591796	0.649778	
0.592296	0.649185	
0.592796	0.648592	
0.593297	0.647999	
0.593797	0.647405	
0.594297	0.646811	
0.594797	0.646216	
0.595298	0.645621	
0.595798	0.645025	
0.596298	0.644429	
0.596798	0.643832	
0.597299	0.643234	
0.597799	0.642636	
0.598299	0.642038	
0.598799	0.641439	
0.5993	0.64084	
0.5998	0.64024	
0.6003	0.63964	
0.6008	0.639039	
0.601301	0.638438	
0.601801	0.637836	
0.602301	0.637233	
0.602801	0.63663	
0.603302	0.636027	
0.603802	0.635423	
0.604302	0.634819	
0.604802	0.634214	
0.605303	0.633609	
0.605803	0.633003	
0.606303	0.632396	
0.606803	0.63179	
0.607304	0.631182	
0.607804	0.630574	
0.608304	0.629966	
0.608804	0.629357	
0.609305	0.628748	
0.609805	0.628138	
0.610305	0.627528	
0.610805	0.626917	
0.611306	0.626305	
0.611806	0.625694	
0.612306	0.625081	
0.612806	0.624468	
0.613307	0.623855	
0.613807	0.623241	
0.614307	0.622627	
0.614807	0.622012	
0.615308	0.621396	
0.615808	0.620781	
0.616308	0.620164	
0.616808	0.619547	
0.617309	0.61893	
0.617809	0.618312	
0.618309	0.617694	
0.618809	0.617075	
0.61931	0.616456	
0.61981	0.615836	
0.62031	0.615215	
0.62081	0.614594	
0.621311	0.613973	
0.621811	0.613351	
0.622311	0.612729	
0.622811	0.612106	
0.623312	0.611483	
0.623812	0.610859	
0.624312	0.610234	
0.624812	0.609609	
0.625313	0.608984	
0.625813	0.608358	
0.626313	0.607732	
0.626813	0.607105	
0.627314	0.606478	
0.627814	0.60585	
0.628314	0.605221	
0.628814	0.604592	
0.629315	0.603963	
0.629815	0.603333	
0.630315	0.602703	
0.630815	0.602072	
0.631316	0.601441	
0.631816	0.600809	
0.632316	0.600176	
0.632816	0.599543	
0.633317	0.59891	
0.633817	0.598276	
0.634317	0.597642	
0.634817	0.597007	
0.635318	0.596371	
0.635818	0.595736	
0.636318	0.595099	
0.636818	0.594462	
0.637319	0.593825	
0.637819	0.593187	
0.638319	0.592549	
0.638819	0.59191	
0.63932	0.59127	
0.63982	0.59063	
0.64032	0.58999	
0.64082	0.589349	
0.641321	0.588708	
0.641821	0.588066	
0.642321	0.587424	
0.642821	0.586781	
0.643322	0.586137	
0.643822	0.585493	
0.644322	0.584849	
0.644822	0.584204	
0.645323	0.583559	
0.645823	0.582913	
0.646323	0.582266	
0.646823	0.581619	
0.647324	0.580972	
0.647824	0.580324	
0.648324	0.579676	
0.648824	0.579027	
0.649325	0.578377	
0.649825	0.577728	
0.650325	0.577077	
0.650825	0.576426	
0.651326	0.575775	
0.651826	0.575123	
0.652326	0.574471	
0.652826	0.573818	
0.653327	0.573164	
0.653827	0.57251	
0.654327	0.571856	
0.654827	0.571201	
0.655328	0.570546	
0.655828	0.56989	
0.656328	0.569233	
0.656828	0.568576	
0.657329	0.567919	
0.657829	0.567261	
0.658329	0.566603	
0.658829	0.565944	
0.65933	0.565284	
0.65983	0.564624	
0.66033	0.563964	
0.66083	0.563303	
0.661331	0.562642	
0.661831	0.56198	
0.662331	0.561317	
0.662831	0.560655	
0.663332	0.559991	
0.663832	0.559327	
0.664332	0.558663	
0.664832	0.557998	
0.665333	0.557332	
0.665833	0.556667	
0.666333	0.556	
0.666833	0.555333	
0.667334	0.554666	
0.667834	0.553998	
0.668334	0.553329	
0.668834	0.552661	
0.669335	0.551991	
0.669835	0.551321	
0.670335	0.550651	
0.670835	0.54998	
0.671336	0.549308	
0.671836	0.548636	
0.672336	0.547964	
0.672836	0.547291	
0.673337	0.546618	
0.673837	0.545944	
0.674337	0.545269	
0.674837	0.544594	
0.675338	0.543919	
0.675838	0.543243	
0.676338	0.542567	
0.676838	0.54189	
0.677339	0.541212	
0.677839	0.540534	
0.678339	0.539856	
0.678839	0.539177	
0.67934	0.538498	
0.67984	0.537818	
0.68034	0.537137	
0.68084	0.536456	
0.681341	0.535775	
0.681841	0.535093	
0.682341	0.534411	
0.682841	0.533728	
0.683342	0.533044	
0.683842	0.53236	
0.684342	0.531676	
0.684842	0.530991	
0.685343	0.530305	
0.685843	0.529619	
0.686343	0.528933	
0.686843	0.528246	
0.687344	0.527559	
0.687844	0.526871	
0.688344	0.526182	
0.688844	0.525493	
0.689345	0.524804	
0.689845	0.524114	
0.690345	0.523424	
0.690845	0.522733	
0.691346	0.522041	
0.691846	0.521349	
0.692346	0.520657	
0.692846	0.519964	
0.693347	0.51927	
0.693847	0.518576	
0.694347	0.517882	
0.694847	0.517187	
0.695348	0.516492	
0.695848	0.515796	
0.696348	0.515099	
0.696848	0.514402	
0.697349	0.513705	
0.697849	0.513007	
0.698349	0.512308	
0.698849	0.511609	
0.69935	0.51091	
0.69985	0.51021	
0.70035	0.50951	
0.70085	0.508809	
0.701351	0.508107	
0.701851	0.507405	
0.702351	0.506703	
0.702851	0.506	
0.703352	0.505296	
0.703852	0.504592	
0.704352	0.503888	
0.704852	0.503183	
0.705353	0.502478	
0.705853	0.501772	
0.706353	0.501065	
0.706853	0.500358	
0.707354	0.499651	
0.707854	0.498943	
0.708354	0.498234	
0.708854	0.497525	
0.709355	0.496816	
0.709855	0.496106	
0.710355	0.495396	
0.710855	0.494685	
0.711356	0.493973	
0.711856	0.493261	
0.712356	0.492549	
0.712856	0.491836	
0.713357	0.491122	
0.713857	0.490408	
0.714357	0.489694	
0.714857	0.488979	
0.715358	0.488263	
0.715858	0.487547	
0.716358	0.486831	
0.716858	0.486114	
0.717359	0.485397	
0.717859	0.484679	
0.718359	0.48396	
0.718859	0.483241	
0.71936	0.482522	
0.71986	0.481802	
0.72036	0.481081	
0.72086	0.48036	
0.721361	0.479639	
0.721861	0.478917	
0.722361	0.478194	
0.722861	0.477471	
0.723362	0.476748	
0.723862	0.476024	
0.724362	0.475299	
0.724862	0.474574	
0.725363	0.473849	
0.725863	0.473123	
0.726363	0.472397	
0.726863	0.47167	
0.727364	0.470942	
0.727864	0.470214	
0.728364	0.469486	
0.728864	0.468757	
0.729365	0.468027	
0.729865	0.467297	
0.730365	0.466567	
0.730865	0.465836	
0.731366	0.465104	
0.731866	0.464372	
0.732366	0.46364	
0.732866	0.462907	
0.733367	0.462173	
0.733867	0.461439	
0.734367	0.460705	
0.734867	0.45997	
0.735368	0.459234	
0.735868	0.458498	
0.736368	0.457762	
0.736868	0.457025	
0.737369	0.456287	
0.737869	0.455549	
0.738369	0.454811	
0.738869	0.454072	
0.73937	0.453332	
0.73987	0.452592	
0.74037	0.451852	
0.74087	0.451111	
0.741371	0.45037	
0.741871	0.449628	
0.742371	0.448885	
0.742871	0.448142	
0.743372	0.447399	
0.743872	0.446655	
0.744372	0.44591	
0.744872	0.445165	
0.745373	0.44442	
0.745873	0.443674	
0.746373	0.442927	
0.746873	0.44218	
0.747374	0.441433	
0.747874	0.440685	
0.748374	0.439936	
0.748874	0.439187	
0.749375	0.438438	
0.749875	0.437688	
0.750375	0.436937	
0.750875	0.436186	
0.751376	0.435435	
0.751876	0.434683	
0.752376	0.43393	
0.752876	0.433177	
0.753377	0.432424	
0.753877	0.43167	
0.754377	0.430915	
0.754877	0.43016	
0.755378	0.429405	
0.755878	0.428649	
0.756378	0.427892	
0.756878	0.427135	
0.757379	0.426378	
0.757879	0.42562	
0.758379	0.424861	
0.758879	0.424102	
0.75938	0.423342	
0.75988	0.422582	
0.76038	0.421822	
0.76088	0.421061	
0.761381	0.420299	
0.761881	0.419537	
0.762381	0.418775	
0.762881	0.418012	
0.763382	0.417248	
0.763882	0.416484	
0.764382	0.41572	
0.764882	0.414955	
0.765383	0.414189	
0.765883	0.413423	
0.766383	0.412657	
0.766883	0.41189	
0.767384	0.411122	
0.767884	0.410354	
0.768384	0.409586	
0.768884	0.408817	
0.769385	0.408047	
0.769885	0.407277	
0.770385	0.406507	
0.770885	0.405736	
0.771386	0.404964	
0.771886	0.404192	
0.772386	0.40342	
0.772886	0.402647	
0.773387	0.401873	
0.773887	0.401099	
0.774387	0.400324	
0.774887	0.399549	
0.775388	0.398774	
0.775888	0.397998	
0.776388	0.397221	
0.776888	0.396444	
0.777389	0.395667	
0.777889	0.394889	
0.778389	0.39411	
0.778889	0.393331	
0.77939	0.392552	
0.77989	0.391772	
0.78039	0.390991	
0.78089	0.39021	
0.781391	0.389429	
0.781891	0.388647	
0.782391	0.387864	
0.782891	0.387081	
0.783392	0.386297	
0.783892	0.385513	
0.784392	0.384729	
0.784892	0.383944	
0.785393	0.383158	
0.785893	0.382372	
0.786393	0.381586	
0.786893	0.380799	
0.787394	0.380011	
0.787894	0.379223	
0.788394	0.378435	
0.788894	0.377646	
0.789395	0.376856	
0.789895	0.376066	
0.790395	0.375275	
0.790895	0.374484	
0.791396	0.373693	
0.791896	0.372901	
0.792396	0.372108	
0.792896	0.371315	
0.793397	0.370522	
0.793897	0.369728	
0.794397	0.368933	
0.794897	0.368138	
0.795398	0.367343	
0.795898	0.366546	
0.796398	0.36575	
0.796898	0.364953	
0.797399	0.364155	
0.797899	0.363357	
0.798399	0.362559	
0.798899	0.36176	
0.7994	0.36096	
0.7999	0.36016	
0.8004	0.35936	
0.8009	0.358558	
0.801401	0.357757	
0.801901	0.356955	
0.802401	0.356152	
0.802901	0.355349	
0.803402	0.354546	
0.803902	0.353742	
0.804402	0.352937	
0.804902	0.352132	
0.805403	0.351326	
0.805903	0.35052	
0.806403	0.349714	
0.806903	0.348907	
0.807404	0.348099	
0.807904	0.347291	
0.808404	0.346483	
0.808904	0.345674	
0.809405	0.344864	
0.809905	0.344054	
0.810405	0.343243	
0.810905	0.342432	
0.811406	0.341621	
0.811906	0.340809	
0.812406	0.339996	
0.812906	0.339183	
0.813407	0.33837	
0.813907	0.337555	
0.814407	0.336741	
0.814907	0.335926	
0.815408	0.33511	
0.815908	0.334294	
0.816408	0.333478	
0.816908	0.332661	
0.817409	0.331843	
0.817909	0.331025	
0.818409	0.330206	
0.818909	0.329387	
0.81941	0.328568	
0.81991	0.327748	
0.82041	0.326927	
0.82091	0.326106	
0.821411	0.325284	
0.821911	0.324462	
0.822411	0.32364	
0.822911	0.322817	
0.823412	0.321993	
0.823912	0.321169	
0.824412	0.320345	
0.824912	0.319519	
0.825413	0.318694	
0.825913	0.317868	
0.826413	0.317041	
0.826913	0.316214	
0.827414	0.315387	
0.827914	0.314558	
0.828414	0.31373	
0.828914	0.312901	
0.829415	0.312071	
0.829915	0.311241	
0.830415	0.310411	
0.830915	0.30958	
0.831416	0.308748	
0.831916	0.307916	
0.832416	0.307083	
0.832916	0.30625	
0.833417	0.305417	
0.833917	0.304583	
0.834417	0.303748	
0.834917	0.302913	
0.835418	0.302077	
0.835918	0.301241	
0.836418	0.300405	
0.836918	0.299567	
0.837419	0.29873	
0.837919	0.297892	
0.838419	0.297053	
0.838919	0.296214	
0.83942	0.295375	
0.83992	0.294534	
0.84042	0.293694	
0.84092	0.292853	
0.841421	0.292011	
0.841921	0.291169	
0.842421	0.290327	
0.842921	0.289483	
0.843422	0.28864	
0.843922	0.287796	
0.844422	0.286951	
0.844922	0.286106	
0.845423	0.28526	
0.845923	0.284414	
0.846423	0.283568	
0.846923	0.282721	
0.847424	0.281873	
0.847924	0.281025	
0.848424	0.280176	
0.848924	0.279327	
0.849425	0.278478	
0.849925	0.277628	
0.850425	0.276777	
0.850925	0.275926	
0.851426	0.275074	
0.851926	0.274222	
0.852426	0.27337	
0.852926	0.272516	
0.853427	0.271663	
0.853927	0.270809	
0.854427	0.269954	
0.854927	0.269099	
0.855428	0.268243	
0.855928	0.267387	
0.856428	0.266531	
0.856928	0.265674	
0.857429	0.264816	
0.857929	0.263958	
0.858429	0.263099	
0.858929	0.26224	
0.85943	0.261381	
0.85993	0.26052	
0.86043	0.25966	
0.86093	0.258799	
0.861431	0.257937	
0.861931	0.257075	
0.862431	0.256212	
0.862931	0.255349	
0.863432	0.254486	
0.863932	0.253622	
0.864432	0.252757	
0.864932	0.251892	
0.865433	0.251026	
0.865933	0.25016	
0.866433	0.249293	
0.866933	0.248426	
0.867434	0.247559	
0.867934	0.246691	
0.868434	0.245822	
0.868934	0.244953	
0.869435	0.244083	
0.869935	0.243213	
0.870435	0.242343	
0.870935	0.241471	
0.871436	0.2406	
0.871936	0.239728	
0.872436	0.238855	
0.872936	0.237982	
0.873437	0.237108	
0.873937	0.236234	
0.874437	0.23536	
0.874937	0.234484	
0.875438	0.233609	
0.875938	0.232733	
0.876438	0.231856	
0.876938	0.230979	
0.877439	0.230101	
0.877939	0.229223	
0.878439	0.228345	
0.878939	0.227465	
0.87944	0.226586	
0.87994	0.225706	
0.88044	0.224825	
0.88094	0.223944	
0.881441	0.223062	
0.881941	0.22218	
0.882441	0.221297	
0.882941	0.220414	
0.883442	0.219531	
0.883942	0.218647	
0.884442	0.217762	
0.884942	0.216877	
0.885443	0.215991	
0.885943	0.215105	
0.886443	0.214218	
0.886943	0.213331	
0.887444	0.212444	
0.887944	0.211556	
0.888444	0.210667	
0.888944	0.209778	
0.889445	0.208888	
0.889945	0.207998	
0.890445	0.207107	
0.890945	0.206216	
0.891446	0.205325	
0.891946	0.204432	
0.892446	0.20354	
0.892946	0.202647	
0.893447	0.201753	
0.893947	0.200859	
0.894447	0.199964	
0.894947	0.199069	
0.895448	0.198173	
0.895948	0.197277	
0.896448	0.196381	
0.896948	0.195483	
0.897449	0.194586	
0.897949	0.193688	
0.898449	0.192789	
0.898949	0.19189	
0.89945	0.19099	
0.89995	0.19009	
0.90045	0.189189	
0.90095	0.188288	
0.901451	0.187387	
0.901951	0.186484	
0.902451	0.185582	
0.902951	0.184679	
0.903452	0.183775	
0.903952	0.182871	
0.904452	0.181966	
0.904952	0.181061	
0.905453	0.180155	
0.905953	0.179249	
0.906453	0.178343	
0.906953	0.177435	
0.907454	0.176528	
0.907954	0.17562	
0.908454	0.174711	
0.908954	0.173802	
0.909455	0.172892	
0.909955	0.171982	
0.910455	0.171071	
0.910955	0.17016	
0.911456	0.169248	
0.911956	0.168336	
0.912456	0.167424	
0.912956	0.16651	
0.913457	0.165597	
0.913957	0.164683	
0.914457	0.163768	
0.914957	0.162853	
0.915458	0.161937	
0.915958	0.161021	
0.916458	0.160104	
0.916958	0.159187	
0.917459	0.158269	
0.917959	0.157351	
0.918459	0.156433	
0.918959	0.155513	
0.91946	0.154594	
0.91996	0.153674	
0.92046	0.152753	
0.92096	0.151832	
0.921461	0.15091	
0.921961	0.149988	
0.922461	0.149065	
0.922961	0.148142	
0.923462	0.147218	
0.923962	0.146294	
0.924462	0.14537	
0.924962	0.144444	
0.925463	0.143519	
0.925963	0.142593	
0.926463	0.141666	
0.926963	0.140739	
0.927464	0.139811	
0.927964	0.138883	
0.928464	0.137954	
0.928964	0.137025	
0.929465	0.136095	
0.929965	0.135165	
0.930465	0.134234	
0.930965	0.133303	
0.931466	0.132372	
0.931966	0.131439	
0.932466	0.130507	
0.932966	0.129574	
0.933467	0.12864	
0.933967	0.127706	
0.934467	0.126771	
0.934967	0.125836	
0.935468	0.1249	
0.935968	0.123964	
0.936468	0.123027	
0.936968	0.12209	
0.937469	0.121152	
0.937969	0.120214	
0.938469	0.119275	
0.938969	0.118336	
0.93947	0.117397	
0.93997	0.116456	
0.94047	0.115516	
0.94097	0.114575	
0.941471	0.113633	
0.941971	0.112691	
0.942471	0.111748	
0.942971	0.110805	
0.943472	0.109861	
0.943972	0.108917	
0.944472	0.107972	
0.944972	0.107027	
0.945473	0.106081	
0.945973	0.105135	
0.946473	0.104188	
0.946973	0.103241	
0.947474	0.102294	
0.947974	0.101345	
0.948474	0.100397	
0.948974	0.0994474	
0.949475	0.0984977	
0.949975	0.0975475	
0.950475	0.0965968	
0.950975	0.0956456	
0.951476	0.0946939	
0.951976	0.0937417	
0.952476	0.092789	
0.952976	0.0918358	
0.953477	0.0908821	
0.953977	0.0899279	
0.954477	0.0889732	
0.954977	0.088018	
0.955478	0.0870623	
0.955978	0.0861061	
0.956478	0.0851494	
0.956978	0.0841922	
0.957479	0.0832345	
0.957979	0.0822763	
0.958479	0.0813175	
0.958979	0.0803583	
0.95948	0.0793986	
0.95998	0.0784384	
0.96048	0.0774777	
0.96098	0.0765165	
0.961481	0.0755548	
0.961981	0.0745926	
0.962481	0.0736299	
0.962981	0.0726666	
0.963482	0.0717029	
0.963982	0.0707387	
0.964482	0.069774	
0.964982	0.0688088	
0.965483	0.0678431	
0.965983	0.0668769	
0.966483	0.0659101	
0.966983	0.0649429	
0.967484	0.0639752	
0.967984	0.063007	
0.968484	0.0620383	
0.968984	0.0610691	
0.969485	0.0600993	
0.969985	0.0591291	
0.970485	0.0581584	
0.970985	0.0571872	
0.971486	0.0562155	
0.971986	0.0552432	
0.972486	0.0542705	
0.972986	0.0532973	
0.973487	0.0523236	
0.973987	0.0513493	
0.974487	0.0503746	
0.974987	0.0493994	
0.975488	0.0484237	
0.975988	0.0474474	
0.976488	0.0464707	
0.976988	0.0454935	
0.977489	0.0445158	
0.977989	0.0435375	
0.978489	0.0425588	
0.978989	0.0415796	
0.97949	0.0405998	
0.97999	0.0396196	
0.98049	0.0386389	
0.98099	0.0376576	
0.981491	0.0366759	
0.981991	0.0356937	
0.982491	0.034711	
0.982991	0.0337277	
0.983492	0.032744	
0.983992	0.0317598	
0.984492	0.030775	
0.984992	0.0297898	
0.985493	0.028804	
0.985993	0.0278178	
0.986493	0.0268311	
0.986993	0.0258438	
0.987494	0.0248561	
0.987994	0.0238679	
0.988494	0.0228791	
0.988994	0.0218899	
0.989495	0.0209001	
0.989995	0.0199099	
0.990495	0.0189192	
0.990995	0.0179279	
0.991496	0.0169362	
0.991996	0.0159439	
0.992496	0.0149512	
0.992996	0.013958	
0.993497	0.0129642	
0.993997	0.01197	
0.994497	0.0109752	
0.994997	0.00997998	
0.995498	0.00898423	
0.995998	0.00798799	
0.996498	0.00699124	
0.996998	0.00599399	
0.997499	0.00499624	
0.997999	0.003998	
0.998499	0.00299925	
0.998999	0.002	
0.9995	0.00100025	
1	2.22045e-016	