0	1	
0.00050025	0.977634	
0.0010005	0.968369	
0.00150075	0.96126	
0.002001	0.955267	
0.00250125	0.949987	
0.0030015	0.945214	
0.00350175	0.940824	
0.004002	0.936739	
0.00450225	0.932901	
0.0050025	0.929272	
0.00550275	0.925819	
0.006003	0.922521	
0.00650325	0.919357	
0.0070035	0.916313	
0.00750375	0.913376	
0.008004	0.910535	
0.00850425	0.907781	
0.0090045	0.905108	
0.00950475	0.902508	
0.010005	0.899975	
0.0105053	0.897505	
0.0110055	0.895093	
0.0115058	0.892735	
0.012006	0.890428	
0.0125063	0.888169	
0.0130065	0.885954	
0.0135068	0.883781	
0.014007	0.881649	
0.0145073	0.879554	
0.0150075	0.877495	
0.0155078	0.87547	
0.016008	0.873477	
0.0165083	0.871516	
0.0170085	0.869583	
0.0175088	0.867679	
0.018009	0.865802	
0.0185093	0.863951	
0.0190095	0.862125	
0.0195098	0.860323	
0.02001	0.858543	
0.0205103	0.856786	
0.0210105	0.85505	
0.0215108	0.853335	
0.022011	0.851639	
0.0225113	0.849962	
0.0230115	0.848305	
0.0235118	0.846665	
0.024012	0.845042	
0.0245123	0.843436	
0.0250125	0.841847	
0.0255128	0.840273	
0.026013	0.838715	
0.0265133	0.837171	
0.0270135	0.835642	
0.0275138	0.834127	
0.028014	0.832626	
0.0285143	0.831138	
0.0290145	0.829664	
0.0295148	0.828201	
0.030015	0.826752	
0.0305153	0.825314	
0.0310155	0.823888	
0.0315158	0.822473	
0.032016	0.82107	
0.0325163	0.819677	
0.0330165	0.818296	
0.0335168	0.816924	
0.034017	0.815563	
0.0345173	0.814212	
0.0350175	0.81287	
0.0355178	0.811538	
0.036018	0.810216	
0.0365183	0.808902	
0.0370185	0.807598	
0.0375188	0.806302	
0.038019	0.805015	
0.0385193	0.803737	
0.0390195	0.802466	
0.0395198	0.801204	
0.04002	0.79995	
0.0405203	0.798704	
0.0410205	0.797465	
0.0415208	0.796234	
0.042021	0.79501	
0.0425213	0.793793	
0.0430215	0.792584	
0.0435218	0.791381	
0.044022	0.790186	
0.0445223	0.788997	
0.0450225	0.787815	
0.0455228	0.786639	
0.046023	0.78547	
0.0465233	0.784307	
0.0470235	0.783151	
0.0475238	0.782001	
0.048024	0.780856	
0.0485243	0.779718	
0.0490245	0.778585	
0.0495248	0.777458	
0.050025	0.776337	
0.0505253	0.775222	
0.0510255	0.774112	
0.0515258	0.773007	
0.052026	0.771908	
0.0525263	0.770814	
0.0530265	0.769725	
0.0535268	0.768641	
0.054027	0.767563	
0.0545273	0.766489	
0.0550275	0.765421	
0.0555278	0.764357	
0.056028	0.763298	
0.0565283	0.762243	
0.0570285	0.761194	
0.0575288	0.760148	
0.058029	0.759108	
0.0585293	0.758072	
0.0590295	0.75704	
0.0595298	0.756013	
0.06003	0.75499	
0.0605303	0.753971	
0.0610305	0.752956	
0.0615308	0.751946	
0.062031	0.75094	
0.0625313	0.749937	
0.0630315	0.748939	
0.0635318	0.747945	
0.064032	0.746955	
0.0645323	0.745968	
0.0650325	0.744985	
0.0655328	0.744006	
0.066033	0.743031	
0.0665333	0.74206	
0.0670335	0.741092	
0.0675338	0.740127	
0.068034	0.739167	
0.0685343	0.738209	
0.0690345	0.737256	
0.0695348	0.736306	
0.070035	0.735359	
0.0705353	0.734415	
0.0710355	0.733475	
0.0715358	0.732538	
0.072036	0.731605	
0.0725363	0.730674	
0.0730365	0.729747	
0.0735368	0.728823	
0.074037	0.727903	
0.0745373	0.726985	
0.0750375	0.72607	
0.0755378	0.725159	
0.076038	0.72425	
0.0765383	0.723344	
0.0770385	0.722442	
0.0775388	0.721542	
0.078039	0.720645	
0.0785393	0.719751	
0.0790395	0.71886	
0.0795398	0.717972	
0.08004	0.717087	
0.0805403	0.716204	
0.0810405	0.715324	
0.0815408	0.714447	
0.082041	0.713572	
0.0825413	0.7127	
0.0830415	0.711831	
0.0835418	0.710964	
0.084042	0.7101	
0.0845423	0.709238	
0.0850425	0.708379	
0.0855428	0.707523	
0.086043	0.706669	
0.0865433	0.705818	
0.0870435	0.704969	
0.0875438	0.704122	
0.088044	0.703278	
0.0885443	0.702436	
0.0890445	0.701597	
0.0895448	0.70076	
0.090045	0.699925	
0.0905453	0.699093	
0.0910455	0.698262	
0.0915458	0.697435	
0.092046	0.696609	
0.0925463	0.695786	
0.0930465	0.694965	
0.0935468	0.694146	
0.094047	0.693329	
0.0945473	0.692515	
0.0950475	0.691702	
0.0955478	0.690892	
0.096048	0.690084	
0.0965483	0.689278	
0.0970485	0.688474	
0.0975488	0.687672	
0.098049	0.686872	
0.0985493	0.686074	
0.0990495	0.685279	
0.0995498	0.684485	
0.10005	0.683693	
0.10055	0.682903	
0.101051	0.682116	
0.101551	0.68133	
0.102051	0.680546	
0.102551	0.679764	
0.103052	0.678984	
0.103552	0.678205	
0.104052	0.677429	
0.104552	0.676655	
0.105053	0.675882	
0.105553	0.675111	
0.106053	0.674342	
0.106553	0.673575	
0.107054	0.67281	
0.107554	0.672046	
0.108054	0.671284	
0.108554	0.670524	
0.109055	0.669766	
0.109555	0.669009	
0.110055	0.668255	
0.110555	0.667501	
0.111056	0.66675	
0.111556	0.666	
0.112056	0.665252	
0.112556	0.664506	
0.113057	0.663761	
0.113557	0.663018	
0.114057	0.662277	
0.114557	0.661537	
0.115058	0.660799	
0.115558	0.660062	
0.116058	0.659327	
0.116558	0.658594	
0.117059	0.657862	
0.117559	0.657132	
0.118059	0.656403	
0.118559	0.655676	
0.11906	0.65495	
0.11956	0.654226	
0.12006	0.653503	
0.12056	0.652782	
0.121061	0.652062	
0.121561	0.651344	
0.122061	0.650628	
0.122561	0.649912	
0.123062	0.649199	
0.123562	0.648486	
0.124062	0.647776	
0.124562	0.647066	
0.125063	0.646358	
0.125563	0.645652	
0.126063	0.644946	
0.126563	0.644243	
0.127064	0.64354	
0.127564	0.642839	
0.128064	0.64214	
0.128564	0.641441	
0.129065	0.640744	
0.129565	0.640049	
0.130065	0.639355	
0.130565	0.638662	
0.131066	0.63797	
0.131566	0.63728	
0.132066	0.636591	
0.132566	0.635903	
0.133067	0.635217	
0.133567	0.634532	
0.134067	0.633848	
0.134567	0.633166	
0.135068	0.632485	
0.135568	0.631805	
0.136068	0.631126	
0.136568	0.630449	
0.137069	0.629772	
0.137569	0.629097	
0.138069	0.628424	
0.138569	0.627751	
0.13907	0.62708	
0.13957	0.62641	
0.14007	0.625741	
0.14057	0.625073	
0.141071	0.624406	
0.141571	0.623741	
0.142071	0.623077	
0.142571	0.622414	
0.143072	0.621752	
0.143572	0.621091	
0.144072	0.620432	
0.144572	0.619773	
0.145073	0.619116	
0.145573	0.61846	
0.146073	0.617805	
0.146573	0.617151	
0.147074	0.616498	
0.147574	0.615847	
0.148074	0.615196	
0.148574	0.614547	
0.149075	0.613898	
0.149575	0.613251	
0.150075	0.612605	
0.150575	0.61196	
0.151076	0.611316	
0.151576	0.610673	
0.152076	0.610031	
0.152576	0.60939	
0.153077	0.60875	
0.153577	0.608111	
0.154077	0.607474	
0.154577	0.606837	
0.155078	0.606201	
0.155578	0.605566	
0.156078	0.604933	
0.156578	0.6043	
0.157079	0.603669	
0.157579	0.603038	
0.158079	0.602408	
0.158579	0.60178	
0.15908	0.601152	
0.15958	0.600526	
0.16008	0.5999	
0.16058	0.599275	
0.161081	0.598652	
0.161581	0.598029	
0.162081	0.597407	
0.162581	0.596786	
0.163082	0.596166	
0.163582	0.595548	
0.164082	0.59493	
0.164582	0.594313	
0.165083	0.593696	
0.165583	0.593081	
0.166083	0.592467	
0.166583	0.591854	
0.167084	0.591241	
0.167584	0.59063	
0.168084	0.590019	
0.168584	0.58941	
0.169085	0.588801	
0.169585	0.588193	
0.170085	0.587586	
0.170585	0.58698	
0.171086	0.586375	
0.171586	0.585771	
0.172086	0.585167	
0.172586	0.584565	
0.173087	0.583963	
0.173587	0.583363	
0.174087	0.582763	
0.174587	0.582164	
0.175088	0.581565	
0.175588	0.580968	
0.176088	0.580372	
0.176588	0.579776	
0.177089	0.579181	
0.177589	0.578587	
0.178089	0.577994	
0.178589	0.577402	
0.17909	0.57681	
0.17959	0.57622	
0.18009	0.57563	
0.18059	0.575041	
0.181091	0.574453	
0.181591	0.573865	
0.182091	0.573279	
0.182591	0.572693	
0.183092	0.572108	
0.183592	0.571524	
0.184092	0.570941	
0.184592	0.570358	
0.185093	0.569776	
0.185593	0.569195	
0.186093	0.568615	
0.186593	0.568036	
0.187094	0.567457	
0.187594	0.566879	
0.188094	0.566302	
0.188594	0.565726	
0.189095	0.56515	
0.189595	0.564575	
0.190095	0.564001	
0.190595	0.563428	
0.191096	0.562855	
0.191596	0.562283	
0.192096	0.561712	
0.192596	0.561142	
0.193097	0.560572	
0.193597	0.560004	
0.194097	0.559436	
0.194597	0.558868	
0.195098	0.558302	
0.195598	0.557736	
0.196098	0.55717	
0.196598	0.556606	
0.197099	0.556042	
0.197599	0.555479	
0.198099	0.554917	
0.198599	0.554355	
0.1991	0.553794	
0.1996	0.553234	
0.2001	0.552675	
0.2006	0.552116	
0.201101	0.551558	
0.201601	0.551	
0.202101	0.550443	
0.202601	0.549887	
0.203102	0.549332	
0.203602	0.548777	
0.204102	0.548223	
0.204602	0.54767	
0.205103	0.547118	
0.205603	0.546566	
0.206103	0.546014	
0.206603	0.545464	
0.207104	0.544914	
0.207604	0.544364	
0.208104	0.543816	
0.208604	0.543268	
0.209105	0.54272	
0.209605	0.542174	
0.210105	0.541628	
0.210605	0.541082	
0.211106	0.540538	
0.211606	0.539994	
0.212106	0.53945	
0.212606	0.538907	
0.213107	0.538365	
0.213607	0.537824	
0.214107	0.537283	
0.214607	0.536743	
0.215108	0.536203	
0.215608	0.535664	
0.216108	0.535126	
0.216608	0.534588	
0.217109	0.534051	
0.217609	0.533514	
0.218109	0.532979	
0.218609	0.532443	
0.21911	0.531909	
0.21961	0.531375	
0.22011	0.530841	
0.22061	0.530308	
0.221111	0.529776	
0.221611	0.529244	
0.222111	0.528713	
0.222611	0.528183	
0.223112	0.527653	
0.223612	0.527124	
0.224112	0.526595	
0.224612	0.526067	
0.225113	0.52554	
0.225613	0.525013	
0.226113	0.524487	
0.226613	0.523961	
0.227114	0.523436	
0.227614	0.522911	
0.228114	0.522387	
0.228614	0.521864	
0.229115	0.521341	
0.229615	0.520819	
0.230115	0.520297	
0.230615	0.519776	
0.231116	0.519255	
0.231616	0.518735	
0.232116	0.518216	
0.232616	0.517697	
0.233117	0.517179	
0.233617	0.516661	
0.234117	0.516144	
0.234617	0.515627	
0.235118	0.515111	
0.235618	0.514595	
0.236118	0.51408	
0.236618	0.513566	
0.237119	0.513052	
0.237619	0.512538	
0.238119	0.512026	
0.238619	0.511513	
0.23912	0.511001	
0.23962	0.51049	
0.24012	0.50998	
0.24062	0.509469	
0.241121	0.50896	
0.241621	0.508451	
0.242121	0.507942	
0.242621	0.507434	
0.243122	0.506926	
0.243622	0.506419	
0.244122	0.505913	
0.244622	0.505407	
0.245123	0.504901	
0.245623	0.504397	
0.246123	0.503892	
0.246623	0.503388	
0.247124	0.502885	
0.247624	0.502382	
0.248124	0.501879	
0.248624	0.501378	
0.249125	0.500876	
0.249625	0.500375	
0.250125	0.499875	
0.250625	0.499375	
0.251126	0.498876	
0.251626	0.498377	
0.252126	0.497878	
0.252626	0.497381	
0.253127	0.496883	
0.253627	0.496386	
0.254127	0.49589	
0.254627	0.495394	
0.255128	0.494898	
0.255628	0.494404	
0.256128	0.493909	
0.256628	0.493415	
0.257129	0.492922	
0.257629	0.492429	
0.258129	0.491936	
0.258629	0.491444	
0.25913	0.490952	
0.25963	0.490461	
0.26013	0.489971	
0.26063	0.48948	
0.261131	0.488991	
0.261631	0.488501	
0.262131	0.488013	
0.262631	0.487524	
0.263132	0.487036	
0.263632	0.486549	
0.264132	0.486062	
0.264632	0.485576	
0.265133	0.48509	
0.265633	0.484604	
0.266133	0.484119	
0.266633	0.483635	
0.267134	0.48315	
0.267634	0.482667	
0.268134	0.482183	
0.268634	0.481701	
0.269135	0.481218	
0.269635	0.480736	
0.270135	0.480255	
0.270635	0.479774	
0.271136	0.479293	
0.271636	0.478813	
0.272136	0.478333	
0.272636	0.477854	
0.273137	0.477375	
0.273637	0.476897	
0.274137	0.476419	
0.274637	0.475941	
0.275138	0.475464	
0.275638	0.474988	
0.276138	0.474512	
0.276638	0.474036	
0.277139	0.47356	
0.277639	0.473086	
0.278139	0.472611	
0.278639	0.472137	
0.27914	0.471663	
0.27964	0.47119	
0.28014	0.470717	
0.28064	0.470245	
0.281141	0.469773	
0.281641	0.469302	
0.282141	0.46883	
0.282641	0.46836	
0.283142	0.46789	
0.283642	0.46742	
0.284142	0.46695	
0.284642	0.466481	
0.285143	0.466013	
0.285643	0.465544	
0.286143	0.465077	
0.286643	0.464609	
0.287144	0.464142	
0.287644	0.463676	
0.288144	0.463209	
0.288644	0.462744	
0.289145	0.462278	
0.289645	0.461813	
0.290145	0.461349	
0.290645	0.460885	
0.291146	0.460421	
0.291646	0.459958	
0.292146	0.459495	
0.292646	0.459032	
0.293147	0.45857	
0.293647	0.458108	
0.294147	0.457647	
0.294647	0.457186	
0.295148	0.456725	
0.295648	0.456265	
0.296148	0.455805	
0.296648	0.455346	
0.297149	0.454887	
0.297649	0.454428	
0.298149	0.45397	
0.298649	0.453512	
0.29915	0.453054	
0.29965	0.452597	
0.30015	0.45214	
0.30065	0.451684	
0.301151	0.451228	
0.301651	0.450773	
0.302151	0.450317	
0.302651	0.449862	
0.303152	0.449408	
0.303652	0.448954	
0.304152	0.4485	
0.304652	0.448047	
0.305153	0.447594	
0.305653	0.447141	
0.306153	0.446689	
0.306653	0.446237	
0.307154	0.445786	
0.307654	0.445334	
0.308154	0.444884	
0.308654	0.444433	
0.309155	0.443983	
0.309655	0.443534	
0.310155	0.443084	
0.310655	0.442635	
0.311156	0.442187	
0.311656	0.441739	
0.312156	0.441291	
0.312656	0.440843	
0.313157	0.440396	
0.313657	0.439949	
0.314157	0.439503	
0.314657	0.439057	
0.315158	0.438611	
0.315658	0.438166	
0.316158	0.437721	
0.316658	0.437276	
0.317159	0.436832	
0.317659	0.436388	
0.318159	0.435944	
0.318659	0.435501	
0.31916	0.435058	
0.31966	0.434615	
0.32016	0.434173	
0.32066	0.433731	
0.321161	0.43329	
0.321661	0.432848	
0.322161	0.432408	
0.322661	0.431967	
0.323162	0.431527	
0.323662	0.431087	
0.324162	0.430648	
0.324662	0.430209	
0.325163	0.42977	
0.325663	0.429331	
0.326163	0.428893	
0.326663	0.428455	
0.327164	0.428018	
0.327664	0.427581	
0.328164	0.427144	
0.328664	0.426707	
0.329165	0.426271	
0.329665	0.425836	
0.330165	0.4254	
0.330665	0.424965	
0.331166	0.42453	
0.331666	0.424096	
0.332166	0.423661	
0.332666	0.423228	
0.333167	0.422794	
0.333667	0.422361	
0.334167	0.421928	
0.334667	0.421496	
0.335168	0.421063	
0.335668	0.420632	
0.336168	0.4202	
0.336668	0.419769	
0.337169	0.419338	
0.337669	0.418907	
0.338169	0.418477	
0.338669	0.418047	
0.33917	0.417617	
0.33967	0.417188	
0.34017	0.416759	
0.34067	0.41633	
0.341171	0.415902	
0.341671	0.415474	
0.342171	0.415046	
0.342671	0.414619	
0.343172	0.414192	
0.343672	0.413765	
0.344172	0.413338	
0.344672	0.412912	
0.345173	0.412486	
0.345673	0.412061	
0.346173	0.411635	
0.346673	0.41121	
0.347174	0.410786	
0.347674	0.410361	
0.348174	0.409937	
0.348674	0.409513	
0.349175	0.40909	
0.349675	0.408667	
0.350175	0.408244	
0.350675	0.407822	
0.351176	0.407399	
0.351676	0.406977	
0.352176	0.406556	
0.352676	0.406134	
0.353177	0.405713	
0.353677	0.405293	
0.354177	0.404872	
0.354677	0.404452	
0.355178	0.404032	
0.355678	0.403613	
0.356178	0.403193	
0.356678	0.402774	
0.357179	0.402356	
0.357679	0.401937	
0.358179	0.401519	
0.358679	0.401102	
0.35918	0.400684	
0.35968	0.400267	
0.36018	0.39985	
0.36068	0.399433	
0.361181	0.399017	
0.361681	0.398601	
0.362181	0.398185	
0.362681	0.39777	
0.363182	0.397355	
0.363682	0.39694	
0.364182	0.396525	
0.364682	0.396111	
0.365183	0.395697	
0.365683	0.395283	
0.366183	0.394869	
0.366683	0.394456	
0.367184	0.394043	
0.367684	0.393631	
0.368184	0.393218	
0.368684	0.392806	
0.369185	0.392394	
0.369685	0.391983	
0.370185	0.391572	
0.370685	0.391161	
0.371186	0.39075	
0.371686	0.39034	
0.372186	0.389929	
0.372686	0.38952	
0.373187	0.38911	
0.373687	0.388701	
0.374187	0.388292	
0.374687	0.387883	
0.375188	0.387474	
0.375688	0.387066	
0.376188	0.386658	
0.376688	0.386251	
0.377189	0.385843	
0.377689	0.385436	
0.378189	0.385029	
0.378689	0.384623	
0.37919	0.384216	
0.37969	0.38381	
0.38019	0.383404	
0.38069	0.382999	
0.381191	0.382594	
0.381691	0.382189	
0.382191	0.381784	
0.382691	0.381379	
0.383192	0.380975	
0.383692	0.380571	
0.384192	0.380168	
0.384692	0.379764	
0.385193	0.379361	
0.385693	0.378958	
0.386193	0.378556	
0.386693	0.378153	
0.387194	0.377751	
0.387694	0.377349	
0.388194	0.376948	
0.388694	0.376546	
0.389195	0.376145	
0.389695	0.375745	
0.390195	0.375344	
0.390695	0.374944	
0.391196	0.374544	
0.391696	0.374144	
0.392196	0.373744	
0.392696	0.373345	
0.393197	0.372946	
0.393697	0.372547	
0.394197	0.372149	
0.394697	0.371751	
0.395198	0.371353	
0.395698	0.370955	
0.396198	0.370557	
0.396698	0.37016	
0.397199	0.369763	
0.397699	0.369366	
0.398199	0.36897	
0.398699	0.368574	
0.3992	0.368178	
0.3997	0.367782	
0.4002	0.367386	
0.4007	0.366991	
0.401201	0.366596	
0.401701	0.366201	
0.402201	0.365807	
0.402701	0.365412	
0.403202	0.365018	
0.403702	0.364625	
0.404202	0.364231	
0.404702	0.363838	
0.405203	0.363445	
0.405703	0.363052	
0.406203	0.362659	
0.406703	0.362267	
0.407204	0.361875	
0.407704	0.361483	
0.408204	0.361091	
0.408704	0.3607	
0.409205	0.360309	
0.409705	0.359918	
0.410205	0.359527	
0.410705	0.359137	
0.411206	0.358747	
0.411706	0.358357	
0.412206	0.357967	
0.412706	0.357578	
0.413207	0.357189	
0.413707	0.3568	
0.414207	0.356411	
0.414707	0.356022	
0.415208	0.355634	
0.415708	0.355246	
0.416208	0.354858	
0.416708	0.35447	
0.417209	0.354083	
0.417709	0.353696	
0.418209	0.353309	
0.418709	0.352922	
0.41921	0.352536	
0.41971	0.35215	
0.42021	0.351764	
0.42071	0.351378	
0.421211	0.350993	
0.421711	0.350607	
0.422211	0.350222	
0.422711	0.349837	
0.423212	0.349453	
0.423712	0.349068	
0.424212	0.348684	
0.424712	0.3483	
0.425213	0.347917	
0.425713	0.347533	
0.426213	0.34715	
0.426713	0.346767	
0.427214	0.346384	
0.427714	0.346002	
0.428214	0.345619	
0.428714	0.345237	
0.429215	0.344855	
0.429715	0.344474	
0.430215	0.344092	
0.430715	0.343711	
0.431216	0.34333	
0.431716	0.342949	
0.432216	0.342569	
0.432716	0.342188	
0.433217	0.341808	
0.433717	0.341428	
0.434217	0.341048	
0.434717	0.340669	
0.435218	0.34029	
0.435718	0.339911	
0.436218	0.339532	
0.436718	0.339153	
0.437219	0.338775	
0.437719	0.338397	
0.438219	0.338019	
0.438719	0.337641	
0.43922	0.337264	
0.43972	0.336886	
0.44022	0.336509	
0.44072	0.336132	
0.441221	0.335756	
0.441721	0.335379	
0.442221	0.335003	
0.442721	0.334627	
0.443222	0.334251	
0.443722	0.333875	
0.444222	0.3335	
0.444722	0.333125	
0.445223	0.33275	
0.445723	0.332375	
0.446223	0.332001	
0.446723	0.331626	
0.447224	0.331252	
0.447724	0.330878	
0.448224	0.330505	
0.448724	0.330131	
0.449225	0.329758	
0.449725	0.329385	
0.450225	0.329012	
0.450725	0.328639	
0.451226	0.328267	
0.451726	0.327894	
0.452226	0.327522	
0.452726	0.327151	
0.453227	0.326779	
0.453727	0.326407	
0.454227	0.326036	
0.454727	0.325665	
0.455228	0.325294	
0.455728	0.324924	
0.456228	0.324553	
0.456728	0.324183	
0.457229	0.323813	
0.457729	0.323443	
0.458229	0.323074	
0.458729	0.322704	
0.45923	0.322335	
0.45973	0.321966	
0.46023	0.321597	
0.46073	0.321229	
0.461231	0.32086	
0.461731	0.320492	
0.462231	0.320124	
0.462731	0.319756	
0.463232	0.319389	
0.463732	0.319021	
0.464232	0.318654	
0.464732	0.318287	
0.465233	0.31792	
0.465733	0.317554	
0.466233	0.317187	
0.466733	0.316821	
0.467234	0.316455	
0.467734	0.316089	
0.468234	0.315724	
0.468734	0.315358	
0.469235	0.314993	
0.469735	0.314628	
0.470235	0.314263	
0.470735	0.313898	
0.471236	0.313534	
0.471736	0.31317	
0.472236	0.312806	
0.472736	0.312442	
0.473237	0.312078	
0.473737	0.311715	
0.474237	0.311351	
0.474737	0.310988	
0.475238	0.310625	
0.475738	0.310262	
0.476238	0.3099	
0.476738	0.309538	
0.477239	0.309175	
0.477739	0.308813	
0.478239	0.308452	
0.478739	0.30809	
0.47924	0.307729	
0.47974	0.307367	
0.48024	0.307006	
0.48074	0.306646	
0.481241	0.306285	
0.481741	0.305924	
0.482241	0.305564	
0.482741	0.305204	
0.483242	0.304844	
0.483742	0.304484	
0.484242	0.304125	
0.484742	0.303766	
0.485243	0.303406	
0.485743	0.303047	
0.486243	0.302689	
0.486743	0.30233	
0.487244	0.301972	
0.487744	0.301613	
0.488244	0.301255	
0.488744	0.300897	
0.489245	0.30054	
0.489745	0.300182	
0.490245	0.299825	
0.490745	0.299468	
0.491246	0.299111	
0.491746	0.298754	
0.492246	0.298397	
0.492746	0.298041	
0.493247	0.297685	
0.493747	0.297329	
0.494247	0.296973	
0.494747	0.296617	
0.495248	0.296262	
0.495748	0.295906	
0.496248	0.295551	
0.496748	0.295196	
0.497249	0.294841	
0.497749	0.294487	
0.498249	0.294132	
0.498749	0.293778	
0.49925	0.293424	
0.49975	0.29307	
0.50025	0.292716	
0.50075	0.292363	
0.501251	0.292009	
0.501751	0.291656	
0.502251	0.291303	
0.502751	0.29095	
0.503252	0.290598	
0.503752	0.290245	
0.504252	0.289893	
0.504752	0.289541	
0.505253	0.289189	
0.505753	0.288837	
0.506253	0.288485	
0.506753	0.288134	
0.507254	0.287783	
0.507754	0.287431	
0.508254	0.287081	
0.508754	0.28673	
0.509255	0.286379	
0.509755	0.286029	
0.510255	0.285679	
0.510755	0.285328	
0.511256	0.284979	
0.511756	0.284629	
0.512256	0.284279	
0.512756	0.28393	
0.513257	0.283581	
0.513757	0.283232	
0.514257	0.282883	
0.514757	0.282534	
0.515258	0.282186	
0.515758	0.281837	
0.516258	0.281489	
0.516758	0.281141	
0.517259	0.280793	
0.517759	0.280445	
0.518259	0.280098	
0.518759	0.27975	
0.51926	0.279403	
0.51976	0.279056	
0.52026	0.278709	
0.52076	0.278363	
0.521261	0.278016	
0.521761	0.27767	
0.522261	0.277324	
0.522761	0.276978	
0.523262	0.276632	
0.523762	0.276286	
0.524262	0.275941	
0.524762	0.275595	
0.525263	0.27525	
0.525763	0.274905	
0.526263	0.27456	
0.526763	0.274215	
0.527264	0.273871	
0.527764	0.273526	
0.528264	0.273182	
0.528764	0.272838	
0.529265	0.272494	
0.529765	0.272151	
0.530265	0.271807	
0.530765	0.271464	
0.531266	0.27112	
0.531766	0.270777	
0.532266	0.270434	
0.532766	0.270092	
0.533267	0.269749	
0.533767	0.269406	
0.534267	0.269064	
0.534767	0.268722	
0.535268	0.26838	
0.535768	0.268038	
0.536268	0.267697	
0.536768	0.267355	
0.537269	0.267014	
0.537769	0.266673	
0.538269	0.266332	
0.538769	0.265991	
0.53927	0.26565	
0.53977	0.26531	
0.54027	0.264969	
0.54077	0.264629	
0.541271	0.264289	
0.541771	0.263949	
0.542271	0.263609	
0.542771	0.26327	
0.543272	0.26293	
0.543772	0.262591	
0.544272	0.262252	
0.544772	0.261913	
0.545273	0.261574	
0.545773	0.261236	
0.546273	0.260897	
0.546773	0.260559	
0.547274	0.260221	
0.547774	0.259883	
0.548274	0.259545	
0.548774	0.259207	
0.549275	0.258869	
0.549775	0.258532	
0.550275	0.258195	
0.550775	0.257858	
0.551276	0.257521	
0.551776	0.257184	
0.552276	0.256847	
0.552776	0.256511	
0.553277	0.256174	
0.553777	0.255838	
0.554277	0.255502	
0.554777	0.255166	
0.555278	0.25483	
0.555778	0.254495	
0.556278	0.254159	
0.556778	0.253824	
0.557279	0.253489	
0.557779	0.253154	
0.558279	0.252819	
0.558779	0.252485	
0.55928	0.25215	
0.55978	0.251816	
0.56028	0.251481	
0.56078	0.251147	
0.561281	0.250813	
0.561781	0.25048	
0.562281	0.250146	
0.562781	0.249812	
0.563282	0.249479	
0.563782	0.249146	
0.564282	0.248813	
0.564782	0.24848	
0.565283	0.248147	
0.565783	0.247815	
0.566283	0.247482	
0.566783	0.24715	
0.567284	0.246818	
0.567784	0.246486	
0.568284	0.246154	
0.568784	0.245822	
0.569285	0.24549	
0.569785	0.245159	
0.570285	0.244828	
0.570785	0.244497	
0.571286	0.244166	
0.571786	0.243835	
0.572286	0.243504	
0.572786	0.243173	
0.573287	0.242843	
0.573787	0.242513	
0.574287	0.242183	
0.574787	0.241853	
0.575288	0.241523	
0.575788	0.241193	
0.576288	0.240864	
0.576788	0.240534	
0.577289	0.240205	
0.577789	0.239876	
0.578289	0.239547	
0.578789	0.239218	
0.57929	0.238889	
0.57979	0.238561	
0.58029	0.238232	
0.58079	0.237904	
0.581291	0.237576	
0.581791	0.237248	
0.582291	0.23692	
0.582791	0.236592	
0.583292	0.236265	
0.583792	0.235937	
0.584292	0.23561	
0.584792	0.235283	
0.585293	0.234956	
0.585793	0.234629	
0.586293	0.234302	
0.586793	0.233976	
0.587294	0.233649	
0.587794	0.233323	
0.588294	0.232997	
0.588794	0.232671	
0.589295	0.232345	
0.589795	0.232019	
0.590295	0.231693	
0.590795	0.231368	
0.591296	0.231042	
0.591796	0.230717	
0.592296	0.230392	
0.592796	0.230067	
0.593297	0.229742	
0.593797	0.229418	
0.594297	0.229093	
0.594797	0.228769	
0.595298	0.228445	
0.595798	0.228121	
0.596298	0.227797	
0.596798	0.227473	
0.597299	0.227149	
0.597799	0.226825	
0.598299	0.226502	
0.598799	0.226179	
0.5993	0.225856	
0.5998	0.225533	
0.6003	0.22521	
0.6008	0.224887	
0.601301	0.224564	
0.601801	0.224242	
0.602301	0.223919	
0.602801	0.223597	
0.603302	0.223275	
0.603802	0.222953	
0.604302	0.222631	
0.604802	0.22231	
0.605303	0.221988	
0.605803	0.221667	
0.606303	0.221345	
0.606803	0.221024	
0.607304	0.220703	
0.607804	0.220382	
0.608304	0.220061	
0.608804	0.219741	
0.609305	0.21942	
0.609805	0.2191	
0.610305	0.21878	
0.610805	0.21846	
0.611306	0.21814	
0.611806	0.21782	
0.612306	0.2175	
0.612806	0.21718	
0.613307	0.216861	
0.613807	0.216542	
0.614307	0.216223	
0.614807	0.215903	
0.615308	0.215585	
0.615808	0.215266	
0.616308	0.214947	
0.616808	0.214628	
0.617309	0.21431	
0.617809	0.213992	
0.618309	0.213674	
0.618809	0.213356	
0.61931	0.213038	
0.61981	0.21272	
0.62031	0.212402	
0.62081	0.212085	
0.621311	0.211767	
0.621811	0.21145	
0.622311	0.211133	
0.622811	0.210816	
0.623312	0.210499	
0.623812	0.210182	
0.624312	0.209866	
0.624812	0.209549	
0.625313	0.209233	
0.625813	0.208917	
0.626313	0.208601	
0.626813	0.208285	
0.627314	0.207969	
0.627814	0.207653	
0.628314	0.207337	
0.628814	0.207022	
0.629315	0.206706	
0.629815	0.206391	
0.630315	0.206076	
0.630815	0.205761	
0.631316	0.205446	
0.631816	0.205132	
0.632316	0.204817	
0.632816	0.204502	
0.633317	0.204188	
0.633817	0.203874	
0.634317	0.20356	
0.634817	0.203246	
0.635318	0.202932	
0.635818	0.202618	
0.636318	0.202304	
0.636818	0.201991	
0.637319	0.201678	
0.637819	0.201364	
0.638319	0.201051	
0.638819	0.200738	
0.63932	0.200425	
0.63982	0.200113	
0.64032	0.1998	
0.64082	0.199487	
0.641321	0.199175	
0.641821	0.198863	
0.642321	0.198551	
0.642821	0.198239	
0.643322	0.197927	
0.643822	0.197615	
0.644322	0.197303	
0.644822	0.196992	
0.645323	0.19668	
0.645823	0.196369	
0.646323	0.196058	
0.646823	0.195747	
0.647324	0.195436	
0.647824	0.195125	
0.648324	0.194814	
0.648824	0.194504	
0.649325	0.194193	
0.649825	0.193883	
0.650325	0.193573	
0.650825	0.193262	
0.651326	0.192953	
0.651826	0.192643	
0.652326	0.192333	
0.652826	0.192023	
0.653327	0.191714	
0.653827	0.191404	
0.654327	0.191095	
0.654827	0.190786	
0.655328	0.190477	
0.655828	0.190168	
0.656328	0.189859	
0.656828	0.18955	
0.657329	0.189242	
0.657829	0.188933	
0.658329	0.188625	
0.658829	0.188317	
0.65933	0.188009	
0.65983	0.187701	
0.66033	0.187393	
0.66083	0.187085	
0.661331	0.186778	
0.661831	0.18647	
0.662331	0.186163	
0.662831	0.185855	
0.663332	0.185548	
0.663832	0.185241	
0.664332	0.184934	
0.664832	0.184627	
0.665333	0.184321	
0.665833	0.184014	
0.666333	0.183708	
0.666833	0.183401	
0.667334	0.183095	
0.667834	0.182789	
0.668334	0.182483	
0.668834	0.182177	
0.669335	0.181871	
0.669835	0.181566	
0.670335	0.18126	
0.670835	0.180955	
0.671336	0.180649	
0.671836	0.180344	
0.672336	0.180039	
0.672836	0.179734	
0.673337	0.179429	
0.673837	0.179124	
0.674337	0.17882	
0.674837	0.178515	
0.675338	0.178211	
0.675838	0.177906	
0.676338	0.177602	
0.676838	0.177298	
0.677339	0.176994	
0.677839	0.17669	
0.678339	0.176387	
0.678839	0.176083	
0.67934	0.175779	
0.67984	0.175476	
0.68034	0.175173	
0.68084	0.174869	
0.681341	0.174566	
0.681841	0.174263	
0.682341	0.173961	
0.682841	0.173658	
0.683342	0.173355	
0.683842	0.173053	
0.684342	0.17275	
0.684842	0.172448	
0.685343	0.172146	
0.685843	0.171844	
0.686343	0.171542	
0.686843	0.17124	
0.687344	0.170938	
0.687844	0.170636	
0.688344	0.170335	
0.688844	0.170033	
0.689345	0.169732	
0.689845	0.169431	
0.690345	0.16913	
0.690845	0.168829	
0.691346	0.168528	
0.691846	0.168227	
0.692346	0.167927	
0.692846	0.167626	
0.693347	0.167326	
0.693847	0.167025	
0.694347	0.166725	
0.694847	0.166425	
0.695348	0.166125	
0.695848	0.165825	
0.696348	0.165525	
0.696848	0.165226	
0.697349	0.164926	
0.697849	0.164626	
0.698349	0.164327	
0.698849	0.164028	
0.69935	0.163729	
0.69985	0.16343	
0.70035	0.163131	
0.70085	0.162832	
0.701351	0.162533	
0.701851	0.162235	
0.702351	0.161936	
0.702851	0.161638	
0.703352	0.161339	
0.703852	0.161041	
0.704352	0.160743	
0.704852	0.160445	
0.705353	0.160147	
0.705853	0.159849	
0.706353	0.159552	
0.706853	0.159254	
0.707354	0.158957	
0.707854	0.158659	
0.708354	0.158362	
0.708854	0.158065	
0.709355	0.157768	
0.709855	0.157471	
0.710355	0.157174	
0.710855	0.156878	
0.711356	0.156581	
0.711856	0.156284	
0.712356	0.155988	
0.712856	0.155692	
0.713357	0.155396	
0.713857	0.155099	
0.714357	0.154803	
0.714857	0.154508	
0.715358	0.154212	
0.715858	0.153916	
0.716358	0.153621	
0.716858	0.153325	
0.717359	0.15303	
0.717859	0.152734	
0.718359	0.152439	
0.718859	0.152144	
0.71936	0.151849	
0.71986	0.151554	
0.72036	0.15126	
0.72086	0.150965	
0.721361	0.15067	
0.721861	0.150376	
0.722361	0.150082	
0.722861	0.149787	
0.723362	0.149493	
0.723862	0.149199	
0.724362	0.148905	
0.724862	0.148611	
0.725363	0.148318	
0.725863	0.148024	
0.726363	0.147731	
0.726863	0.147437	
0.727364	0.147144	
0.727864	0.146851	
0.728364	0.146557	
0.728864	0.146264	
0.729365	0.145971	
0.729865	0.145679	
0.730365	0.145386	
0.730865	0.145093	
0.731366	0.144801	
0.731866	0.144508	
0.732366	0.144216	
0.732866	0.143924	
0.733367	0.143632	
0.733867	0.14334	
0.734367	0.143048	
0.734867	0.142756	
0.735368	0.142464	
0.735868	0.142173	
0.736368	0.141881	
0.736868	0.14159	
0.737369	0.141298	
0.737869	0.141007	
0.738369	0.140716	
0.738869	0.140425	
0.73937	0.140134	
0.73987	0.139843	
0.74037	0.139552	
0.74087	0.139262	
0.741371	0.138971	
0.741871	0.138681	
0.742371	0.13839	
0.742871	0.1381	
0.743372	0.13781	
0.743872	0.13752	
0.744372	0.13723	
0.744872	0.13694	
0.745373	0.13665	
0.745873	0.136361	
0.746373	0.136071	
0.746873	0.135782	
0.747374	0.135492	
0.747874	0.135203	
0.748374	0.134914	
0.748874	0.134625	
0.749375	0.134336	
0.749875	0.134047	
0.750375	0.133758	
0.750875	0.133469	
0.751376	0.133181	
0.751876	0.132892	
0.752376	0.132604	
0.752876	0.132315	
0.753377	0.132027	
0.753877	0.131739	
0.754377	0.131451	
0.754877	0.131163	
0.755378	0.130875	
0.755878	0.130588	
0.756378	0.1303	
0.756878	0.130012	
0.757379	0.129725	
0.757879	0.129438	
0.758379	0.12915	
0.758879	0.128863	
0.75938	0.128576	
0.75988	0.128289	
0.76038	0.128002	
0.76088	0.127715	
0.761381	0.127429	
0.761881	0.127142	
0.762381	0.126856	
0.762881	0.126569	
0.763382	0.126283	
0.763882	0.125997	
0.764382	0.12571	
0.764882	0.125424	
0.765383	0.125138	
0.765883	0.124853	
0.766383	0.124567	
0.766883	0.124281	
0.767384	0.123996	
0.767884	0.12371	
0.768384	0.123425	
0.768884	0.123139	
0.769385	0.122854	
0.769885	0.122569	
0.770385	0.122284	
0.770885	0.121999	
0.771386	0.121714	
0.771886	0.12143	
0.772386	0.121145	
0.772886	0.12086	
0.773387	0.120576	
0.773887	0.120292	
0.774387	0.120007	
0.774887	0.119723	
0.775388	0.119439	
0.775888	0.119155	
0.776388	0.118871	
0.776888	0.118587	
0.777389	0.118304	
0.777889	0.11802	
0.778389	0.117736	
0.778889	0.117453	
0.77939	0.117169	
0.77989	0.116886	
0.78039	0.116603	
0.78089	0.11632	
0.781391	0.116037	
0.781891	0.115754	
0.782391	0.115471	
0.782891	0.115188	
0.783392	0.114906	
0.783892	0.114623	
0.784392	0.114341	
0.784892	0.114058	
0.785393	0.113776	
0.785893	0.113494	
0.786393	0.113212	
0.786893	0.11293	
0.787394	0.112648	
0.787894	0.112366	
0.788394	0.112084	
0.788894	0.111803	
0.789395	0.111521	
0.789895	0.11124	
0.790395	0.110958	
0.790895	0.110677	
0.791396	0.110396	
0.791896	0.110115	
0.792396	0.109834	
0.792896	0.109553	
0.793397	0.109272	
0.793897	0.108991	
0.794397	0.10871	
0.794897	0.10843	
0.795398	0.108149	
0.795898	0.107869	
0.796398	0.107589	
0.796898	0.107308	
0.797399	0.107028	
0.797899	0.106748	
0.798399	0.106468	
0.798899	0.106188	
0.7994	0.105908	
0.7999	0.105629	
0.8004	0.105349	
0.8009	0.10507	
0.801401	0.10479	
0.801901	0.104511	
0.802401	0.104232	
0.802901	0.103952	
0.803402	0.103673	
0.803902	0.103394	
0.804402	0.103115	
0.804902	0.102836	
0.805403	0.102558	
0.805903	0.102279	
0.806403	0.102	
0.806903	0.101722	
0.807404	0.101444	
0.807904	0.101165	
0.808404	0.100887	
0.808904	0.100609	
0.809405	0.100331	
0.809905	0.100053	
0.810405	0.0997749	
0.810905	0.0994971	
0.811406	0.0992194	
0.811906	0.0989418	
0.812406	0.0986642	
0.812906	0.0983867	
0.813407	0.0981094	
0.813907	0.0978321	
0.814407	0.0975549	
0.814907	0.0972778	
0.815408	0.0970007	
0.815908	0.0967238	
0.816408	0.0964469	
0.816908	0.0961701	
0.817409	0.0958934	
0.817909	0.0956168	
0.818409	0.0953403	
0.818909	0.0950638	
0.81941	0.0947875	
0.81991	0.0945112	
0.82041	0.094235	
0.82091	0.0939589	
0.821411	0.0936829	
0.821911	0.093407	
0.822411	0.0931311	
0.822911	0.0928553	
0.823412	0.0925796	
0.823912	0.092304	
0.824412	0.0920285	
0.824912	0.0917531	
0.825413	0.0914777	
0.825913	0.0912025	
0.826413	0.0909273	
0.826913	0.0906522	
0.827414	0.0903772	
0.827914	0.0901022	
0.828414	0.0898274	
0.828914	0.0895526	
0.829415	0.0892779	
0.829915	0.0890033	
0.830415	0.0887288	
0.830915	0.0884544	
0.831416	0.08818	
0.831916	0.0879057	
0.832416	0.0876315	
0.832916	0.0873574	
0.833417	0.0870834	
0.833917	0.0868095	
0.834417	0.0865356	
0.834917	0.0862618	
0.835418	0.0859881	
0.835918	0.0857145	
0.836418	0.085441	
0.836918	0.0851675	
0.837419	0.0848942	
0.837919	0.0846209	
0.838419	0.0843477	
0.838919	0.0840745	
0.83942	0.0838015	
0.83992	0.0835285	
0.84042	0.0832556	
0.84092	0.0829828	
0.841421	0.0827101	
0.841921	0.0824375	
0.842421	0.0821649	
0.842921	0.0818925	
0.843422	0.0816201	
0.843922	0.0813477	
0.844422	0.0810755	
0.844922	0.0808034	
0.845423	0.0805313	
0.845923	0.0802593	
0.846423	0.0799874	
0.846923	0.0797156	
0.847424	0.0794438	
0.847924	0.0791721	
0.848424	0.0789005	
0.848924	0.078629	
0.849425	0.0783576	
0.849925	0.0780862	
0.850425	0.077815	
0.850925	0.0775438	
0.851426	0.0772727	
0.851926	0.0770016	
0.852426	0.0767307	
0.852926	0.0764598	
0.853427	0.076189	
0.853927	0.0759183	
0.854427	0.0756477	
0.854927	0.0753771	
0.855428	0.0751066	
0.855928	0.0748363	
0.856428	0.0745659	
0.856928	0.0742957	
0.857429	0.0740255	
0.857929	0.0737555	
0.858429	0.0734854	
0.858929	0.0732155	
0.85943	0.0729457	
0.85993	0.0726759	
0.86043	0.0724062	
0.86093	0.0721366	
0.861431	0.0718671	
0.861931	0.0715976	
0.862431	0.0713283	
0.862931	0.071059	
0.863432	0.0707897	
0.863932	0.0705206	
0.864432	0.0702515	
0.864932	0.0699825	
0.865433	0.0697136	
0.865933	0.0694448	
0.866433	0.0691761	
0.866933	0.0689074	
0.867434	0.0686388	
0.867934	0.0683703	
0.868434	0.0681018	
0.868934	0.0678335	
0.869435	0.0675652	
0.869935	0.067297	
0.870435	0.0670288	
0.870935	0.0667608	
0.871436	0.0664928	
0.871936	0.0662249	
0.872436	0.0659571	
0.872936	0.0656893	
0.873437	0.0654216	
0.873937	0.065154	
0.874437	0.0648865	
0.874937	0.0646191	
0.875438	0.0643517	
0.875938	0.0640844	
0.876438	0.0638172	
0.876938	0.0635501	
0.877439	0.063283	
0.877939	0.063016	
0.878439	0.0627491	
0.878939	0.0624823	
0.87944	0.0622155	
0.87994	0.0619488	
0.88044	0.0616822	
0.88094	0.0614157	
0.881441	0.0611493	
0.881941	0.0608829	
0.882441	0.0606166	
0.882941	0.0603503	
0.883442	0.0600842	
0.883942	0.0598181	
0.884442	0.0595521	
0.884942	0.0592862	
0.885443	0.0590203	
0.885943	0.0587546	
0.886443	0.0584889	
0.886943	0.0582232	
0.887444	0.0579577	
0.887944	0.0576922	
0.888444	0.0574268	
0.888944	0.0571615	
0.889445	0.0568962	
0.889945	0.0566311	
0.890445	0.0563659	
0.890945	0.0561009	
0.891446	0.055836	
0.891946	0.0555711	
0.892446	0.0553063	
0.892946	0.0550415	
0.893447	0.0547769	
0.893947	0.0545123	
0.894447	0.0542478	
0.894947	0.0539834	
0.895448	0.053719	
0.895948	0.0534547	
0.896448	0.0531905	
0.896948	0.0529264	
0.897449	0.0526623	
0.897949	0.0523983	
0.898449	0.0521344	
0.898949	0.0518705	
0.89945	0.0516068	
0.89995	0.0513431	
0.90045	0.0510794	
0.90095	0.0508159	
0.901451	0.0505524	
0.901951	0.050289	
0.902451	0.0500257	
0.902951	0.0497624	
0.903452	0.0494992	
0.903952	0.0492361	
0.904452	0.0489731	
0.904952	0.0487101	
0.905453	0.0484472	
0.905953	0.0481844	
0.906453	0.0479216	
0.906953	0.0476589	
0.907454	0.0473963	
0.907954	0.0471338	
0.908454	0.0468713	
0.908954	0.046609	
0.909455	0.0463466	
0.909955	0.0460844	
0.910455	0.0458222	
0.910955	0.0455601	
0.911456	0.0452981	
0.911956	0.0450361	
0.912456	0.0447743	
0.912956	0.0445124	
0.913457	0.0442507	
0.913957	0.043989	
0.914457	0.0437274	
0.914957	0.0434659	
0.915458	0.0432044	
0.915958	0.0429431	
0.916458	0.0426818	
0.916958	0.0424205	
0.917459	0.0421593	
0.917959	0.0418982	
0.918459	0.0416372	
0.918959	0.0413763	
0.91946	0.0411154	
0.91996	0.0408546	
0.92046	0.0405938	
0.92096	0.0403331	
0.921461	0.0400725	
0.921961	0.039812	
0.922461	0.0395515	
0.922961	0.0392912	
0.923462	0.0390308	
0.923962	0.0387706	
0.924462	0.0385104	
0.924962	0.0382503	
0.925463	0.0379903	
0.925963	0.0377303	
0.926463	0.0374704	
0.926963	0.0372106	
0.927464	0.0369508	
0.927964	0.0366911	
0.928464	0.0364315	
0.928964	0.036172	
0.929465	0.0359125	
0.929965	0.0356531	
0.930465	0.0353937	
0.930965	0.0351345	
0.931466	0.0348753	
0.931966	0.0346161	
0.932466	0.0343571	
0.932966	0.0340981	
0.933467	0.0338392	
0.933967	0.0335803	
0.934467	0.0333215	
0.934967	0.0330628	
0.935468	0.0328042	
0.935968	0.0325456	
0.936468	0.0322871	
0.936968	0.0320287	
0.937469	0.0317703	
0.937969	0.031512	
0.938469	0.0312538	
0.938969	0.0309956	
0.93947	0.0307375	
0.93997	0.0304795	
0.94047	0.0302216	
0.94097	0.0299637	
0.941471	0.0297059	
0.941971	0.0294481	
0.942471	0.0291904	
0.942971	0.0289328	
0.943472	0.0286753	
0.943972	0.0284178	
0.944472	0.0281604	
0.944972	0.027903	
0.945473	0.0276458	
0.945973	0.0273886	
0.946473	0.0271314	
0.946973	0.0268744	
0.947474	0.0266174	
0.947974	0.0263604	
0.948474	0.0261036	
0.948974	0.0258468	
0.949475	0.0255901	
0.949975	0.0253334	
0.950475	0.0250768	
0.950975	0.0248203	
0.951476	0.0245638	
0.951976	0.0243074	
0.952476	0.0240511	
0.952976	0.0237949	
0.953477	0.0235387	
0.953977	0.0232825	
0.954477	0.0230265	
0.954977	0.0227705	
0.955478	0.0225146	
0.955978	0.0222587	
0.956478	0.0220029	
0.956978	0.0217472	
0.957479	0.0214916	
0.957979	0.021236	
0.958479	0.0209805	
0.958979	0.020725	
0.95948	0.0204696	
0.95998	0.0202143	
0.96048	0.0199591	
0.96098	0.0197039	
0.961481	0.0194488	
0.961981	0.0191937	
0.962481	0.0189387	
0.962981	0.0186838	
0.963482	0.0184289	
0.963982	0.0181742	
0.964482	0.0179194	
0.964982	0.0176648	
0.965483	0.0174102	
0.965983	0.0171557	
0.966483	0.0169012	
0.966983	0.0166468	
0.967484	0.0163925	
0.967984	0.0161382	
0.968484	0.015884	
0.968984	0.0156299	
0.969485	0.0153758	
0.969985	0.0151218	
0.970485	0.0148679	
0.970985	0.014614	
0.971486	0.0143602	
0.971986	0.0141065	
0.972486	0.0138528	
0.972986	0.0135992	
0.973487	0.0133457	
0.973987	0.0130922	
0.974487	0.0128388	
0.974987	0.0125854	
0.975488	0.0123322	
0.975988	0.012079	
0.976488	0.0118258	
0.976988	0.0115727	
0.977489	0.0113197	
0.977989	0.0110667	
0.978489	0.0108138	
0.978989	0.010561	
0.97949	0.0103083	
0.97999	0.0100556	
0.98049	0.00980293	
0.98099	0.00955036	
0.981491	0.00929785	
0.981991	0.00904541	
0.982491	0.00879304	
0.982991	0.00854072	
0.983492	0.00828848	
0.983992	0.00803629	
0.984492	0.00778417	
0.984992	0.00753212	
0.985493	0.00728013	
0.985993	0.0070282	
0.986493	0.00677634	
0.986993	0.00652454	
0.987494	0.0062728	
0.987994	0.00602113	
0.988494	0.00576952	
0.988994	0.00551798	
0.989495	0.00526649	
0.989995	0.00501508	
0.990495	0.00476372	
0.990995	0.00451243	
0.991496	0.0042612	
0.991996	0.00401004	
0.992496	0.00375894	
0.992996	0.0035079	
0.993497	0.00325693	
0.993997	0.00300602	
0.994497	0.00275517	
0.994997	0.00250439	
0.995498	0.00225367	
0.995998	0.00200301	
0.996498	0.00175241	
0.996998	0.00150188	
0.997499	0.00125141	
0.997999	0.001001	
0.998499	0.000750657	
0.998999	0.000500375	
0.9995	0.000250156	
1	1.11022e-016	