0.280775	0.921165	
0.281135	0.920963	
0.281495	0.920761	
0.281855	0.920558	
0.282214	0.920355	
0.282574	0.920152	
0.282934	0.919948	
0.283294	0.919745	
0.283654	0.919541	
0.284013	0.919336	
0.284373	0.919132	
0.284733	0.918927	
0.285093	0.918722	
0.285453	0.918517	
0.285812	0.918311	
0.286172	0.918105	
0.286532	0.917899	
0.286892	0.917693	
0.287252	0.917487	
0.287611	0.91728	
0.287971	0.917073	
0.288331	0.916865	
0.288691	0.916658	
0.289051	0.91645	
0.28941	0.916242	
0.28977	0.916033	
0.29013	0.915825	
0.29049	0.915616	
0.29085	0.915407	
0.291209	0.915197	
0.291569	0.914987	
0.291929	0.914778	
0.292289	0.914567	
0.292648	0.914357	
0.293008	0.914146	
0.293368	0.913935	
0.293728	0.913724	
0.294088	0.913512	
0.294447	0.913301	
0.294807	0.913089	
0.295167	0.912876	
0.295527	0.912664	
0.295887	0.912451	
0.296246	0.912238	
0.296606	0.912025	
0.296966	0.911811	
0.297326	0.911597	
0.297686	0.911383	
0.298045	0.911169	
0.298405	0.910954	
0.298765	0.91074	
0.299125	0.910524	
0.299485	0.910309	
0.299844	0.910093	
0.300204	0.909877	
0.300564	0.909661	
0.300924	0.909445	
0.301283	0.909228	
0.301643	0.909011	
0.302003	0.908794	
0.302363	0.908577	
0.302723	0.908359	
0.303082	0.908141	
0.303442	0.907923	
0.303802	0.907704	
0.304162	0.907486	
0.304522	0.907267	
0.304881	0.907047	
0.305241	0.906828	
0.305601	0.906608	
0.305961	0.906388	
0.306321	0.906168	
0.30668	0.905947	
0.30704	0.905726	
0.3074	0.905505	
0.30776	0.905284	
0.30812	0.905062	
0.308479	0.904841	
0.308839	0.904618	
0.309199	0.904396	
0.309559	0.904173	
0.309918	0.903951	
0.310278	0.903727	
0.310638	0.903504	
0.310998	0.90328	
0.311358	0.903056	
0.311717	0.902832	
0.312077	0.902608	
0.312437	0.902383	
0.312797	0.902158	
0.313157	0.901933	
0.313516	0.901707	
0.313876	0.901482	
0.314236	0.901256	
0.314596	0.901029	
0.314956	0.900803	
0.315315	0.900576	
0.315675	0.900349	
0.316035	0.900122	
0.316395	0.899894	
0.316755	0.899667	
0.317114	0.899438	
0.317474	0.89921	
0.317834	0.898982	
0.318194	0.898753	
0.318554	0.898524	
0.318913	0.898294	
0.319273	0.898065	
0.319633	0.897835	
0.319993	0.897605	
0.320352	0.897374	
0.320712	0.897144	
0.321072	0.896913	
0.321432	0.896682	
0.321792	0.89645	
0.322151	0.896218	
0.322511	0.895987	
0.322871	0.895754	
0.323231	0.895522	
0.323591	0.895289	
0.32395	0.895056	
0.32431	0.894823	
0.32467	0.894589	
0.32503	0.894356	
0.32539	0.894122	
0.325749	0.893887	
0.326109	0.893653	
0.326469	0.893418	
0.326829	0.893183	
0.327189	0.892948	
0.327548	0.892712	
0.327908	0.892476	
0.328268	0.89224	
0.328628	0.892004	
0.328987	0.891767	
0.329347	0.89153	
0.329707	0.891293	
0.330067	0.891056	
0.330427	0.890818	
0.330786	0.89058	
0.331146	0.890342	
0.331506	0.890104	
0.331866	0.889865	
0.332226	0.889626	
0.332585	0.889387	
0.332945	0.889147	
0.333305	0.888908	
0.333665	0.888668	
0.334025	0.888428	
0.334384	0.888187	
0.334744	0.887946	
0.335104	0.887705	
0.335464	0.887464	
0.335824	0.887223	
0.336183	0.886981	
0.336543	0.886739	
0.336903	0.886496	
0.337263	0.886254	
0.337622	0.886011	
0.337982	0.885768	
0.338342	0.885525	
0.338702	0.885281	
0.339062	0.885037	
0.339421	0.884793	
0.339781	0.884549	
0.340141	0.884304	
0.340501	0.884059	
0.340861	0.883814	
0.34122	0.883569	
0.34158	0.883323	
0.34194	0.883077	
0.3423	0.882831	
0.34266	0.882584	
0.343019	0.882338	
0.343379	0.882091	
0.343739	0.881844	
0.344099	0.881596	
0.344459	0.881348	
0.344818	0.8811	
0.345178	0.880852	
0.345538	0.880604	
0.345898	0.880355	
0.346258	0.880106	
0.346617	0.879856	
0.346977	0.879607	
0.347337	0.879357	
0.347697	0.879107	
0.348056	0.878857	
0.348416	0.878606	
0.348776	0.878355	
0.349136	0.878104	
0.349496	0.877853	
0.349855	0.877601	
0.350215	0.877349	
0.350575	0.877097	
0.350935	0.876845	
0.351295	0.876592	
0.351654	0.876339	
0.352014	0.876086	
0.352374	0.875833	
0.352734	0.875579	
0.353094	0.875325	
0.353453	0.875071	
0.353813	0.874816	
0.354173	0.874562	
0.354533	0.874307	
0.354893	0.874051	
0.355252	0.873796	
0.355612	0.87354	
0.355972	0.873284	
0.356332	0.873028	
0.356691	0.872771	
0.357051	0.872514	
0.357411	0.872257	
0.357771	0.872	
0.358131	0.871742	
0.35849	0.871485	
0.35885	0.871227	
0.35921	0.870968	
0.35957	0.87071	
0.35993	0.870451	
0.360289	0.870192	
0.360649	0.869932	
0.361009	0.869673	
0.361369	0.869413	
0.361729	0.869152	
0.362088	0.868892	
0.362448	0.868631	
0.362808	0.86837	
0.363168	0.868109	
0.363528	0.867848	
0.363887	0.867586	
0.364247	0.867324	
0.364607	0.867062	
0.364967	0.866799	
0.365326	0.866537	
0.365686	0.866274	
0.366046	0.86601	
0.366406	0.865747	
0.366766	0.865483	
0.367125	0.865219	
0.367485	0.864955	
0.367845	0.86469	
0.368205	0.864425	
0.368565	0.86416	
0.368924	0.863895	
0.369284	0.863629	
0.369644	0.863363	
0.370004	0.863097	
0.370364	0.862831	
0.370723	0.862564	
0.371083	0.862297	
0.371443	0.86203	
0.371803	0.861763	
0.372163	0.861495	
0.372522	0.861227	
0.372882	0.860959	
0.373242	0.86069	
0.373602	0.860422	
0.373962	0.860153	
0.374321	0.859884	
0.374681	0.859614	
0.375041	0.859344	
0.375401	0.859074	
0.37576	0.858804	
0.37612	0.858534	
0.37648	0.858263	
0.37684	0.857992	
0.3772	0.85772	
0.377559	0.857449	
0.377919	0.857177	
0.378279	0.856905	
0.378639	0.856633	
0.378999	0.85636	
0.379358	0.856087	
0.379718	0.855814	
0.380078	0.855541	
0.380438	0.855267	
0.380798	0.854993	
0.381157	0.854719	
0.381517	0.854445	
0.381877	0.85417	
0.382237	0.853895	
0.382597	0.85362	
0.382956	0.853344	
0.383316	0.853069	
0.383676	0.852793	
0.384036	0.852517	
0.384395	0.85224	
0.384755	0.851963	
0.385115	0.851686	
0.385475	0.851409	
0.385835	0.851132	
0.386194	0.850854	
0.386554	0.850576	
0.386914	0.850298	
0.387274	0.850019	
0.387634	0.84974	
0.387993	0.849461	
0.388353	0.849182	
0.388713	0.848902	
0.389073	0.848622	
0.389433	0.848342	
0.389792	0.848062	
0.390152	0.847781	
0.390512	0.8475	
0.390872	0.847219	
0.391232	0.846938	
0.391591	0.846656	
0.391951	0.846374	
0.392311	0.846092	
0.392671	0.84581	
0.39303	0.845527	
0.39339	0.845244	
0.39375	0.844961	
0.39411	0.844677	
0.39447	0.844394	
0.394829	0.84411	
0.395189	0.843825	
0.395549	0.843541	
0.395909	0.843256	
0.396269	0.842971	
0.396628	0.842686	
0.396988	0.8424	
0.397348	0.842115	
0.397708	0.841829	
0.398068	0.841542	
0.398427	0.841256	
0.398787	0.840969	
0.399147	0.840682	
0.399507	0.840394	
0.399867	0.840107	
0.400226	0.839819	
0.400586	0.839531	
0.400946	0.839242	
0.401306	0.838954	
0.401666	0.838665	
0.402025	0.838376	
0.402385	0.838086	
0.402745	0.837797	
0.403105	0.837507	
0.403464	0.837216	
0.403824	0.836926	
0.404184	0.836635	
0.404544	0.836344	
0.404904	0.836053	
0.405263	0.835762	
0.405623	0.83547	
0.405983	0.835178	
0.406343	0.834886	
0.406703	0.834593	
0.407062	0.8343	
0.407422	0.834007	
0.407782	0.833714	
0.408142	0.83342	
0.408502	0.833126	
0.408861	0.832832	
0.409221	0.832538	
0.409581	0.832243	
0.409941	0.831949	
0.410301	0.831653	
0.41066	0.831358	
0.41102	0.831062	
0.41138	0.830767	
0.41174	0.83047	
0.412099	0.830174	
0.412459	0.829877	
0.412819	0.82958	
0.413179	0.829283	
0.413539	0.828986	
0.413898	0.828688	
0.414258	0.82839	
0.414618	0.828092	
0.414978	0.827793	
0.415338	0.827495	
0.415697	0.827196	
0.416057	0.826896	
0.416417	0.826597	
0.416777	0.826297	
0.417137	0.825997	
0.417496	0.825697	
0.417856	0.825396	
0.418216	0.825095	
0.418576	0.824794	
0.418936	0.824493	
0.419295	0.824191	
0.419655	0.82389	
0.420015	0.823587	
0.420375	0.823285	
0.420734	0.822982	
0.421094	0.82268	
0.421454	0.822376	
0.421814	0.822073	
0.422174	0.821769	
0.422533	0.821465	
0.422893	0.821161	
0.423253	0.820857	
0.423613	0.820552	
0.423973	0.820247	
0.424332	0.819942	
0.424692	0.819637	
0.425052	0.819331	
0.425412	0.819025	
0.425772	0.818719	
0.426131	0.818412	
0.426491	0.818105	
0.426851	0.817798	
0.427211	0.817491	
0.427571	0.817183	
0.42793	0.816876	
0.42829	0.816568	
0.42865	0.816259	
0.42901	0.815951	
0.42937	0.815642	
0.429729	0.815333	
0.430089	0.815023	
0.430449	0.814714	
0.430809	0.814404	
0.431168	0.814094	
0.431528	0.813783	
0.431888	0.813473	
0.432248	0.813162	
0.432608	0.812851	
0.432967	0.812539	
0.433327	0.812228	
0.433687	0.811916	
0.434047	0.811603	
0.434407	0.811291	
0.434766	0.810978	
0.435126	0.810665	
0.435486	0.810352	
0.435846	0.810038	
0.436206	0.809725	
0.436565	0.809411	
0.436925	0.809096	
0.437285	0.808782	
0.437645	0.808467	
0.438005	0.808152	
0.438364	0.807837	
0.438724	0.807521	
0.439084	0.807205	
0.439444	0.806889	
0.439803	0.806573	
0.440163	0.806256	
0.440523	0.805939	
0.440883	0.805622	
0.441243	0.805305	
0.441602	0.804987	
0.441962	0.804669	
0.442322	0.804351	
0.442682	0.804033	
0.443042	0.803714	
0.443401	0.803395	
0.443761	0.803076	
0.444121	0.802757	
0.444481	0.802437	
0.444841	0.802117	
0.4452	0.801797	
0.44556	0.801476	
0.44592	0.801155	
0.44628	0.800834	
0.44664	0.800513	
0.446999	0.800192	
0.447359	0.79987	
0.447719	0.799548	
0.448079	0.799225	
0.448439	0.798903	
0.448798	0.79858	
0.449158	0.798257	
0.449518	0.797934	
0.449878	0.79761	
0.450237	0.797286	
0.450597	0.796962	
0.450957	0.796638	
0.451317	0.796313	
0.451677	0.795988	
0.452036	0.795663	
0.452396	0.795338	
0.452756	0.795012	
0.453116	0.794686	
0.453476	0.79436	
0.453835	0.794033	
0.454195	0.793707	
0.454555	0.79338	
0.454915	0.793053	
0.455275	0.792725	
0.455634	0.792397	
0.455994	0.792069	
0.456354	0.791741	
0.456714	0.791413	
0.457074	0.791084	
0.457433	0.790755	
0.457793	0.790425	
0.458153	0.790096	
0.458513	0.789766	
0.458872	0.789436	
0.459232	0.789106	
0.459592	0.788775	
0.459952	0.788444	
0.460312	0.788113	
0.460671	0.787782	
0.461031	0.78745	
0.461391	0.787118	
0.461751	0.786786	
0.462111	0.786454	
0.46247	0.786121	
0.46283	0.785788	
0.46319	0.785455	
0.46355	0.785122	
0.46391	0.784788	
0.464269	0.784454	
0.464629	0.78412	
0.464989	0.783785	
0.465349	0.783451	
0.465709	0.783116	
0.466068	0.78278	
0.466428	0.782445	
0.466788	0.782109	
0.467148	0.781773	
0.467507	0.781437	
0.467867	0.7811	
0.468227	0.780763	
0.468587	0.780426	
0.468947	0.780089	
0.469306	0.779751	
0.469666	0.779414	
0.470026	0.779076	
0.470386	0.778737	
0.470746	0.778399	
0.471105	0.77806	
0.471465	0.777721	
0.471825	0.777381	
0.472185	0.777042	
0.472545	0.776702	
0.472904	0.776361	
0.473264	0.776021	
0.473624	0.77568	
0.473984	0.775339	
0.474344	0.774998	
0.474703	0.774657	
0.475063	0.774315	
0.475423	0.773973	
0.475783	0.773631	
0.476143	0.773288	
0.476502	0.772946	
0.476862	0.772603	
0.477222	0.772259	
0.477582	0.771916	
0.477941	0.771572	
0.478301	0.771228	
0.478661	0.770884	
0.479021	0.770539	
0.479381	0.770194	
0.47974	0.769849	
0.4801	0.769504	
0.48046	0.769158	
0.48082	0.768812	
0.48118	0.768466	
0.481539	0.76812	
0.481899	0.767773	
0.482259	0.767426	
0.482619	0.767079	
0.482979	0.766732	
0.483338	0.766384	
0.483698	0.766036	
0.484058	0.765688	
0.484418	0.765339	
0.484778	0.764991	
0.485137	0.764642	
0.485497	0.764293	
0.485857	0.763943	
0.486217	0.763593	
0.486576	0.763243	
0.486936	0.762893	
0.487296	0.762543	
0.487656	0.762192	
0.488016	0.761841	
0.488375	0.761489	
0.488735	0.761138	
0.489095	0.760786	
0.489455	0.760434	
0.489815	0.760082	
0.490174	0.759729	
0.490534	0.759376	
0.490894	0.759023	
0.491254	0.75867	
0.491614	0.758316	
0.491973	0.757962	
0.492333	0.757608	
0.492693	0.757254	
0.493053	0.756899	
0.493413	0.756544	
0.493772	0.756189	
0.494132	0.755833	
0.494492	0.755478	
0.494852	0.755122	
0.495211	0.754766	
0.495571	0.754409	
0.495931	0.754052	
0.496291	0.753695	
0.496651	0.753338	
0.49701	0.752981	
0.49737	0.752623	
0.49773	0.752265	
0.49809	0.751907	
0.49845	0.751548	
0.498809	0.751189	
0.499169	0.75083	
0.499529	0.750471	
0.499889	0.750111	
0.500249	0.749751	
0.500608	0.749391	
0.500968	0.749031	
0.501328	0.74867	
0.501688	0.748309	
0.502048	0.747948	
0.502407	0.747587	
0.502767	0.747225	
0.503127	0.746863	
0.503487	0.746501	
0.503847	0.746139	
0.504206	0.745776	
0.504566	0.745413	
0.504926	0.74505	
0.505286	0.744686	
0.505645	0.744323	
0.506005	0.743959	
0.506365	0.743594	
0.506725	0.74323	
0.507085	0.742865	
0.507444	0.7425	
0.507804	0.742135	
0.508164	0.741769	
0.508524	0.741404	
0.508884	0.741037	
0.509243	0.740671	
0.509603	0.740305	
0.509963	0.739938	
0.510323	0.739571	
0.510683	0.739203	
0.511042	0.738836	
0.511402	0.738468	
0.511762	0.7381	
0.512122	0.737731	
0.512482	0.737363	
0.512841	0.736994	
0.513201	0.736625	
0.513561	0.736255	
0.513921	0.735886	
0.51428	0.735516	
0.51464	0.735145	
0.515	0.734775	
0.51536	0.734404	
0.51572	0.734033	
0.516079	0.733662	
0.516439	0.733291	
0.516799	0.732919	
0.517159	0.732547	
0.517519	0.732174	
0.517878	0.731802	
0.518238	0.731429	
0.518598	0.731056	
0.518958	0.730683	
0.519318	0.730309	
0.519677	0.729935	
0.520037	0.729561	
0.520397	0.729187	
0.520757	0.728812	
0.521117	0.728438	
0.521476	0.728062	
0.521836	0.727687	
0.522196	0.727311	
0.522556	0.726936	
0.522915	0.726559	
0.523275	0.726183	
0.523635	0.725806	
0.523995	0.725429	
0.524355	0.725052	
0.524714	0.724675	
0.525074	0.724297	
0.525434	0.723919	
0.525794	0.723541	
0.526154	0.723162	
0.526513	0.722784	
0.526873	0.722405	
0.527233	0.722025	
0.527593	0.721646	
0.527953	0.721266	
0.528312	0.720886	
0.528672	0.720506	
0.529032	0.720125	
0.529392	0.719744	
0.529752	0.719363	
0.530111	0.718982	
0.530471	0.7186	
0.530831	0.718219	
0.531191	0.717836	
0.531551	0.717454	
0.53191	0.717071	
0.53227	0.716689	
0.53263	0.716305	
0.53299	0.715922	
0.533349	0.715538	
0.533709	0.715154	
0.534069	0.71477	
0.534429	0.714386	
0.534789	0.714001	
0.535148	0.713616	
0.535508	0.713231	
0.535868	0.712845	
0.536228	0.71246	
0.536588	0.712074	
0.536947	0.711687	
0.537307	0.711301	
0.537667	0.710914	
0.538027	0.710527	
0.538387	0.71014	
0.538746	0.709752	
0.539106	0.709365	
0.539466	0.708977	
0.539826	0.708588	
0.540186	0.7082	
0.540545	0.707811	
0.540905	0.707422	
0.541265	0.707032	
0.541625	0.706643	
0.541984	0.706253	
0.542344	0.705863	
0.542704	0.705472	
0.543064	0.705082	
0.543424	0.704691	
0.543783	0.7043	
0.544143	0.703908	
0.544503	0.703516	
0.544863	0.703125	
0.545223	0.702732	
0.545582	0.70234	
0.545942	0.701947	
0.546302	0.701554	
0.546662	0.701161	
0.547022	0.700767	
0.547381	0.700374	
0.547741	0.69998	
0.548101	0.699585	
0.548461	0.699191	
0.548821	0.698796	
0.54918	0.698401	
0.54954	0.698006	
0.5499	0.69761	
0.55026	0.697214	
0.550619	0.696818	
0.550979	0.696422	
0.551339	0.696025	
0.551699	0.695628	
0.552059	0.695231	
0.552418	0.694834	
0.552778	0.694436	
0.553138	0.694038	
0.553498	0.69364	
0.553858	0.693242	
0.554217	0.692843	
0.554577	0.692444	
0.554937	0.692045	
0.555297	0.691645	
0.555657	0.691246	
0.556016	0.690846	
0.556376	0.690446	
0.556736	0.690045	
0.557096	0.689644	
0.557456	0.689243	
0.557815	0.688842	
0.558175	0.688441	
0.558535	0.688039	
0.558895	0.687637	
0.559255	0.687234	
0.559614	0.686832	
0.559974	0.686429	
0.560334	0.686026	
0.560694	0.685623	
0.561053	0.685219	
0.561413	0.684815	
0.561773	0.684411	
0.562133	0.684007	
0.562493	0.683602	
0.562852	0.683197	
0.563212	0.682792	
0.563572	0.682387	
0.563932	0.681981	
0.564292	0.681575	
0.564651	0.681169	
0.565011	0.680762	
0.565371	0.680356	
0.565731	0.679949	
0.566091	0.679541	
0.56645	0.679134	
0.56681	0.678726	
0.56717	0.678318	
0.56753	0.67791	
0.56789	0.677501	
0.568249	0.677093	
0.568609	0.676684	
0.568969	0.676274	
0.569329	0.675865	
0.569688	0.675455	
0.570048	0.675045	
0.570408	0.674635	
0.570768	0.674224	
0.571128	0.673813	
0.571487	0.673402	
0.571847	0.672991	
0.572207	0.672579	
0.572567	0.672167	
0.572927	0.671755	
0.573286	0.671343	
0.573646	0.67093	
0.574006	0.670517	
0.574366	0.670104	
0.574726	0.669691	
0.575085	0.669277	
0.575445	0.668863	
0.575805	0.668449	
0.576165	0.668034	
0.576525	0.667619	
0.576884	0.667204	
0.577244	0.666789	
0.577604	0.666374	
0.577964	0.665958	
0.578323	0.665542	
0.578683	0.665126	
0.579043	0.664709	
0.579403	0.664292	
0.579763	0.663875	
0.580122	0.663458	
0.580482	0.66304	
0.580842	0.662623	
0.581202	0.662204	
0.581562	0.661786	
0.581921	0.661367	
0.582281	0.660949	
0.582641	0.660529	
0.583001	0.66011	
0.583361	0.65969	
0.58372	0.659271	
0.58408	0.65885	
0.58444	0.65843	
0.5848	0.658009	
0.58516	0.657588	
0.585519	0.657167	
0.585879	0.656746	
0.586239	0.656324	
0.586599	0.655902	
0.586959	0.65548	
0.587318	0.655057	
0.587678	0.654634	
0.588038	0.654211	
0.588398	0.653788	
0.588757	0.653365	
0.589117	0.652941	
0.589477	0.652517	
0.589837	0.652092	
0.590197	0.651668	
0.590556	0.651243	
0.590916	0.650818	
0.591276	0.650393	
0.591636	0.649967	
0.591996	0.649541	
0.592355	0.649115	
0.592715	0.648689	
0.593075	0.648262	
0.593435	0.647835	
0.593795	0.647408	
0.594154	0.646981	
0.594514	0.646553	
0.594874	0.646125	
0.595234	0.645697	
0.595594	0.645268	
0.595953	0.64484	
0.596313	0.644411	
0.596673	0.643981	
0.597033	0.643552	
0.597392	0.643122	
0.597752	0.642692	
0.598112	0.642262	
0.598472	0.641831	
0.598832	0.641401	
0.599191	0.64097	
0.599551	0.640538	
0.599911	0.640107	
0.600271	0.639675	
0.600631	0.639243	
0.60099	0.638811	
0.60135	0.638378	
0.60171	0.637945	
0.60207	0.637512	
0.60243	0.637079	
0.602789	0.636645	
0.603149	0.636211	
0.603509	0.635777	
0.603869	0.635343	
0.604229	0.634908	
0.604588	0.634473	
0.604948	0.634038	
0.605308	0.633602	
0.605668	0.633167	
0.606028	0.632731	
0.606387	0.632294	
0.606747	0.631858	
0.607107	0.631421	
0.607467	0.630984	
0.607826	0.630547	
0.608186	0.630109	
0.608546	0.629672	
0.608906	0.629234	
0.609266	0.628795	
0.609625	0.628357	
0.609985	0.627918	
0.610345	0.627479	
0.610705	0.62704	
0.611065	0.6266	
0.611424	0.62616	
0.611784	0.62572	
0.612144	0.62528	
0.612504	0.624839	
0.612864	0.624398	
0.613223	0.623957	
0.613583	0.623516	
0.613943	0.623074	
0.614303	0.622632	
0.614663	0.62219	
0.615022	0.621748	
0.615382	0.621305	
0.615742	0.620862	
0.616102	0.620419	
0.616461	0.619975	
0.616821	0.619532	
0.617181	0.619088	
0.617541	0.618643	
0.617901	0.618199	
0.61826	0.617754	
0.61862	0.617309	
0.61898	0.616864	
0.61934	0.616418	
0.6197	0.615972	
0.620059	0.615526	
0.620419	0.61508	
0.620779	0.614633	
0.621139	0.614187	
0.621499	0.61374	
0.621858	0.613292	
0.622218	0.612845	
0.622578	0.612397	
0.622938	0.611949	
0.623298	0.6115	
0.623657	0.611052	
0.624017	0.610603	
0.624377	0.610153	
0.624737	0.609704	
0.625096	0.609254	
0.625456	0.608804	
0.625816	0.608354	
0.626176	0.607904	
0.626536	0.607453	
0.626895	0.607002	
0.627255	0.606551	
0.627615	0.606099	
0.627975	0.605648	
0.628335	0.605196	
0.628694	0.604743	
0.629054	0.604291	
0.629414	0.603838	
0.629774	0.603385	
0.630134	0.602932	
0.630493	0.602478	
0.630853	0.602024	
0.631213	0.60157	
0.631573	0.601116	
0.631933	0.600661	
0.632292	0.600206	
0.632652	0.599751	
0.633012	0.599296	
0.633372	0.59884	
0.633732	0.598384	
0.634091	0.597928	
0.634451	0.597472	
0.634811	0.597015	
0.635171	0.596558	
0.63553	0.596101	
0.63589	0.595644	
0.63625	0.595186	
0.63661	0.594728	
0.63697	0.59427	
0.637329	0.593811	
0.637689	0.593352	
0.638049	0.592893	
0.638409	0.592434	
0.638769	0.591975	
0.639128	0.591515	
0.639488	0.591055	
0.639848	0.590595	
0.640208	0.590134	
0.640568	0.589673	
0.640927	0.589212	
0.641287	0.588751	
0.641647	0.588289	
0.642007	0.587827	
0.642367	0.587365	
0.642726	0.586903	
0.643086	0.58644	
0.643446	0.585977	
0.643806	0.585514	
0.644165	0.585051	
0.644525	0.584587	
0.644885	0.584123	
0.645245	0.583659	
0.645605	0.583195	
0.645964	0.58273	
0.646324	0.582265	
0.646684	0.5818	
0.647044	0.581334	
0.647404	0.580869	
0.647763	0.580403	
0.648123	0.579936	
0.648483	0.57947	
0.648843	0.579003	
0.649203	0.578536	
0.649562	0.578069	
0.649922	0.577601	
0.650282	0.577133	
0.650642	0.576665	
0.651002	0.576197	
0.651361	0.575728	
0.651721	0.57526	
0.652081	0.57479	
0.652441	0.574321	
0.6528	0.573852	
0.65316	0.573382	
0.65352	0.572912	
0.65388	0.572441	
0.65424	0.57197	
0.654599	0.5715	
0.654959	0.571028	
0.655319	0.570557	
0.655679	0.570085	
0.656039	0.569613	
0.656398	0.569141	
0.656758	0.568669	
0.657118	0.568196	
0.657478	0.567723	
0.657838	0.56725	
0.658197	0.566776	
0.658557	0.566302	
0.658917	0.565828	
0.659277	0.565354	
0.659637	0.56488	
0.659996	0.564405	
0.660356	0.56393	
0.660716	0.563454	
0.661076	0.562979	
0.661436	0.562503	
0.661795	0.562027	
0.662155	0.561551	
0.662515	0.561074	
0.662875	0.560597	
0.663234	0.56012	
0.663594	0.559643	
0.663954	0.559165	
0.664314	0.558687	
0.664674	0.558209	
0.665033	0.557731	
0.665393	0.557252	
0.665753	0.556773	
0.666113	0.556294	
0.666473	0.555814	
0.666832	0.555335	
0.667192	0.554855	
0.667552	0.554374	
0.667912	0.553894	
0.668272	0.553413	
0.668631	0.552932	
0.668991	0.552451	
0.669351	0.551969	
0.669711	0.551488	
0.670071	0.551005	
0.67043	0.550523	
0.67079	0.550041	
0.67115	0.549558	
0.67151	0.549075	
0.671869	0.548591	
0.672229	0.548108	
0.672589	0.547624	
0.672949	0.54714	
0.673309	0.546655	
0.673668	0.546171	
0.674028	0.545686	
0.674388	0.545201	
0.674748	0.544715	
0.675108	0.54423	
0.675467	0.543744	
0.675827	0.543258	
0.676187	0.542771	
0.676547	0.542284	
0.676907	0.541797	
0.677266	0.54131	
0.677626	0.540823	
0.677986	0.540335	
0.678346	0.539847	
0.678706	0.539359	
0.679065	0.53887	
0.679425	0.538382	
0.679785	0.537892	
0.680145	0.537403	
0.680504	0.536914	
0.680864	0.536424	
0.681224	0.535934	
0.681584	0.535443	
0.681944	0.534953	
0.682303	0.534462	
0.682663	0.533971	
0.683023	0.53348	
0.683383	0.532988	
0.683743	0.532496	
0.684102	0.532004	
0.684462	0.531511	
0.684822	0.531019	
0.685182	0.530526	
0.685542	0.530033	
0.685901	0.529539	
0.686261	0.529046	
0.686621	0.528552	
0.686981	0.528057	
0.687341	0.527563	
0.6877	0.527068	
0.68806	0.526573	
0.68842	0.526078	
0.68878	0.525583	
0.68914	0.525087	
0.689499	0.524591	
0.689859	0.524094	
0.690219	0.523598	
0.690579	0.523101	
0.690938	0.522604	
0.691298	0.522107	
0.691658	0.521609	
0.692018	0.521111	
0.692378	0.520613	
0.692737	0.520115	
0.693097	0.519616	
0.693457	0.519117	
0.693817	0.518618	
0.694177	0.518119	
0.694536	0.517619	
0.694896	0.517119	
0.695256	0.516619	
0.695616	0.516119	
0.695976	0.515618	
0.696335	0.515117	
0.696695	0.514616	
0.697055	0.514114	
0.697415	0.513613	
0.697775	0.513111	
0.698134	0.512608	
0.698494	0.512106	
0.698854	0.511603	
0.699214	0.5111	
0.699573	0.510597	
0.699933	0.510093	
0.700293	0.50959	
0.700653	0.509086	
0.701013	0.508581	
0.701372	0.508077	
0.701732	0.507572	
0.702092	0.507067	
0.702452	0.506561	
0.702812	0.506056	
0.703171	0.50555	
0.703531	0.505044	
0.703891	0.504537	
0.704251	0.504031	
0.704611	0.503524	
0.70497	0.503017	
0.70533	0.502509	
0.70569	0.502002	
0.70605	0.501494	
0.70641	0.500986	
0.706769	0.500477	
0.707129	0.499968	
0.707489	0.499459	
0.707849	0.49895	
0.708208	0.498441	
0.708568	0.497931	
0.708928	0.497421	
0.709288	0.496911	
0.709648	0.4964	
0.710007	0.495889	
0.710367	0.495378	
0.710727	0.494867	
0.711087	0.494356	
0.711447	0.493844	
0.711806	0.493332	
0.712166	0.492819	
0.712526	0.492307	
0.712886	0.491794	
0.713246	0.491281	
0.713605	0.490767	
0.713965	0.490254	
0.714325	0.48974	
0.714685	0.489226	
0.715045	0.488711	
0.715404	0.488197	
0.715764	0.487682	
0.716124	0.487167	
0.716484	0.486651	
0.716844	0.486135	
0.717203	0.485619	
0.717563	0.485103	
0.717923	0.484587	
0.718283	0.48407	
0.718642	0.483553	
0.719002	0.483036	
0.719362	0.482518	
0.719722	0.482	
0.720082	0.481482	
0.720441	0.480964	
0.720801	0.480446	
0.721161	0.479927	
0.721521	0.479408	
0.721881	0.478888	
0.72224	0.478369	
0.7226	0.477849	
0.72296	0.477329	
0.72332	0.476809	
0.72368	0.476288	
0.724039	0.475767	
0.724399	0.475246	
0.724759	0.474724	
0.725119	0.474203	
0.725479	0.473681	
0.725838	0.473159	
0.726198	0.472636	
0.726558	0.472114	
0.726918	0.471591	
0.727277	0.471067	
0.727637	0.470544	
0.727997	0.47002	
0.728357	0.469496	
0.728717	0.468972	
0.729076	0.468448	
0.729436	0.467923	
0.729796	0.467398	
0.730156	0.466872	
0.730516	0.466347	
0.730875	0.465821	
0.731235	0.465295	
0.731595	0.464769	
0.731955	0.464242	
0.732315	0.463715	
0.732674	0.463188	
0.733034	0.462661	
0.733394	0.462133	
0.733754	0.461605	
0.734114	0.461077	
0.734473	0.460549	
0.734833	0.46002	
0.735193	0.459491	
0.735553	0.458962	
0.735912	0.458433	
0.736272	0.457903	
0.736632	0.457373	
0.736992	0.456843	
0.737352	0.456313	
0.737711	0.455782	
0.738071	0.455251	
0.738431	0.45472	
0.738791	0.454188	
0.739151	0.453656	
0.73951	0.453124	
0.73987	0.452592	
0.74023	0.45206	
0.74059	0.451527	
0.74095	0.450994	
0.741309	0.45046	
0.741669	0.449927	
0.742029	0.449393	
0.742389	0.448859	
0.742749	0.448325	
0.743108	0.44779	
0.743468	0.447255	
0.743828	0.44672	
0.744188	0.446185	
0.744548	0.445649	
0.744907	0.445113	
0.745267	0.444577	
0.745627	0.444041	
0.745987	0.443504	
0.746346	0.442967	
0.746706	0.44243	
0.747066	0.441892	
0.747426	0.441355	
0.747786	0.440817	
0.748145	0.440278	
0.748505	0.43974	
0.748865	0.439201	
0.749225	0.438662	
0.749585	0.438123	
0.749944	0.437583	
0.750304	0.437044	
0.750664	0.436504	
0.751024	0.435963	
0.751384	0.435423	
0.751743	0.434882	
0.752103	0.434341	
0.752463	0.4338	
0.752823	0.433258	
0.753183	0.432716	
0.753542	0.432174	
0.753902	0.431632	
0.754262	0.431089	
0.754622	0.430546	
0.754981	0.430003	
0.755341	0.42946	
0.755701	0.428916	
0.756061	0.428372	
0.756421	0.427828	
0.75678	0.427283	
0.75714	0.426739	
0.7575	0.426194	
0.75786	0.425648	
0.75822	0.425103	
0.758579	0.424557	
0.758939	0.424011	
0.759299	0.423465	
0.759659	0.422919	
0.760019	0.422372	
0.760378	0.421825	
0.760738	0.421277	
0.761098	0.42073	
0.761458	0.420182	
0.761818	0.419634	
0.762177	0.419086	
0.762537	0.418537	
0.762897	0.417988	
0.763257	0.417439	
0.763617	0.41689	
0.763976	0.41634	
0.764336	0.41579	
0.764696	0.41524	
0.765056	0.41469	
0.765415	0.414139	
0.765775	0.413588	
0.766135	0.413037	
0.766495	0.412486	
0.766855	0.411934	
0.767214	0.411382	
0.767574	0.41083	
0.767934	0.410277	
0.768294	0.409725	
0.768654	0.409172	
0.769013	0.408618	
0.769373	0.408065	
0.769733	0.407511	
0.770093	0.406957	
0.770453	0.406403	
0.770812	0.405848	
0.771172	0.405294	
0.771532	0.404738	
0.771892	0.404183	
0.772252	0.403628	
0.772611	0.403072	
0.772971	0.402516	
0.773331	0.401959	
0.773691	0.401403	
0.77405	0.400846	
0.77441	0.400289	
0.77477	0.399731	
0.77513	0.399174	
0.77549	0.398616	
0.775849	0.398058	
0.776209	0.397499	
0.776569	0.396941	
0.776929	0.396382	
0.777289	0.395822	
0.777648	0.395263	
0.778008	0.394703	
0.778368	0.394143	
0.778728	0.393583	
0.779088	0.393023	
0.779447	0.392462	
0.779807	0.391901	
0.780167	0.39134	
0.780527	0.390778	
0.780887	0.390216	
0.781246	0.389654	
0.781606	0.389092	
0.781966	0.388529	
0.782326	0.387967	
0.782685	0.387403	
0.783045	0.38684	
0.783405	0.386276	
0.783765	0.385713	
0.784125	0.385149	
0.784484	0.384584	
0.784844	0.38402	
0.785204	0.383455	
0.785564	0.382889	
0.785924	0.382324	
0.786283	0.381758	
0.786643	0.381192	
0.787003	0.380626	
0.787363	0.38006	
0.787723	0.379493	
0.788082	0.378926	
0.788442	0.378359	
0.788802	0.377791	
0.789162	0.377224	
0.789522	0.376656	
0.789881	0.376087	
0.790241	0.375519	
0.790601	0.37495	
0.790961	0.374381	
0.791321	0.373812	
0.79168	0.373242	
0.79204	0.372673	
0.7924	0.372102	
0.79276	0.371532	
0.793119	0.370962	
0.793479	0.370391	
0.793839	0.36982	
0.794199	0.369248	
0.794559	0.368677	
0.794918	0.368105	
0.795278	0.367533	
0.795638	0.36696	
0.795998	0.366387	
0.796358	0.365815	
0.796717	0.365241	
0.797077	0.364668	
0.797437	0.364094	
0.797797	0.36352	
0.798157	0.362946	
0.798516	0.362372	
0.798876	0.361797	
0.799236	0.361222	
0.799596	0.360647	
0.799956	0.360071	
0.800315	0.359495	
0.800675	0.358919	
0.801035	0.358343	
0.801395	0.357767	
0.801754	0.35719	
0.802114	0.356613	
0.802474	0.356035	
0.802834	0.355458	
0.803194	0.35488	
0.803553	0.354302	
0.803913	0.353724	
0.804273	0.353145	
0.804633	0.352566	
0.804993	0.351987	
0.805352	0.351408	
0.805712	0.350828	
0.806072	0.350248	
0.806432	0.349668	
0.806792	0.349087	
0.807151	0.348507	
0.807511	0.347926	
0.807871	0.347345	
0.808231	0.346763	
0.808591	0.346181	
0.80895	0.345599	
0.80931	0.345017	
0.80967	0.344435	
0.81003	0.343852	
0.810389	0.343269	
0.810749	0.342686	
0.811109	0.342102	
0.811469	0.341518	
0.811829	0.340934	
0.812188	0.34035	
0.812548	0.339765	
0.812908	0.339181	
0.813268	0.338595	
0.813628	0.33801	
0.813987	0.337424	
0.814347	0.336839	
0.814707	0.336253	
0.815067	0.335666	
0.815427	0.335079	
0.815786	0.334493	
0.816146	0.333905	
0.816506	0.333318	
0.816866	0.33273	
0.817226	0.332142	
0.817585	0.331554	
0.817945	0.330966	
0.818305	0.330377	
0.818665	0.329788	
0.819025	0.329199	
0.819384	0.328609	
0.819744	0.32802	
0.820104	0.32743	
0.820464	0.326839	
0.820823	0.326249	
0.821183	0.325658	
0.821543	0.325067	
0.821903	0.324476	
0.822263	0.323884	
0.822622	0.323292	
0.822982	0.3227	
0.823342	0.322108	
0.823702	0.321515	
0.824062	0.320922	
0.824421	0.320329	
0.824781	0.319736	
0.825141	0.319142	
0.825501	0.318548	
0.825861	0.317954	
0.82622	0.31736	
0.82658	0.316765	
0.82694	0.31617	
0.8273	0.315575	
0.82766	0.31498	
0.828019	0.314384	
0.828379	0.313788	
0.828739	0.313192	
0.829099	0.312595	
0.829458	0.311999	
0.829818	0.311402	
0.830178	0.310804	
0.830538	0.310207	
0.830898	0.309609	
0.831257	0.309011	
0.831617	0.308413	
0.831977	0.307814	
0.832337	0.307215	
0.832697	0.306616	
0.833056	0.306017	
0.833416	0.305417	
0.833776	0.304818	
0.834136	0.304218	
0.834496	0.303617	
0.834855	0.303017	
0.835215	0.302416	
0.835575	0.301815	
0.835935	0.301213	
0.836295	0.300611	
0.836654	0.30001	
0.837014	0.299407	
0.837374	0.298805	
0.837734	0.298202	
0.838093	0.297599	
0.838453	0.296996	
0.838813	0.296393	
0.839173	0.295789	
0.839533	0.295185	
0.839892	0.294581	
0.840252	0.293976	
0.840612	0.293371	
0.840972	0.292766	
0.841332	0.292161	
0.841691	0.291556	
0.842051	0.29095	
0.842411	0.290344	
0.842771	0.289737	
0.843131	0.289131	
0.84349	0.288524	
0.84385	0.287917	
0.84421	0.28731	
0.84457	0.286702	
0.84493	0.286094	
0.845289	0.285486	
0.845649	0.284878	
0.846009	0.284269	
0.846369	0.28366	
0.846729	0.283051	
0.847088	0.282441	
0.847448	0.281832	
0.847808	0.281222	
0.848168	0.280612	
0.848527	0.280001	
0.848887	0.27939	
0.849247	0.278779	
0.849607	0.278168	
0.849967	0.277557	
0.850326	0.276945	
0.850686	0.276333	
0.851046	0.275721	
0.851406	0.275108	
0.851766	0.274495	
0.852125	0.273882	
0.852485	0.273269	
0.852845	0.272655	
0.853205	0.272042	
0.853565	0.271428	
0.853924	0.270813	
0.854284	0.270199	
0.854644	0.269584	
0.855004	0.268969	
0.855364	0.268353	
0.855723	0.267738	
0.856083	0.267122	
0.856443	0.266506	
0.856803	0.265889	
0.857162	0.265272	
0.857522	0.264656	
0.857882	0.264038	
0.858242	0.263421	
0.858602	0.262803	
0.858961	0.262185	
0.859321	0.261567	
0.859681	0.260949	
0.860041	0.26033	
0.860401	0.259711	
0.86076	0.259092	
0.86112	0.258472	
0.86148	0.257852	
0.86184	0.257232	
0.8622	0.256612	
0.862559	0.255991	
0.862919	0.255371	
0.863279	0.254749	
0.863639	0.254128	
0.863999	0.253507	
0.864358	0.252885	
0.864718	0.252263	
0.865078	0.25164	
0.865438	0.251018	
0.865797	0.250395	
0.866157	0.249772	
0.866517	0.249148	
0.866877	0.248524	
0.867237	0.247901	
0.867596	0.247276	
0.867956	0.246652	
0.868316	0.246027	
0.868676	0.245402	
0.869036	0.244777	
0.869395	0.244152	
0.869755	0.243526	
0.870115	0.2429	
0.870475	0.242274	
0.870835	0.241647	
0.871194	0.24102	
0.871554	0.240393	
0.871914	0.239766	
0.872274	0.239138	
0.872634	0.238511	
0.872993	0.237883	
0.873353	0.237254	
0.873713	0.236626	
0.874073	0.235997	
0.874433	0.235368	
0.874792	0.234738	
0.875152	0.234109	
0.875512	0.233479	
0.875872	0.232849	
0.876231	0.232218	
0.876591	0.231588	
0.876951	0.230957	
0.877311	0.230326	
0.877671	0.229694	
0.87803	0.229063	
0.87839	0.228431	
0.87875	0.227798	
0.87911	0.227166	
0.87947	0.226533	
0.879829	0.2259	
0.880189	0.225267	
0.880549	0.224633	
0.880909	0.224	
0.881269	0.223366	
0.881628	0.222731	
0.881988	0.222097	
0.882348	0.221462	
0.882708	0.220827	
0.883068	0.220192	
0.883427	0.219556	
0.883787	0.21892	
0.884147	0.218284	
0.884507	0.217648	
0.884866	0.217011	
0.885226	0.216374	
0.885586	0.215737	
0.885946	0.2151	
0.886306	0.214462	
0.886665	0.213824	
0.887025	0.213186	
0.887385	0.212548	
0.887745	0.211909	
0.888105	0.21127	
0.888464	0.210631	
0.888824	0.209992	
0.889184	0.209352	
0.889544	0.208712	
0.889904	0.208072	
0.890263	0.207431	
0.890623	0.20679	
0.890983	0.206149	
0.891343	0.205508	
0.891703	0.204867	
0.892062	0.204225	
0.892422	0.203583	
0.892782	0.20294	
0.893142	0.202298	
0.893501	0.201655	
0.893861	0.201012	
0.894221	0.200369	
0.894581	0.199725	
0.894941	0.199081	
0.8953	0.198437	
0.89566	0.197793	
0.89602	0.197148	
0.89638	0.196503	
0.89674	0.195858	
0.897099	0.195213	
0.897459	0.194567	
0.897819	0.193921	
0.898179	0.193275	
0.898539	0.192628	
0.898898	0.191982	
0.899258	0.191335	
0.899618	0.190688	
0.899978	0.19004	
0.900338	0.189392	
0.900697	0.188744	
0.901057	0.188096	
0.901417	0.187448	
0.901777	0.186799	
0.902137	0.18615	
0.902496	0.1855	
0.902856	0.184851	
0.903216	0.184201	
0.903576	0.183551	
0.903935	0.182901	
0.904295	0.18225	
0.904655	0.181599	
0.905015	0.180948	
0.905375	0.180297	
0.905734	0.179645	
0.906094	0.178993	
0.906454	0.178341	
0.906814	0.177689	
0.907174	0.177036	
0.907533	0.176383	
0.907893	0.17573	
0.908253	0.175077	
0.908613	0.174423	
0.908973	0.173769	
0.909332	0.173115	
0.909692	0.17246	
0.910052	0.171805	
0.910412	0.17115	
0.910772	0.170495	
0.911131	0.16984	
0.911491	0.169184	
0.911851	0.168528	
0.912211	0.167872	
0.91257	0.167215	
0.91293	0.166558	
0.91329	0.165901	
0.91365	0.165244	
0.91401	0.164586	
0.914369	0.163929	
0.914729	0.16327	
0.915089	0.162612	
0.915449	0.161953	
0.915809	0.161295	
0.916168	0.160635	
0.916528	0.159976	
0.916888	0.159316	
0.917248	0.158656	
0.917608	0.157996	
0.917967	0.157336	
0.918327	0.156675	
0.918687	0.156014	
0.919047	0.155353	
0.919407	0.154692	
0.919766	0.15403	
0.920126	0.153368	
0.920486	0.152706	
0.920846	0.152043	
0.921206	0.15138	
0.921565	0.150717	
0.921925	0.150054	
0.922285	0.149391	
0.922645	0.148727	
0.923004	0.148063	
0.923364	0.147398	
0.923724	0.146734	
0.924084	0.146069	
0.924444	0.145404	
0.924803	0.144739	
0.925163	0.144073	
0.925523	0.143407	
0.925883	0.142741	
0.926243	0.142075	
0.926602	0.141408	
0.926962	0.140741	
0.927322	0.140074	
0.927682	0.139407	
0.928042	0.138739	
0.928401	0.138071	
0.928761	0.137403	
0.929121	0.136734	
0.929481	0.136066	
0.929841	0.135397	
0.9302	0.134727	
0.93056	0.134058	
0.93092	0.133388	
0.93128	0.132718	
0.931639	0.132048	
0.931999	0.131377	
0.932359	0.130707	
0.932719	0.130036	
0.933079	0.129364	
0.933438	0.128693	
0.933798	0.128021	
0.934158	0.127349	
0.934518	0.126676	
0.934878	0.126004	
0.935237	0.125331	
0.935597	0.124658	
0.935957	0.123985	
0.936317	0.123311	
0.936677	0.122637	
0.937036	0.121963	
0.937396	0.121288	
0.937756	0.120614	
0.938116	0.119939	
0.938476	0.119264	
0.938835	0.118588	
0.939195	0.117913	
0.939555	0.117237	
0.939915	0.11656	
0.940274	0.115884	
0.940634	0.115207	
0.940994	0.11453	
0.941354	0.113853	
0.941714	0.113175	
0.942073	0.112498	
0.942433	0.11182	
0.942793	0.111141	
0.943153	0.110463	
0.943513	0.109784	
0.943872	0.109105	
0.944232	0.108426	
0.944592	0.107746	
0.944952	0.107066	
0.945312	0.106386	
0.945671	0.105706	
0.946031	0.105025	
0.946391	0.104344	
0.946751	0.103663	
0.947111	0.102982	
0.94747	0.1023	
0.94783	0.101618	
0.94819	0.100936	
0.94855	0.100253	
0.94891	0.0995708	
0.949269	0.0988878	
0.949629	0.0982046	
0.949989	0.0975211	
0.950349	0.0968374	
0.950708	0.0961534	
0.951068	0.0954692	
0.951428	0.0947847	
0.951788	0.0940999	
0.952148	0.0934149	
0.952507	0.0927296	
0.952867	0.0920441	
0.953227	0.0913583	
0.953587	0.0906722	
0.953947	0.0899859	
0.954306	0.0892993	
0.954666	0.0886125	
0.955026	0.0879254	
0.955386	0.087238	
0.955746	0.0865504	
0.956105	0.0858626	
0.956465	0.0851744	
0.956825	0.0844861	
0.957185	0.0837974	
0.957545	0.0831085	
0.957904	0.0824193	
0.958264	0.0817299	
0.958624	0.0810402	
0.958984	0.0803503	
0.959343	0.0796601	
0.959703	0.0789696	
0.960063	0.0782789	
0.960423	0.0775879	
0.960783	0.0768967	
0.961142	0.0762052	
0.961502	0.0755135	
0.961862	0.0748214	
0.962222	0.0741292	
0.962582	0.0734366	
0.962941	0.0727439	
0.963301	0.0720508	
0.963661	0.0713575	
0.964021	0.0706639	
0.964381	0.0699701	
0.96474	0.069276	
0.9651	0.0685817	
0.96546	0.0678871	
0.96582	0.0671922	
0.96618	0.0664971	
0.966539	0.0658017	
0.966899	0.0651061	
0.967259	0.0644102	
0.967619	0.0637141	
0.967978	0.0630176	
0.968338	0.062321	
0.968698	0.061624	
0.969058	0.0609268	
0.969418	0.0602294	
0.969777	0.0595317	
0.970137	0.0588337	
0.970497	0.0581355	
0.970857	0.057437	
0.971217	0.0567383	
0.971576	0.0560393	
0.971936	0.05534	
0.972296	0.0546405	
0.972656	0.0539407	
0.973016	0.0532407	
0.973375	0.0525404	
0.973735	0.0518398	
0.974095	0.051139	
0.974455	0.0504379	
0.974815	0.0497366	
0.975174	0.049035	
0.975534	0.0483332	
0.975894	0.0476311	
0.976254	0.0469287	
0.976614	0.0462261	
0.976973	0.0455232	
0.977333	0.04482	
0.977693	0.0441166	
0.978053	0.043413	
0.978412	0.042709	
0.978772	0.0420049	
0.979132	0.0413004	
0.979492	0.0405957	
0.979852	0.0398908	
0.980211	0.0391856	
0.980571	0.0384801	
0.980931	0.0377744	
0.981291	0.0370684	
0.981651	0.0363621	
0.98201	0.0356556	
0.98237	0.0349488	
0.98273	0.0342418	
0.98309	0.0335345	
0.98345	0.032827	
0.983809	0.0321192	
0.984169	0.0314111	
0.984529	0.0307028	
0.984889	0.0299942	
0.985249	0.0292854	
0.985608	0.0285763	
0.985968	0.0278669	
0.986328	0.0271573	
0.986688	0.0264474	
0.987047	0.0257373	
0.987407	0.0250269	
0.987767	0.0243162	
0.988127	0.0236053	
0.988487	0.0228941	
0.988846	0.0221827	
0.989206	0.021471	
0.989566	0.0207591	
0.989926	0.0200469	
0.990286	0.0193344	
0.990645	0.0186217	
0.991005	0.0179087	
0.991365	0.0171955	
0.991725	0.016482	
0.992085	0.0157682	
0.992444	0.0150542	
0.992804	0.0143399	
0.993164	0.0136254	
0.993524	0.0129106	
0.993884	0.0121955	
0.994243	0.0114802	
0.994603	0.0107646	
0.994963	0.0100488	
0.995323	0.00933272	
0.995682	0.00861637	
0.996042	0.00789977	
0.996402	0.0071829	
0.996762	0.00646577	
0.997122	0.00574839	
0.997481	0.00503075	
0.997841	0.00431285	
0.998201	0.00359469	
0.998561	0.00287627	
0.998921	0.00215759	
0.99928	0.00143865	
0.99964	0.000719455	
1	0	