1.78712  2.44063  
0.319197  1.14056  
1.23328  4.11098  
2.95901  1.76993  
2.0493  2.28211  
2.10927  1.09116  
1.39891  1.38333  
1.51965  2.28617  
2.78978  3.70838  
2.50932  3.06818  
3.16115  1.87792  
1.22323  1.08605  
2.03952  2.52564  
0.764618  2.91599  
1.0057  2.30796  
2.7573  1.12945  
3.11316  1.73613  
1.99172  1.81737  
1.83589  1.6719  
2.91956  1.52907  
2.85915  1.98429  
3.82106  1.30653  
2.52203  0.771973  
3.51975  1.43409  
1.94645  2.95517  
1.00755  3.44181  
4.70799  1.88649  
1.3357  1.5361  
0.636448  2.84433  
2.21688  1.31931  
0.921312  2.05407  
3.06643  1.6726  
1.23995  2.63355  
1.65881  2.20251  
1.37462  1.58884  
1.40857  1.10493  
2.40903  1.44858  
1.75869  1.35855  
2.3238  3.23878  
1.80896  2.64715  
3.1119  2.36046  
3.01205  2.33693  
3.08109  1.60621  
1.38422  1.48619  
0.691782  2.86885  
3.53066  2.05363  
0.585508  2.24677  
2.45364  1.30936  
2.93055  1.54652  
2.06483  0.376625  
0.605117  1.46976  
3.99219  2.67898  
1.31003  2.86631  
2.55518  1.62352  
3.295  0.88031  
3.30763  1.81807  
1.29597  2.18658  
1.69142  2.91939  
1.54293  2.45208  
3.2236  2.05245  
1.93473  1.69354  
2.24722  1.46726  
0.959226  3.2307  
2.84492  0.911949  
2.67413  3.09372  
1.61883  2.16283  
2.68079  2.19497  
3.30194  1.98081  
1.57497  0.811477  
3.38744  1.1142  
2.6772  0.494013  
1.18046  0.868405  
2.09746  1.81669  
1.95435  1.20864  
1.26228  1.10763  
1.47573  2.05029  
2.45025  1.66053  
2.54553  1.91414  
3.36287  2.71089  
2.31015  1.34751  
1.70181  1.29716  
3.71262  2.64347  
2.28862  1.45953  
2.70036  1.29616  
3.22473  1.7321  
2.20404  1.80409  
1.33971  2.08814  
1.52976  2.40332  
3.27926  2.71115  
3.07046  2.19591  
3.90245  2.31049  
1.59975  1.38348  
2.39952  1.03973  
1.85932  1.57415  
0.857549  2.17042  
2.10318  1.63926  
1.16919  2.054  
3.9515  1.20624  
3.00567  2.3326  
1.88597  2.28252  
1.63446  0.939889  
1.28528  3.80923  
1.86643  2.1876  
2.6659  2.7005  
2.37333  1.25175  
0.902  2.06344  
1.2291  1.44449  
1.94733  1.62501  
1.73208  1.87337  
1.9127  3.26586  
2.60182  2.44831  
1.12667  2.40242  
1.20583  1.64707  
1.85714  2.75496  
4.03981  1.78103  
1.55933  1.16272  
1.9812  1.75654  
1.16886  2.10602  
1.36864  1.80071  
1.39107  2.2934  
2.96462  1.71623  
1.84176  3.7627  
2.84949  1.42536  
0.772939  3.07642  
2.0888  1.78298  
1.06047  1.25486  
1.25231  1.91644  
1.2366  1.49597  
1.38901  1.60539  
2.54513  2.01649  
1.36676  2.94075  
1.91851  1.99213  
2.72924  2.65377  
1.49253  2.39919  
0.92489  2.12653  
0.449663  0.985521  
2.21425  2.98106  
1.43084  1.64521  
1.05332  0.99632  
4.07608  2.13901  
3.86467  2.04493  
2.87106  2.90697  
2.26742  1.56489  
1.04874  1.50427  
4.94214  1.92728  
2.20896  2.31317  
1.16621  2.6874  
1.77828  2.17422  
1.36563  2.61178  
0.78122  4.37246  
2.07079  2.41551  
2.51885  1.68203  
1.9571  1.37664  
0.349818  1.42862  
2.32289  2.25701  
3.00497  2.18155  
2.14136  0.679364  
1.29952  2.13364  
1.88089  1.89488  
0.880614  1.7515  
1.0763  0.585898  
1.27846  2.01449  
0.485299  2.6142  
1.5332  1.09062  
3.09022  0.670951  
2.25631  1.49993  
1.5072  2.29297  
1.44463  1.77341  
3.10888  2.23413  
1.96666  5.17136  
3.84004  1.4171  
2.12514  2.50815  
1.69926  2.09793  
1.6823  2.32153  
1.71917  1.24796  
2.19859  1.30257  
1.6716  1.70843  
1.69582  2.78607  
1.39489  1.68309  
1.76487  2.38298  
4.62086  2.26766  
2.95506  1.56212  
3.90405  0.521224  
1.23643  3.04573  
0.572282  2.95961  
1.79812  2.76228  
4.46788  0.902368  
1.70203  0.884716  
2.30533  1.41937  
2.30319  0.921048  
3.59096  2.37842  
0.24994  1.10671  
3.14765  1.72211  
1.09981  3.06377  
1.68701  2.47516  
1.24368  1.28065  
2.6371  1.83904  
2.94157  3.12057  
2.25716  2.08667  
1.89042  2.29002  
1.88271  1.99473  
1.83103  3.67077  
3.5336  0.964248  
1.64939  1.80495  
1.20437  3.30016  
1.03341  2.68776  
0.582639  1.63049  
4.02385  1.86661  
2.64803  2.95602  
2.51744  1.49349  
1.48145  1.01114  
1.45494  2.92388  
2.96219  2.99375  
2.59307  3.5837  
1.56825  2.55888  
2.03974  1.47311  
2.20901  1.052  
2.8671  2.84658  
4.19154  2.09872  
2.46258  2.19084  
1.42059  2.71393  
4.97983  1.69757  
1.32683  3.60123  
1.18864  0.92947  
2.68918  3.11459  
2.77664  1.65605  
4.00442  1.89609  
0.784202  1.61702  
1.42256  2.96456  
2.73368  1.95085  
1.9065  1.66546  
1.86056  3.30228  
1.80291  1.92928  
1.05472  2.32933  
2.40996  0.96914  
1.56698  3.96402  
1.16587  1.94702  
2.54213  3.31264  
2.13313  3.94035  
1.02412  0.65772  
1.99397  1.1992  
3.4951  1.52669  
1.40495  2.62516  
2.25938  2.39557  
0.174403  2.90921  
0.295027  1.78834  
0.790258  1.92085  
3.39673  1.86206  
3.29791  1.1258  
2.79945  1.45574  
1.87294  0.966918  
1.46325  1.53956  
1.33785  1.47402  
1.57794  2.73449  
1.55366  1.37647  
2.09593  1.91294  
1.04665  2.36255  
1.32498  2.23444  
2.74032  1.24843  
3.35002  1.61877  
2.25455  2.12875  
2.65865  0.404295  
2.29898  1.4511  
2.98855  2.18315  
3.89641  1.73539  
2.59848  1.52473  
1.06271  2.49812  
3.52494  3.35509  
1.59641  0.52647  
1.32977  0.979556  
1.48796  1.84556  
3.31034  1.71418  
3.08925  2.09587  
2.13759  2.8955  
2.8219  4.12759  
2.21375  2.16319  
2.52648  2.46089  
2.8752  1.72685  
1.23654  1.66864  
2.521  3.53058  
2.59571  1.35224  
1.22581  2.35973  
2.09124  2.33927  
0.467232  1.17591  
1.15084  1.70031  
4.52394  0.93368  
1.99016  0.719288  
2.62465  0.215037  
2.06713  2.77779  
2.3006  2.23705  
0.78739  2.93686  
1.18674  1.41766  
1.83888  2.57141  
1.72346  0.791522  
2.11065  2.85763  
0.618897  1.87076  
0.651936  1.91118  
2.18399  2.46743  
1.5516  2.70387  
1.35332  2.09493  
2.03316  2.32425  
1.79059  1.59133  
3.64092  2.21495  
3.38656  3.77553  
3.42925  1.61312  
2.57325  1.18413  
1.76828  2.53706  
2.77125  2.29096  
2.30907  2.11142  
2.58177  1.41757  
1.72928  0.668523  
0.910887  1.54778  
1.94646  2.39446  
2.18205  1.42847  
1.04595  1.16462  
3.04495  2.05294  
0.524888  1.96108  
1.02849  1.2829  
1.00061  2.82452  
1.33022  2.70937  
3.00515  2.00946  
1.12756  0.661413  
3.64747  2.08499  
0.972318  1.35693  
1.51918  1.81871  
2.13417  2.71046  
3.30779  2.06684  
1.30015  2.98801  
1.18219  2.91297  
0.95653  3.3426  
0.99188  0.479531  
2.25127  1.85039  
3.23082  1.69276  
2.7746  0.710115  
1.89454  2.13885  
2.52506  2.45184  
1.85325  0.821962  
2.32019  2.76726  
1.62834  1.03483  
2.84175  2.68561  
2.99245  2.51013  
1.27519  2.16958  
4.11061  0.798669  
3.04288  1.47468  
4.12135  0.140574  
2.85111  2.16787  
2.28284  2.54897  
1.80869  1.83138  
2.37238  0.971285  
0.641519  1.28767  
2.28523  1.77961  
2.62115  1.88662  
2.66838  1.91064  
2.56565  2.2535  
1.59575  1.56528  
1.20438  1.14673  
1.03262  2.7662  
1.99412  2.11461  
2.03927  3.49858  
2.23747  2.4614  
0.568939  2.56132  
1.10758  1.25904  
3.77481  1.83536  
2.00456  0.481534  
3.42625  2.90134  
2.04214  2.04449  
3.38933  2.78425  
1.52604  1.99732  
1.84838  3.15011  
0.487002  1.94419  
1.31963  3.05807  
1.96398  2.85557  
1.52359  1.80999  
1.13523  2.13899  
0.377831  2.81096  
2.22302  2.15505  
0.926258  1.73264  
1.86743  2.73282  
2.40771  2.01  
1.40487  2.60979  
1.84923  1.57896  
2.02471  1.33535  
1.62383  1.74863  
2.81725  1.68486  
5.37993  2.40891  
1.86888  1.93672  
2.60443  0.791165  
1.18662  1.54558  
1.75299  0.667174  
1.67602  2.71285  
1.75243  1.73332  
1.2585  1.21634  
0.517725  1.83482  
2.867  2.47286  
2.0772  2.7461  
1.23942  1.7861  
2.27993  1.86505  
0.918097  1.22273  
0.781018  1.64924  
3.7919  1.76798  
3.19725  1.99232  
1.36701  1.56195  
2.34316  1.64514  
4.29126  1.62257  
4.42128  1.08522  
2.98776  0.967908  
2.68219  1.85797  
1.27919  2.76389  
2.64147  1.1089  
2.22602  1.05193  
1.67546  1.97265  
1.44141  1.1981  
2.21109  2.29306  
2.77847  1.83718  
2.49431  1.34381  
1.85253  2.46979  
1.78881  1.45885  
3.38433  1.32851  
2.72048  1.46482  
2.02431  1.49235  
1.52583  1.60943  
1.30273  2.53199  
3.37338  1.97063  
2.95525  3.36906  
5.13166  1.34813  
0.987174  3.42647  
1.54436  1.51432  
1.33813  2.58318  
2.02912  2.73069  
1.30933  1.1684  
2.35671  1.20224  
2.2881  0.643158  
0.177053  1.50547  
2.31502  3.13528  
1.29739  0.714861  
3.34191  2.74999  
2.32437  1.56714  
1.85219  2.60276  
2.19889  2.32692  
1.91498  3.1766  
3.098  1.07189  
1.69089  3.79955  
2.11292  1.09897  
1.34276  1.52884  
1.08211  1.72258  
1.83848  2.41135  
1.63278  2.46428  
2.76302  3.41758  
1.56983  1.72352  
2.30823  2.60541  
1.99421  1.76011  
1.11966  1.86105  
2.55824  3.00985  
2.5521  2.21402  
1.03826  1.2566  
3.09487  2.52976  
4.27017  0.870623  
1.56826  3.16986  
2.50085  3.00491  
0.616458  2.04416  
1.84786  3.39613  
1.42423  3.80164  
1.14478  1.39326  
2.44029  2.44827  
4.06237  2.89781  
1.64769  0.565169  
3.61767  2.1399  
1.96741  1.89074  
1.37863  2.33571  
2.06987  3.69242  
2.2619  2.0266  
1.32226  1.50602  
1.69655  0.836284  
1.65643  2.2062  
1.27565  2.81583  
2.39883  1.02591  
1.41597  1.8154  
3.46892  2.67871  
3.18575  1.06804  
1.29486  2.45741  
1.68592  1.29825  
2.02416  1.6103  
3.04804  2.48562  
1.84126  1.28993  
1.66369  2.76522  
2.04057  1.65218  
4.03654  0.330029  
2.13149  3.77358  
2.03013  2.6131  
2.04437  1.32939  
1.45151  0.829769  
1.93836  1.8898  
1.59124  1.98225  
1.60758  2.25446  
3.98118  1.51424  
0.945636  1.05449  
1.9625  2.49277  
3.3309  1.68536  
2.11253  3.61469  
1.54165  3.23803  
1.91152  1.54727  
1.84428  3.97422  
2.42932  0.384015  
1.37592  2.10888  
1.80852  2.56907  
1.4168  1.11719  
2.04142  3.1059  
1.80252  0.980877  
3.53415  1.7152  
2.80921  3.40635  
2.96232  1.87957  
0.764585  2.18687  
1.59181  2.2196  
1.59947  2.70314  
3.05944  1.72422  
0.521515  3.49281  
1.62858  2.96689  
0.989087  1.0933  
2.43824  1.93574  
2.17262  1.18781  
2.12081  1.20493  
0.426394  2.09605  
2.4245  1.82425  
0.573432  1.54873  
2.38825  0.977282  
1.52836  3.11305  
1.6459  1.0374  
1.1673  0.671799  
2.07016  2.72018  
1.17194  1.92628  
2.11816  2.43948  
1.76117  3.08919  
2.42154  2.51351  
3.09977  1.60526  
3.0193  2.16453  
1.96754  0.689943  
3.49777  1.92835  
2.18255  2.32355  
4.18426  1.20804  
1.71653  2.57648  
2.13419  1.72979  
3.8116  2.31846  
1.50582  1.93775  
1.22021  1.39001  
1.66998  1.76935  
1.89173  1.3994  
2.71858  2.94214  
2.83377  1.05226  
2.58728  4.02256  
2.68313  0.589774  
0.695283  2.25075  
1.50477  0.779643  
1.42566  2.80333  
2.22167  2.07012  
2.13221  1.70248  
1.81822  1.0799  
3.51843  1.63668  
3.31957  2.38769  
3.44906  2.06079  
1.38922  2.16721  
2.50958  2.1074  
1.01203  1.71071  
2.48251  1.45681  
1.18211  1.69818  
0.731494  3.38877  
2.7167  1.20074  
4.23908  1.56138  
2.16054  1.35479  
2.04097  1.78019  
2.12997  3.72394  
2.35804  3.34993  
0.89389  3.02442  
2.25246  2.38673  
3.02701  2.08063  
1.87937  1.56092  
1.74278  3.42019  
2.57413  0.828082  
3.11099  1.4812  
3.38264  0.897458  
2.55101  1.09905  
2.13416  2.31352  
3.22086  1.78661  
0.509505  2.32692  
3.10973  1.59727  
2.45412  1.61655  
0.411698  1.98674  
1.04031  2.22747  
2.04649  3.34704  
2.74001  1.62477  
3.26265  3.57121  
0.596697  2.78034  
1.44065  1.38662  
1.94523  2.29497  
1.9567  2.85777  
2.31695  2.69684  
2.09507  3.13899  
1.0834  3.42689  
1.76825  2.20337  
1.32857  1.37108  
3.4966  3.52864  
