3.93111  1.79736  1.63114  
7.1563  4.27116  5.8145  
7.93729  7.9537  6.65896  
7.67495  1.99899  2.295  
4.15246  9.35607  1.38748  
2.2418  1.24183  3.45323  
3.28666  3.56439  0.876648  
3.00418  1.47341  4.79041  
1.99512  9.38858  1.593  
9.13273  12.5648  6.4245  
8.78864  14.6581  9.86562  
3.87758  1.17653  0.744812  
10.3186  0.705485  3.56759  
7.77133  4.78663  2.62224  
5.28729  4.10267  6.64382  
12.8277  2.34632  4.12063  
3.89485  0.809541  4.53638  
3.49987  1.21164  8.86454  
5.77825  6.21687  1.07948  
5.6576  4.7428  1.86408  
1.90032  2.64991  6.94461  
6.03353  1.13038  8.37103  
2.81535  3.26759  5.24706  
3.10047  6.34325  6.88128  
2.36137  3.95046  1.22624  
1.53664  0.387449  6.39684  
0.403264  1.77812  3.93939  
2.58326  0.786098  2.18226  
11.2921  9.05345  13.7824  
0.350873  8.90736  6.47789  
3.221  5.16329  1.1902  
2.41234  2.94701  3.2501  
2.67243  1.80971  3.91292  
5.176  0.910268  1.05238  
3.08355  1.7939  3.32968  
4.10983  7.09807  3.01453  
4.19714  1.54609  2.2208  
3.85186  3.84603  3.21354  
1.42963  1.70875  4.92097  
6.27275  3.96179  3.12753  
3.72482  5.94089  2.11686  
7.85111  0.859835  1.72731  
7.16562  11.0427  11.8805  
11.872  4.6677  5.83696  
1.98191  3.16457  4.53085  
8.09897  6.15182  6.48362  
3.16129  3.33403  12.9367  
2.19296  2.43257  3.53876  
4.55206  3.18326  2.62486  
1.98698  2.24146  4.41852  
6.97198  3.59317  6.85435  
2.44185  0.93753  4.95093  
0.847422  1.47864  10.5854  
2.69624  0.563469  3.25382  
7.5865  12.3447  3.4332  
3.338  0.451397  6.77454  
5.88117  3.59442  2.91703  
4.24156  1.74906  6.08989  
1.7825  3.28198  2.96628  
7.0505  0.750325  8.42139  
3.19846  2.312  4.62478  
5.98179  10.5608  11.3471  
3.63529  1.60304  5.25793  
1.08204  1.6216  3.19293  
0.887216  3.79989  4.75413  
2.39383  1.26753  7.13244  
2.69736  2.80291  4.99076  
5.06558  2.24192  6.255  
6.77246  4.53076  1.27951  
6.36721  8.23291  8.38647  
6.21381  3.73801  7.20232  
3.27265  20.6468  1.15663  
11.3424  2.27591  3.04671  
3.7479  1.07371  4.42639  
1.3008  1.0443  3.90956  
13.2532  22.4666  12.8772  
3.52774  1.64349  5.55454  
7.51749  1.17532  7.0417  
6.62815  4.59943  2.19148  
4.37731  0.165826  3.71623  
4.43895  4.65038  11.7746  
0.825417  4.20405  4.44711  
2.86442  1.59414  4.46384  
0.947063  4.90311  2.02003  
1.04525  0.903269  6.88808  
4.02359  4.03917  1.21795  
6.49692  1.63239  7.20117  
2.82009  0.647  1.95563  
1.63896  3.88653  12.383  
3.24265  0.488452  3.32552  
6.4584  3.84544  5.82314  
3.37824  0.860845  1.86111  
7.46036  9.78317  9.36331  
2.09436  0.25109  5.26669  
6.74304  1.64989  3.18612  
0.453981  5.82837  2.31083  
7.70002  3.04703  7.70542  
4.00317  2.44445  5.67299  
3.45078  1.94208  3.07234  
1.88132  3.57707  2.41206  
4.66607  2.16447  5.58344  
2.17059  2.17494  4.78748  
3.06675  0.348092  4.32504  
7.22147  7.1755  5.65204  
6.51923  0.310618  5.75949  
7.52803  2.40941  0.790512  
3.54823  8.40361  1.71737  
1.25208  4.16391  2.81142  
1.65101  3.68661  2.41693  
1.37289  12.5363  9.15126  
8.8266  2.83771  13.7842  
6.46217  0.809467  6.87114  
5.54206  1.21624  3.02793  
2.08123  5.89815  10.3412  
5.35083  4.7551  3.91387  
9.53542  7.08171  7.09136  
2.59256  14.21  2.68579  
2.08556  2.24766  0.347108  
4.54404  9.95267  6.23359  
1.63835  5.11746  4.91862  
5.01912  3.73272  1.96967  
5.84356  8.29508  4.46382  
2.03866  5.07845  4.04771  
7.27084  6.93443  6.46832  
1.88153  4.37131  4.2724  
3.43911  7.7635  2.15646  
2.6958  3.45923  6.17212  
12.5108  8.68192  3.37344  
6.42415  3.79791  2.00795  
4.20564  2.3823  1.68075  
4.93688  3.51841  4.40239  
1.60049  2.9744  4.98859  
3.24964  2.64567  4.4675  
1.75981  1.73959  4.98483  
4.6238  3.55432  9.90108  
3.96818  0.318941  1.2072  
4.09742  1.53866  4.17549  
0.95035  0.049751  3.94698  
1.2338  3.99605  2.38353  
2.15485  6.88066  9.33479  
3.53762  1.13502  6.11437  
3.90506  0.998269  5.87594  
4.39186  2.3065  3.1919  
4.1273  2.57878  2.87073  
2.2388  1.38892  9.36182  
8.11091  3.66725  10.079  
3.24355  2.31202  2.42272  
7.11861  1.60342  2.81973  
1.18648  3.43178  5.47193  
4.63247  5.06692  2.72523  
0.93738  2.35826  5.47772  
4.34497  3.4857  8.93076  
3.02913  0.734187  4.91149  
11.6446  10.2229  5.39395  
5.57204  1.92135  0.828007  
11.836  11.5433  7.75626  
8.65105  1.87465  4.42024  
4.12862  0.946959  3.7959  
4.04284  6.3933  6.73011  
2.67134  1.99497  5.94985  
2.7364  1.69464  4.40023  
3.46751  7.91081  2.32547  
2.93233  13.0545  8.20288  
5.3284  12.1794  6.02561  
6.95691  10.3688  3.29935  
3.39384  1.30556  4.07601  
3.05845  11.1747  2.42177  
1.33304  7.3769  6.19062  
7.04256  3.11331  4.41198  
3.76315  4.49443  3.08085  
10.6815  9.7233  0.554508  
2.45424  3.18486  0.301524  
4.0328  3.35366  2.96044  
3.24532  0.864283  3.83315  
0.790122  8.40956  2.78583  
5.98622  2.31284  4.88815  
2.73159  0.268522  2.04517  
4.23125  8.14767  0.826686  
3.14967  11.2128  10.7523  
2.01285  0.637045  6.08166  
2.12886  1.78577  4.01174  
3.13855  4.33283  7.60144  
3.00237  1.88939  1.87967  
5.56605  6.91857  4.79093  
0.99384  14.5803  2.84364  
7.00765  5.29411  2.09431  
0.851001  2.37664  2.58376  
8.34811  4.35088  7.14603  
1.99121  3.82709  5.00644  
2.65152  2.1899  1.74628  
5.1286  11.7099  4.38487  
1.52585  10.2  4.27574  
1.40386  4.78172  8.38057  
6.27984  4.02906  3.20908  
8.94734  6.36969  5.64886  
4.46217  0.951066  1.39959  
6.14856  5.2524  6.39139  
3.38786  5.12868  1.62721  
5.22931  2.08161  5.08499  
2.01691  2.3548  6.4319  
4.28078  5.30384  1.61718  
4.75001  13.7699  5.05984  
2.61626  2.4678  1.2533  
1.64804  19.0157  7.9991  
3.72278  4.36417  3.32306  
0.42554  7.88763  3.17885  
1.63494  2.84032  2.81813  
2.74679  5.69519  3.276  
2.39695  1.98697  5.70905  
0.935795  4.96287  6.75657  
2.00936  2.54481  5.0565  
2.4058  0.426126  6.61532  
0.703008  4.26031  4.59278  
2.54794  4.3504  6.20561  
5.74496  3.19601  1.37908  
0.737199  2.41444  10.8702  
1.66231  0.323127  6.71101  
2.81386  3.01028  2.24835  
1.3037  0.281322  5.73809  
6.09001  0.0773156  7.01801  
1.91636  4.01329  2.66253  
2.18893  3.56461  3.42931  
0.755759  5.8816  5.12538  
5.39035  1.03288  12.0176  
9.43371  5.18549  2.84106  
4.83833  3.43723  1.11374  
2.85088  7.182  1.81389  
3.50206  3.07803  5.88588  
4.58199  1.11922  7.77268  
2.09058  0.820399  5.26453  
5.79094  0.482445  2.38197  
7.04462  16.8323  11.305  
11.4575  4.38959  8.19008  
3.92241  3.0545  2.37913  
1.56775  5.6611  5.29571  
1.40106  1.32854  5.5589  
6.71532  3.93849  7.22322  
2.05168  2.44245  4.49234  
1.86684  2.70857  2.88272  
3.55459  8.24695  9.50944  
1.53591  1.44167  3.15442  
9.43238  1.09716  4.49285  
7.21158  1.30722  6.26896  
1.63744  4.15889  8.79255  
2.08989  9.65974  3.2567  
5.55021  0.591061  9.13071  
9.84277  6.6731  3.43447  
2.01069  1.22024  3.5751  
3.219  1.67595  8.34295  
7.36766  0.477743  3.79639  
1.44078  5.69348  4.65622  
1.45784  5.26371  2.84222  
2.59979  2.86815  4.09707  
2.58674  1.12094  3.16374  
4.156  6.85052  1.56946  
1.07583  3.11149  2.73402  
1.17553  2.96123  1.45942  
1.41873  2.71057  2.85605  
3.58601  0.679687  3.81081  
5.16089  11.5844  4.45799  
4.25943  12.7701  4.31344  
3.58309  2.87785  6.63509  
3.32604  2.62445  2.46259  
2.73232  1.15235  6.86897  
6.44642  11.7229  2.87313  
0.246874  7.88707  8.0572  
1.19775  3.04236  7.28061  
3.77632  3.59411  4.72496  
0.543477  11.7147  7.19002  
5.23355  4.27394  5.75986  
3.13423  1.07896  2.8317  
2.45186  2.46063  1.34483  
4.46308  2.36249  2.34597  
2.96018  3.87318  3.38707  
3.85643  1.86917  4.20081  
12.8929  6.89163  6.00395  
8.2214  9.41871  8.92354  
1.84769  5.23747  3.46611  
3.01887  12.2707  1.5113  
5.6525  1.59185  8.25907  
5.29106  7.2108  4.59826  
4.89891  0.807383  7.2345  
3.06705  4.9968  3.4533  
6.2611  0.513353  3.83616  
7.00177  3.89899  8.97025  
1.46917  2.43943  1.95942  
5.80278  0.83964  6.89507  
3.39571  4.55363  4.47649  
5.77045  15.1207  8.38503  
1.65905  2.06921  2.31902  
0.93851  6.93683  3.74414  
3.22927  5.27347  2.49766  
4.43063  11.1071  3.24202  
3.45823  3.2086  2.5162  
5.33862  2.62845  1.88604  
6.62398  8.21159  6.71839  
15.2259  1.25233  9.25959  
2.19605  2.29914  6.04373  
5.36726  2.45062  5.60622  
7.38007  18.4898  16.5283  
1.60947  1.16233  2.30068  
2.12602  8.96623  3.59592  
1.57275  3.75355  6.93575  
1.35709  4.67162  10.5669  
6.01962  7.42295  1.84879  
2.61564  4.27758  1.70694  
3.08971  3.9665  4.99825  
5.97477  3.5355  5.82086  
3.71808  11.0932  8.29772  
7.09106  1.4319  0.424168  
9.85094  4.98052  4.07357  
2.189  2.96691  1.52708  
1.46384  3.08122  1.41764  
5.36027  5.55312  4.66361  
1.84744  0.911397  5.53462  
3.60819  1.95779  3.34887  
2.6053  0.378762  2.22672  
4.0723  5.86067  3.48737  
2.95162  3.59544  3.67398  
8.20903  0.871344  4.67571  
3.44081  5.23735  2.29146  
3.30926  3.37903  1.15468  
3.66169  3.38091  2.3009  
3.93958  5.19499  6.36473  
4.49201  5.06123  5.19322  
3.53451  6.18792  1.97289  
5.01526  3.82449  3.46128  
6.95906  2.40604  2.08173  
9.18719  14.875  8.66071  
1.77283  2.69358  2.4738  
9.23941  1.88361  13.2124  
3.66856  2.67654  12.0745  
1.47942  5.30802  8.34407  
3.95639  3.33881  5.96762  
6.03468  2.30271  3.14082  
4.37535  4.49304  5.37307  
1.50139  1.82672  4.00055  
2.24042  2.79106  2.30571  
6.01404  1.22776  3.16873  
3.38724  0.953692  5.3133  
5.62826  0.281668  4.24173  
2.67502  0.876441  1.94058  
9.69355  5.56357  4.57679  
3.83503  1.65552  9.0097  
5.10835  2.35875  3.59962  
2.70897  2.62877  3.25226  
3.67786  2.16883  8.06908  
4.22627  10.5851  7.88752  
2.33807  2.47185  3.47641  
4.3872  3.26542  1.47159  
1.36784  4.35175  3.28345  
10.338  0.796781  10.9693  
2.00759  1.94254  0.49581  
4.65907  1.14965  4.24464  
2.20144  3.06719  7.22973  
4.62366  0.365044  3.22756  
1.62298  5.54192  2.55432  
4.2335  4.37941  5.32007  
4.49376  5.41978  1.32921  
2.92419  3.53673  5.32367  
4.94231  5.18054  9.113  
3.17063  5.8472  6.79516  
7.95067  2.15535  15.4996  
6.58315  1.71759  5.56776  
3.53951  2.33472  3.93079  
3.50586  11.0569  6.18027  
0.980612  4.75233  1.88507  
2.46324  2.78265  13.7491  
1.95315  0.938782  2.01082  
3.31954  1.81696  4.47167  
4.21946  4.82698  5.6987  
8.93257  5.2646  7.62841  
6.90124  6.0399  3.14979  
5.95861  2.87419  1.1685  
3.62558  5.49022  8.04784  
2.25487  2.53993  3.23861  
2.6317  0.748867  5.47058  
1.8813  3.02616  6.12697  
1.61138  3.33417  3.4811  
7.44162  4.041  0.950336  
4.96668  9.00254  4.88439  
9.36063  3.11845  2.6143  
7.38324  3.24416  3.56693  
1.56566  1.37096  2.44273  
4.13017  5.28966  1.37324  
2.72911  2.41591  3.5884  
4.94874  0.684234  1.10918  
0.814592  0.246144  6.8424  
2.91844  6.35705  2.42322  
2.7381  7.06139  1.43558  
4.84715  0.801675  7.15952  
3.87258  0.195729  4.49169  
4.18014  2.28695  1.9522  
3.52308  2.71327  0.740646  
3.2906  8.35643  3.20455  
0.817459  7.51476  13.2708  
10.8916  2.85659  8.86133  
3.69573  3.31425  2.35129  
6.26447  2.64794  1.19723  
5.73188  9.57214  5.0324  
2.69834  1.00917  1.31569  
1.61886  5.74246  5.32694  
0.631679  0.676529  2.73757  
10.3997  7.58409  6.0689  
11.5634  14.8286  9.82461  
7.58715  0.455583  2.79918  
0.789386  2.60158  1.61976  
1.07897  2.14  4.58897  
2.99586  4.2435  0.664646  
5.18487  4.09523  1.64816  
7.29639  0.579125  5.93244  
4.56084  3.29822  3.21335  
4.94226  10.6293  6.14602  
5.09064  1.63207  6.47267  
3.50062  2.03351  1.82982  
5.2483  9.27404  5.37825  
4.73575  4.96052  5.6457  
1.73223  2.88874  1.07578  
1.76625  3.61344  3.28614  
6.37548  8.58639  6.09005  
2.75308  2.84621  5.84542  
2.35012  1.04477  2.03316  
1.43317  3.82238  4.73353  
1.37486  1.40986  5.94053  
3.16949  2.50718  5.36084  
3.18873  2.41449  3.66154  
4.21073  1.37811  3.74865  
1.35516  3.91703  3.9532  
3.18937  15.0334  8.49551  
2.43254  0.260122  2.71012  
5.01191  9.5167  6.03028  
2.43227  1.43832  3.42541  
3.02239  1.8406  2.73035  
10.3613  6.48116  7.29977  
2.44748  1.31441  4.26216  
2.31319  6.38793  1.80913  
7.33212  12.6742  5.75346  
9.64446  9.47688  4.59736  
2.02964  8.31867  7.91074  
5.90442  5.31106  3.84843  
2.55488  3.30689  6.99827  
3.18739  2.34556  9.10501  
7.51494  5.07599  10.1715  
4.72688  8.36744  1.54121  
1.75374  6.563  4.29837  
11.2388  11.6763  7.27463  
3.98518  3.83693  4.63383  
1.17051  1.2502  1.8727  
7.18065  8.09118  9.25602  
3.76813  10.3393  1.2024  
3.29951  3.09016  1.47982  
4.13227  0.827075  4.29448  
2.0242  1.82561  3.56093  
1.94473  2.97363  3.51667  
1.55371  2.3928  3.44187  
6.38019  4.23894  3.47766  
2.44164  3.02429  2.41122  
5.04031  1.65286  3.04804  
4.76835  3.62978  2.07766  
3.39193  0.486193  3.14772  
2.65073  6.69702  3.33191  
3.7642  3.92613  4.83124  
2.45598  0.994051  0.750001  
7.69306  2.92109  2.08093  
4.55763  3.76095  1.70635  
4.91915  8.22457  8.14286  
4.80036  2.98056  6.09833  
6.00508  7.58276  1.85446  
0.516643  3.60908  5.61597  
2.70039  1.82083  2.94316  
4.42188  5.07822  3.9504  
1.49407  5.61966  1.38699  
3.62802  0.611895  6.09372  
9.75279  11.3419  0.88102  
4.20731  3.90764  11.5557  
1.95337  6.80642  5.17507  
4.04832  3.37345  2.55418  
9.66348  4.29116  8.7391  
3.1153  1.50332  2.20365  
10.4327  15.1553  11.8534  
6.23995  5.78567  6.84649  
1.18824  7.9917  3.85731  
5.23809  13.4616  4.76647  
2.0623  4.27349  3.68601  
4.76329  2.7613  2.29741  
7.79251  0.874405  12.1636  
6.54807  8.54286  3.13958  
4.40903  5.20189  2.04473  
2.95823  0.789205  5.42902  
2.155  0.497506  3.39274  
4.80278  11.365  0.711125  
2.5116  11.5754  1.59782  
1.45782  2.63408  3.46802  
6.83504  3.08123  2.68437  
3.14405  6.25254  2.17894  
6.43387  6.02443  2.88282  
2.60342  1.93971  3.43514  
8.08808  2.52411  6.80764  
3.80123  7.10034  2.41369  
3.21249  6.53991  2.59449  
5.75941  6.68549  1.41727  
7.12916  1.80401  0.736308  
2.1946  7.954  7.99465  
5.05966  4.76253  3.16124  
5.92238  2.83577  2.14487  
0.73273  1.84138  8.92154  
7.92247  4.71968  5.36474  
6.31446  5.46121  3.13082  
5.44318  3.74852  1.8297  
12.513  0.61962  8.14417  
9.43789  9.2726  1.95219  
1.48294  5.68986  7.85589  
2.03058  9.03329  3.35488  
9.43377  14.0929  11.9742  
1.03961  5.33786  2.36215  
11.2521  8.29353  1.63971  
7.96962  5.15016  6.41577  
15.0676  1.12628  0.966785  
8.98047  1.36839  2.49301  
3.64058  0.405634  9.41649  
3.74164  1.95457  6.25  
4.48624  2.64175  2.62044  
2.94124  2.62688  7.86389  
3.0201  1.85029  4.19287  
10.6014  10.7288  1.12908  
4.99462  0.429671  5.04983  
4.35718  3.91229  0.786888  
1.99949  1.6277  12.026  
2.8867  3.48437  2.74202  
2.17664  0.987606  12.7031  
7.76555  12.4105  12.401  
1.70259  3.627  4.19799  
0.326268  7.56722  4.42397  
3.73784  3.23877  8.21007  
2.08946  4.01668  0.869557  
5.4543  4.20395  1.17673  
1.49802  5.5702  4.02437  
1.5526  1.90387  7.3196  
5.63783  8.17565  3.30452  
2.70156  1.93623  3.87338  
1.6091  8.99183  9.79032  
4.32052  2.46024  5.20006  
5.22894  6.21981  3.28503  
4.7456  3.44586  3.66867  
2.9828  0.748278  2.92222  
1.57  2.18255  11.2373  
3.66023  3.15202  4.04011  
3.73675  1.15928  4.75569  
1.9171  3.31453  6.39961  
5.592  1.02053  0.677884  
1.80911  1.39326  1.67534  
5.43052  1.02973  5.77519  
3.31357  2.36023  2.63388  
3.38092  5.32217  3.43032  
2.29475  2.88535  2.58604  
4.44511  3.59822  2.45814  
3.43972  0.439456  3.95881  
3.38375  1.92337  6.2095  
1.72326  0.967646  8.85056  
6.97987  2.56102  3.07029  
2.98319  1.09935  3.08181  
2.66295  4.37223  10.9491  
1.60789  3.08533  3.35818  
11.1873  1.52835  6.40858  
3.25159  4.39606  1.30691  
7.31301  2.10331  1.87469  
5.9701  2.33552  5.76033  
4.6133  1.64683  3.70443  
1.72916  2.94431  4.62461  
8.66338  7.74208  5.71748  
2.28311  1.07242  1.52632  
3.93713  3.55914  4.27038  
8.36645  2.84403  2.64728  
2.99556  0.714017  3.8777  
5.99036  4.26121  2.53498  
1.28416  3.81808  1.55333  
2.40858  5.00129  6.69902  
1.1515  3.01743  2.34568  
6.11833  5.39443  0.74381  
5.21123  5.19334  2.54733  
6.49578  1.88124  3.38223  
8.91213  9.61511  7.28557  
12.386  15.7037  9.46123  
5.58778  2.63718  5.99067  
5.49403  1.18686  9.1773  
11.2718  9.67282  2.18486  
0.89758  12.3141  4.39034  
7.53875  2.76692  5.9521  
0.340839  4.39932  9.88907  
0.678554  0.87943  9.69244  
1.21651  3.27875  3.33595  
2.9019  2.95704  1.54981  
3.9425  6.41272  9.88165  
7.73973  7.30311  5.83503  
2.37817  1.91719  2.14215  
4.79391  4.07728  5.79508  
3.26809  4.86526  2.00673  
3.28559  1.85959  4.91719  
6.96519  1.8644  6.76294  
4.69454  7.14844  7.6326  
4.08912  1.63266  3.84731  
2.45495  2.10685  1.76154  
1.46096  4.19781  4.6626  
2.7292  8.08358  2.93821  
4.1923  1.01542  13.2735  
3.08721  2.06569  1.76485  
6.42125  5.67115  4.50133  
4.77269  0.784603  1.84821  
5.97151  2.61239  3.32895  
9.51108  10.1824  8.57527  
2.33665  5.00574  4.84826  
3.20665  1.59311  4.21047  
7.76081  11.1287  3.98548  
2.66376  3.61223  4.83351  
4.51684  9.98556  1.47888  
3.03722  3.13725  4.30156  
4.01948  2.7952  5.83266  
5.29523  5.49572  9.17455  
6.40597  4.85334  3.37294  
5.28027  10.7402  2.18212  
3.73048  5.46027  4.24632  
7.37151  2.71171  3.61227  
1.10877  7.94348  7.07929  
3.50339  3.19493  2.54879  
1.29262  5.63358  2.31459  
2.96253  2.00875  6.80138  
2.32152  4.12156  2.25191  
3.41801  4.71161  9.99088  
9.53138  2.26214  5.21982  
6.24053  1.15677  2.44614  
3.43108  6.44855  5.14583  
6.69428  11.0766  2.4756  
8.80353  2.47055  11.2913  
8.34902  11.8295  3.54915  
4.8821  4.35952  3.07165  
8.67283  9.71806  10.5792  
11.3239  19.9383  6.07805  
3.30355  1.30307  3.48111  
8.35198  12.3339  5.4599  
6.46474  5.04558  7.74781  
7.62886  3.19736  11.0502  
5.71237  1.27586  2.83738  
5.43893  0.826942  2.90411  
7.48585  1.32707  2.38087  
4.46267  0.866643  5.47301  
2.47198  2.67109  3.07766  
6.64102  15.7307  2.13351  
2.48286  6.19452  2.20686  
3.07217  1.24064  7.51079  
2.83315  5.08201  5.4864  
11.0194  1.45139  9.29267  
1.71981  3.43207  3.84726  
2.33644  1.19566  4.66068  
2.60451  9.41046  8.97147  
2.36265  1.51677  1.62404  
1.71092  1.66825  3.30247  
2.13695  2.57332  5.49687  
2.43221  4.73748  2.32966  
3.92075  3.37285  1.47824  
1.4755  2.66725  1.67266  
13.3175  14.4757  7.46203  
4.41401  8.03334  3.22849  
7.05371  0.16733  3.18245  
4.09269  1.24256  2.01068  
6.97275  5.08288  2.95098  
4.04789  1.98851  5.55004  
4.75833  1.66419  4.87686  
3.08415  2.45857  2.50151  
7.07994  12.2659  10.0355  
4.7595  1.29429  3.01711  
0.959572  1.19649  6.54306  
2.81668  1.14321  6.37428  
3.72181  3.15437  2.56871  
8.07795  8.01755  2.94791  
6.44525  1.90853  8.9457  
3.67149  4.38217  3.51183  
3.64943  5.77631  5.56619  
10.6623  8.37944  2.1534  
0.961624  2.44544  4.0141  
0.813164  1.55631  1.1068  
3.91589  0.837332  3.89803  
2.40444  3.06304  2.09329  
0.955674  0.55863  6.19547  
5.00331  0.542818  1.44185  
8.58282  5.92159  9.0386  
5.86129  5.93246  4.31276  
4.85806  1.76372  2.41149  
8.43967  12.6196  3.00352  
3.03857  2.63686  0.633025  
6.64068  4.63111  2.25876  
3.72793  7.59073  7.99179  
1.6968  1.82635  2.67945  
3.22091  6.1324  4.04474  
3.02092  4.72653  5.69526  
0.381561  0.662034  3.58258  
3.65746  4.22856  1.81462  
4.05754  0.76636  3.83321  
0.628627  1.26078  4.31465  
13.9791  4.97701  10.4786  
1.0191  2.44673  2.98206  
7.26216  5.5367  4.25819  
4.468  2.54999  4.59929  
9.23885  2.90584  15.5669  
2.30414  0.842064  0.272672  
4.02177  4.54789  3.70972  
2.78428  5.12975  6.92796  
1.98226  3.13108  4.94088  
3.19804  1.46265  4.10189  
5.14868  2.1544  2.4715  
5.71279  11.9582  0.261626  
4.51659  9.22692  3.9103  
6.08247  1.61655  4.90872  
2.80598  4.24433  4.87918  
2.92291  2.72688  3.79601  
3.16787  1.52685  3.23009  
1.30113  0.857969  3.61341  
3.13333  2.21257  6.78585  
11.3479  2.37577  14.5708  
2.23649  1.71362  1.13658  
5.84724  1.29162  6.76331  
11.7814  1.64601  1.12108  
5.48761  3.8647  1.20385  
6.76996  3.30331  2.68629  
4.56236  6.76022  3.11968  
9.521  8.61422  0.797178  
2.94315  6.99627  3.01086  
3.669  0.453852  4.12446  
3.30525  6.60691  12.6606  
2.42914  11.8164  4.30687  
16.6029  5.16303  4.57426  
0.834565  0.867098  1.51799  
6.2376  0.23189  6.1438  
5.1629  1.23956  5.31316  
2.26814  1.46759  3.12051  
2.13932  3.64742  4.79312  
6.77431  7.06288  9.99872  
2.22772  2.4845  3.71377  
3.81406  2.6359  2.35699  
8.22958  4.70514  0.662884  
1.65467  3.87917  4.57434  
4.57563  0.453137  4.4143  
2.05392  2.38355  4.39093  
5.67784  2.20358  8.03544  
5.26375  0.962696  8.16064  
6.76447  3.82815  3.72085  
3.36322  4.15478  4.37104  
2.53076  6.55027  2.62147  
2.6711  1.53696  2.74351  
3.75251  4.0832  5.67759  
5.46816  2.32381  3.86267  
4.20459  3.03088  1.97418  
5.91906  5.0437  6.15117  
4.51021  4.17259  2.44978  
1.79247  5.78084  2.30123  
5.79036  0.734585  3.01255  
1.3233  6.01349  8.2206  
5.89853  16.3348  5.17283  
7.55013  3.07377  8.95718  
5.68579  7.0008  2.38593  
1.06394  12.8886  15.7449  
6.64308  12.7581  3.57998  
5.31267  4.79023  9.02521  
6.44311  1.74055  3.6618  
4.84882  4.85981  3.18989  
3.45085  2.81315  1.27891  
8.10469  0.530124  2.66782  
6.83823  1.52387  5.01665  
3.34655  2.07084  4.27327  
3.85778  4.63085  8.45461  
6.32694  4.13283  1.60385  
3.52128  0.464654  2.37896  
4.9401  2.47152  2.78251  
0.721855  0.665089  5.51541  
4.18387  1.71996  2.54614  
1.38195  3.18679  2.42876  
7.90577  1.3347  3.43949  
2.75815  1.45576  2.32872  
1.12443  0.979994  8.29093  
5.18129  5.51295  4.88093  
3.60132  1.72499  3.04772  
0.728817  5.74476  6.15437  
7.27439  7.79469  2.19607  
9.96648  0.775875  7.35537  
2.15641  1.57124  4.48225  
3.53746  1.32056  3.09363  
8.45105  11.2963  2.18347  
1.443  4.05031  3.63846  
2.7861  2.90028  2.15983  
2.53207  4.42168  4.54833  
1.13098  5.08037  2.48777  
6.21427  5.18581  13.2031  
3.80037  1.86841  4.7577  
3.10107  1.00749  7.41199  
6.97542  7.4945  7.3714  
2.06656  6.43992  4.94644  
7.60702  7.00575  1.73995  
9.26464  8.91842  5.28566  
1.00893  3.04685  9.76676  
4.90003  2.46842  3.27159  
6.24299  0.885058  8.05681  
2.90079  12.4384  6.31636  
7.46129  3.50739  3.91041  
5.54056  5.64124  1.1822  
7.10261  5.79795  1.65391  
3.59783  7.47399  2.8117  
4.40429  2.76259  1.3707  
2.59482  1.70913  2.388  
3.03456  7.74843  3.56893  
2.2373  8.04067  4.97602  
7.56536  1.23459  2.54106  
0.745761  1.14102  2.56203  
4.48625  3.53091  8.45463  
2.57277  1.80816  1.97163  
1.44591  0.964058  2.75426  
4.95504  1.52462  4.7803  
6.33867  3.4825  2.6678  
10.1381  11.9838  3.96817  
6.45888  3.23147  2.19848  
3.81354  3.30359  1.47881  
9.88009  8.51688  2.3022  
3.52341  9.96972  6.00999  
3.81008  0.291448  6.60462  
1.77899  2.18796  7.26562  
3.56654  3.24377  1.04276  
3.3784  2.10411  1.69739  
8.35788  8.13033  1.42261  
10.8395  0.516356  4.82421  
8.99109  12.5534  12.6301  
0.533352  4.49578  7.90325  
4.69682  4.41813  3.34259  
5.1905  2.01047  5.94809  
5.87218  1.78165  7.78781  
2.34015  4.02892  3.61184  
2.81577  0.435073  4.02909  
3.90485  3.34459  4.72037  
2.56931  3.05278  2.89478  
4.27383  4.07326  5.33771  
1.81761  3.46116  1.9378  
6.3244  9.4241  10.1801  
2.04114  3.35881  1.74155  
5.2473  2.58279  3.42203  
3.91317  1.91292  6.38339  
1.06333  13.7081  13.2029  
3.00926  0.644295  3.60286  
8.27072  1.62397  9.18201  
2.28086  4.83628  3.53067  
12.1535  2.08363  1.37233  
4.50695  3.47509  4.98845  
5.40911  1.80802  4.04959  
2.51544  4.05132  9.15274  
7.34097  13.4351  5.97661  
1.97924  3.2304  3.09973  
1.44441  1.61672  2.8258  
0.890761  2.02413  3.429  
2.5647  5.81562  3.11654  
1.86181  9.27691  1.47249  
12.5258  3.06332  8.88268  
4.54628  5.24118  1.99394  
2.37226  3.87777  1.48447  
3.24946  15.5648  2.2105  
5.14572  4.61844  3.84992  
1.07096  3.46677  4.76228  
3.49277  11.5593  3.19486  
2.20074  1.74564  5.84003  
14.8869  7.635  4.59698  
3.69734  10.1809  2.17991  
5.27066  2.9107  4.60704  
1.90061  7.28248  1.43996  
3.15176  5.35219  2.87827  
2.98828  0.684571  0.922279  
1.04449  0.212935  4.89243  
1.71442  0.870558  4.00681  
4.86299  0.777229  2.85716  
3.08183  4.99536  5.41709  
9.01242  19.2295  6.5148  
7.27755  1.65427  3.41058  
2.33485  5.98033  1.09147  
1.37085  2.67621  3.20955  
3.84968  3.85992  2.00047  
7.31116  0.676531  6.01669  
2.26139  0.751196  4.12999  
7.58962  7.34064  4.17565  
2.55787  1.26307  2.84039  
2.52835  3.30894  1.8216  
6.39709  0.284755  1.36927  
4.19732  5.73588  3.06549  
7.05234  3.19253  7.73782  
2.77548  3.35494  4.35483  
6.34432  2.77932  2.93737  
5.79366  2.49703  1.20048  
1.88906  6.03091  2.3776  
5.23127  1.67454  0.170786  
6.16003  7.86406  8.61003  
1.7112  1.84514  5.15978  
6.82441  10.0522  2.42672  
1.93216  4.45169  1.53291  
8.14885  7.23756  3.70539  
4.53857  5.84196  8.47109  
2.72866  5.83271  2.88275  
1.5517  0.760286  6.46982  
4.45624  1.13911  2.59962  
1.05935  2.03572  6.86084  
2.69118  8.36592  4.88081  
0.76357  2.7437  8.53949  
3.02953  0.76029  2.20652  
2.03872  1.23242  2.43828  
7.80918  5.20084  2.23864  
3.76039  2.95475  8.78393  
5.11772  4.33  3.10901  
0.981391  4.94242  5.12535  
4.49852  0.273986  3.3494  
4.82203  4.5312  3.55973  
4.27707  4.25955  7.00087  
4.25484  4.62648  2.30592  
9.16879  3.89052  2.31139  
7.51347  5.08762  0.96234  
8.35017  0.990904  6.29944  
1.67316  2.21521  2.40597  
4.68164  1.22669  4.80693  
4.17736  1.85493  1.89827  
1.96123  0.870575  1.3598  
2.5997  4.81309  7.17752  
2.89581  5.38301  4.32492  
8.88015  1.47692  7.94652  
4.92062  5.46499  10.2907  
3.63028  2.95659  1.6523  
2.40728  1.4415  3.73354  
2.81447  1.84158  6.97632  
0.774789  2.39864  4.9884  
4.70517  16.5878  9.54058  
0.731854  6.1757  11.6338  
3.822  1.27369  5.93919  
3.3128  4.34596  3.34818  
2.15038  1.66164  2.91215  
1.7704  5.65104  4.20773  
4.09014  9.86219  2.52451  
8.21183  2.35789  10.5833  
1.7487  1.309  1.85352  
4.04588  3.55098  4.15784  
1.32666  10.4515  8.77497  
4.18317  1.26097  1.43458  
2.10235  4.52941  5.59828  
5.86906  4.82562  3.89122  
3.378  11.6912  6.32536  
8.06423  2.30807  5.13261  
3.90064  4.67305  6.14544  
6.22049  12.7125  3.9188  
7.37535  2.54516  8.75093  
1.42211  6.60411  3.78223  
5.96296  1.07757  2.63196  
2.98425  2.3963  4.52768  
5.69297  0.570081  1.37837  
1.21517  6.03665  2.22139  
2.09488  2.3312  1.69219  
4.91239  1.97387  5.57726  
7.17663  6.14377  4.49557  
5.48938  2.79934  12.1354  
4.80891  6.3951  2.70158  
2.42998  4.72825  4.8012  
3.06246  3.42759  2.56722  
7.53683  4.51975  9.58536  
11.1902  1.60084  8.76166  
2.66624  11.8278  1.76031  
2.83392  1.66122  4.00616  
2.46164  6.97273  3.17254  
1.67603  0.773927  7.33701  
8.99412  2.56019  2.75988  
4.13028  3.39985  4.89418  
3.00525  5.01375  3.85301  
3.49258  3.65994  4.13196  
7.45821  1.26926  3.55232  
2.50741  5.38576  3.08696  
4.72624  3.49865  1.97958  
14.8589  4.82967  3.43369  
6.11234  5.25825  4.3363  
8.88586  8.24189  1.05552  
5.56415  1.09993  1.58847  
4.1187  14.4026  0.178891  
0.920922  4.77734  2.48541  
3.71085  0.644155  5.01858  
2.90467  2.32369  4.9394  
1.21867  6.33556  6.69777  
2.01475  3.45003  3.71753  
2.46013  2.03034  1.72944  
2.51938  3.20413  3.18723  
4.97964  3.47813  2.77758  
0.268811  1.81409  9.36886  
16.4813  5.48347  3.09696  
1.20859  12.7622  2.39373  
2.21356  2.97981  5.56108  
3.47452  7.88759  1.46162  
1.9842  1.17587  3.5259  
6.24561  11.4899  1.83409  
6.02523  10.1386  7.25019  
6.81132  3.16685  8.99232  
3.16624  4.06022  5.29565  
9.60599  2.90437  4.20057  
1.12886  7.42633  2.65122  
2.70998  1.74616  3.08992  
3.98319  4.86144  4.79412  
7.67156  3.19506  3.06768  
3.48404  5.09689  1.60062  
2.94324  3.51541  1.66902  
2.86274  3.35336  0.580846  
3.10682  9.70233  5.54165  
5.5976  0.426457  1.68723  
5.04039  5.21856  1.07546  
5.21435  4.45184  3.27653  
5.11965  7.30527  3.6764  
1.32633  9.6564  9.29617  
0.928202  2.92529  0.683685  
1.01189  6.48587  4.16455  
3.57032  2.75418  1.95267  
2.39737  2.74644  2.27964  
2.57946  5.32049  3.4138  
8.03069  11.4915  8.372  
6.3251  7.52736  2.35504  
2.59705  1.1315  0.889447  
3.22596  1.65694  4.85508  
5.25005  1.66963  5.46467  
4.14264  0.658731  4.0254  
4.67903  4.55058  11.8216  
5.5042  9.2291  4.72987  
1.5127  2.24439  0.746583  
2.34529  1.68761  7.68091  
2.01663  6.25427  4.49947  
4.04691  3.16909  5.55463  
3.07346  2.62782  1.46952  
2.06511  0.59583  3.78299  
4.77677  1.95886  2.34835  
10.2091  1.0595  3.89234  
4.65657  4.92089  3.47352  
7.1413  1.14505  6.33366  
3.15347  2.65562  3.99585  
1.99477  1.41562  7.02453  
