0.82533  0.615476  
0.325341  1.59381  
0.632446  1.27537  
0.913588  1.2833  
1.48664  0.745336  
1.04728  1.95813  
0.541497  1.20987  
0.315908  0.945121  
0.570492  0.898372  
0.686619  0.999143  
1.71821  0.716294  
0.729325  1.00159  
1.31198  0.53012  
0.939072  0.986562  
1.13768  0.645221  
0.443689  1.41956  
0.686375  0.995963  
0.892543  0.549354  
0.688708  1.48198  
0.997314  0.433715  
1.65429  0.762669  
0.584093  1.41082  
1.09712  0.401348  
0.810757  0.424376  
1.25847  0.320957  
1.18277  1.13293  
0.471416  1.26304  
1.55287  1.19235  
0.872766  0.556467  
0.822842  0.274152  
0.795588  0.658371  
1.42026  0.409433  
0.414299  1.41124  
0.56621  0.629395  
0.609643  0.692114  
0.776052  0.59227  
0.667437  0.917503  
2.07587  1.03952  
0.846967  0.76331  
0.621326  0.712959  
0.600556  0.724399  
0.633694  0.966681  
1.52062  0.507841  
0.858556  0.771792  
0.773393  0.667321  
0.482543  0.977871  
0.999878  0.629841  
0.712212  0.725334  
0.899274  0.607377  
0.878049  0.711901  
0.682539  0.505387  
0.730468  0.843883  
0.874881  0.522307  
0.840925  0.685639  
0.648974  1.53402  
1.63779  0.605943  
0.424793  1.24185  
1.3281  0.4073  
0.525545  0.900934  
0.728718  0.586165  
0.987534  0.618511  
1.02177  0.400344  
1.72595  0.604026  
0.90568  0.263943  
1.13881  1.17535  
1.88489  1.16111  
1.0049  1.3869  
0.76809  0.431556  
1.21129  1.01011  
0.812767  0.491141  
0.361496  0.933887  
0.648985  1.3718  
0.87064  1.42423  
1.17739  0.639979  
0.745937  0.416086  
0.349976  1.85093  
0.764644  0.65585  
0.501385  1.12137  
0.572519  0.563903  
0.667642  0.504214  
0.199075  1.18917  
1.16889  0.40062  
1.45144  0.598547  
1.17039  0.383799  
0.742021  1.21413  
0.719038  1.34073  
0.449533  1.62355  
0.603331  1.32819  
0.775042  1.13224  
0.733329  0.735008  
0.413362  1.187  
1.04693  0.704998  
1.34411  0.560917  
1.94906  0.153753  
0.384661  1.35343  
0.991245  0.517984  
1.35544  0.570972  
0.665573  0.601653  
0.797779  0.930154  
0.980671  0.655636  
0.906198  0.662522  
0.959425  1.39237  
1.31808  0.441703  
0.462637  1.59483  
0.832797  0.843614  
0.548174  0.888856  
0.517006  1.25002  
0.90595  0.50421  
0.520539  0.706656  
0.864943  0.342813  
1.46446  0.508378  
0.787587  0.693109  
1.01284  0.642164  
0.638362  1.18917  
0.708013  1.87099  
0.449641  0.920919  
0.836493  0.535817  
0.79452  0.807373  
0.640939  0.943169  
0.533693  0.757951  
0.90203  0.804754  
0.790454  0.666438  
0.708844  0.976946  
0.722872  0.879059  
0.55791  0.611731  
0.775094  0.812869  
0.932624  0.728959  
0.753302  1.14945  
0.81584  0.367557  
0.488991  1.39447  
0.82828  0.402291  
0.96106  1.04524  
1.28065  0.552523  
0.397989  1.2862  
0.627287  1.06794  
0.795547  1.297  
0.69815  0.533503  
0.847879  0.525466  
0.466066  1.37906  
1.04718  1.29965  
0.582748  0.664954  
1.0744  0.493533  
1.56461  0.531183  
1.06167  0.636254  
0.75153  0.651323  
1.09259  1.08721  
0.655122  0.852899  
1.39215  0.607144  
1.59826  0.865664  
1.19434  0.436454  
0.571996  1.13971  
1.29839  0.389834  
0.590159  0.588162  
1.24514  0.478967  
0.971069  0.559223  
0.922853  0.639439  
0.976523  0.397516  
0.757266  1.57549  
1.35698  0.397239  
1.35595  0.744125  
0.384168  1.27844  
1.03871  0.676631  
0.672515  0.611108  
0.781397  1.70152  
0.700003  2.04095  
0.528928  1.15831  
0.961878  0.473724  
0.680942  0.99154  
0.828737  0.577857  
0.779687  0.540383  
1.32096  0.65887  
0.682243  1.11988  
0.368468  1.11384  
0.871531  0.684534  
0.49544  1.13798  
0.799801  1.93481  
0.565889  1.52779  
1.44252  0.470963  
0.609713  0.50735  
1.24076  1.34695  
0.893337  0.437272  
1.07144  0.419837  
1.06974  0.456807  
1.45077  0.425516  
0.573877  0.980686  
0.974147  0.563927  
1.10761  0.735657  
0.630566  1.02117  
0.84355  0.732614  
0.146757  1.44704  
0.845843  0.707963  
0.752015  1.21623  
0.391154  0.739983  
0.71399  1.10734  
0.495636  0.853886  
0.965782  1.56719  
0.843777  0.473672  
0.765549  0.594387  
0.408476  0.949625  
0.181436  1.5456  
0.825373  1.4784  
0.639129  0.630303  
0.281316  1.54665  
1.06374  0.883403  
0.635806  1.68197  
1.49775  0.615911  
0.741363  0.676977  
0.721916  0.732428  
1.05385  0.443703  
1.00877  0.378287  
0.940119  0.539469  
0.714433  0.986307  
0.904042  1.45575  
0.941648  0.539659  
0.687072  1.19924  
0.522326  1.88108  
0.681233  0.553584  
0.183094  1.20304  
1.39974  0.612808  
0.380275  1.5661  
0.432041  0.889264  
0.856249  1.0435  
0.61198  1.41756  
0.579066  0.819702  
0.75009  0.772572  
0.595597  1.07073  
0.882434  1.23044  
0.809881  0.495132  
0.594304  1.08332  
0.996041  1.43795  
0.574243  1.99469  
0.922579  0.688739  
0.436844  1.16278  
0.811158  1.86134  
0.482501  1.58555  
1.29167  0.460366  
0.852759  0.996979  
0.919159  0.942014  
0.499412  1.07468  
0.65122  0.680998  
1.68368  0.601519  
0.671966  1.01505  
0.717459  0.806788  
1.21626  0.704535  
0.983521  0.603951  
0.530962  1.09394  
1.09262  0.735974  
0.515311  1.62241  
0.676219  0.81485  
0.644289  0.75718  
0.709642  0.83105  
0.976065  0.523625  
1.00165  0.550101  
1.23954  0.328327  
0.807718  0.907758  
0.551409  0.82097  
1.18012  1.22791  
0.170919  1.38122  
1.87621  0.675197  
0.64646  0.969365  
0.452197  1.1398  
0.540539  0.898575  
1.37343  0.622068  
0.808437  1.44801  
0.865784  1.30533  
1.64088  0.415907  
0.704461  1.32958  
0.398912  1.03567  
0.822197  0.521582  
1.55907  0.407189  
0.828166  0.484414  
1.18395  0.532006  
1.68741  1.02321  
0.257439  1.24697  
0.432294  1.34579  
0.695808  1.07821  
0.932754  1.0195  
0.772069  0.536681  
1.13844  0.729756  
1.7458  0.379291  
0.77528  1.14269  
0.647932  1.09614  
0.828751  1.48909  
1.00108  0.773694  
0.805417  1.42351  
0.595294  0.773422  
0.588156  0.605687  
0.481841  1.0379  
0.648099  0.721912  
1.28803  0.142694  
0.833321  0.613625  
0.817787  0.957262  
0.462763  1.43353  
0.77971  0.406812  
1.1155  0.34546  
1.27083  0.550716  
0.775297  0.766801  
0.615774  0.701135  
1.07574  0.497314  
0.780996  0.516959  
1.37198  0.556878  
0.919314  0.741741  
1.86483  1.15604  
0.762003  0.624233  
0.435217  1.02383  
0.448734  1.35935  
0.306702  1.31602  
1.42878  0.522556  
1.18504  0.58587  
0.845847  1.62072  
0.660331  1.02267  
0.463762  1.25493  
0.931897  1.01989  
1.25047  0.48609  
0.80685  1.32775  
0.552482  0.749516  
0.817905  0.504853  
1.46642  0.566711  
0.662409  0.991931  
1.51981  0.560332  
1.12017  0.277996  
0.745565  0.615005  
0.754288  0.363879  
0.919791  0.546493  
0.818762  0.559409  
0.710925  0.827793  
0.86508  0.533239  
1.11835  0.624079  
0.71853  0.598494  
0.629082  0.60995  
0.254845  1.46812  
0.622899  1.48258  
0.590833  0.839512  
0.548106  0.683042  
1.01804  0.384656  
0.827992  0.5458  
0.432758  1.46744  
0.131022  1.83549  
0.669695  0.914409  
0.717072  0.494404  
0.414671  1.13182  
0.804003  0.562784  
0.560818  1.49706  
0.70152  0.959465  
0.812498  0.525502  
0.880481  0.682729  
0.756871  0.704995  
0.479822  0.714601  
0.599397  1.27117  
0.70214  0.789061  
0.999449  0.772425  
0.670598  1.61171  
0.833431  0.838752  
0.493727  0.975272  
0.781835  1.14659  
1.55377  0.520729  
0.719239  0.48024  
0.628813  0.849245  
0.497854  1.45556  
1.30964  0.381244  
1.62979  0.788454  
0.734684  1.23111  
1.42646  0.530081  
0.871658  0.470155  
1.27747  0.711993  
0.894795  0.765345  
0.633017  1.20002  
0.700133  1.71417  
0.943435  0.646165  
1.14764  1.44277  
0.292821  1.26419  
0.693149  0.891645  
0.679041  0.991254  
0.702721  1.11147  
0.654457  0.994715  
0.8388  0.393296  
1.21017  0.343097  
1.2818  0.547595  
0.724037  0.656866  
0.776319  0.641906  
2.01313  0.601816  
0.69696  1.34048  
0.560005  0.88676  
1.07109  0.350203  
1.62068  0.787413  
0.486428  1.3785  
0.765379  0.409427  
0.387785  0.852345  
1.06263  0.418261  
0.906812  1.26352  
0.88357  0.823876  
0.625285  0.693262  
1.69345  0.423224  
1.30421  0.217449  
0.910958  0.266627  
0.886167  0.669225  
0.777813  1.31782  
1.07356  0.438946  
0.522742  1.2997  
0.60427  0.716632  
0.699045  0.664984  
1.23195  0.631516  
0.502385  0.951928  
1.25847  1.03996  
1.06102  0.436835  
0.271692  1.96197  
1.26599  0.252212  
0.81276  1.00552  
0.480351  0.69659  
0.618243  0.918436  
0.803145  1.13386  
1.1592  0.608017  
0.538189  1.71519  
0.684436  0.816836  
0.934889  0.46211  
0.805522  1.0591  
1.19822  0.516683  
2.06051  0.443016  
1.13312  0.951049  
0.820007  0.693078  
0.482777  1.11151  
1.40025  0.407944  
1.16352  1.83354  
0.47452  0.702928  
0.783878  0.674136  
0.914024  0.600017  
1.58896  0.458497  
1.0634  0.891221  
0.543246  0.790352  
1.16587  0.633263  
0.479324  1.16595  
0.714622  0.611696  
0.833054  1.35717  
0.443901  0.788049  
0.461439  0.902521  
1.37589  0.587735  
1.32308  0.685959  
0.883526  0.39878  
1.14574  0.639884  
0.647026  0.556367  
0.754412  0.796432  
0.95919  0.68445  
0.35114  1.4862  
0.64344  1.09552  
1.52074  0.481597  
0.693835  0.544285  
0.865144  1.28572  
1.43049  0.991392  
0.935316  0.413831  
0.858571  0.825467  
0.894954  0.754449  
0.717353  0.824946  
0.667496  1.48786  
0.85507  0.984012  
0.825497  0.796878  
0.285967  1.22334  
0.762415  0.851026  
0.642298  0.852335  
0.826199  0.515252  
0.718056  0.943791  
0.957325  0.580967  
0.784018  1.98011  
0.619795  0.670665  
0.734735  0.788212  
0.512561  1.31117  
0.572414  1.32346  
0.483311  1.23747  
0.601034  0.807485  
0.196959  1.55595  
1.10843  0.45045  
1.20071  0.876461  
1.17038  0.869276  
0.805303  0.734436  
0.987848  0.990768  
0.866721  0.447086  
0.870713  0.537434  
0.902234  0.618218  
0.91822  0.568736  
0.93625  0.420876  
1.47403  0.505171  
0.849346  0.663532  
0.721603  0.646205  
0.968505  0.429693  
0.823075  0.746886  
0.753591  0.462084  
1.34957  0.254395  
1.50431  0.0827701  
1.43952  0.714966  
0.980936  0.352616  
1.42737  0.40782  
0.966137  0.271526  
0.919737  0.392139  
0.805871  1.06772  
0.588479  1.39624  
0.393551  1.28435  
0.657835  0.619603  
1.41488  0.398419  
0.704076  0.720006  
0.894124  0.965543  
0.904122  0.506189  
0.938479  0.611649  
0.512904  1.19559  
1.0067  0.468664  
1.96781  0.693495  
1.44017  0.658511  
0.588988  1.51675  
0.732962  0.95202  
0.375201  0.9733  
0.628566  0.884895  
1.07704  1.51316  
1.79947  0.520251  
0.953344  0.674771  
0.403002  0.976755  
0.851093  0.791097  
0.773524  0.647981  
0.750483  1.03164  
1.58971  0.550784  
0.855983  0.58192  
0.894803  0.659849  
0.249742  1.21752  
1.06721  0.461533  
0.938603  0.405974  
1.23919  0.590686  
1.53201  0.782394  
0.585617  0.677777  
1.01749  0.422824  
0.812529  0.670462  
1.59689  0.163319  
1.03544  1.30674  
1.23466  0.50106  
1.58592  0.541904  
0.335226  1.13701  
1.17245  0.585025  
1.07156  0.716618  
0.559169  0.860994  
0.730108  1.33635  
0.479044  1.06618  
0.995711  0.430751  
1.06218  0.556464  
0.670045  1.35616  
1.73466  0.665419  
0.849058  1.28665  
1.0682  0.544583  
0.807371  0.522903  
1.11424  0.387865  
2.07936  0.556379  
0.425797  1.11501  
0.719059  0.676469  
0.488883  1.51919  
0.636172  1.26247  
0.564272  1.09658  
0.707825  0.649643  
1.56023  0.92638  
0.621704  0.660137  
0.516932  0.916401  
0.622096  0.558126  
0.982523  0.923716  
0.838028  0.580079  
0.642254  0.601207  
1.1739  1.01302  
1.10172  1.50941  
0.704386  0.636244  
1.01886  0.520129  
0.670303  0.79868  
0.569952  1.06274  
0.954239  0.455709  
0.673095  1.31535  
1.19536  0.526913  
0.930272  1.72236  
1.02036  0.695927  
1.02778  1.26813  
0.507442  0.925359  
1.1837  0.326656  
0.649786  0.706486  
1.32463  1.11593  
0.98638  0.944614  
0.987807  0.690209  
0.644848  0.502084  
0.719631  1.63855  
0.494115  0.879659  
0.756925  1.68816  
0.780956  0.365219  
0.587373  1.61558  
0.508385  0.871431  
0.611738  0.690406  
1.18662  0.375604  
1.00663  1.77134  
0.90598  0.560263  
0.567001  0.96749  
0.417791  1.56055  
0.78377  0.658113  
1.17406  0.774335  
0.852215  0.52792  
0.624816  0.632256  
0.566279  0.888547  
0.790595  0.647054  
0.683598  1.82809  
0.450213  1.06835  
0.694025  1.28095  
0.46286  1.53068  
