7.62607  39.3781  28.2898  
21.6812  28.5952  9.07823  
13.6046  22.9217  3.09752  
2.4162  29.7357  11.7065  
14.7973  16.6375  23.7152  
24.9871  46.5923  9.03834  
29.2564  10.9678  24.8334  
28.9697  38.4098  24.1318  
37.9953  19.3282  33.1811  
3.04585  42.3058  14.158  
17.0049  8.69315  10.8778  
15.726  8.25267  15.9935  
7.34977  16.1607  5.68627  
3.68813  17.5381  14.8105  
7.7224  16.6807  22.2451  
15.1592  21.6673  35.1588  
10.4804  6.80569  19.7166  
9.47074  41.7255  21.5552  
17.9326  22.4804  16.2536  
16.3932  7.71073  5.78099  
23.1558  10.8201  16.3405  
8.88126  34.2586  21.1222  
32.1268  24.1976  39.4512  
36.9138  5.62163  34.3931  
9.44636  12.3108  25.2768  
24.491  32.866  11.525  
21.5825  13.4922  6.17302  
30.7408  11.703  12.4716  
22.7306  9.48255  12.046  
13.7545  12.2278  14.0269  
9.01751  2.43033  20.3242  
26.8527  14.8441  28.411  
6.58569  26.1659  13.3705  
16.1499  5.65622  0.914123  
34.8343  38.0658  17.701  
26.5948  24.5818  12.7457  
25.4559  25.4283  10.8554  
29.6998  17.6685  5.32443  
31.2735  29.6409  26.1859  
6.58457  9.40667  10.7113  
17.1313  9.80848  20.5134  
11.8652  28.4797  22.4365  
19.0053  2.699  18.1987  
3.56564  56.5866  14.6928  
10.0268  10.2769  13.922  
14.955  29.933  6.20052  
14.8602  14.0118  25.8001  
29.7057  45.7943  25.4224  
34.888  8.62134  13.2578  
22.2667  19.9607  13.8264  
11.0754  2.62739  15.5815  
11.0688  15.7451  9.76448  
7.20694  2.64552  13.37  
20.0002  8.23953  19.7553  
8.65544  4.39295  7.01579  
10.7498  12.6454  17.4867  
8.4105  9.98835  26.3796  
5.47969  14.8912  47.2721  
4.85121  16.445  16.0746  
47.9137  13.249  19.6909  
11.3147  43.4561  34.0661  
10.7868  1.65104  12.0353  
21.7323  1.68918  42.5147  
8.16391  7.36009  18.3756  
32.6866  30.473  56.8646  
21.0861  14.3626  12.61  
16.3075  7.36471  13.5905  
7.11863  1.69828  5.21761  
14.2312  19.1658  5.19747  
12.2489  1.80999  8.45384  
25.7906  3.54975  7.26615  
27.6089  21.8439  18.6329  
17.2743  7.82442  30.2777  
10.3863  37.1978  21.9838  
19.341  7.0763  8.64814  
13.6289  9.41854  19.993  
3.0337  33.8445  5.04083  
41.2033  48.7315  7.28439  
10.5822  15.6789  20.1634  
17.9672  3.29992  8.29756  
54.077  9.62097  15.3269  
26.3756  44.022  26.3693  
10.6798  15.8901  12.7455  
15.0756  11.9781  32.0273  
3.10924  14.7807  4.03361  
20.7144  28.1029  5.99733  
13.8066  10.8799  5.2122  
28.6622  17.5303  28.058  
31.354  6.94889  15.201  
3.48113  7.42276  26.2082  
18.5372  17.6402  21.9116  
22.4088  14.6636  19.5472  
26.8939  14.5438  27.8362  
22.2752  7.75237  7.17212  
38.0768  56.8398  12.7131  
12.872  10.8122  7.55277  
17.3197  3.27753  12.2297  
18.0886  5.09352  8.1629  
22.9278  24.7479  24.2716  
19.3669  8.84037  6.21488  
9.84046  26.5393  10.0013  
2.60303  4.05868  24.6159  
13.698  21.9106  22.9828  
53.3335  8.37859  14.1025  
24.9108  5.4055  12.3834  
26.8107  17.6056  27.3802  
7.1025  37.4028  20.5099  
16.5672  15.2784  39.4892  
56.7778  7.68795  26.7906  
15.0398  10.2711  24.5852  
24.7202  15.7174  34.621  
12.2865  17.2347  30.5129  
24.9959  39.5395  37.6301  
48.9268  18.3018  39.7892  
19.1644  13.6857  24.1036  
6.42205  21.2095  11.1203  
21.4292  22.5474  11.5534  
5.59431  7.91108  18.1123  
16.4572  7.07691  7.50182  
12.5423  6.75998  12.8241  
18.6832  10.6446  20.4779  
8.91849  43.9564  22.6906  
24.9681  16.5122  16.3291  
25.9875  15.3391  5.74183  
33.5198  17.1438  3.54597  
2.79324  18.0118  6.38144  
31.8884  27.6183  6.38179  
8.54337  22.8015  28.8787  
13.7349  19.4214  9.20767  
14.9067  15.4621  29.4446  
22.5518  3.25475  28.7367  
5.47259  3.13447  14.0852  
21.7762  16.9079  12.6779  
13.7589  27.066  13.0891  
28.1542  19.4422  10.0333  
8.32943  23.5617  25.6408  
4.3115  34.0005  7.75217  
15.0876  42.734  12.3168  
14.875  13.8668  27.2639  
2.52872  13.6743  15.4928  
28.087  30.464  60.8691  
59.6647  27.6818  11.4344  
12.8995  15.5662  2.09292  
35.4385  13.6181  24.5841  
22.6871  44.746  36.5794  
63.1576  62.1189  27.887  
11.2343  14.9009  27.0881  
27.5778  10.8671  10.3274  
20.68  43.9003  34.9028  
12.1611  11.1639  16.2792  
8.46427  13.1561  15.2658  
24.7113  48.6609  38.835  
30.4504  4.62268  11.8139  
23.4352  3.42029  11.8951  
30.2113  10.5643  28.233  
7.69427  4.06428  10.2114  
15.7672  22.3305  22.2997  
6.77513  6.76712  13.7737  
25.1583  16.7999  5.55832  
17.5291  15.9743  14.4565  
38.0748  21.3935  22.5475  
21.8579  11.8421  32.7051  
9.85661  6.80248  45.0802  
16.0859  30.6012  75.4304  
22.8234  26.8442  35.5895  
18.3874  12.3574  9.65332  
14.4395  7.4519  18.8578  
12.56  7.87825  24.5794  
46.5185  34.1892  17.8464  
21.4032  27.5455  39.7712  
10.0734  16.4032  12.14  
20.8251  11.832  12.3547  
7.25916  8.66318  11.9201  
21.6377  8.86088  4.86784  
23.5083  66.4579  14.3481  
15.5428  19.6985  21.709  
23.3903  8.11787  34.5859  
8.42351  38.9127  20.7486  
29.0333  5.97289  22.2743  
28.0327  8.24489  9.36982  
17.1621  26.1605  22.2397  
31.0758  30.2213  38.5581  
32.7492  7.04932  26.0508  
34.5797  18.9606  14.6858  
12.0191  11.2668  3.78895  
7.08302  50.094  19.6931  
30.0936  4.94091  9.47495  
8.41309  25.4447  15.9862  
4.14028  6.85733  17.9414  
24.2239  5.38718  5.53882  
36.652  18.4368  6.76555  
8.08018  3.14423  25.0948  
8.27429  4.51286  26.299  
62.4943  16.2404  31.3919  
20.1139  41.4039  11.8135  
6.11581  31.8149  30.0658  
9.36  52.3143  16.312  
27.3778  52.0557  29.831  
11.9986  13.1791  11.2371  
13.0662  17.1101  3.45931  
27.7746  8.09682  5.0242  
6.79962  7.50587  8.39253  
13.2104  31.7132  15.4168  
11.5594  17.419  11.5203  
34.5484  6.6786  28.0069  
21.3652  6.2444  14.1728  
30.5988  8.40117  26.3379  
5.28802  4.18634  6.60385  
23.9086  18.2932  6.62631  
17.7163  14.3225  17.8844  
21.937  10.6257  26.1047  
16.1683  6.15196  12.8397  
15.7236  31.9891  7.37334  
17.1286  36.5627  13.4076  
21.0311  14.5908  35.884  
7.15691  17.4756  26.2479  
42.8882  31.0192  6.71318  
32.4568  48.8834  40.3313  
20.4966  26.0419  28.9764  
12.57  29.2273  9.24947  
9.64265  14.3576  18.7882  
16.1967  16.7524  10.3419  
18.3619  20.98  6.07456  
17.6533  4.96685  25.437  
9.09479  11.14  23.2177  
27.9013  26.4099  52.8801  
11.1132  17.6182  10.0118  
9.11708  4.22449  12.5386  
19.6911  13.9249  26.8042  
28.3507  31.7254  6.03814  
4.42956  19.5686  23.9226  
16.5077  17.1616  43.3154  
21.9819  5.79454  30.2395  
7.80598  8.17358  13.289  
16.541  8.59519  31.8792  
6.07607  6.51098  6.9368  
15.0011  19.4066  51.4515  
10.0457  8.22723  17.2283  
37.325  25.0775  12.1457  
35.8338  29.8445  34.7836  
32.612  15.7481  3.57842  
18.9793  4.22729  13.7856  
8.72556  15.9967  29.8905  
22.9221  45.4678  40.9992  
14.6035  28.854  20.0699  
23.4897  42.2471  55.4347  
14.1797  9.15639  17.8349  
7.2893  11.1164  24.5579  
15.0825  3.34622  31.2132  
25.7084  35.1413  24.1748  
16.8133  5.25608  6.9708  
5.0772  7.7216  50.8475  
11.5318  30.3404  13.3706  
16.6257  6.04822  6.49893  
38.8945  37.4735  67.9073  
31.9218  34.3462  18.8696  
19.4437  19.7823  8.9632  
44.9173  8.41107  46.3168  
5.81579  3.14059  15.8386  
29.3756  37.3232  9.25699  
11.4741  8.57827  30.4465  
9.32108  6.53175  6.36519  
17.5827  21.7868  12.9446  
11.3523  19.4569  25.5045  
14.042  2.49175  13.0237  
33.1267  45.7204  27.4218  
16.6816  9.33638  6.81943  
5.30461  10.9291  5.88644  
7.04933  12.0634  17.499  
34.2951  37.5364  12.565  
24.0201  7.81858  30.6019  
8.04437  9.15618  7.89761  
37.2852  13.5538  6.60732  
14.5835  22.4751  11.6867  
9.27667  25.2975  9.44959  
12.7575  21.038  16.2348  
9.30679  8.23722  10.4218  
29.8928  47.0475  9.72558  
16.6572  21.9211  11.4428  
39.1711  3.77589  18.1132  
28.3833  26.7559  5.42457  
4.73325  22.0892  15.8637  
6.99798  10.8491  20.3957  
18.1796  14.6949  23.8424  
21.3873  13.9119  14.6311  
20.8335  50.4836  5.29572  
15.3681  12.6155  16.8209  
18.1832  7.52104  21.9955  
2.71725  38.1618  20.9556  
46.8745  33.4987  11.914  
22.1615  24.4117  17.2443  
23.2818  7.10934  4.80764  
25.29  8.81014  20.0425  
19.3954  35.4755  43.599  
13.6937  13.9662  21.4449  
6.80563  3.58366  8.6293  
25.7034  8.62996  33.0471  
13.502  13.8644  13.6459  
14.5208  23.563  20.7184  
11.4064  6.01894  15.3753  
16.0756  14.1518  4.82117  
10.727  10.9649  8.61565  
24.4421  12.832  2.41897  
15.8619  22.7751  28.4862  
23.11  17.8347  23.3303  
8.36746  21.3233  30.0814  
13.274  17.1868  17.4447  
25.7017  25.1882  16.7338  
13.3573  18.525  5.61681  
15.3565  20.0468  10.6573  
4.20387  36.3048  27.9976  
23.7046  19.2011  2.48376  
8.58442  11.7561  15.5746  
2.39394  2.45889  17.2438  
45.6839  2.59827  13.536  
24.5726  6.03333  15.4818  
20.1217  17.1492  6.16696  
20.7525  7.47567  8.70795  
36.7196  61.0526  14.1892  
7.13066  22.745  11.8024  
19.9549  12.6653  10.9435  
17.0338  8.21758  23.4866  
10.1025  16.6112  12.2272  
27.9434  6.77552  12.5071  
21.7407  9.66589  30.1983  
25.7147  35.7005  17.2259  
24.2895  10.7698  47.9905  
20.2619  12.4028  21.0139  
26.9963  14.0378  30.6118  
14.5963  11.5591  18.1859  
1.70567  3.8229  34.7158  
14.0105  7.49998  10.4919  
9.22094  12.7302  22.5152  
30.9261  12.5718  9.3402  
3.2485  7.54196  7.0202  
28.4135  13.22  24.1849  
40.2089  23.0496  25.5172  
5.22251  16.4704  4.54588  
14.1585  16.1224  10.6795  
44.1508  83.5878  11.9538  
22.0018  16.4049  7.63032  
6.45961  16.1779  5.11132  
24.2748  12.0567  17.524  
6.70835  30.7191  39.5935  
12.6139  13.8385  16.3381  
4.12831  26.3242  9.71956  
25.5808  8.17542  12.2395  
5.82289  3.81619  15.5177  
21.5295  1.8851  10.9122  
22.2285  4.60302  18.6419  
26.2117  32.6504  7.6575  
29.8522  13.4747  49.0208  
12.2922  32.7888  51.2801  
27.2596  65.1008  38.8504  
25.8899  6.55155  39.5363  
9.96877  6.767  12.8716  
29.9824  4.10571  7.54584  
25.8422  7.6465  25.6984  
26.8309  44.9781  22.9465  
29.6089  3.70129  31.4225  
27.623  22.6504  20.0829  
7.59404  15.4927  16.1528  
19.1623  2.00783  16.8379  
21.5962  5.0238  36.7661  
16.756  7.29997  20.8012  
51.7002  10.752  44.3169  
30.0352  23.4701  9.40333  
25.4275  20.0624  5.09851  
9.08898  23.2649  7.88341  
23.8359  29.4377  45.6521  
45.0784  3.49178  43.385  
15.9399  10.8595  8.7208  
19.5463  12.4143  3.11152  
29.3497  24.6475  5.15818  
8.65163  3.43365  8.18785  
10.7047  7.67589  9.24635  
26.3335  26.7325  19.0395  
19.7112  21.8234  8.00871  
19.0014  0.457406  13.9179  
12.6653  27.4546  13.3391  
18.0136  36.7342  23.8299  
7.61904  32.8001  41.5642  
10.2997  45.3261  41.3033  
15.4667  20.8901  18.844  
21.2117  10.1477  23.371  
30.5077  8.10927  19.8112  
11.1638  10.7287  6.17223  
15.7417  17.5255  12.9403  
38.2767  12.8241  38.2932  
3.79122  18.9529  20.5644  
26.8159  17.4032  11.946  
29.5456  26.8949  24.8467  
9.93999  37.0858  16.2838  
17.205  31.13  37.4971  
24.2157  15.1585  10.874  
13.37  19.7998  19.0522  
8.98197  2.60165  9.51351  
22.8892  21.3642  9.14529  
28.2121  26.172  25.4093  
14.3582  19.7021  11.4118  
7.46269  14.5546  5.04018  
41.7667  14.6879  17.5574  
8.8405  4.13387  18.6748  
10.8111  6.38712  21.4012  
36.8818  12.0191  5.91858  
11.5866  19.0188  16.954  
54.7678  7.62746  28.8053  
15.8213  3.28574  17.5321  
41.5977  68.3813  36.4081  
7.90293  13.4714  31.2592  
40.0388  11.9607  36.1908  
16.627  11.2949  10.3463  
11.7731  13.9135  20.3335  
21.8269  10.5984  13.0396  
29.9282  3.26288  26.3979  
7.5847  30.6684  12.9609  
10.1093  6.28471  8.28499  
32.1265  10.1116  16.155  
16.5866  29.4902  6.87947  
16.6144  15.0319  31.0968  
19.0717  3.98156  24.0026  
9.2718  8.64773  16.5514  
12.1061  22.9431  17.2016  
22.9499  51.9574  3.00393  
18.2315  96.1338  4.94307  
17.9067  3.62004  23.1344  
31.9404  32.7744  11.7179  
9.61945  23.9835  11.3775  
34.8355  3.90288  17.1988  
17.6553  14.7184  15.6304  
15.793  14.1586  8.73656  
13.4705  16.9163  5.02073  
3.71161  17.182  14.0778  
5.98361  4.7302  13.7188  
10.0335  15.5717  32.3884  
4.27767  2.88845  12.5603  
14.7898  2.68565  7.55355  
8.06529  3.04571  9.22285  
29.26  31.5509  30.6811  
28.3421  28.5741  15.7671  
9.27308  15.416  31.0097  
7.52604  26.2248  15.3679  
17.4284  4.52688  16.2982  
30.8781  33.2163  6.90787  
25.3834  1.55108  18.4254  
3.64128  4.24392  20.6617  
23.7531  4.31717  4.48903  
8.83524  5.97866  36.1342  
21.8412  10.4811  21.7814  
12.8963  28.5851  2.87971  
37.0577  33.1409  60.755  
9.1176  33.2629  21.1509  
35.0991  2.36259  39.7766  
45.6921  5.9584  12.4475  
20.1637  24.3407  13.4363  
6.09113  50.9433  15.704  
18.6539  24.9218  10.805  
9.10732  6.31741  26.3679  
30.2759  13.2244  37.2659  
38.0919  29.1428  23.6431  
45.1098  21.9662  18.8921  
13.6408  70.0089  66.5943  
17.4994  16.8558  11.9922  
63.1364  12.1595  17.9238  
29.8399  12.8659  51.2135  
21.2261  13.7189  17.2513  
26.1582  21.7324  20.2385  
11.9044  31.9493  18.1578  
25.7939  15.8309  10.1238  
9.9094  7.72761  32.6621  
34.6372  44.0325  14.1632  
23.6856  9.30129  6.15425  
35.6915  10.6747  31.1006  
30.0661  9.56645  34.3542  
5.50581  6.62634  4.81334  
19.531  1.19943  16.0841  
4.77863  7.544  19.1267  
25.7082  6.83981  12.07  
29.6013  15.6728  64.2773  
9.08948  17.8031  15.9301  
10.8574  4.53272  4.21438  
12.4368  12.3604  30.019  
12.8048  8.64676  11.7845  
27.4372  13.2542  10.6414  
18.9719  24.9817  18.489  
17.72  22.6864  31.3609  
11.3096  13.7862  12.1098  
32.5388  26.1275  23.8575  
13.3433  28.4333  15.2657  
17.3567  10.0311  15.2159  
18.1814  7.9301  6.68539  
23.7793  14.811  11.2874  
27.0119  25.9182  7.24136  
15.5557  4.77231  22.7468  
2.29526  12.3111  7.0898  
34.1847  15.39  6.68616  
22.1532  14.5597  13.4523  
17.8349  40.8398  15.0937  
2.74557  5.96368  30.8098  
18.702  6.55923  22.2767  
8.10951  23.8697  10.957  
22.5405  25.5727  15.2104  
41.2005  36.7523  36.1354  
20.0426  12.0211  9.78443  
18.3877  16.6035  11.4487  
13.2502  21.8663  16.5472  
24.7092  30.6813  7.5257  
12.6004  28.9904  16.7833  
6.86365  30.265  28.2973  
35.6522  9.84371  5.16941  
20.3451  9.38695  26.083  
17.4571  9.2171  6.95376  
6.67404  10.3309  15.7248  
5.23838  15.709  16.988  
4.92532  1.84865  13.3389  
19.8634  5.86165  23.1096  
19.8753  69.2723  27.1835  
6.50156  39.5163  26.3594  
29.1646  13.4996  15.0618  
13.911  56.5979  37.7204  
9.04037  3.80443  13.3389  
10.5023  11.6845  8.22141  
7.40031  28.1233  31.1466  
34.759  3.5635  21.3319  
20.8359  58.3472  14.2236  
22.9531  8.11983  25.0144  
41.821  60.9729  8.50755  
12.8265  17.0651  12.2113  
4.95964  19.5119  21.2426  
14.5096  34.2707  45.5406  
19.8125  58.6597  5.25077  
40.9495  25.9587  13.8082  
26.4817  39.2157  10.051  
15.6399  44.1554  12.2317  
4.34514  25.4536  18.054  
16.9191  7.94417  51.7114  
55.7281  23.2104  13.7621  
18.5439  17.5175  11.1862  
10.6873  2.85436  20.8044  
39.7916  36.5145  22.7665  
4.21056  29.0363  31.263  
12.8557  3.70774  13.8383  
5.93527  5.86991  15.29  
5.32798  5.33409  8.52799  
17.3846  20.7868  24.2846  
2.62488  9.75331  11.3941  
11.3972  29.1815  11.2149  
14.4343  16.9595  11.1973  
41.0246  19.133  12.2284  
23.603  21.9201  15.2177  
2.97866  28.7991  14.825  
42.6516  79.3046  17.6068  
15.5551  12.8848  19.9109  
6.63958  25.0672  17.9853  
8.32211  39.7232  14.9638  
12.3856  41.7697  9.37749  
19.7489  12.628  25.3095  
13.445  3.63891  4.24802  
17.6403  23.0516  41.408  
13.641  44.797  10.633  
14.2076  7.68583  13.6771  
32.5692  14.1087  14.8121  
34.8501  21.9299  39.7602  
12.1592  24.6549  25.8905  
3.98794  29.2923  19.5794  
7.87097  1.19976  19.2385  
7.32967  9.13537  24.5235  
5.50873  12.2018  6.67367  
10.7616  5.85027  27.3543  
16.5028  4.15834  6.73139  
23.3635  36.0002  8.2238  
3.31222  37.6479  10.1763  
10.4193  64.7835  40.5657  
13.8518  11.9232  19.1498  
27.4214  45.7029  31.6284  
10.2752  31.4099  9.66017  
15.3333  8.16712  5.96251  
4.04661  15.3719  10.8375  
20.5268  27.2614  31.2338  
31.9767  8.40119  55.3278  
53.6366  23.0789  17.597  
11.964  18.0031  38.107  
7.5149  5.23549  16.3376  
8.37819  49.7149  13.858  
12.7962  6.77867  19.5378  
19.508  10.2554  23.5393  
7.74781  12.5905  15.5245  
3.92954  45.4796  11.2668  
18.7173  37.2233  5.81684  
9.74644  51.7797  10.9629  
18.4428  4.1547  21.1444  
3.00077  11.7065  16.5267  
38.2265  34.0625  10.9449  
12.5933  10.5759  52.7125  
7.48412  16.5044  23.8329  
20.5235  20.0637  3.44544  
15.4152  23.1006  28.943  
8.47913  7.64882  13.4798  
7.98779  12.4274  12.1786  
14.7671  21.1727  8.81103  
31.7557  84.7224  27.9277  
52.2509  11.8282  33.7625  
8.38532  17.4895  5.81613  
20.843  11.1224  3.9196  
7.44604  22.0611  22.7171  
7.75073  50.7725  37.6114  
15.9006  9.44128  19.0705  
21.8312  13.2358  19.6788  
33.7649  6.63172  8.11089  
7.01624  22.7237  8.46496  
17.0502  53.6587  43.2026  
23.9129  35.3385  19.6933  
25.7616  21.7789  8.71763  
8.60897  2.93074  11.8477  
7.97974  17.001  21.9387  
29.0045  2.81014  11.4042  
9.19177  25.6582  12.7876  
19.535  13.1341  25.066  
36.5096  30.0889  35.6855  
7.28386  31.1723  23.3848  
23.7017  19.5969  25.7048  
5.70864  25.3802  6.42934  
13.9538  9.69388  15.6964  
3.06432  23.4512  21.8039  
15.5427  1.51427  18.773  
18.1585  13.1173  9.6257  
10.6375  9.70827  14.2856  
17.7575  17.9846  36.8351  
21.3883  40.3709  22.7356  
13.766  4.12651  10.1725  
15.1672  36.7761  37.257  
14.0502  11.3704  21.5008  
5.43583  13.1328  17.6078  
10.9842  10.0495  9.35399  
7.27947  6.08662  16.8321  
23.4404  19.3711  32.3558  
13.0795  9.78895  7.01769  
13.7238  6.72886  2.3942  
7.7814  3.0948  12.8689  
9.29062  14.1663  17.5823  
21.4757  17.8837  6.00985  
22.1554  20.2307  21.7803  
15.8225  14.2986  4.81077  
31.7338  9.3243  49.5522  
12.1013  13.9408  11.9105  
12.1789  24.7175  16.3854  
18.628  6.98633  22.4006  
7.26248  18.5593  4.56284  
17.6613  4.0345  32.1998  
21.4684  25.8736  32.3276  
4.03984  8.93339  16.0516  
33.6145  12.6488  41.7465  
5.92858  7.76815  10.9046  
23.8878  16.1021  16.3037  
24.8585  16.6046  20.9896  
14.0598  3.73896  13.5741  
11.8379  5.73132  20.4933  
12.9536  24.1436  29.9006  
17.8728  20.7104  12.6186  
7.54471  25.2595  26.3769  
7.39322  8.1296  33.1506  
18.7461  27.5668  6.1939  
34.2787  3.93056  21.9741  
15.4364  9.88409  17.6816  
12.4596  20.1476  34.5623  
10.0749  7.7326  12.6471  
15.4759  16.4087  16.8275  
16.5129  20.8954  6.26719  
6.67058  13.0219  33.035  
27.2134  14.6053  9.99264  
11.1183  11.595  11.8887  
23.9748  17.1898  11.5352  
43.2929  16.7575  28.2418  
14.1363  4.56078  9.55478  
40.5954  31.7252  14.3773  
27.0885  14.0754  17.1376  
13.8487  5.87451  24.1037  
12.252  15.2587  20.9519  
25.3147  18.3529  7.25626  
15.5862  6.51328  27.3659  
29.9936  58.3658  18.1039  
13.8392  9.75722  21.2198  
6.09855  17.0705  8.55698  
8.20631  18.3595  4.67427  
8.83155  20.5317  8.72716  
9.28633  7.50494  14.1459  
5.97381  17.284  24.9308  
29.6407  6.74665  38.6625  
7.18754  12.2363  10.1904  
22.6666  40.8972  4.57651  
17.2839  4.13023  39.4482  
10.2385  21.5257  13.0554  
2.33201  3.35867  42.5832  
42.7491  3.76919  14.639  
5.809  18.436  48.7351  
15.9201  2.98266  5.12598  
26.872  26.8527  19.2772  
10.2022  5.43744  16.3547  
8.40962  23.0009  26.3158  
23.4775  38.1551  45.8744  
47.2149  28.5893  32.7397  
5.89807  31.2379  3.97446  
31.2371  15.1713  12.7514  
11.8597  31.5658  11.9629  
14.5685  4.40724  17.172  
31.2036  13.1881  29.3503  
14.5169  13.3643  7.70201  
12.6284  3.47158  20.0663  
7.68388  25.5732  17.4705  
5.60002  25.2518  1.99609  
25.7538  20.9014  11.5662  
11.4676  5.75765  17.5309  
16.472  11.54  4.71245  
17.1385  7.7083  17.7459  
21.7775  1.36848  18.4703  
19.9442  25.0076  23.3929  
24.6805  7.52131  39.988  
18.5331  20.4221  11.0123  
11.4152  26.9337  4.90339  
7.7113  8.66919  11.1684  
4.59329  31.9082  13.3188  
39.6299  56.6646  54.8506  
23.1195  8.68861  8.97077  
21.7228  5.75288  40.2176  
15.5293  11.6135  6.13965  
21.5287  6.36872  10.8264  
13.1217  10.899  11.6489  
22.4093  5.76574  4.03457  
12.1762  7.76783  11.5456  
18.6672  5.06209  4.08217  
18.3226  5.02391  3.2773  
35.9876  8.27404  7.08265  
11.3097  4.42401  29.7344  
13.4586  18.5466  6.28209  
10.9911  3.76991  34.7152  
8.41538  21.7482  24.421  
15.1216  27.2428  13.9046  
27.2442  10.3527  11.5697  
18.8651  29.9455  27.3205  
22.1068  3.31726  9.72259  
13.0682  3.97476  18.246  
26.3119  18.1353  20.6742  
4.86487  16.3137  22.0539  
8.55129  6.27398  14.2296  
18.6344  17.7192  32.1457  
21.616  21.1646  22.7763  
20.8059  20.9373  7.86142  
31.7271  44.122  37.4978  
20.6684  10.5139  12.827  
7.51366  36.8917  33.8133  
54.1784  23.2616  34.3346  
10.9576  44.6882  33.9237  
19.7188  10.8105  10.4232  
22.7007  25.4472  9.53186  
24.0349  17.3165  13.2956  
10.286  5.44084  12.8111  
3.29684  46.7902  6.41108  
29.6976  10.237  23.0415  
15.6907  12.1829  5.80094  
6.80765  12.4314  25.512  
15.65  42.8726  20.2542  
2.52901  5.72651  16.0556  
20.9029  38.8321  15.6462  
25.4164  6.27737  23.163  
22.4612  7.6207  12.6214  
34.6311  7.16084  8.6153  
25.2397  8.6793  37.874  
5.19534  10.1676  3.54834  
8.98734  11.4223  11.8568  
7.07646  12.6647  19.004  
58.5706  17.0753  38.2702  
24.0871  15.3748  10.5535  
1.49786  13.1074  54.175  
49.2608  29.9148  45.6052  
5.90344  16.031  18.9286  
17.2685  17.295  20.2462  
19.9147  10.7421  5.94475  
26.0631  15.0738  7.47183  
34.0485  8.28002  14.9179  
13.588  14.3101  26.5753  
50.2924  16.2872  19.513  
11.4565  22.6073  13.5739  
11.4045  16.9889  28.2004  
62.4817  3.74466  5.63449  
29.6339  6.8568  28.1914  
15.1905  15.6928  7.15965  
29.7604  7.63893  12.9571  
9.29994  10.818  16.1487  
11.1329  41.7807  13.3112  
8.37801  7.83027  12.9681  
76.2155  28.0756  41.8613  
8.96819  4.67987  20.9908  
26.7819  6.6349  14.0682  
22.0542  19.1077  4.88929  
5.92746  2.12351  14.005  
11.8428  7.52809  17.6599  
28.7966  33.5484  24.3893  
7.56118  16.0202  6.39576  
7.61918  35.2096  20.5638  
7.68429  10.2803  8.46131  
6.63819  5.41035  16.1402  
5.75492  19.6054  21.1651  
36.3131  35.5892  24.9385  
14.4532  8.25305  13.2879  
17.5458  6.24779  11.7415  
19.4015  46.1604  15.2239  
16.2933  14.9677  15.9353  
14.9758  5.35878  9.74632  
23.9601  2.74989  7.63281  
2.88034  7.59484  14.4134  
10.4794  25.356  11.1067  
11.64  13.8811  18.9852  
15.9874  39.9961  25.2413  
29.3197  16.3805  40.007  
8.61008  5.37488  16.2127  
23.2159  5.54185  9.73997  
12.1184  3.23223  16.348  
14.8293  4.71308  27.1708  
23.8248  14.1941  29.867  
13.4573  27.8781  17.7508  
10.4654  10.3366  18.1527  
12.0957  16.0971  5.15069  
15.8861  21.5254  46.8767  
35.9666  9.48828  46.2762  
22.3092  28.2609  7.60726  
16.1881  86.8176  66.5984  
14.8131  28.9648  8.16309  
23.5744  21.0892  8.14024  
15.0952  13.6231  22.4774  
24.2552  45.0722  12.2061  
29.731  17.6388  20.8154  
33.2123  3.78309  40.5301  
18.9794  18.7682  11.596  
39.9198  11.0761  7.68662  
11.8089  37.9251  6.99614  
40.0383  19.8219  15.7397  
10.1939  20.9289  42.7813  
13.5856  51.9076  14.5374  
19.4582  4.9644  22.8415  
16.1396  11.9037  17.4316  
19.9536  17.7994  15.7211  
12.1605  38.2183  25.9496  
48.3721  33.934  6.33976  
15.3375  18.0701  19.8312  
29.2516  44.6203  32.1312  
13.4995  23.4119  36.342  
41.3149  25.2078  15.1542  
40.9173  3.34808  12.3972  
9.89736  3.03097  14.7913  
3.72621  22.7794  5.01437  
8.03109  4.53377  9.64836  
4.65713  26.124  11.3554  
16.9  3.08568  5.93444  
17.1689  64.6479  24.1097  
14.4306  1.39918  9.1696  
21.8351  32.3082  18.5447  
13.4849  5.58325  7.54256  
2.44747  25.683  50.4667  
36.9102  6.90376  31.6782  
22.0348  21.3414  12.916  
8.4168  15.3554  40.4671  
13.8918  10.6108  11.1341  
11.6865  13.6845  6.71438  
25.5703  36.7906  7.73397  
22.8403  9.989  24.1779  
7.58171  17.5014  14.1865  
19.4098  10.8642  15.8388  
9.99469  23.6  4.67639  
20.884  12.6426  30.9578  
20.903  1.6355  3.94068  
20.872  7.38553  20.4382  
2.87415  2.56901  21.8603  
2.20782  11.5856  25.0294  
4.99302  3.45941  32.4964  
24.8697  7.08938  5.57247  
11.1448  32.4804  11.8312  
21.4783  8.71484  14.5317  
7.98301  7.97519  9.90487  
20.1735  13.1894  23.3208  
26.8282  8.75524  10.7464  
33.3859  7.99006  23.8478  
12.7886  42.0634  17.0802  
13.4249  10.9352  8.0017  
6.58073  11.7186  17.6693  
27.398  26.3534  29.4891  
20.2775  30.9383  38.876  
28.3069  9.25993  7.16688  
10.9794  19.0262  12.9417  
50.2109  33.9905  13.0809  
37.7248  5.01474  42.0266  
13.5764  6.02539  16.8628  
8.70842  5.9763  15.9663  
3.206  5.83881  14.3611  
38.1637  13.6655  27.6877  
8.63732  24.758  35.3192  
36.5615  7.97681  7.44846  
18.3453  17.7497  7.948  
25.7948  25.7449  4.36353  
39.2974  3.57603  15.6077  
11.745  24.0969  26.957  
11.3602  4.15139  16.7364  
15.9644  13.1005  32.2876  
24.6538  11.4487  21.2878  
7.47993  14.39  22.769  
3.94371  42.4112  3.24417  
10.4758  57.842  13.0056  
13.4878  7.71588  11.8518  
25.5115  7.16108  18.0798  
33.0085  66.9272  11.9401  
41.648  38.4355  23.681  
8.75929  19.0692  15.5055  
5.13323  16.6005  12.8571  
14.5828  32.087  7.6817  
7.01863  23.4887  28.4523  
21.3903  10.8354  18.1522  
27.2488  57.9085  27.5391  
13.9622  12.214  25.7004  
20.1178  11.0277  9.13274  
10.8971  9.6388  10.1162  
6.34552  21.0724  17.0677  
19.1062  21.8135  13.6607  
12.4111  4.57249  7.87542  
20.5829  2.82075  19.6383  
7.82208  8.1241  11.9337  
7.42645  10.633  10.7566  
22.8499  12.7923  11.5008  
26.0521  26.8674  23.6677  
9.71982  6.57573  30.4405  
5.61136  10.9307  14.2828  
17.9784  36.8968  16.1196  
4.91336  15.8956  16.1246  
7.5948  28.9487  10.7514  
63.1029  25.3802  34.0638  
13.6718  12.1098  29.3162  
6.41127  27.1296  12.8672  
13.8049  8.00972  7.80249  
6.97615  7.74611  15.9725  
15.3774  11.9667  25.5245  
13.1148  37.7676  5.13119  
29.4576  14.2928  8.7308  
7.99917  26.8591  22.423  
15.33  3.62189  13.9137  
3.07917  45.7233  14.255  
21.611  7.2996  13.7362  
20.928  16.1839  15.3822  
17.194  8.52859  21.9479  
9.4325  12.027  14.095  
15.7676  11.5043  12.8235  
14.2189  10.2943  14.2849  
10.2363  9.49846  8.93104  
15.1954  44.8477  7.0216  
24.8165  5.45625  25.0793  
11.437  21.4429  6.67749  
28.7876  2.54715  23.0409  
11.505  51.0632  33.9021  
9.66187  19.6969  10.4781  
13.2925  24.5166  6.73782  
7.94074  28.298  25.6625  
21.1744  35.4448  18.5119  
23.1078  27.7847  9.00071  
19.4919  5.19782  15.1868  
6.19274  44.0311  20.5709  
9.76612  3.02262  11.0132  
10.0588  14.1185  10.3591  
19.2924  37.5585  6.28996  
7.60628  26.7417  12.2184  
15.3709  1.90982  11.3551  
18.9976  24.9808  7.93998  
9.73214  9.93238  24.0711  
17.8055  36.6957  15.3625  
36.7932  6.60155  4.97637  
8.13735  31.6074  11.6382  
36.0701  17.6867  27.0762  
17.4018  11.7501  14.5983  
22.1769  6.92813  13.0154  
4.44326  35.4709  41.3295  
67.5593  25.1855  19.6224  
34.9084  26.5256  12.6396  
10.5953  4.32716  34.6375  
10.1775  10.8713  12.6515  
14.818  21.6158  17.1304  
6.59135  6.26921  6.51335  
7.79947  54.6218  16.4379  
4.75991  8.81737  6.8311  
10.8129  10.0881  18.8273  
16.9778  18.2574  25.4472  
20.9663  12.6293  6.63288  
5.85651  2.69368  2.96132  
5.83609  42.3616  32.5179  
20.901  33.3323  22.4316  
5.15504  9.85738  11.9893  
15.364  24.3574  23.5142  
32.7795  50.0208  2.66208  
6.78164  5.39865  3.27016  
17.5693  30.2455  3.82785  
33.3824  23.2826  40.7467  
9.74004  23.0788  26.4045  
21.2644  12.8819  33.1509  
7.55083  64.6457  6.22281  
5.4644  23.8645  18.3882  
9.77755  32.8042  31.6428  
13.92  28.0412  17.6268  
14.3651  34.5003  22.792  
14.8809  18.7464  5.30753  
13.2349  36.4229  15.4347  
11.7291  20.104  6.60112  
41.8011  16.0711  26.5382  
7.24062  26.8084  18.3  
16.7241  5.46748  22.0574  
22.2786  57.6177  18.8049  
5.99425  6.29469  10.1958  
20.1195  5.94667  11.162  
6.31426  10.1369  7.48371  
15.7466  29.9584  38.1805  
20.7535  5.43121  10.294  
32.5148  15.9951  28.5548  
15.0929  11.7763  5.62956  
33.2897  2.44048  26.6999  
43.1505  38.3455  28.2913  
6.73559  2.47042  26.8746  
11.3558  22.8305  25.1536  
13.3601  34.2345  12.5855  
22.2229  10.3918  10.4622  
6.3166  23.7455  63.1923  
11.2085  14.7826  13.0472  
19.5981  13.2343  10.3122  
10.2596  9.69838  18.6268  
4.57839  19.4875  20.8904  
24.2457  8.07086  17.8931  
5.7884  14.5826  33.5532  
31.0734  7.96608  10.5214  
12.5896  29.3271  12.9194  
6.00641  17.4485  7.8009  
33.9909  4.08206  9.72567  
12.7546  18.9082  11.0859  
