11.8563  12.9838  
2.47781  2.59496  
5.08645  15.1197  
2.87582  3.21833  
8.09539  8.0826  
5.79662  8.60369  
8.42071  8.04045  
6.03756  13.6041  
5.41763  11.9  
8.73933  4.69105  
9.81364  6.10844  
6.34523  5.13647  
2.27778  8.21513  
12.3049  8.05325  
8.07111  8.46401  
3.36675  9.27431  
5.18452  13.1352  
4.20846  11.8263  
11.6571  6.42307  
4.23904  8.78259  
10.4702  9.92369  
3.96209  8.53994  
20.1861  8.62319  
9.97331  15.229  
4.85544  10.3905  
8.20483  5.13169  
6.77919  2.3319  
6.27575  6.26897  
16.136  18.0736  
3.7042  4.57386  
7.4626  10.5354  
6.41502  8.59904  
11.0892  18.1641  
3.12145  13.2562  
10.2226  10.3065  
2.67208  15.54  
13.8862  4.41415  
4.36754  3.6192  
1.83748  6.99583  
5.03003  10.7278  
13.0772  1.9815  
9.63432  19.0487  
2.9069  5.42709  
14.6141  5.89282  
13.8794  6.70003  
3.49197  4.24268  
9.49091  13.7495  
8.85232  8.60271  
8.74527  20.0151  
13.0529  4.69806  
9.32296  7.32349  
4.46336  5.41684  
4.37096  12.377  
7.02608  11.2636  
2.46017  14.2396  
2.99742  14.57  
2.46857  7.51218  
1.16443  10.2768  
6.37313  11.2387  
12.1228  5.14651  
16.2282  11.3916  
12.8499  9.23921  
9.74977  7.28697  
11.7447  12.9429  
3.07694  6.24093  
11.4856  0.899478  
3.48947  18.5674  
2.72001  10.2493  
6.3309  10.6131  
8.26321  13.5555  
5.00667  6.5631  
4.64451  5.51553  
7.6957  12.2057  
3.04678  9.36981  
7.64032  7.53156  
2.47423  13.0723  
2.37169  8.0982  
11.0059  8.63791  
4.38175  2.44173  
17.9255  15.3659  
13.4063  19.9674  
3.85026  8.08644  
8.18401  12.0447  
6.60758  4.28916  
6.63071  4.20328  
10.5633  3.46275  
10.5853  8.44446  
11.5446  6.61898  
3.80446  7.7084  
12.336  11.2868  
8.39392  3.49171  
10.3919  5.92224  
10.7912  2.67095  
11.7703  7.85449  
8.47566  7.69859  
10.2988  9.82883  
5.10872  9.01936  
6.35507  2.61689  
6.60288  2.5092  
6.86182  9.73083  
8.19381  5.60771  
1.27056  22.2957  
4.28242  6.73995  
6.57312  16.3259  
10.6671  13.1352  
8.7529  10.3194  
2.60203  13.4917  
5.1843  4.07141  
2.42639  11.6829  
11.6451  10.8551  
22.6781  4.87989  
5.33689  7.86302  
6.10652  12.313  
2.66145  8.72515  
2.13587  5.19717  
11.3172  11.9106  
5.49052  5.3246  
6.28876  5.85699  
13.3916  1.59647  
8.12484  12.256  
15.6115  10.3862  
3.38692  6.52795  
12.2382  8.98514  
10.9676  8.12695  
3.60259  5.72306  
11.3962  4.40621  
7.30974  10.5812  
10.0392  8.91153  
8.80123  18.4041  
5.22821  4.20538  
14.7255  11.6759  
3.22523  6.98999  
4.85326  12.7264  
6.14621  8.64743  
1.88817  14.4573  
5.35623  9.31203  
3.38305  9.87054  
6.23193  10.0051  
17.2286  7.22981  
5.53313  11.3547  
5.09743  12.0472  
3.70028  9.03622  
2.17569  10.8906  
3.15804  7.72807  
5.75741  4.41884  
8.78156  9.91987  
3.7262  10.1773  
3.79941  7.16392  
9.40087  3.88736  
6.20132  13.6825  
8.55145  3.5356  
10.7619  8.55074  
18.6001  5.70539  
1.68316  3.23933  
3.34059  6.57225  
3.64531  2.04007  
8.00665  6.33205  
7.68339  9.16143  
5.03316  7.46456  
10.6733  9.49575  
2.58903  7.41604  
7.30325  1.43615  
8.79991  6.44302  
5.3599  3.90919  
9.46493  6.81262  
4.06018  3.95533  
8.81255  7.80997  
4.89023  12.4522  
9.90553  10.6216  
3.52026  8.31225  
6.31994  5.69339  
2.99683  10.7082  
5.58541  7.61949  
8.21483  13.3454  
2.97565  7.99655  
11.2757  14.7495  
8.15669  8.72535  
17.7775  4.41136  
8.44204  6.34457  
11.9634  8.16272  
4.63928  15.3029  
3.01196  6.51169  
2.275  5.65494  
11.3967  14.8113  
7.17153  7.76498  
13.2355  10.8457  
13.3371  4.33391  
2.0572  4.56498  
11.0801  15.4505  
11.444  7.74532  
9.67012  15.0538  
8.86577  4.41684  
7.63926  14.8209  
7.23614  8.82786  
6.29834  4.01871  
7.42594  12.6587  
2.96669  11.9701  
13.2773  6.34112  
8.98317  3.39231  
12.9945  8.70169  
3.07538  16.0047  
9.82925  4.08405  
7.57732  13.8194  
12.7344  14.7541  
3.22097  4.08785  
4.47392  2.99284  
9.67329  10.2807  
11.2348  9.57619  
4.22489  8.1677  
15.4352  7.33788  
15.1873  3.00932  
4.29285  3.54727  
10.2855  7.45174  
9.00198  5.61704  
4.95842  14.1147  
2.80361  4.35091  
5.21491  11.3935  
2.54346  3.24375  
3.73562  7.89172  
10.8581  12.1751  
11.6348  10.97  
2.22631  5.76125  
14.4161  12.3727  
7.72156  12.8067  
1.32714  7.17065  
9.03856  5.72491  
16.3259  12.7575  
7.11279  7.2033  
8.18938  12.8188  
12.5493  10.2655  
15.1343  4.36227  
10.5833  2.83109  
4.26848  5.83459  
10.6713  3.84025  
12.4065  15.8258  
12.6088  3.43134  
14.263  7.63123  
8.1912  14.7665  
4.19157  3.65368  
8.74719  7.41941  
2.66297  6.97736  
9.84259  6.11136  
9.77324  12.6168  
5.83816  9.96102  
3.74905  12.4222  
2.80035  2.5083  
14.3105  14.0552  
12.0885  9.45338  
1.95642  5.67258  
7.53815  15.2544  
11.6114  10.428  
3.52665  3.60249  
5.77609  5.55055  
1.64404  17.5263  
10.8028  10.5859  
4.83542  9.2546  
1.75673  1.99944  
6.99784  19.2978  
11.1521  13.0893  
2.91203  14.5556  
4.65329  9.76983  
6.56166  3.18066  
20.7076  5.09911  
4.25528  15.8366  
10.9772  10.0039  
3.08998  11.2943  
4.3179  4.00279  
5.4251  11.8475  
3.12812  16.2339  
2.75  13.3187  
5.92908  15.0135  
8.34894  2.06512  
8.01141  4.25174  
14.2496  5.93004  
8.31516  5.13475  
6.08862  3.47811  
3.4836  6.10832  
10.1811  7.45219  
1.60696  5.23811  
12.9168  11.5729  
4.51823  8.32385  
18.8138  10.458  
13.9265  5.3349  
4.71372  3.84735  
3.49196  1.93808  
2.24711  8.9099  
1.37704  3.42342  
12.5314  4.77796  
10.9615  9.96722  
11.9827  14.243  
7.56822  3.24583  
12.2364  10.8743  
10.7372  9.19168  
7.42461  7.85433  
3.48258  13.1013  
10.9576  2.57524  
7.43917  4.88522  
11.1309  15.2475  
9.73067  16.334  
7.66144  9.67911  
5.47084  7.10435  
9.64702  11.1669  
7.89084  10.9314  
4.20766  13.4244  
4.31499  3.87448  
10.8078  13.0477  
10.1599  3.35015  
3.62875  13.8196  
6.0307  7.11094  
10.4241  7.49759  
13.8348  3.55473  
4.52875  12.1452  
7.85149  6.00058  
3.54481  7.13332  
5.54216  6.86435  
19.6252  10.0612  
15.2076  4.70458  
13.0699  9.74204  
6.75481  14.0684  
7.0821  4.58327  
0.68817  8.56328  
14.3586  12.8076  
9.901  4.80953  
18.0519  3.2513  
5.9002  7.71968  
4.44412  2.62044  
15.198  5.07384  
9.13423  10.6048  
2.56703  10.2428  
3.45514  27.3809  
9.70928  11.7961  
10.1706  11.175  
6.65399  4.89934  
17.2893  15.6049  
3.79938  9.75122  
7.17469  3.74583  
9.67348  6.19371  
6.62104  5.3712  
8.05606  7.7976  
13.7385  16.9517  
5.47719  5.54896  
4.65201  12.659  
12.7039  8.87696  
4.51707  4.38839  
4.8899  6.10232  
5.28583  11.3406  
10.5463  2.54684  
11.3958  12.3787  
11.4812  12.3522  
11.7612  4.64924  
5.17382  10.1713  
10.8646  5.43907  
3.79296  10.3554  
6.6693  9.06109  
15.5696  20.8357  
15.0511  7.29783  
9.60533  7.59421  
7.77562  11.0377  
3.18113  11.6697  
10.8519  13.2469  
4.79738  11.4228  
19.7961  5.85943  
3.69151  5.46656  
13.5449  2.37119  
2.65058  8.53888  
6.19972  8.32325  
10.1321  9.93297  
7.97164  9.00199  
10.151  9.10427  
10.706  7.11182  
12.2177  3.61748  
6.39075  3.12631  
2.61687  6.98679  
6.55609  8.12095  
8.72734  10.1703  
8.11072  5.61889  
8.26455  6.69405  
3.54552  10.2193  
6.01745  3.1882  
4.32407  4.99083  
15.9764  9.93149  
11.9074  8.03727  
8.49597  6.07779  
1.96337  8.17197  
7.73224  3.74573  
12.0167  14.4237  
3.32182  7.60435  
12.4778  10.6482  
10.3731  5.98713  
6.11318  6.65543  
13.563  4.10582  
7.97571  3.30581  
2.20184  3.43877  
7.23513  12.6334  
3.61582  5.12533  
7.18338  10.8857  
6.19959  8.01507  
10.3131  10.8107  
10.7131  17.1758  
8.87507  6.46501  
12.9389  8.69636  
18.0746  12.9051  
6.55188  12.728  
7.14154  20.3695  
3.50426  11.6595  
3.89496  11.1921  
0.725404  8.49114  
8.58952  6.0865  
7.24473  5.36577  
4.06818  10.2425  
6.14882  4.47079  
6.54963  3.92275  
6.59462  10.3707  
4.37769  2.07383  
6.70874  12.5708  
13.2789  10.3742  
8.01506  3.56077  
3.61057  11.2044  
3.16087  9.72673  
10.9652  4.22049  
11.4596  6.24436  
11.6516  7.76274  
4.55862  3.90834  
6.02004  9.66218  
5.72219  9.49577  
9.40158  6.72458  
13.9166  8.0928  
2.60808  2.19362  
5.34826  8.85807  
4.91385  14.0467  
7.92714  20.624  
2.46767  8.55508  
11.7782  12.8583  
10.2581  13.589  
12.5901  6.04833  
10.9702  7.89371  
2.14299  6.04997  
5.84498  9.46675  
13.5876  11.0543  
1.13485  6.33188  
12.5179  8.95854  
8.55576  11.6505  
2.59422  10.5795  
16.9028  10.1418  
10.4782  8.77884  
5.88329  4.14318  
5.27844  7.17507  
9.92219  19.5955  
12.4151  5.55083  
4.42356  10.2906  
10.7576  9.36557  
7.57335  4.41009  
3.34595  6.63127  
4.86132  4.39012  
7.5027  5.91503  
4.62335  11.4836  
9.74645  15.2437  
3.24927  4.79654  
11.4634  17.3354  
5.63698  8.72478  
8.99769  5.4678  
15.6428  2.19664  
4.88937  9.93042  
16.236  2.69885  
8.10096  6.57294  
10.8155  3.58309  
4.98659  8.50187  
6.37546  3.19442  
11.147  4.63213  
5.15942  12.3045  
5.83913  4.80152  
4.84608  11.8099  
18.6773  15.0029  
6.00355  9.12378  
7.60306  9.61773  
6.61069  11.0858  
6.46361  18.0882  
9.64624  5.79939  
3.4245  3.35332  
4.71686  2.84478  
8.3964  6.1592  
11.1588  3.10015  
13.1219  7.71756  
13.4656  13.0864  
6.7898  5.96928  
8.54143  2.90861  
7.00641  15.7253  
11.1598  8.62178  
5.24026  2.73529  
5.59315  10.7544  
8.66938  12.4723  
3.76502  6.20664  
7.48748  7.23775  
11.3608  5.13937  
3.54974  3.80546  
6.46174  4.75492  
10.0602  4.36121  
10.0803  2.05386  
4.26854  2.92114  
1.50071  10.5639  
4.05729  5.0853  
19.2674  10.5076  
6.12183  14.782  
4.14787  3.61938  
11.5681  13.4717  
5.64331  12.1111  
4.81486  6.92982  
12.9627  13.3702  
6.4565  7.40658  
7.28109  14.9427  
10.1102  11.4022  
12.6489  3.59301  
6.38885  4.4781  
5.39064  16.0857  
8.03541  10.5924  
10.7623  11.8154  
3.21066  11.4593  
7.28242  8.01313  
5.66794  3.68649  
15.462  13.2318  
1.24594  9.6698  
8.64773  6.28764  
13.0581  10.2575  
9.70456  8.22404  
4.65372  1.35438  
8.37243  8.11031  
10.2774  3.16391  
10.6717  17.7667  
10.7983  3.69689  
5.02982  11.046  
2.99418  3.29354  
3.90705  9.34939  
7.54627  3.69429  
8.49061  8.91624  
11.4524  6.52442  
4.29807  6.72085  
8.79007  7.83526  
9.22732  11.6476  
11.3201  8.58272  
11.7633  3.49742  
3.09297  5.32383  
9.15652  6.25786  
8.64215  7.39757  
10.2307  8.97787  
8.8229  10.9624  
5.78283  16.0116  
3.16326  13.1525  
13.6442  8.67192  
13.7655  10.2115  
13.2396  7.5921  
6.85256  11.9866  
4.46239  5.89457  
5.02917  6.80872  
8.47767  6.69463  
3.42766  4.45264  
16.414  11.291  
6.57927  3.6353  
7.64405  5.58349  
6.89306  13.0675  
14.7975  12.5177  
14.7146  4.99148  
6.5021  12.8862  
9.93277  3.50941  
11.9082  9.68937  
3.32642  6.79553  
4.84858  8.88221  
4.35241  8.18655  
15.5019  11.2193  
18.5151  11.536  
6.33696  9.84172  
2.8297  20.0181  
16.6302  9.37213  
4.17732  7.42391  
10.0661  5.31303  
4.96117  1.33459  
1.5669  9.42011  
2.50049  3.24887  
8.7645  10.9469  
7.34643  11.986  
1.17669  10.5533  
15.2413  2.85156  
8.08366  11.0289  
4.47683  10.9515  
8.97763  3.21532  
8.93824  14.062  
14.5565  5.19773  
13.6275  7.99653  
3.60702  9.35044  
4.7184  4.5023  
14.7673  11.9277  
2.45221  10.971  
4.77732  6.48083  
13.8781  3.71802  
0.959358  4.44481  
5.53276  12.8531  
15.8196  7.04886  
10.1824  9.74604  
12.6931  7.87178  
16.5402  8.81208  
8.00779  8.0865  
