19.6819  15.7888  
12.7041  18.5297  
23.1327  12.3251  
37.4201  29.3674  
15.3027  10.5166  
30.0164  11.1371  
17.997  19.2745  
7.94855  16.4892  
27.9284  24.8563  
17.1203  12.4151  
25.1947  9.88793  
23.9008  22.8051  
19.6726  11.6747  
7.50887  21.1786  
17.4732  13.5198  
18.4734  24.829  
43.0325  16.7392  
12.6471  11.3211  
17.5128  25.7015  
10.9573  16.3955  
17.2089  13.0352  
12.254  24.9077  
18.8743  15.7865  
23.3965  15.4618  
13.6329  27.8441  
19.5304  23.2389  
27.6004  14.609  
16.6332  7.01712  
34.5961  15.9824  
15.7266  25.1141  
24.1539  31.8477  
39.8101  25.2456  
19.2708  18.9766  
21.3363  21.7291  
10.106  9.8393  
11.8741  28.9061  
32.5065  21.7079  
16.1952  13.6124  
12.3438  36.3136  
15.4951  28.3446  
32.7532  10.4362  
20.7464  17.2735  
15.5476  18.0382  
14.3579  14.8212  
19.1603  12.6479  
28.748  10.8012  
13.9135  22.021  
26.5967  28.3077  
27.0868  13.646  
27.8519  7.42501  
14.2012  24.7515  
23.477  17.2989  
16.0834  15.6992  
12.0002  20.7029  
7.87424  7.09256  
26.5486  19.0292  
12.2232  20.4662  
38.9903  16.4874  
25.0181  13.0061  
30.4962  22.6728  
14.2075  9.89419  
13.7564  35.4873  
15.2321  22.9575  
19.5059  29.1613  
44.6084  23.1181  
29.0463  28.5667  
11.2842  16.4235  
21.9404  15.1738  
18.3434  26.9152  
14.46  10.4475  
25.212  25.6498  
23.6922  26.6105  
29.7403  21.9364  
11.2279  8.38169  
21.2892  21.3646  
9.7891  30.3669  
20.6803  14.5929  
24.5877  23.9386  
15.5814  16.7499  
27.1911  12.4231  
35.3749  8.74893  
30.7184  7.98887  
26.4585  9.00984  
10.8144  26.9118  
8.46513  8.5584  
6.13758  14.1469  
30.0397  23.5691  
34.7991  13.0646  
6.56648  12.6539  
19.9422  21.734  
20.8258  10.4075  
21.4712  5.31662  
8.20454  15.2501  
17.6705  20.9409  
13.8122  7.88178  
27.455  15.2472  
24.0376  16.3736  
20.8136  20.8382  
13.0773  13.8222  
13.8178  18.2903  
5.6225  14.7234  
29.4666  11.8966  
32.005  30.1413  
9.38849  14.6466  
9.59874  29.8221  
25.364  25.2163  
16.3639  18.6838  
30.2115  7.75981  
28.1433  25.6051  
11.9828  27.8238  
7.45743  13.3418  
19.04  24.1283  
17.6622  8.95529  
22.2129  12.2019  
11.0205  11.3399  
24.2025  10.7695  
18.0306  22.0786  
26.9121  15.4389  
15.0455  42.8662  
16.4467  6.77701  
16.614  15.3905  
18.1836  7.43238  
24.8923  10.572  
20.1599  16.1239  
9.78166  22.033  
8.8439  18.5755  
23.4395  18.6923  
26.9947  18.115  
11.6028  37.4475  
21.5842  8.06085  
9.37411  38.6193  
20.9939  22.3875  
19.8192  19.4508  
10.3916  14.8173  
24.5322  25.5204  
7.30431  12.3063  
8.19382  7.38889  
13.9747  14.5653  
12.5978  22.5086  
20.5448  7.54884  
6.33404  7.18731  
43.0284  28.1696  
33.1026  16.2098  
31.3631  21.4164  
22.5208  12.5399  
25.3  18.0341  
21.7494  17.2366  
21.2839  13.8427  
18.0266  27.9445  
11.9653  7.54653  
30.6909  22.6218  
6.86551  13.2941  
22.8798  14.7007  
22.7343  25.8292  
22.1493  12.6976  
20.3821  16.5491  
7.28624  19.3621  
15.1148  9.18151  
18.5048  37.6914  
20.3213  39.5534  
26.2824  17.3015  
16.6915  24.299  
35.0014  24.3403  
27.2243  26.6422  
37.2881  23.8407  
16.8223  15.3421  
21.8403  10.8585  
14.6399  32.7791  
12.8492  14.6433  
18.0631  28.3867  
22.2639  11.7158  
21.9243  17.8111  
29.053  26.1285  
15.5458  22.8504  
27.4732  23.4678  
20.8075  41.1649  
38.6922  15.3145  
7.45586  18.5923  
4.93993  19.1503  
15.7641  10.1667  
15.1739  25.7455  
15.7119  17.4153  
17.6767  12.1283  
15.1622  15.7079  
4.92559  16.2277  
11.7049  11.9867  
10.1293  23.6196  
37.0572  15.9332  
22.0949  20.8167  
25.2772  12.5619  
37.2812  29.4163  
8.18701  16.0342  
30.2237  23.0657  
10.3243  14.1094  
6.36196  18.087  
19.784  6.86516  
12.5331  17.9754  
12.4606  6.16524  
18.5274  15.9352  
11.3988  11.6362  
7.60633  16.5872  
30.6268  16.2588  
20.238  19.7283  
15.8691  21.1905  
30.3664  10.9483  
10.2074  13.5627  
27.1933  24.0594  
10.8364  12.8596  
19.2406  14.7753  
21.3196  23.0764  
17.3754  16.9264  
9.32775  27.195  
11.9461  31.3478  
21.4973  6.5942  
10.0791  20.0317  
16.9131  12.4695  
19.6766  15.4152  
23.4035  20.356  
36.8215  30.354  
9.89105  9.91659  
9.96602  13.4993  
8.28859  15.5024  
34.4566  11.6033  
12.2531  34.1073  
10.5695  10.3061  
31.6469  9.48367  
26.1571  23.653  
16.2795  23.8307  
14.4782  25.3706  
14.9047  34.2964  
20.6103  17.3342  
7.60993  9.60501  
13.3516  19.1985  
15.2601  10.4184  
33.9219  13.5577  
20.0024  18.5035  
25.8349  7.5351  
25.7023  9.8559  
28.3052  11.9428  
27.5863  26.3891  
19.8684  30.7858  
15.4238  7.20963  
39.7572  21.8481  
22.2982  26.496  
13.1681  10.37  
14.2698  16.326  
15.8455  37.8305  
13.8198  7.76165  
13.8336  7.79117  
18.7406  9.40158  
23.6108  15.1797  
28.0625  18.3768  
20.4621  9.05827  
22.6226  20.4923  
3.83825  16.7584  
13.677  15.6075  
15.7087  8.52291  
17.7058  11.7789  
7.70699  18.8207  
8.43934  9.59643  
14.9849  20.4974  
24.5369  11.5582  
22.9367  10.8964  
15.4838  30.2856  
17.0666  12.9688  
33.6676  10.4145  
19.1412  10.8514  
24.2957  18.6965  
25.7784  11.8187  
22.12  25.0838  
10.4497  17.9756  
32.2587  31.4904  
11.2458  7.70575  
30.4358  19.168  
12.8653  15.4663  
9.78037  18.7524  
17.765  8.31741  
28.8738  14.976  
16.1075  17.8022  
32.8079  29.3966  
26.0808  22.6576  
29.0122  6.90989  
15.426  7.97894  
18.209  36.1334  
36.82  6.05659  
28.6237  26.5835  
33.9965  8.66327  
28.4064  23.2521  
24.4925  28.1839  
10.1987  11.6126  
26.0814  8.30642  
11.198  6.63869  
16.2057  17.4543  
21.0914  8.71069  
15.7644  22.0071  
21.0826  8.86474  
8.81131  9.88078  
28.7463  10.3826  
8.49779  24.5373  
21.9166  7.63348  
7.76204  33.0864  
14.886  22.5019  
15.2132  13.5838  
11.8611  15.7361  
18.8491  8.19835  
34.293  28.8211  
24.6049  8.8748  
28.4769  20.997  
13.7018  41.5065  
25.3665  6.50935  
35.4322  13.6569  
28.4504  4.1928  
26.1171  13.2667  
23.5631  27.0114  
18.8849  35.7923  
26.5256  16.1688  
11.0061  21.7192  
26.5671  8.44928  
20.5074  23.205  
44.3755  15.8308  
21.745  12.4561  
24.7137  10.0192  
26.8452  16.4604  
19.841  17.8649  
25.4194  24.6059  
25.0771  17.9846  
33.924  7.44169  
34.9372  17.235  
14.4901  10.7782  
21.0878  9.10201  
14.8504  28.4197  
21.6646  9.79635  
16.3715  17.2035  
29.5416  17.8482  
17.9554  22.2732  
13.8969  15.4092  
25.397  21.2876  
8.09443  30.5756  
22.0717  21.6764  
8.01638  14.7944  
19.5038  18.1267  
22.0043  28.971  
21.9081  22.6879  
29.104  23.3918  
19.0375  20.4551  
18.0276  8.26238  
8.68098  25.3093  
17.3863  11.0557  
14.2409  21.8991  
18.1957  15.9564  
11.9693  15.0227  
15.9702  19.2146  
24.8745  12.1946  
24.0039  11.9661  
14.5733  17.667  
10.735  6.83843  
20.969  17.4992  
17.2305  25.4725  
20.4277  22.0985  
22.4625  23.6079  
38.9376  23.5456  
16.9641  20.0459  
13.893  29.5958  
26.8041  22.5862  
16.844  17.5391  
27.6829  16.7398  
20.2357  28.9005  
18.8117  21.9677  
13.875  23.3839  
21.1399  11.0414  
31.5106  8.76468  
6.53939  15.9946  
10.8527  16.457  
5.52065  9.91678  
16.7012  19.0976  
21.9501  15.6871  
8.33705  33.5341  
21.7527  10.6376  
13.9526  17.7169  
12.6401  14.7794  
9.75888  10.9626  
35.7509  48.5045  
22.4359  12.3985  
14.0315  24.5193  
23.6065  18.5054  
23.9577  45.9503  
21.6164  33.3055  
31.194  21.6251  
33.9308  18.7556  
12.7995  20.8851  
20.9501  39.0081  
19.6629  5.51267  
24.0664  2.58314  
30.8184  7.047  
28.7345  7.47551  
28.1304  27.2921  
9.33685  24.4664  
18.0211  38.2905  
24.4951  14.7733  
12.1891  14.6444  
30.7916  10.7335  
28.3605  15.5045  
15.8114  29.7798  
8.58664  17.9553  
10.5115  10.2547  
16.9504  27.1945  
28.8455  8.32367  
11.7076  11.5578  
7.78618  10.0049  
20.3921  11.3422  
23.0813  29.4164  
9.14285  9.34607  
19.0195  18.5509  
19.3828  20.7625  
22.5317  13.3436  
29.0878  23.1725  
31.3371  21.5944  
22.6689  32.7587  
20.8063  10.2195  
25.5842  13.9886  
20.4167  19.6517  
19.9873  25.9442  
13.3917  21.8547  
25.883  5.6804  
26.6572  9.98516  
20.6019  9.98295  
14.1822  19.3406  
25.3453  11.9575  
28.8847  13.5743  
22.8321  13.9091  
26.3279  19.8507  
25.4161  32.6612  
6.79815  12.9031  
7.78358  11.8284  
9.8461  26.3165  
7.40258  6.11927  
19.3978  14.3778  
33.9655  12.4586  
26.6664  20.9134  
7.16923  23.1594  
26.1956  18.8719  
8.3951  23.2789  
20.9362  22.4502  
11.672  29.0153  
24.8897  16.5916  
17.8623  22.2009  
12.2396  8.74672  
21.3097  26.0704  
17.9731  10.6159  
19.4792  2.87317  
8.05789  21.2464  
25.6994  34.6777  
15.301  29.9771  
34.4701  18.8318  
16.3085  30.5072  
33.6958  15.7431  
7.13713  18.9937  
26.4365  31.3418  
30.8185  27.3691  
31.685  12.8014  
20.682  35.1771  
12.5289  14.276  
5.9971  13.6094  
17.2816  17.4117  
7.602  19.0719  
10.1491  16.8361  
11.0877  18.7488  
37.9299  17.9483  
8.58655  16.2346  
17.8008  17.5245  
23.9895  13.4654  
10.3458  10.3087  
30.6497  35.3446  
14.3048  7.20317  
32.366  22.1198  
24.4136  10.2032  
30.3532  10.0094  
28.8129  20.923  
26.8164  14.2891  
10.1752  23.2294  
19.8832  28.4874  
23.0255  16.3461  
19.4635  15.7535  
20.4224  23.0541  
6.96166  10.4844  
8.24025  11.458  
14.6506  23.513  
27.3175  20.722  
17.2612  28.4044  
7.91667  10.6038  
24.6843  27.7484  
9.69424  5.52299  
31.4685  21.7701  
11.424  22.9146  
9.35012  13.7275  
10.7415  10.1652  
38.4519  18.2367  
14.286  5.34817  
13.3733  19.3843  
17.1869  20.0717  
30.1786  29.2036  
22.0794  16.598  
21.0724  14.629  
14.6586  18.5955  
13.2719  9.04522  
32.0851  26.4092  
32.7592  4.02618  
37.0598  26.2536  
32.8648  21.1731  
20.0268  14.0721  
15.0088  22.3593  
7.00337  7.49081  
27.9904  23.9182  
16.3807  17.5516  
21.1406  22.3137  
18.4866  18.6048  
32.3595  37.731  
8.93422  20.5842  
23.949  26.3962  
24.9231  12.6763  
27.2055  8.1287  
32.4873  9.23545  
31.132  26.3693  
36.3361  40.6159  
15.9179  17.8899  
5.77049  18.8798  
20.4715  13.0564  
21.0828  17.7653  
21.6029  35.3456  
3.20812  11.0565  
15.5476  7.53956  
26.3215  17.6511  
17.8078  22.9488  
19.0284  21.6463  
12.4785  23.3347  
11.3897  17.7697  
31.8478  13.4818  
17.6028  31.3382  
9.69017  21.1403  
15.6774  26.279  
15.1111  9.18006  
9.76871  7.61031  
26.6255  18.0614  
26.1777  14.29  
9.54493  12.0964  
9.08274  26.9583  
21.1939  13.3741  
29.6188  22.4869  
16.9843  13.9811  
18.803  24.7575  
12.3078  8.09912  
11.3976  26.0472  
13.966  22.7218  
21.8723  22.1793  
15.1376  6.69238  
24.8683  14.1652  
26.1925  5.32169  
21.1912  19.1148  
22.2516  37.0527  
20.5796  32.2554  
17.286  29.0176  
19.5161  7.43765  
22.1718  21.5956  
7.8181  34.8409  
9.32633  9.92157  
15.7762  4.90608  
14.679  18.3534  
21.0872  19.4267  
17.0838  25.0068  
12.1176  15.3078  
22.0125  35.0609  
16.1714  24.7012  
6.29358  5.48968  
17.9513  28.7466  
11.8863  10.9662  
7.06649  18.0201  
25.6646  25.0069  
40.6467  16.229  
36.2373  9.83835  
17.1704  41.3268  
17.4222  9.00449  
21.781  26.1742  
9.453  12.3001  
6.94515  8.22771  
17.5514  13.3967  
32.8309  20.6969  
8.29957  23.3355  
30.1555  7.67069  
41.6642  6.74027  
10.3677  12.1138  
26.6432  7.54853  
13.9538  18.2858  
9.05319  6.58198  
31.7948  28.1544  
15.174  9.71369  
12.3137  7.041  
17.2114  16.1987  
22.4214  11.9864  
22.4051  11.8169  
11.3626  23.0551  
