11.9802  18.1429  12.6009  
14.3088  11.9284  11.7055  
10.2173  14.8091  9.83951  
16.4824  3.23245  14.7962  
27.9679  4.10987  22.2586  
7.4893  10.6595  1.57205  
29.3326  11.1379  15.1162  
14.1343  12.0273  15.3125  
6.2823  1.84106  7.14632  
11.7823  5.1475  25.414  
17.2985  2.86048  16.5826  
11.3506  12.6808  19.3635  
17.1828  3.3011  6.81431  
1.83296  0.729124  11.3223  
6.75762  20.7743  19.8187  
17.2448  3.22134  13.0593  
18.7935  12.3704  22.7752  
19.1738  12.4724  10.0927  
13.477  12.3304  6.8636  
20.5931  18.0303  10.6695  
13.4719  9.32461  11.7856  
8.17542  11.8852  8.14967  
11.2657  16.3004  15.7925  
15.8644  9.73618  9.70615  
23.5791  5.90245  15.8379  
12.3579  23.8232  2.88845  
2.85666  1.00651  18.7265  
9.73767  18.0472  7.61932  
27.3805  3.56876  19.1563  
4.24128  13.8197  21.9921  
18.9863  9.04771  19.4102  
19.2654  14.0516  13.3664  
35.6302  1.01399  9.26404  
20.3662  8.02993  15.5433  
10.327  9.78945  16.0166  
5.82667  3.28405  19.2037  
18.846  12.3375  3.91535  
22.4894  1.808  5.06262  
12.6251  2.11896  9.84339  
11.709  1.03544  20.9458  
5.06002  9.45229  11.8989  
15.2068  14.0108  2.7144  
17.2231  20.1459  10.136  
23.1919  25.2196  17.4851  
10.5324  16.7497  6.38637  
8.52115  7.81237  3.0861  
15.998  17.5508  5.12323  
4.3167  10.0287  10.6879  
17.2089  10.1334  40.6806  
4.62311  7.34953  0.755871  
7.46085  7.3318  18.7825  
16.6024  9.6556  16.5854  
13.1521  1.34025  3.0908  
9.07125  8.05309  17.8398  
4.06069  7.09691  15.4923  
15.851  1.4976  29.066  
5.1442  11.2962  5.8574  
5.54052  17.2901  8.72446  
2.15943  1.89579  11.5969  
11.3123  42.3222  4.08081  
15.2491  2.37062  24.1052  
15.6786  5.91478  31.9672  
22.9981  36.505  7.33572  
6.42391  8.84797  8.94736  
2.37687  4.57781  4.5207  
15.8125  14.2413  13.8933  
6.20864  5.13248  6.6621  
9.04717  5.65932  9.55105  
0.745649  2.01899  16.0625  
13.2177  12.501  25.5044  
11.6094  5.38932  10.5121  
8.68919  17.4416  18.3578  
10.6267  17.5788  13.4345  
4.74143  11.8988  17.0201  
17.7466  23.5097  11.6026  
16.7964  23.4827  9.86534  
15.7524  32.5623  8.55801  
5.78516  41.3054  9.43843  
4.57076  0.945099  6.77648  
19.7208  5.72202  9.53744  
1.84826  14.7537  19.6244  
20.3787  1.64491  10.9304  
3.31052  6.82436  6.68665  
17.8138  13.4067  5.82912  
13.1842  2.72233  19.1268  
13.5914  21.4963  2.00429  
16.7638  39.5617  13.5861  
15.6345  2.09999  13.3101  
13.2632  4.39034  9.75812  
7.4502  1.09319  21.5598  
19.8887  6.49017  18.4818  
11.7876  28.1232  9.95168  
1.00689  10.345  7.96821  
4.97227  7.20759  14.834  
11.9789  0.776595  20.948  
21.3144  19.6596  12.48  
14.911  11.3432  14.7673  
10.2396  3.09275  18.0401  
3.93062  9.45805  6.31967  
12.6158  5.36072  9.50317  
20.2728  12.7017  14.4344  
15.9123  3.26515  3.82156  
15.5127  14.4648  13.6764  
7.5108  14.8332  9.47603  
12.8081  9.48763  21.3926  
17.7909  3.02448  16.7002  
10.6447  13.3353  5.14544  
18.8873  0.763633  15.33  
20.7284  2.05283  14.6129  
23.2155  13.0036  17.7355  
14.3123  17.5922  9.59844  
3.15654  2.3061  3.26943  
10.4294  1.9835  7.9804  
5.36469  20.02  3.83192  
13.1379  3.03125  16.9635  
14.4049  26.9297  10.0138  
14.5506  11.7985  6.55774  
14.8401  5.4843  10.9393  
2.80045  21.3092  2.7276  
16.0732  11.032  6.82526  
12.6597  25.2022  11.5187  
19.5221  4.95027  6.18919  
1.77558  3.02206  2.05434  
19.7629  1.58115  26.512  
4.38553  16.7879  16.6383  
6.76364  13.3545  5.35279  
5.73209  30.3442  5.04324  
17.9738  12.9168  19.3225  
1.49846  14.7308  10.5679  
4.19007  43.7296  14.8613  
12.8472  10.5497  8.11829  
0.727926  4.17896  18.0482  
9.30426  6.75342  11.2118  
32.3502  12.8487  5.40318  
4.04201  33.3707  9.41578  
5.52924  22.4907  9.45312  
6.44289  16.5127  20.3344  
8.30291  13.7237  17.9648  
1.22102  24.5566  23.0375  
11.158  24.5373  8.64151  
7.08151  20.678  13.3705  
5.35364  1.28294  18.8965  
7.01879  12.0913  20.1676  
7.2168  15.078  6.2669  
19.9494  14.7669  3.72099  
20.1264  6.41821  8.10638  
18.0351  15.5361  15.4762  
2.92841  23.0295  8.35683  
20.3351  11.8047  15.5402  
7.06141  16.8905  13.255  
24.1359  4.03377  9.65625  
31.4282  6.27031  13.5124  
12.7436  16.6438  6.24013  
16.0364  7.18238  13.7002  
4.96864  9.43965  12.7481  
19.4249  21.008  18.33  
9.46185  16.0372  11.5564  
12.5594  17.4567  7.02463  
13.9895  8.46601  26.7434  
22.9499  23.3594  10.7495  
11.8185  34.6687  11.7471  
14.2091  11.8857  29.3617  
12.0883  12.953  11.4203  
10.5842  15.9905  11.5189  
13.2584  27.0781  5.03204  
5.96385  0.373437  22.2718  
6.12084  4.93208  10.3844  
7.97486  16.578  8.48693  
29.7344  19.9772  5.42787  
17.0467  22.9543  25.062  
4.11482  10.5161  9.98275  
8.51533  5.4692  10.0298  
12.1132  13.2045  14.5717  
0.852987  14.2795  9.6711  
13.5853  6.64679  8.29423  
18.1675  8.55759  14.485  
9.60618  11.1505  21.0336  
9.63856  43.1245  14.9681  
7.12215  9.51902  11.3606  
12.3375  6.75001  17.9251  
6.15865  12.9083  14.1513  
14.7558  9.12708  8.1603  
7.17405  16.0658  10.073  
29.4016  1.2859  18.4996  
18.44  2.08384  9.30757  
10.9002  16.0483  7.76666  
12.3119  22.607  12.8954  
9.67841  10.8922  11.0809  
2.67294  7.58666  2.34974  
21.1134  11.8468  2.96754  
5.67837  2.98963  3.15422  
21.0304  10.018  23.1312  
29.6493  14.8105  22.2815  
15.546  6.46519  17.7963  
12.9023  16.1848  16.4746  
16.7098  11.4519  12.0881  
4.322  0.438167  16.3492  
11.7835  8.74271  15.6634  
6.61296  5.44459  16.4381  
8.61423  7.11336  12.4207  
15.4505  19.7488  5.56959  
19.7858  0.578458  11.0869  
23.2662  12.1177  12.4274  
10.4874  13.6023  6.15031  
13.4353  23.6095  20.3721  
4.37629  15.2144  20.9891  
10.2518  3.59923  12.7528  
11.5809  27.6773  10.1913  
34.3878  4.04409  7.99914  
10.242  8.5189  13.1173  
19.2895  28.2601  23.2942  
11.2786  10.8233  23.3717  
2.76244  19.1639  11.5428  
17.6729  30.664  5.99758  
5.1978  20.9725  18.866  
17.8442  3.56978  18.2127  
1.20254  2.42273  8.28376  
8.3681  14.0681  27.4976  
15.3069  17.2457  17.2198  
10.6708  32.8751  17.2781  
7.19322  21.0739  11.8005  
15.979  3.91247  4.18353  
4.43889  5.5195  8.79504  
10.2103  19.231  15.3566  
15.9771  10.9712  21.6358  
10.1214  5.94448  11.1176  
12.4973  25.0461  21.4623  
6.6933  2.48402  17.6096  
5.96306  13.0946  17.1335  
2.20234  23.9097  23.1642  
15.7725  5.80045  8.70724  
13.2298  12.4679  6.57772  
2.20742  3.23368  4.75955  
3.08754  10.6192  26.6165  
10.0608  9.15433  8.38497  
23.5476  15.4665  16.0573  
0.925652  10.543  7.87723  
22.9361  12.3547  26.4837  
19.0622  13.9889  8.57315  
13.9247  15.9406  3.50957  
14.521  34.2513  24.5865  
5.66886  24.4269  16.8935  
20.4696  3.55152  17.9176  
4.25972  24.6937  14.5199  
21.2126  17.979  11.8683  
15.2906  10.556  8.6463  
9.44772  5.62266  1.93745  
15.4054  6.16179  12.9704  
1.65996  1.62595  13.0733  
23.8574  0.628604  8.73879  
13.9133  10.2871  12.0869  
10.0597  3.28146  7.97317  
17.3722  17.4856  23.5402  
5.98575  17.5629  6.75254  
2.4821  22.065  24.4717  
10.346  5.00927  2.9019  
12.3164  5.28298  9.22902  
4.39164  14.5516  0.692827  
1.4519  6.85422  14.8329  
22.1793  9.42776  6.47641  
8.45617  11.9695  2.41713  
10.5559  30.5466  14.1141  
7.19172  10.0731  7.39218  
15.3147  17.3566  6.68782  
9.13248  9.98046  17.9475  
19.0817  9.84803  3.87622  
5.66059  11.4741  26.0197  
20.0181  11.2139  14.5306  
9.28424  4.22487  26.9425  
13.6068  4.33129  18.9608  
41.3308  5.33029  12.8818  
14.9575  18.8028  17.51  
19.825  10.6846  22.8736  
8.13942  14.8277  6.55998  
10.8062  10.8835  13.5775  
17.8118  9.05495  24.5566  
32.7377  23.1342  10.5422  
12.6571  13.7919  4.93502  
1.55974  7.83916  10.5582  
5.54868  10.6721  17.0461  
16.2858  15.1573  8.38275  
13.351  4.90214  12.3911  
9.03686  1.61241  7.33324  
10.3253  6.75648  1.75422  
11.0899  30.6954  14.0468  
1.21942  5.31124  22.052  
13.1392  22.7109  8.1173  
17.6301  22.0455  19.458  
11.3213  14.4549  3.7102  
24.4995  20.7003  6.93226  
19.1321  13.009  10.6486  
4.63224  1.32277  11.435  
15.9924  2.41531  4.65008  
19.9237  15.7267  16.5419  
15.3547  1.09912  14.4109  
6.21343  15.5989  23.9398  
27.6108  20.5325  15.4285  
9.97062  12.6155  20.5604  
11.485  11.0217  30.2509  
12.6949  18.0448  10.2286  
6.62221  16.6534  31.7542  
19.3745  11.3599  5.51372  
9.69003  5.24556  14.712  
10.6789  22.1368  20.6127  
12.4489  19.9734  9.31994  
6.93613  14.9742  22.3722  
15.4708  13.7407  11.0045  
22.2724  23.2189  10.2281  
5.77211  12.4497  22.5367  
9.0578  8.6062  7.00195  
9.72778  1.71168  18.872  
16.8982  17.0423  5.19419  
10.0709  24.4554  12.6512  
10.8554  7.95546  4.73227  
6.02671  9.64074  23.4914  
2.45797  24.1079  16.4036  
22.8632  25.3526  5.07391  
29.3018  4.45248  26.9345  
8.11533  21.2129  6.93912  
12.7311  7.85988  13.3131  
13.9993  1.98941  9.1139  
15.6708  20.3545  18.4  
16.2773  34.543  8.82485  
18.6417  11.9369  5.1473  
19.2989  2.13661  20.2928  
18.7589  14.8961  3.7028  
13.128  20.2901  1.7297  
3.3488  17.8973  23.9619  
9.96163  21.9324  5.02573  
7.82827  14.0796  23.7701  
16.9441  5.2979  5.84259  
11.8172  14.1607  5.14254  
12.7179  14.2659  15.2156  
16.7338  17.0827  9.12302  
20.33  1.91909  18.4012  
15.5466  8.6938  11.773  
7.44379  13.8512  8.43784  
18.0567  12.497  18.436  
3.18663  8.51562  21.9774  
20.1819  11.0545  11.8795  
25.2011  8.00858  18.9666  
10.2487  10.5194  19.4457  
10.3863  3.49523  21.0179  
7.7235  7.48279  15.0178  
10.3773  14.6881  11.2354  
8.20804  11.7691  15.4904  
9.7983  17.3264  9.57445  
20.2018  24.8751  11.5131  
17.5388  15.1231  15.2545  
7.30786  13.7835  17.6002  
13.6356  2.78757  4.35544  
32.7757  3.35546  6.20568  
4.17529  5.36279  4.06605  
15.57  14.9012  13.1143  
13.2024  24.6914  13.0968  
5.63116  7.41477  21.7047  
11.9477  22.9063  17.0128  
5.61097  19.5678  14.8893  
5.89315  24.9574  15.5472  
8.65205  1.94491  2.70914  
15.6928  24.4679  17.8592  
23.3819  19.8512  11.7483  
14.3241  5.96828  12.0437  
3.91135  3.23687  18.6421  
13.1606  16.6863  13.2057  
3.29277  14.1174  18.2079  
5.79588  2.44864  12.0788  
20.6689  13.3052  4.22884  
14.5238  1.04404  16.9657  
18.6383  17.1497  4.89005  
23.8339  18.0181  17.4841  
10.554  5.60092  14.1759  
18.2023  7.41646  21.9848  
14.7833  11.1316  9.96539  
3.89457  0.37815  10.1597  
31.7257  22.2789  18.8546  
17.253  9.1379  13.9729  
25.3899  4.86347  20.7991  
11.0239  0.327545  1.18821  
17.0326  1.78607  0.645428  
5.98269  14.3206  8.16372  
20.0744  24.7073  7.59544  
29.2211  18.2856  7.95961  
12.2245  14.927  22.3477  
18.4597  2.46853  25.7456  
6.87794  10.19  20.3886  
10.8912  15.8753  19.5956  
18.768  0.458077  21.633  
10.6869  7.49568  3.18101  
5.55231  9.33446  1.80559  
13.247  3.10667  45.8606  
38.3338  4.94971  13.914  
18.607  9.01038  35.6092  
8.20499  15.7145  20.8354  
8.82977  11.9148  9.00879  
11.3961  8.83349  7.41698  
14.5387  35.9268  17.2395  
22.4167  13.293  11.3956  
15.7533  3.70232  12.1144  
33.7219  12.8082  19.5615  
13.1429  5.85055  8.37385  
12.7263  7.32263  9.0039  
15.6624  16.8548  3.91723  
7.52915  15.7694  6.31118  
16.0155  4.36462  3.46776  
21.7978  11.4519  16.5311  
13.2837  3.13819  14.3995  
4.63248  0.956831  16.1266  
20.3881  2.43755  9.61727  
6.28798  7.68609  11.993  
6.96143  2.67414  9.00392  
17.9165  19.9429  7.73087  
15.7427  10.0183  13.4534  
17.7909  11.4526  6.83591  
21.1371  9.20382  2.2462  
18.6677  14.9649  2.76991  
6.30899  16.523  23.0171  
4.75622  1.44564  20.8918  
12.9957  4.30844  19.8698  
14.792  10.9306  7.83481  
28.8686  1.84712  3.44239  
11.7077  27.6914  15.0847  
24.3505  25.6405  12.6698  
11.9239  2.88697  20.2844  
11.9584  11.8599  26.3638  
7.03609  17.9697  7.26726  
27.5347  7.56433  4.24375  
19.844  15.6578  22.3398  
9.56806  18.2321  7.36166  
10.6092  13.6729  2.79907  
4.72834  28.8289  36.3948  
15.3269  2.01167  5.29074  
19.7516  3.7272  12.585  
8.04285  7.5586  19.3981  
18.121  28.0911  7.80831  
12.9336  6.26858  10.4541  
5.22459  1.77049  2.61076  
8.82555  15.6738  25.7323  
7.89084  19.9494  18.4211  
4.08892  1.62061  18.2782  
7.55675  23.5685  11.2233  
4.12297  21.6812  16.6615  
10.9339  5.36488  9.20887  
7.56485  11.485  17.6371  
4.62066  7.25072  14.7708  
18.8267  14.4504  12.5874  
2.4737  10.6056  19.2261  
7.67016  19.8589  9.59244  
12.8059  6.90466  6.88587  
18.6771  18.8389  23.7788  
14.2237  13.4693  8.09342  
20.162  0.577393  13.6096  
25.0451  7.09553  16.7025  
0.902927  3.74793  5.62122  
14.4889  12.8542  17.7625  
3.76581  18.6549  2.30577  
28.0948  30.5612  15.9426  
6.6426  14.2441  6.85869  
9.85886  4.81186  5.06321  
19.1074  11.6809  4.80731  
8.71236  21.8256  4.7683  
8.94442  3.89452  10.7789  
18.1531  0.876693  4.89725  
23.0066  4.96555  7.06736  
26.1763  1.4793  6.65156  
4.0112  8.69611  12.4363  
3.09924  4.96663  9.96132  
4.25041  5.55796  10.1083  
14.3344  6.94828  19.7078  
26.8614  0.642766  29.2592  
11.1285  2.44768  10.9474  
18.2607  14.5064  16.3748  
11.9175  15.18  8.82703  
11.7943  5.17834  5.36866  
13.9442  12.6977  13.259  
4.38006  3.61594  23.6572  
17.7949  25.1306  5.49894  
21.6542  39.6186  20.8978  
0.669502  12.7219  17.5479  
17.2609  15.5088  12.9305  
28.5124  6.0973  18.0836  
14.9556  18.822  21.3101  
9.53426  12.955  6.43851  
11.4196  5.96196  3.36905  
8.03691  18.6193  11.3346  
4.61117  10.5826  22.2625  
4.95114  0.897359  9.49001  
24.5372  17.9178  8.22905  
6.28532  1.76625  26.8063  
6.9953  9.58434  10.3999  
9.70429  29.8592  16.356  
7.5331  2.91049  16.9381  
3.65558  9.26724  5.89653  
15.7733  15.3095  21.6881  
4.67106  1.92564  3.93145  
11.964  15.5951  10.3164  
9.11594  24.0966  3.90915  
7.13204  8.39221  14.6912  
12.7744  10.6322  2.92231  
9.00828  9.20729  39.998  
0.989672  27.116  23.3949  
21.5387  13.7714  15.467  
11.7285  11.5852  16.9939  
25.1575  23.1601  13.7754  
8.22847  2.03094  24.2915  
12.8297  13.1496  11.6171  
5.74679  22.827  22.76  
8.04045  6.69429  7.21244  
6.87708  22.9049  15.4273  
16.9694  6.60276  18.2798  
15.4559  11.5368  11.2947  
8.04006  12.3917  3.23577  
6.49778  14.8679  8.07887  
17.0248  18.3836  7.95874  
16.9096  2.33993  21.0029  
20.3308  19.9763  12.5653  
25.1115  7.38062  8.87394  
11.6927  18.8283  17.7125  
11.8324  2.21612  10.9366  
10.333  16.2851  1.76282  
12.3238  17.0347  12.5194  
7.24343  0.792127  11.6049  
1.01072  19.1128  16.4053  
9.0711  13.3069  10.2417  
4.3338  6.07367  12.7431  
25.6144  3.749  17.6254  
14.8815  21.5752  8.59387  
15.8584  14.3651  26.4483  
11.0649  13.3107  1.58524  
22.8228  6.88643  11.8611  
14.0858  12.5763  8.65115  
7.54252  16.5285  9.74394  
16.6741  5.65829  10.375  
15.6845  4.70999  14.9896  
3.03292  13.3864  26.4232  
5.99858  5.21817  16.0749  
6.10897  6.93212  12.0928  
21.3423  24.5898  29.6703  
10.8195  22.6103  20.5777  
4.85929  15.2028  8.92243  
21.8637  16.5725  13.2385  
1.65679  12.0197  9.1025  
6.79721  9.92701  13.317  
17.7632  6.38223  23.2743  
6.16184  6.9603  23.1431  
12.2963  14.4841  6.4347  
16.4637  28.2641  13.9706  
6.88748  6.98491  3.94214  
12.6666  11.1826  20.1301  
1.40426  7.48069  16.3417  
7.16595  12.4638  26.2422  
13.4341  8.67289  5.79637  
18.5451  6.63133  20.4917  
13.4969  9.22754  3.83201  
6.32362  11.9335  23.2371  
10.7856  17.2758  15.775  
2.20727  12.3565  15.4273  
7.89895  5.79045  3.89513  
7.98511  0.801872  6.28272  
8.50369  1.77357  6.37789  
24.6733  1.63567  16.172  
9.33845  13.2569  10.6301  
2.66587  27.4966  22.2525  
13.2892  3.65268  36.76  
17.5667  19.1521  20.2738  
4.57998  1.11116  8.74063  
9.61441  8.76544  16.0625  
6.61044  20.0971  8.72534  
8.29201  5.48329  11.1089  
3.56034  2.95829  14.2931  
12.8565  11.4253  20.9971  
18.6081  15.2709  10.0194  
26.3077  0.623127  11.3039  
3.28336  5.8325  24.4239  
13.968  7.14112  7.95938  
12.0908  10.1625  12.5056  
15.9925  25.5657  6.10858  
19.0957  7.64884  13.0069  
5.88959  4.15337  17.2982  
13.6758  18.4453  12.8929  
13.801  0.434398  1.0517  
5.13192  11.9861  7.48984  
4.09907  0.283189  10.3068  
6.42866  3.71062  13.2136  
1.14273  10.947  10.5267  
24.2943  10.5473  7.29206  
10.3368  10.3612  10.7392  
12.9315  0.877509  14.2373  
7.02565  25.8559  8.044  
7.97553  28.2826  23.6078  
13.5484  1.04873  10.9739  
16.0527  5.63979  18.6936  
17.8054  8.19892  1.68537  
7.71664  12.8725  3.31996  
3.58034  16.8513  9.95622  
2.75119  14.16  9.00468  
13.0932  7.32022  7.30842  
9.97508  18.1298  19.6217  
12.7606  31.716  7.75082  
10.0571  7.04092  12.8545  
6.85516  2.35731  16.4897  
1.0755  1.24779  9.76929  
13.6006  11.5334  15.3611  
39.6915  7.82808  4.6616  
15.1002  7.89424  18.9793  
13.0183  19.323  5.04089  
6.77212  0.788982  18.566  
11.0233  15.8262  14.1068  
13.524  8.51519  12.5181  
9.1322  23.5666  20.0254  
9.48389  18.6096  2.79945  
3.39858  13.7406  4.27051  
5.59278  16.615  3.68899  
18.11  1.86339  2.63849  
19.1607  0.544574  15.4455  
8.91923  15.0128  4.61484  
9.67008  19.5334  10.53  
15.7338  1.5849  22.565  
22.7111  5.25146  16.9315  
18.0143  14.8514  2.89494  
12.6092  8.25018  19.3395  
10.5228  3.90637  10.9683  
1.69686  16.5542  22.3055  
21.6308  14.7316  19.2392  
10.4789  3.84442  6.97273  
13.2322  11.3413  12.0073  
4.5731  8.06638  4.80565  
26.8984  4.11466  10.3316  
37.2339  26.4453  21.5324  
9.57629  11.8201  18.1851  
8.0312  13.3971  11.4807  
18.8863  20.9731  14.6983  
8.64406  4.35747  8.88027  
21.7233  19.158  3.85338  
15.4128  17.2097  7.72022  
17.5881  4.09806  21.4279  
20.9976  1.28901  15.9896  
8.80935  0.342795  10.2142  
6.3196  10.5728  25.7539  
1.32339  32.049  16.0252  
7.23389  7.61905  14.6119  
15.892  11.5687  7.78912  
11.4098  15.3635  4.14732  
20.9327  29.8778  10.766  
12.0894  28.5276  16.5944  
16.4156  0.971462  13.7977  
11.3959  8.31375  2.38162  
12.9929  10.1269  11.3293  
12.8422  0.819643  14.3006  
15.2574  29.1494  21.3655  
25.3832  10.5646  31.1087  
8.46643  22.7771  24.1359  
7.39025  1.22596  22.3377  
9.39596  22.4121  20.791  
0.728315  3.86804  13.0637  
14.5646  15.2492  21.939  
11.6605  19.2234  5.09284  
12.2312  13.3019  13.9361  
17.9084  5.26442  14.816  
3.41945  14.4474  23.1456  
10.2125  20.194  18.497  
13.1478  8.90633  2.56541  
11.1696  7.32962  14.6819  
5.524  21.6572  3.90046  
10.6335  1.62431  8.57633  
18.9853  15.3968  11.8645  
12.5278  19.3068  12.8461  
11.6656  1.89661  13.1212  
14.3985  16.1005  1.51919  
27.4726  20.9662  29.2011  
16.9193  15.9381  4.77858  
18.7408  5.11809  15.2908  
28.4808  15.5842  17.4932  
4.49845  27.4513  10.6092  
18.8757  25.7458  8.20544  
10.4629  7.1189  14.5761  
12.6848  24.4508  16.9078  
12.1435  15.2401  13.8722  
14.6736  10.8414  8.8519  
1.68519  11.9524  19.0773  
5.80443  10.0137  15.6098  
14.1689  6.18663  8.24581  
6.44301  2.06399  5.00784  
13.6914  9.60648  7.47225  
3.29701  5.65625  12.1749  
10.5706  19.0009  18.4807  
16.0262  7.98561  33.887  
4.20285  18.3659  20.5109  
18.9461  29.1392  25.491  
10.9792  17.4776  16.7437  
11.2196  16.2034  19.805  
15.1411  17.8874  10.6516  
14.5786  16.6776  17.4456  
5.83604  3.03752  8.97008  
6.92832  20.2101  13.0236  
12.556  8.58919  12.545  
15.1229  7.79811  14.4629  
10.5329  9.80863  11.1439  
3.02163  18.9192  9.66792  
25.6961  3.06684  2.22619  
3.4967  2.26879  9.7973  
18.1266  9.06761  28.7159  
15.1046  11.2209  11.1606  
11.6491  0.99195  5.5627  
1.99422  28.2664  2.66823  
22.0683  13.8241  7.57935  
4.59725  24.9692  14.0853  
22.1274  8.60929  16.6109  
25.9188  3.94906  15.3428  
8.01228  24.9229  18.8584  
12.0197  24.1554  10.9802  
11.514  34.3586  4.72431  
11.7797  8.52864  5.48956  
18.4799  18.701  1.0534  
5.61568  6.20486  16.121  
3.30255  7.07781  5.75499  
3.66087  3.40958  10.1001  
13.5112  14.9591  7.22311  
10.5774  19.2681  21.8921  
6.9351  10.7714  13.5184  
5.69405  5.18269  4.40746  
14.3878  15.9568  14.454  
2.93293  2.61817  17.5837  
7.66779  16.8986  29.2199  
23.3945  8.70296  19.3032  
6.31429  10.7142  15.7817  
15.5098  7.63151  8.89942  
19.1584  6.2238  10.8873  
9.98738  12.776  11.899  
13.6369  17.3145  12.3521  
31.772  22.0641  10.3948  
20.0264  27.0164  4.12032  
5.25101  7.24133  23.8605  
22.1239  12.3865  17.4725  
11.5294  0.683858  10.6433  
15.1589  6.25866  1.92155  
16.1561  0.63942  6.76948  
14.2507  13.2476  13.1506  
6.70945  17.9916  5.50609  
7.4089  7.84511  15.8799  
10.6128  15.5673  17.4328  
20.1901  28.3923  1.56034  
7.22466  0.474705  11.9042  
18.8488  10.4958  13.1754  
5.91906  12.3253  3.60499  
18.3365  1.68083  19.1826  
6.32891  11.3324  23.1376  
8.73365  8.80983  23.093  
23.3572  14.3492  32.6763  
4.91777  12.0657  9.86455  
6.72767  29.9926  13.1855  
4.73602  17.7935  10.9299  
9.69886  9.05412  10.5781  
5.2456  1.07637  9.99415  
1.82749  17.8916  5.72832  
30.7567  17.4864  18.5143  
6.16627  15.7108  12.767  
12.2439  10.2145  16.8037  
9.9853  31.1093  12.945  
22.8936  5.3486  14.2913  
15.6015  2.75131  10.2441  
7.10268  27.8299  4.73629  
18.0513  20.5703  21.8341  
14.6291  12.3774  7.10887  
8.67096  12.3761  20.2192  
10.7586  21.0697  11.6501  
10.6783  17.589  17.2468  
7.37498  17.224  10.3344  
7.4454  4.09135  6.44663  
19.5963  3.9094  4.07682  
20.7884  14.7828  3.51126  
16.3393  14.9766  5.45316  
16.8768  24.3533  8.04836  
9.67996  3.63945  13.9321  
14.3896  27.3698  10.1078  
4.79548  9.15665  11.4462  
12.4315  11.6618  21.6661  
11.3642  1.60243  8.22164  
13.4109  14.5951  8.26017  
7.246  4.51489  8.85019  
5.81607  9.82742  19.4899  
8.87089  2.05626  19.0948  
14.7902  22.9408  14.8502  
12.2195  8.47037  28.2623  
10.8085  18.9993  11.2693  
6.59004  19.5719  8.93626  
15.9881  9.42838  22.4256  
9.412  2.72737  25.8049  
20.8746  10.4422  12.9831  
4.06377  28.0301  4.17928  
3.28995  8.17764  12.1642  
18.4695  0.856161  4.03833  
14.318  31.8027  12.1688  
7.66686  15.4465  3.61355  
16.7139  14.2822  13.2313  
20.9403  18.3102  6.19547  
11.4548  15.6565  29.0278  
13.2584  12.7608  6.86574  
10.0489  9.539  7.52459  
16.9583  2.75364  2.62032  
16.194  16.9993  7.61052  
12.5725  6.45298  6.76745  
11.66  3.51678  7.5285  
18.824  24.2269  13.1586  
7.8895  3.12797  10.3062  
8.97655  25.9486  15.9208  
8.5568  18.1813  11.2534  
18.3647  5.82016  7.69187  
18.8862  5.45459  5.1557  
3.31355  11.6973  12.0302  
12.79  0.848823  21.2201  
4.34177  23.3089  13.1442  
7.06455  10.2909  13.8689  
12.7061  5.06749  18.0919  
13.1236  7.78868  11.5494  
17.7014  30.8714  8.76911  
8.85327  4.829  6.97818  
23.0517  12.1557  5.83543  
20.7857  2.57002  18.0363  
23.84  48.1394  11.8022  
15.3104  14.8574  18.2875  
21.2858  3.66469  10.6661  
18.3531  11.5641  16.2985  
18.3069  33.188  3.13271  
5.94495  14.9363  8.26144  
2.03419  1.1986  17.6464  
9.39071  21.9941  10.4497  
21.698  23.3923  17.3859  
17.1647  5.96769  10.491  
1.28915  3.49313  9.3256  
12.7685  3.5649  17.0093  
14.6501  12.7752  13.8221  
9.79621  5.20107  12.8239  
16.0011  24.6551  9.68656  
14.1471  16.1111  13.9036  
4.80803  8.82958  8.68474  
14.2517  3.27078  16.0082  
9.07542  16.1005  12.8592  
8.67691  13.2011  9.5645  
17.5267  5.15103  10.5226  
3.93573  5.3613  7.70359  
13.6656  7.09806  15.1402  
17.6286  6.05899  11.1552  
1.58417  11.4442  16.3071  
12.1592  34.3663  20.4905  
3.31761  22.444  7.44798  
27.4342  1.69073  6.70019  
21.2039  8.70545  11.7269  
15.8556  14.4053  13.7387  
7.82998  9.97306  19.4383  
7.16202  3.75132  29.2134  
17.688  11.3041  21.8864  
9.48995  12.7288  13.4674  
7.93081  3.96097  15.043  
11.2427  2.43099  6.42389  
15.6091  12.8418  16.8763  
4.43395  2.61093  35.6506  
11.4661  9.57325  17.014  
32.5558  3.32821  3.74136  
15.2316  4.34542  18.1259  
21.6573  8.64811  11.4846  
7.63605  6.4482  21.7626  
3.0446  10.5726  4.86521  
8.12702  23.1354  3.70886  
20.3556  8.05238  6.4223  
22.0685  11.6254  15.772  
9.02137  20.7092  8.01183  
6.83936  2.34467  19.5613  
26.0335  6.53622  10.0898  
15.6348  15.4402  6.49177  
25.9314  14.7369  2.91605  
5.08163  5.0702  13.8927  
25.4557  27.8389  21.1557  
1.88813  2.07137  13.0426  
7.96193  6.12175  8.27047  
3.43779  6.06713  14.0678  
13.1417  6.6218  11.2724  
6.33575  24.6606  9.6353  
19.3763  10.3485  21.3468  
22.236  2.73598  10.9755  
8.0206  19.403  8.01594  
2.5005  15.2414  11.5136  
32.0085  24.558  5.77754  
9.66847  13.0684  7.04533  
13.1429  7.89088  10.6533  
12.0845  35.42  9.22594  
1.28918  9.08153  22.3325  
15.6281  10.252  3.52912  
2.56866  3.79448  9.12988  
23.8275  13.0429  9.44174  
28.0766  25.0621  26.6282  
19.8939  8.28127  17.9018  
5.25202  15.176  9.48201  
28.3791  9.31631  14.4346  
30.7585  20.3614  7.35247  
13.2648  17.6647  18.8121  
12.5228  15.1344  7.34952  
14.0972  2.47513  13.438  
19.1505  11.9371  20.5665  
18.1581  9.48995  8.58338  
6.95558  7.84663  9.55095  
16.3185  27.9363  12.477  
6.85697  5.13298  17.3018  
8.28567  11.7193  8.05893  
3.8204  9.0764  5.0699  
22.8061  24.2167  6.62612  
3.11066  22.8533  7.61581  
11.8648  18.8338  9.61708  
3.81297  15.5462  16.7863  
5.04742  5.40814  12.4517  
11.0565  15.3765  16.6297  
0.981292  11.1523  14.7661  
19.4216  10.0338  9.47975  
6.82978  14.5981  9.34235  
15.215  13.7167  20.6297  
8.00604  30.4515  4.15075  
4.00189  19.9179  34.9557  
6.06467  0.252118  14.6602  
13.7837  4.18672  12.716  
24.5725  15.0017  17.4226  
20.6748  8.99867  10.2807  
14.6224  16.1412  8.96449  
13.1362  1.3076  9.38262  
14.5606  35.7162  11.613  
22.2163  13.8751  18.7813  
9.60999  4.61255  21.1254  
16.1364  8.48114  6.66791  
2.99394  2.52117  16.4498  
10.4448  12.963  21.2852  
19.4137  20.5687  13.4433  
23.6964  26.8835  7.06837  
14.8713  24.8693  10.5441  
7.64485  8.85614  5.43496  
6.09498  36.8063  13.2201  
8.21506  23.3887  5.99969  
7.16484  33.8141  35.1837  
6.29128  19.1289  10.0666  
2.85259  5.53435  9.66278  
14.7675  27.2474  12.5063  
12.1473  8.54947  24.3853  
1.96383  4.629  8.19689  
18.7618  30.2404  4.18379  
10.4229  13.9277  6.91649  
12.7499  16.2013  18.6064  
2.05602  4.33335  15.3479  
18.9952  21.1836  15.4687  
11.8888  6.60607  32.6332  
13.6795  9.62216  17.25  
12.89  16.4116  10.5534  
3.27967  13.8183  16.473  
10.9592  13.6016  2.70884  
22.9805  5.45712  5.49086  
16.6332  10.8444  11.2236  
14.0083  5.45077  12.0036  
35.7464  11.8376  11.8714  
3.20603  4.30704  16.2592  
7.17692  3.21271  11.8711  
15.3579  23.2267  11.4462  
12.1551  15.7333  10.5996  
17.959  4.65635  14.6588  
19.8912  5.03353  29.5764  
10.2762  0.105827  11.6707  
13.6171  13.0934  6.26896  
13.8998  13.1081  25.0147  
7.78993  19.6763  12.4943  
10.4991  27.1241  8.94099  
25.86  20.9331  19.1429  
15.7437  3.88887  30.9932  
10.0841  22.9602  5.12084  
17.1139  4.42931  29.7994  
12.5018  11.2753  8.04975  
1.32801  16.3394  26.2503  
16.177  1.81781  7.41853  
15.3295  6.45284  23.1818  
22.6204  6.19075  6.17574  
17.3153  22.655  22.396  
8.8562  19.3769  12.233  
14.9276  12.9923  12.6053  
7.38475  21.7327  11.8061  
5.30914  0.927013  7.9895  
12.2486  10.5652  12.5342  
12.8286  14.1153  2.35073  
20.944  9.6156  14.0279  
5.70074  11.5475  13.0397  
4.96831  29.9216  11.0577  
1.8323  10.2918  11.5295  
10.8861  2.24788  7.15862  
8.22832  4.72659  5.29692  
6.84093  7.23316  6.65952  
14.8479  6.48972  9.10804  
8.10122  35.4921  6.01518  
3.0022  10.8259  5.65585  
9.23027  3.01317  0.231645  
1.48066  8.29406  9.20904  
9.86372  23.9865  8.47445  
22.2856  15.4047  15.2044  
19.9758  23.4012  1.63214  
7.52105  24.9833  1.72517  
6.39417  34.9228  11.4508  
21.2948  13.6637  10.1175  
10.5488  27.9344  9.28036  
12.7705  3.01526  6.18924  
4.78828  11.4682  10.674  
15.4883  1.50763  9.11373  
12.368  8.02168  13.1807  
8.70822  15.9409  11.0942  
13.4948  12.9309  20.6162  
9.57034  9.34466  11.4738  
15.6124  7.22298  17.6553  
2.85481  3.03518  16.1233  
12.708  1.56051  8.83995  
14.0849  0.454152  6.6869  
8.05896  3.25866  5.877  
12.8611  1.30865  20.184  
17.9586  4.04607  6.60699  
10.7889  3.71173  9.41922  
15.0735  11.1438  9.11682  
14.6081  5.94911  17.1292  
27.1179  7.25632  4.7736  
6.54271  5.062  13.45  
16.1687  32.7663  12.4975  
15.0402  15.9185  6.78467  
9.26333  19.3988  5.64829  
16.6366  14.6232  17.593  
14.4427  2.34881  14.0465  
10.3312  0.203545  19.8688  
9.7246  2.11634  14.859  
10.3922  26.2273  22.2952  
22.1627  20.8221  9.94937  
18.0433  14.078  8.12031  
13.0967  11.865  13.7413  
16.2748  12.8329  9.80841  
1.54469  29.0742  8.82233  
0.825957  17.4927  7.92426  
0.764839  2.66829  21.5845  
