1.08074  0.186716  
0.961525  0.187975  
0.961517  0.189225  
0.961516  0.189926  
0.961516  0.189926  
0.961516  0.192758  
0.961516  0.194433  
0.961516  0.194433  
0.961516  0.194433  
0.961516  0.194433  
0.961516  0.194433  
0.961516  0.194433  
0.961516  0.204766  
0.961516  0.204766  
0.951904  0.207494  
0.951904  0.208904  
0.951904  0.210053  
0.951904  0.212018  
0.951904  0.212018  
0.951904  0.212018  
0.951904  0.216403  
0.951904  0.216403  
0.951904  0.216403  
0.951904  0.216403  
0.951904  0.216403  
0.951904  0.224587  
0.951904  0.225803  
0.951904  0.225803  
0.951904  0.225803  
0.951904  0.230748  
0.951904  0.230748  
0.951904  0.234464  
0.951904  0.234464  
0.951904  0.234464  
0.951904  0.238417  
0.951904  0.240094  
0.951904  0.240094  
0.951898  0.244462  
0.951897  0.246291  
0.951897  0.247778  
0.951897  0.248462  
0.951897  0.248462  
0.951897  0.253477  
0.951897  0.255083  
0.951897  0.255083  
0.951897  0.257435  
0.951897  0.259811  
0.951897  0.259811  
0.951897  0.259811  
0.951897  0.259811  
0.951897  0.267001  
0.951897  0.267001  
0.951897  0.270262  
0.951897  0.270262  
0.951897  0.270262  
0.951897  0.274649  
0.951897  0.274649  
0.951897  0.274649  
0.951897  0.280672  
0.951897  0.280672  
0.951897  0.280672  
0.95188  0.285662  
0.95188  0.286691  
0.95188  0.290082  
0.95188  0.29254  
0.95188  0.290082  
0.95188  0.290082  
0.95188  0.290082  
0.951879  0.296238  
0.95188  0.285662  
0.951879  0.302662  
0.951879  0.302662  
0.951879  0.306328  
0.951879  0.302662  
0.951879  0.306328  
0.951879  0.306328  
0.951879  0.309219  
0.951879  0.306328  
0.951879  0.306328  
0.951879  0.319788  
0.951879  0.323071  
0.951879  0.323071  
0.951879  0.323071  
0.951878  0.325754  
0.951878  0.329286  
0.951878  0.330123  
0.951878  0.329797  
0.951878  0.329797  
0.951878  0.329286  
0.951878  0.340534  
0.951878  0.329286  
0.951878  0.329797  
0.951878  0.329797  
0.951878  0.329286  
0.951878  0.329286  
0.951878  0.330123  
0.951878  0.340534  
0.951878  0.329797  
0.951878  0.329286  
0.951878  0.360416  
0.951878  0.356034  
0.951878  0.356034  
0.951878  0.367236  
0.951878  0.351409  
0.951878  0.360416  
0.951878  0.356034  
0.951878  0.367115  
0.951878  0.367115  
0.951878  0.360416  
0.951878  0.351409  
0.951878  0.360416  
0.951878  0.37214  
0.951878  0.367115  
0.951878  0.358079  
0.951878  0.358079  
0.951878  0.360416  
0.951878  0.351409  
0.951878  0.393536  
0.951878  0.390208  
0.951878  0.393536  
0.951878  0.40289  
0.951878  0.358079  
0.951878  0.393536  
0.951878  0.398729  
0.951878  0.398729  
0.951878  0.398729  
0.951878  0.360416  
0.951878  0.407493  
0.951878  0.40289  
0.951878  0.427549  
0.951878  0.427549  
0.951878  0.393536  
0.951878  0.427549  
0.951878  0.384247  
0.951878  0.40289  
0.951878  0.40289  
0.951878  0.40289  
0.951878  0.393849  
0.951878  0.40289  
0.951878  0.393849  
0.951878  0.393536  
0.951878  0.415886  
0.951878  0.358079  
0.951878  0.388646  
0.951878  0.427549  
0.951878  0.390208  
0.951878  0.427549  
0.951878  0.393536  
0.951878  0.407493  
0.951878  0.407859  
0.951878  0.427549  
0.951878  0.387579  
0.951878  0.388646  
0.951878  0.407859  
0.951878  0.422499  
0.951878  0.422499  
0.951878  0.407493  
0.951878  0.407859  
0.951878  0.390208  
0.951878  0.39201  
0.951878  0.39201  
0.951878  0.387579  
0.951878  0.39201  
0.951878  0.439876  
0.951878  0.422499  
0.951878  0.439876  
0.951878  0.390208  
0.951878  0.422499  
0.951878  0.422499  
0.951878  0.412574  
0.951878  0.39201  
0.951878  0.386394  
0.951878  0.388646  
0.951878  0.386394  
0.951878  0.39201  
0.951878  0.448404  
0.951878  0.412574  
0.951878  0.40446  
0.951878  0.386394  
0.951878  0.388646  
0.951878  0.388646  
0.951878  0.439876  
0.951878  0.39201  
0.951878  0.38535  
0.951878  0.387579  
0.951878  0.412574  
0.951878  0.439876  
0.951878  0.387579  
0.951878  0.387579  
0.951878  0.393849  
0.951878  0.40446  
0.951878  0.439876  
0.951878  0.38535  
0.951878  0.439876  
0.951878  0.428284  
0.951878  0.417538  
0.951878  0.388646  
0.951878  0.38535  
0.951878  0.414149  
0.951878  0.414149  
0.951878  0.462369  
0.951878  0.460127  
0.951878  0.415575  
0.951878  0.462369  
0.951878  0.460127  
0.951878  0.378452  
0.951878  0.387579  
0.951878  0.460127  
0.951878  0.378452  
0.951878  0.40446  
0.951878  0.414149  
0.951878  0.40446  
0.951878  0.417538  
0.951878  0.448404  
0.951878  0.38535  
0.951878  0.428284  
0.951878  0.457374  
0.951878  0.424258  
0.951878  0.45301  
0.951878  0.460127  
0.951878  0.361369  
0.951878  0.421088  
0.951878  0.457374  
0.951878  0.38535  
0.951878  0.417538  
0.951878  0.421088  
0.951878  0.361369  
0.951878  0.462369  
0.951878  0.383451  
0.951878  0.462369  
0.951878  0.421111  
0.951878  0.414781  
0.951878  0.383451  
0.951878  0.45301  
0.951878  0.421111  
0.951878  0.417538  
0.951878  0.38535  
0.951878  0.45301  
0.951878  0.383711  
0.951878  0.417538  
0.951878  0.45301  
0.951878  0.457874  
0.951878  0.361369  
0.951878  0.417538  
0.951878  0.332883  
0.951878  0.457874  
0.951878  0.421111  
0.951878  0.457874  
0.951878  0.460127  
0.951878  0.361369  
0.951878  0.421111  
0.951878  0.460127  
0.951878  0.361369  
0.951878  0.414781  
0.951878  0.332883  
0.951878  0.421111  
0.951879  0.427036  
0.951878  0.361369  
0.951878  0.414781  
0.951878  0.45301  
0.951878  0.395863  
0.951878  0.465393  
0.951878  0.39819  
0.951878  0.39819  
0.951878  0.45301  
0.951878  0.428263  
0.951878  0.443252  
0.951878  0.887704  
0.951878  0.887704  
0.951878  0.887704  
0.951879  0.441255  
0.951878  0.443252  
0.951879  0.441255  
0.951878  0.887704  
0.951879  0.458586  
0.951878  0.887704  
0.951879  0.458586  
0.951878  0.443252  
0.951878  0.428263  
0.951878  0.887704  
0.951879  0.397303  
0.951878  0.428263  
0.951878  0.443252  
0.951879  0.385278  
0.951879  0.794797  
0.951878  0.389656  
0.951878  0.428263  
0.899818  0.996828  
0.895197  0.996827  
0.895197  0.996827  
0.899818  0.996828  
0.895197  0.996827  
0.899225  0.996829  
0.895197  0.996827  
0.895197  0.996827  
0.895197  0.996827  
0.658987  0.996996  
0.666099  0.997  
0.666099  0.997  
0.708334  0.996866  
0.660104  0.996994  
0.705297  0.997  
0.720867  0.996868  
0.661205  0.996998  
0.661205  0.996998  
0.708334  0.996866  
0.708334  0.996866  
0.659376  0.996995  
0.720867  0.996868  
0.708334  0.996866  
0.659509  0.996996  
0.658987  0.996996  
0.708334  0.996866  
0.660275  0.996997  
0.720867  0.996868  
0.708334  0.996866  
0.661205  0.996998  
0.720867  0.996868  
0.659509  0.996996  
0.660104  0.996994  
0.720867  0.996868  
0.660104  0.996994  
0.660275  0.996997  
0.708334  0.996866  
0.660275  0.996997  
0.659376  0.996995  
0.708334  0.996866  
0.658987  0.996996  
0.666099  0.997  
0.659376  0.996995  
0.659376  0.996995  
0.659376  0.996995  
0.708334  0.996866  
0.708334  0.996866  
0.666099  0.997  
0.666316  0.996999  
0.660104  0.996994  
0.670621  0.996999  
0.660275  0.996997  
0.660104  0.996994  
0.666099  0.997  
0.666099  0.997  
0.660104  0.996994  
0.660275  0.996997  
0.660275  0.996997  
0.661982  0.997  
0.658218  0.997498  
0.655434  0.998197  
0.65453  0.998499  
0.65453  0.998499  
0.130047  1.01231  
0.130089  1.01231  
0.130089  1.01231  
0.130063  1.01231  
0.130089  1.01231  
0.130047  1.01231  
0.130089  1.01231  
0.130063  1.01231  
0.130063  1.01231  
0.130001  1.01231  
0.130089  1.01231  
0.130075  1.01231  
0.130063  1.01231  
0.130075  1.01231  
0.130063  1.01231  
0.130075  1.01231  
0.130075  1.01231  
0.130053  1.01231  
0.130001  1.01231  
0.130083  1.01231  
0.130013  1.01231  
0.130083  1.01231  
0.130047  1.01231  
0.130007  1.01231  
0.130001  1.01231  
0.130047  1.01231  
0.130061  1.01231  
0.130063  1.01231  
0.130075  1.01231  
0.130001  1.01231  
0.130063  1.01231  
0.12998  1.01231  
0.130075  1.01231  
0.130001  1.01231  
0.130001  1.01231  
0.130063  1.01231  
0.12998  1.01231  
0.130063  1.01231  
0.130014  1.01231  
0.130047  1.01231  
0.130061  1.01231  
0.130061  1.01231  
0.130069  1.01231  
0.130014  1.01231  
0.130059  1.01231  
0.130047  1.01231  
0.130028  1.01231  
0.130059  1.01231  
0.130059  1.01231  
0.130059  1.01231  
0.130014  1.01231  
0.130028  1.01231  
0.130035  1.01231  
0.130069  1.01231  
0.130063  1.01231  
0.130061  1.01231  
0.130069  1.01231  
0.130059  1.01231  
0.130059  1.01231  
0.130069  1.01231  
0.130028  1.01231  
0.130035  1.01231  
0.130069  1.01231  
0.130053  1.01231  
0.130016  1.01231  
0.130035  1.01231  
0.130048  1.01231  
0.13005  1.01231  
0.130063  1.01231  
0.130063  1.01231  
0.130035  1.01231  
0.129993  1.01231  
0.130061  1.01231  
0.130047  1.01231  
0.130043  1.01231  
0.130028  1.01231  
0.130028  1.01231  
0.130039  1.01231  
0.129993  1.01231  
0.130011  1.01231  
0.130037  1.01231  
0.130016  1.01231  
0.130069  1.01231  
0.129993  1.01231  
0.130048  1.01231  
0.130016  1.01231  
0.130047  1.01231  
0.130035  1.01231  
0.130047  1.01231  
0.130028  1.01231  
0.130016  1.01231  
0.130001  1.01231  
0.130035  1.01231  
0.130047  1.01231  
0.130039  1.01231  
0.130048  1.01231  
0.130001  1.01231  
0.130041  1.01231  
0.130037  1.01231  
0.130012  1.01231  
0.130048  1.01231  
0.130043  1.01231  
0.130048  1.01231  
0.130012  1.01231  
0.130014  1.01231  
0.130047  1.01231  
0.130016  1.01231  
0.130001  1.01231  
0.129993  1.01231  
0.130028  1.01231  
0.130037  1.01231  
0.129993  1.01231  
0.130037  1.01231  
0.130011  1.01231  
0.130012  1.01231  
0.130001  1.01231  
0.130016  1.01231  
0.129993  1.01231  
0.130043  1.01231  
0.130048  1.01231  
0.130023  1.01231  
0.130028  1.01231  
0.130011  1.01231  
0.130011  1.01231  
0.129998  1.01231  
0.130001  1.01231  
0.130023  1.01231  
0.130012  1.01231  
0.130014  1.01231  
0.130006  1.01231  
0.130043  1.01231  
0.130011  1.01231  
0.130014  1.01231  
0.130012  1.01231  
0.130012  1.01231  
0.130028  1.01231  
0.130016  1.01231  
0.13002  1.01231  
0.129998  1.01231  
0.130014  1.01231  
0.130028  1.01231  
0.13002  1.01231  
0.130023  1.01231  
0.129998  1.01231  
0.130028  1.01231  
0.130022  1.01231  
0.130011  1.01231  
0.129998  1.01231  
0.130023  1.01231  
0.130016  1.01231  
0.13003  1.01231  
0.130023  1.01231  
0.130003  1.01231  
0.13002  1.01231  
0.130023  1.01231  
0.129998  1.01231  
0.130016  1.01231  
0.130016  1.01231  
0.130023  1.01231  
0.129998  1.01231  
0.130016  1.01231  
0.130007  1.01231  
0.129995  1.01231  
0.130023  1.01231  
0.130016  1.01231  
0.130003  1.01231  
0.130022  1.01231  
0.130016  1.01231  
0.13002  1.01231  
0.130039  1.01231  
0.130024  1.01231  
0.130003  1.01231  
0.130016  1.01231  
0.130013  1.01231  
0.130016  1.01231  
0.130003  1.01231  
0.130013  1.01231  
0.130003  1.01231  
0.130024  1.01231  
0.13003  1.01231  
0.130016  1.01231  
0.130016  1.01231  
0.130022  1.01231  
0.130007  1.01231  
0.130013  1.01231  
0.130003  1.01231  
0.130022  1.01231  
0.13003  1.01231  
0.129989  1.01231  
0.13003  1.01231  
0.130039  1.01231  
0.130013  1.01231  
0.130022  1.01231  
0.130024  1.01231  
0.130024  1.01231  
0.130035  1.01231  
0.130013  1.01231  
0.129982  1.01231  
0.130007  1.01231  
0.130025  1.01231  
0.130039  1.01231  
0.129989  1.01231  
0.130039  1.01231  
0.130052  1.01231  
0.130052  1.01231  
0.130025  1.01231  
0.129955  1.01237  
0.129872  1.01681  
0.129872  1.01681  
0.116253  1.05984  
0.116253  1.05984  
0.116253  1.05984  
0.116253  1.05984  
0.116253  1.05984  
0.116253  1.05984  
0.116253  1.05984  
0.116253  1.05984  
0.115253  1.05985  
0.111889  1.05987  
0.111889  1.05987  
0.105913  1.0603  
0.105913  1.0603  
0.105913  1.0603  
0.10551  1.06031  
0.102684  1.06034  
0.101489  1.06034  
0.100996  1.06307  
0.10052  1.09375  
0.100295  1.11933  
0.100279  1.15187  
0.100279  1.15187  
0.100265  1.25255  
0.100265  1.25255  
0.100263  1.42616  
0.100262  1.43912  
0.100262  1.43912  
0.100262  1.43912  
0.100262  1.43912  
0.100253  1.87569  
0.100251  2.0417  
0.10025  2.39297  
0.10025  2.39297  
0.10025  2.86668  
0.10025  3.35217  
0.10025  3.35229  
0.10025  3.35229  
0.10025  3.35229  
0.10025  3.35229  
0.10025  3.35229  
0.10025  3.35229  
