1.78322  0.125871  
1.78322  0.125871  
1.78322  0.125871  
1.78322  0.125871  
1.45709  0.125876  
1.27881  0.126071  
1.20242  0.126406  
1.0529  0.127065  
1.0454  0.127583  
0.997282  0.128877  
0.995817  0.130866  
0.994598  0.132375  
0.992307  0.134077  
0.990357  0.136008  
0.988895  0.13767  
0.987532  0.139104  
0.984907  0.140732  
0.983702  0.14236  
0.982703  0.144342  
0.981353  0.146169  
0.979857  0.146928  
0.977622  0.149349  
0.975078  0.151099  
0.973808  0.15236  
0.97201  0.154185  
0.97008  0.155989  
0.969036  0.157864  
0.966123  0.159404  
0.964566  0.161025  
0.963797  0.162392  
0.961913  0.164596  
0.960275  0.16575  
0.958297  0.167839  
0.956101  0.169555  
0.9547  0.171361  
0.95261  0.17311  
0.950958  0.174689  
0.949488  0.176131  
0.948113  0.178179  
0.946004  0.179749  
0.944515  0.181131  
0.942722  0.183167  
0.941204  0.184527  
0.939548  0.186374  
0.937442  0.187847  
0.935379  0.190095  
0.934498  0.191223  
0.932785  0.193418  
0.931177  0.194741  
0.929847  0.196413  
0.927531  0.198271  
0.926322  0.199749  
0.924288  0.201489  
0.922178  0.203472  
0.921053  0.205132  
0.91926  0.206357  
0.917922  0.208341  
0.916222  0.209825  
0.914187  0.211873  
0.912913  0.213252  
0.911031  0.215065  
0.909549  0.217025  
0.907321  0.218469  
0.906022  0.220236  
0.90423  0.221557  
0.901681  0.223771  
0.900735  0.22501  
0.899276  0.227069  
0.89749  0.228779  
0.895943  0.230122  
0.894123  0.231699  
0.891868  0.233813  
0.889935  0.235666  
0.888925  0.237032  
0.886862  0.238576  
0.88542  0.240253  
0.884066  0.24149  
0.882358  0.243535  
0.880118  0.245547  
0.879313  0.246332  
0.877509  0.2484  
0.875443  0.250411  
0.873569  0.251876  
0.87211  0.253709  
0.870058  0.255763  
0.868095  0.25741  
0.867488  0.258518  
0.865163  0.260731  
0.86421  0.261412  
0.861612  0.263882  
0.85984  0.265993  
0.858426  0.26741  
0.856613  0.269079  
0.855129  0.270777  
0.85315  0.272807  
0.851693  0.27404  
0.850189  0.275801  
0.848307  0.277138  
0.846974  0.279618  
0.844674  0.280789  
0.843563  0.282162  
0.841538  0.283871  
0.839614  0.28581  
0.838398  0.287081  
0.836334  0.289328  
0.834689  0.290824  
0.832841  0.292735  
0.831499  0.294361  
0.829671  0.296161  
0.828479  0.297373  
0.826213  0.299098  
0.824783  0.300681  
0.822705  0.302681  
0.821242  0.304554  
0.819256  0.306302  
0.817892  0.307639  
0.816008  0.309732  
0.814912  0.311163  
0.813357  0.313053  
0.811584  0.31465  
0.810274  0.315017  
0.80741  0.318099  
0.8066  0.319293  
0.805036  0.321347  
0.802952  0.323226  
0.801409  0.3248  
0.800119  0.326228  
0.798438  0.32772  
0.796482  0.329748  
0.794945  0.330767  
0.792931  0.333366  
0.790227  0.335101  
0.789922  0.335848  
0.787441  0.338345  
0.786417  0.339888  
0.78463  0.341827  
0.783051  0.343451  
0.781823  0.34455  
0.778337  0.347315  
0.777841  0.348287  
0.77625  0.349397  
0.774497  0.351931  
0.772545  0.353191  
0.770895  0.354501  
0.768963  0.356583  
0.767253  0.358357  
0.765325  0.360314  
0.763988  0.361445  
0.761996  0.363322  
0.760431  0.365105  
0.758446  0.367119  
0.75733  0.369269  
0.755348  0.37003  
0.753504  0.372308  
0.751573  0.373791  
0.749856  0.375726  
0.749499  0.376513  
0.747293  0.378563  
0.745243  0.381097  
0.742688  0.382438  
0.742688  0.382438  
0.740421  0.384742  
0.739328  0.386731  
0.737123  0.38913  
0.735853  0.389887  
0.733742  0.392177  
0.731667  0.393654  
0.730289  0.39615  
0.728265  0.397006  
0.727408  0.399074  
0.725262  0.400756  
0.72429  0.40247  
0.722214  0.403939  
0.720356  0.405733  
0.7182  0.407935  
0.717032  0.408385  
0.714574  0.41092  
0.71363  0.412226  
0.712043  0.413509  
0.709746  0.415901  
0.708959  0.416808  
0.707118  0.419119  
0.704443  0.421734  
0.703989  0.422617  
0.701774  0.424277  
0.700706  0.426011  
0.698178  0.427261  
0.696703  0.428774  
0.695202  0.430364  
0.69319  0.432246  
0.691401  0.434093  
0.689302  0.436896  
0.687487  0.438075  
0.68708  0.438778  
0.684902  0.441124  
0.68321  0.442638  
0.681175  0.444422  
0.679446  0.446242  
0.677111  0.448416  
0.676379  0.449258  
0.674471  0.451099  
0.672528  0.453181  
0.671622  0.454739  
0.669684  0.456098  
0.668112  0.45748  
0.666448  0.459081  
0.664995  0.461162  
0.663842  0.463406  
0.661032  0.465053  
0.659959  0.466486  
0.658829  0.468128  
0.657288  0.470205  
0.65531  0.470926  
0.652564  0.473008  
0.652013  0.474469  
0.649402  0.477182  
0.647993  0.478277  
0.646205  0.479975  
0.645494  0.482032  
0.643638  0.483392  
0.64083  0.485959  
0.640593  0.486246  
0.630948  0.488308  
0.630948  0.488308  
0.605916  0.488313  
0.605916  0.488313  
0.605916  0.488313  
0.605916  0.488313  
0.605916  0.488313  
0.599804  0.488315  
0.599804  0.488315  
0.595433  0.488316  
0.584001  0.488317  
0.584001  0.488317  
0.584001  0.488317  
0.565885  0.488317  
0.565885  0.488317  
0.565885  0.488317  
0.565885  0.488317  
0.561654  0.488321  
0.549957  0.488328  
0.549957  0.488328  
0.549957  0.488328  
0.543786  0.488383  
0.543786  0.488383  
0.537008  0.488427  
0.537008  0.488427  
0.534085  0.488446  
0.529949  0.488523  
0.524216  0.488558  
0.524216  0.488558  
0.524216  0.488558  
0.524216  0.488558  
0.520507  0.494254  
0.516554  0.495494  
0.516554  0.495494  
0.516554  0.495494  
0.505777  0.500772  
0.505777  0.500772  
0.505777  0.500772  
0.50404  0.500798  
0.503843  0.500801  
0.501823  0.50272  
0.498746  0.503381  
0.497359  0.504616  
0.496231  0.505341  
0.494001  0.507211  
0.493426  0.508771  
0.491815  0.509183  
0.489048  0.51179  
0.488758  0.512324  
0.485784  0.515294  
0.485784  0.515294  
0.48255  0.518942  
0.48255  0.518942  
0.480915  0.520755  
0.480175  0.521741  
0.478924  0.52373  
0.476508  0.524176  
0.474878  0.526888  
0.473402  0.529058  
0.471455  0.529576  
0.469062  0.531697  
0.468361  0.532113  
0.467104  0.533975  
0.465528  0.536154  
0.464185  0.537495  
0.463962  0.537695  
0.461277  0.539747  
0.460364  0.541298  
0.459134  0.543588  
0.457517  0.545292  
0.456119  0.544676  
0.454176  0.546634  
0.452614  0.548327  
0.450858  0.549929  
0.450835  0.549929  
0.448631  0.552409  
0.446345  0.555433  
0.445778  0.557026  
0.444471  0.557742  
0.44244  0.558035  
0.4416  0.561147  
0.439616  0.561543  
0.438741  0.563033  
0.437746  0.564266  
0.433728  0.566892  
0.433728  0.566892  
0.433306  0.569883  
0.43127  0.570281  
0.428876  0.574114  
0.427007  0.575543  
0.427007  0.575543  
0.424639  0.577079  
0.423298  0.579028  
0.423298  0.579028  
0.42122  0.582102  
0.418345  0.583208  
0.417793  0.58622  
0.41567  0.585988  
0.415269  0.586546  
0.413917  0.590037  
0.413232  0.590907  
0.409496  0.591596  
0.408174  0.592702  
0.407367  0.59439  
0.40538  0.595552  
0.403601  0.598078  
0.403601  0.598078  
0.401724  0.600147  
0.39954  0.602711  
0.399083  0.604652  
0.397311  0.605215  
0.394863  0.609421  
0.394863  0.609421  
0.393055  0.611652  
0.389494  0.611975  
0.389494  0.611975  
0.389153  0.613535  
0.387482  0.61556  
0.385806  0.617793  
0.384272  0.617883  
0.382601  0.619984  
0.380344  0.622594  
0.378471  0.624771  
0.376782  0.624482  
0.37409  0.627019  
0.37409  0.627019  
0.372946  0.628328  
0.370455  0.631101  
0.370455  0.631101  
0.369374  0.63441  
0.367011  0.634744  
0.363458  0.638757  
0.363458  0.638757  
0.361542  0.641368  
0.361542  0.641368  
0.361028  0.642459  
0.359142  0.64561  
0.357677  0.645373  
0.354516  0.648561  
0.354516  0.648561  
0.352761  0.651153  
0.351648  0.651344  
0.350274  0.653338  
0.349209  0.654247  
0.347616  0.658641  
0.345932  0.656539  
0.341847  0.662578  
0.341847  0.662578  
0.341712  0.66216  
0.338891  0.662321  
0.337825  0.663395  
0.336752  0.66512  
0.335288  0.667721  
0.333839  0.667985  
0.330267  0.671875  
0.330267  0.671875  
0.329033  0.672529  
0.325076  0.675769  
0.325076  0.675769  
0.324381  0.677139  
0.322776  0.681306  
0.321782  0.680065  
0.31791  0.683913  
0.31791  0.683913  
0.316695  0.686749  
0.315632  0.685746  
0.313848  0.690455  
0.312206  0.6885  
0.310692  0.689869  
0.309035  0.692455  
0.307477  0.69377  
0.306894  0.696948  
0.305076  0.696734  
0.303612  0.697458  
0.300694  0.699926  
0.300693  0.700828  
0.29809  0.703589  
0.297324  0.705238  
0.295492  0.705005  
0.293964  0.709335  
0.293246  0.708859  
0.292305  0.708733  
0.289202  0.714022  
0.288186  0.714635  
0.285492  0.715861  
0.285143  0.717328  
0.283499  0.719115  
0.2815  0.720426  
0.28101  0.722021  
0.279777  0.724355  
0.278524  0.723547  
0.276545  0.726148  
0.274193  0.728422  
0.273444  0.730188  
0.273118  0.729441  
0.271381  0.730081  
0.269152  0.73362  
0.267862  0.734762  
0.266623  0.73571  
0.26543  0.737481  
0.262529  0.740042  
0.262529  0.740042  
0.260373  0.745178  
0.260181  0.74388  
0.25845  0.748311  
0.254136  0.750496  
0.254136  0.750496  
0.253184  0.753276  
0.251478  0.75486  
0.251172  0.755517  
0.248944  0.754463  
0.24748  0.758803  
0.246753  0.756747  
0.244715  0.759932  
0.244191  0.761921  
0.242203  0.763929  
0.239454  0.76561  
0.237804  0.768868  
0.237804  0.768868  
0.233921  0.770376  
0.233921  0.770376  
0.233921  0.770376  
0.227749  0.779915  
0.227749  0.779915  
0.227749  0.779915  
0.227749  0.779915  
0.225511  0.781733  
0.223604  0.784935  
0.222635  0.783678  
0.220509  0.785039  
0.216729  0.786641  
0.216729  0.786641  
0.215944  0.789633  
0.214472  0.787924  
0.21176  0.791984  
0.21176  0.791984  
0.209384  0.793126  
0.207594  0.794352  
0.207594  0.794352  
0.205959  0.800462  
0.204932  0.799561  
0.203013  0.801071  
0.202162  0.801497  
0.200928  0.802282  
0.199043  0.803618  
0.195667  0.80665  
0.195667  0.80665  
0.19399  0.812429  
0.192384  0.809797  
0.188504  0.81598  
0.188196  0.813925  
0.188196  0.813925  
0.185975  0.816932  
0.184713  0.817911  
0.183151  0.819816  
0.180377  0.825345  
0.180377  0.825345  
0.17948  0.823323  
0.17707  0.827792  
0.175365  0.827745  
0.172506  0.830632  
0.171846  0.829212  
0.171846  0.829212  
0.169607  0.832481  
0.167188  0.837453  
0.167188  0.837453  
0.16412  0.839341  
0.16412  0.839341  
0.161363  0.842786  
0.161363  0.842786  
0.159944  0.841969  
0.157793  0.845573  
0.156888  0.845756  
0.153396  0.849406  
0.153391  0.848619  
0.149389  0.852955  
0.149389  0.852955  
0.149389  0.852955  
0.147582  0.856538  
0.146347  0.8581  
0.143248  0.858987  
0.141511  0.859943  
0.141511  0.859943  
0.137539  0.864696  
0.137539  0.864696  
0.135362  0.86686  
0.135362  0.86686  
0.1318  0.869972  
0.1318  0.869972  
0.128028  0.873285  
0.128028  0.873285  
0.128028  0.873285  
0.126607  0.877039  
0.122039  0.880931  
0.123586  0.877397  
0.122039  0.880931  
0.120522  0.882134  
0.119309  0.884871  
0.118108  0.886112  
0.116468  0.88615  
0.113703  0.889598  
0.113703  0.889598  
0.112155  0.8927  
0.10972  0.894077  
0.109099  0.896219  
0.108319  0.900305  
0.106844  0.901951  
0.105088  0.897629  
0.10378  0.905897  
0.0998349  0.910356  
0.0998349  0.910356  
0.0991931  0.910356  
0.0973575  0.907342  
0.0944955  0.910905  
0.0944955  0.910905  
0.0870251  0.916215  
0.0870251  0.916215  
0.0870251  0.916215  
0.0870251  0.916215  
0.0864178  0.917429  
0.084884  0.918449  
0.0819186  0.924224  
0.0819186  0.924224  
0.0790558  0.926542  
0.0790558  0.926542  
0.0780764  0.926548  
0.074899  0.92934  
0.074899  0.92934  
0.0735913  0.92953  
0.0721439  0.931742  
0.0702065  0.931834  
0.0663372  0.938711  
0.0663372  0.938369  
0.0663372  0.938369  
0.064865  0.942837  
0.0582902  0.949408  
0.0606566  0.941596  
0.0582902  0.949408  
0.0582902  0.949408  
0.0562679  0.952156  
0.0562679  0.952156  
0.0519306  0.956869  
0.0519306  0.956869  
0.0514878  0.953266  
0.0417286  0.961264  
0.0480027  0.955797  
0.0417286  0.961264  
0.0417286  0.961264  
0.0442418  0.959859  
0.0417286  0.961264  
0.03699  0.968032  
0.03699  0.968032  
0.03699  0.968032  
0.0348882  0.968367  
0.0348882  0.968367  
0.0326981  0.973339  
0.0292401  0.976662  
0.0292401  0.976662  
0.0248669  0.978529  
0.0248669  0.978529  
0.0248669  0.978529  
0.0240215  0.980656  
0.0197043  0.987367  
0.0197043  0.987367  
0.0197043  0.987367  
0.0162954  0.987241  
0.0162954  0.987241  
0.0111236  0.993378  
0.0111236  0.993378  
0.0111236  0.993378  
0.0111236  0.993378  
0.00903528  1.01767  
0.0085213  1.0072  
0.000974789  1.08758  
0.000974789  1.08758  
0.000974789  1.08758  
0.000974789  1.08758  
0.000848721  1.09714  
