14.2823  1.81673  0.00197449  
14.7147  0.00327735  0.00218523  
0.0734179  12.3543  0.0191429  
14.7147  0.00327735  0.00218523  
1.18216  0.656347  0.0308211  
0.0734179  12.3543  0.0191429  
14.7147  0.00327735  0.00218523  
1.18216  0.656347  0.0308211  
0.119292  1.26593  0.0409903  
0.0734179  12.3543  0.0191429  
14.7147  0.00327735  0.00218523  
1.20626  0.0543298  0.0353565  
0.953276  0.505012  0.0513242  
0.119292  1.26593  0.0409903  
0.0734179  12.3543  0.0191429  
14.0389  0.00365742  0.00243069  
1.20626  0.0543298  0.0353565  
0.953276  0.505012  0.0513242  
0.0654952  1.06018  0.0538866  
0.119292  1.26593  0.0409903  
0.0734179  12.3543  0.0191429  
14.0389  0.00365742  0.00243069  
1.20626  0.0543298  0.0353565  
0.910518  0.436178  0.0529526  
0.695449  0.753604  0.0552979  
0.0719215  1.04377  0.055473  
0.119292  1.26593  0.0409903  
0.0734179  12.3543  0.0191429  
14.0389  0.00365742  0.00243069  
1.19987  0.0828615  0.0340543  
0.955969  0.301816  0.0567551  
0.865874  0.501825  0.0676054  
0.607048  0.823517  0.0648353  
0.0798476  1.04274  0.0557397  
0.119292  1.26593  0.0409903  
0.0734179  12.3543  0.0191429  
14.0389  0.00365742  0.00243069  
1.19987  0.0828615  0.0340543  
0.955969  0.301816  0.0567551  
0.865874  0.501825  0.0676054  
0.715822  0.713313  0.0734326  
0.518167  0.862464  0.0670297  
0.0876179  1.02768  0.0579917  
0.119292  1.26593  0.0409903  
0.0734179  12.3543  0.0191429  
13.8044  0.0026453  0.00179848  
1.19987  0.0828615  0.0340543  
0.97213  0.256067  0.0571849  
0.896666  0.447367  0.0762644  
0.865874  0.501825  0.0676054  
0.627216  0.783285  0.0800961  
0.0115551  0.997499  0.0843186  
0.0876179  1.02768  0.0579917  
0.119292  1.26593  0.0409903  
0.0734179  12.3543  0.0191429  
13.2636  0.00280927  0.00142023  
1.19794  0.0761264  0.0355985  
0.968501  0.247282  0.0587635  
0.919545  0.392076  0.0640161  
0.865874  0.501825  0.0676054  
0.714409  0.71465  0.0808078  
0.549811  0.842328  0.0809562  
0.0115551  0.997499  0.0843186  
0.0872604  1.02112  0.061154  
0.119292  1.26593  0.0409903  
0.061658  12.5367  0.0210907  
13.2636  0.00280927  0.00142023  
1.19794  0.0761264  0.0355985  
0.980739  0.205932  0.0592899  
0.93663  0.349583  0.0620393  
0.869525  0.495583  0.077363  
0.707539  0.707199  0.123863  
0.639178  0.768013  0.100814  
0.508432  0.862454  0.105563  
0.0115551  0.997499  0.0843186  
0.107731  1.00983  0.0616694  
0.119292  1.26593  0.0409903  
0.061658  12.5367  0.0210907  
13.2636  0.00280927  0.00142023  
1.19794  0.0761264  0.0355985  
0.987788  0.164048  0.0591435  
0.947896  0.316349  0.082175  
0.894764  0.445462  0.0827487  
0.865136  0.507143  0.113252  
0.707539  0.707199  0.123863  
0.577559  0.816063  0.116455  
0.0707068  0.995711  0.112995  
0.0511555  0.997322  0.0933416  
0.0883817  1.00902  0.0638003  
0.0952449  1.22487  0.0411834  
0.0512654  12.7364  0.0212644  
13.2636  0.00280927  0.00142023  
1.19794  0.0761264  0.0355985  
0.986074  0.175835  0.060672  
0.958807  0.279481  0.0678576  
0.913359  0.403053  0.113687  
0.865136  0.507143  0.113252  
0.70721  0.706575  0.148252  
0.652151  0.75715  0.10931  
0.527097  0.849127  0.135256  
0.0873243  0.994744  0.127466  
0.0612675  0.997023  0.0932437  
0.143953  1.00858  0.0645618  
0.0346132  1.26463  0.0438166  
0.0512654  12.7364  0.0212644  
13.2625  0.00408005  0.00271085  
1.19671  0.0761483  0.0404511  
0.987788  0.164048  0.0591435  
0.96341  0.262776  0.0940615  
0.929787  0.367813  0.0727229  
0.87406  0.483195  0.0809427  
0.863747  0.504054  0.152876  
0.70721  0.706575  0.148252  
0.600913  0.799211  0.110589  
0.508432  0.862454  0.105563  
0.0873243  0.994744  0.127466  
0.0396323  0.996939  0.0998458  
0.0416209  1.00232  0.0676973  
0.0832109  1.21811  0.044923  
0.0432584  12.9512  0.0244308  
13.2625  0.00408005  0.00271085  
1.19671  0.0761483  0.0404511  
0.988959  0.138842  0.0675044  
0.970688  0.235481  0.0731841  
0.939225  0.339845  0.0717973  
0.894764  0.445462  0.0827487  
0.863747  0.504054  0.152876  
0.70721  0.706575  0.148252  
0.658844  0.751049  0.100505  
0.554304  0.831531  0.147379  
0.132333  0.992358  0.169761  
0.0873243  0.994744  0.127466  
0.0624055  0.996547  0.102573  
0.0728214  1.00151  0.0698239  
0.0832109  1.21811  0.044923  
0.0325474  15.1587  0.021711  
13.2636  0.00281051  0.00280019  
1.19671  0.0761483  0.0404511  
0.988959  0.138842  0.0675044  
0.973499  0.223415  0.0937617  
0.948794  0.312045  0.110951  
0.910376  0.412034  0.0994047  
0.863747  0.504054  0.152876  
0.863747  0.504054  0.152876  
0.70721  0.706575  0.148252  
0.613095  0.789033  0.112583  
0.508708  0.859745  0.120518  
0.136074  0.991508  0.174481  
0.0960535  0.99404  0.142833  
0.0624055  0.996547  0.102573  
0.0416209  1.00232  0.0676973  
0.0832109  1.21811  0.044923  
0.0325474  15.1587  0.021711  
13.2636  0.00281051  0.00280019  
1.20001  0.0619336  0.0383235  
0.990226  0.129947  0.0653698  
0.976619  0.207313  0.0811888  
0.955226  0.291077  0.0898964  
0.922071  0.383138  0.093815  
0.879297  0.478178  0.0831977  
0.863747  0.504054  0.152876  
0.70721  0.706575  0.148252  
0.664683  0.746285  0.0657731  
0.572944  0.818882  0.121018  
0.508432  0.862454  0.105563  
0.126526  0.990617  0.179606  
0.0960042  0.993128  0.145513  
0.0698924  0.995845  0.109192  
0.044394  0.999875  0.0724126  
0.0832109  1.21811  0.044923  
0.0325474  15.1587  0.021711  
13.2636  0.00281051  0.00280019  
1.20001  0.0619336  0.0383235  
0.99177  0.116763  0.0704879  
0.979204  0.195471  0.0949557  
0.960933  0.272858  0.0803091  
0.932864  0.355858  0.126685  
0.894764  0.445462  0.0827487  
0.857486  0.514146  0.230957  
0.855588  0.517161  0.261121  
0.70721  0.706575  0.148252  
0.624224  0.780557  0.0881259  
0.535979  0.842684  0.158687  
0.158976  0.987033  0.228575  
0.134233  0.98968  0.190225  
0.107166  0.992847  0.151375  
0.0764882  0.995703  0.114495  
0.0184311  0.99758  0.0761901  
0.0581879  1.10433  0.0506522  
0.0325474  15.1587  0.021711  
13.2636  0.00281051  0.00280019  
1.19591  0.0411956  0.0472455  
0.99177  0.116763  0.0704879  
0.981766  0.181988  0.0765113  
0.965368  0.254723  0.0984097  
0.940171  0.335761  0.0849238  
0.908056  0.415319  0.107315  
0.863991  0.501394  0.145443  
0.855588  0.517161  0.261121  
0.708526  0.705072  0.240124  
0.668492  0.744098  0.260763  
0.590785  0.807584  0.23661  
0.508432  0.862454  0.105563  
0.170373  0.984222  0.229579  
0.134233  0.98968  0.190225  
0.107725  0.992528  0.156582  
0.0841183  0.995514  0.119728  
0.0311903  0.997437  0.0805376  
0.0581879  1.10433  0.0506522  
0.0325474  15.1587  0.021711  
13.2636  0.00281051  0.00280019  
1.20001  0.0619336  0.0383235  
0.992568  0.109826  0.0724513  
0.983245  0.173341  0.062027  
0.970057  0.241091  0.129809  
0.947454  0.315908  0.0956648  
0.918031  0.393201  0.172355  
0.880328  0.472497  0.253889  
0.851353  0.523425  0.277651  
0.851353  0.523425  0.277651  
0.70721  0.706575  0.148252  
0.632507  0.773201  0.100262  
0.554304  0.831531  0.147379  
0.508432  0.862454  0.105563  
0.18155  0.982621  0.243492  
0.139486  0.988459  0.199168  
0.107649  0.992461  0.165511  
0.0841183  0.995514  0.119728  
0.0311903  0.997437  0.0805376  
0.0508008  1.05649  0.0525421  
0.0302746  13.9877  0.0261959  
13.2636  0.00281051  0.00280019  
1.20197  0.0549143  0.0431807  
0.993158  0.104071  0.0862941  
0.985328  0.164202  0.0701023  
0.971873  0.228791  0.150784  
0.953863  0.296466  0.0773352  
0.927469  0.370349  0.147303  
0.893533  0.445723  0.151964  
0.851353  0.523425  0.277651  
0.849354  0.527817  0.301306  
0.708526  0.705072  0.240124  
0.672428  0.739859  0.0788144  
0.598125  0.800357  0.254276  
0.523394  0.851215  0.27806  
0.218583  0.976051  0.291921  
0.181512  0.982456  0.246731  
0.157915  0.986523  0.2134  
0.122979  0.991301  0.171114  
0.0809803  0.994647  0.127721  
0.0404166  0.996969  0.0868468  
0.0508008  1.05649  0.0525421  
0.0238856  13.9978  0.0267913  
13.2636  0.00280927  0.00142023  
1.20197  0.0549143  0.0431807  
0.99345  0.0982168  0.0762629  
0.98612  0.155679  0.124585  
0.975502  0.213634  0.150801  
0.95841  0.281361  0.0906831  
0.935669  0.351078  0.102122  
0.90654  0.42299  0.143554  
0.867187  0.495869  0.285145  
0.848945  0.530556  0.311048  
0.842703  0.538068  0.360785  
0.70721  0.706575  0.148252  
0.640544  0.766866  0.0783288  
0.568652  0.82174  0.237264  
0.508104  0.862887  0.157785  
0.229905  0.971698  0.311148  
0.188466  0.980423  0.263848  
0.155587  0.985962  0.221657  
0.126526  0.990617  0.179606  
0.0809803  0.994647  0.127721  
0.0454877  0.996814  0.0911184  
0.0508008  1.05649  0.0525421  
0.0238856  13.9978  0.0267913  
12.8286  0.00279594  0.00193976  
1.19842  0.00863619  0.0579285  
0.994139  0.0913331  0.0704085  
0.987469  0.147736  0.066458  
0.977434  0.20223  0.161638  
0.96256  0.267001  0.0968824  
0.942063  0.331899  0.0850123  
0.915971  0.398859  0.122136  
0.881793  0.470025  0.175147  
0.842703  0.538068  0.360785  
0.838607  0.548054  0.394169  
0.718579  0.70229  0.391084  
0.676663  0.734907  0.128426  
0.608601  0.792644  0.357329  
0.539809  0.840148  0.203307  
0.508104  0.862887  0.157785  
0.23214  0.970589  0.324098  
0.203057  0.97754  0.275798  
0.170373  0.984222  0.229579  
0.128959  0.989736  0.182223  
0.0903089  0.993641  0.13818  
0.0454877  0.996814  0.0911184  
0.0508008  1.05649  0.0525421  
0.0238856  13.9978  0.0267913  
13.8044  0.0026453  0.00179848  
1.1939  0.0224747  0.0604069  
0.994443  0.0885044  0.083717  
0.988662  0.138723  0.0807267  
0.979128  0.193183  0.13604  
0.966004  0.25298  0.182408  
0.947691  0.315651  0.252035  
0.923729  0.379486  0.0896459  
0.893533  0.445723  0.151964  
0.85747  0.514239  0.221747  
0.835608  0.547831  0.418584  
0.718765  0.69818  0.454357  
0.706506  0.706773  0.369818  
0.645318  0.762241  0.16012  
0.579409  0.812755  0.21486  
0.512664  0.85913  0.191705  
0.273887  0.960157  0.38342  
0.247629  0.967618  0.337055  
0.212368  0.975517  0.289726  
0.18155  0.982621  0.243492  
0.139411  0.988609  0.197423  
0.0997151  0.993092  0.146204  
0.0576512  0.996389  0.0983557  
0.0444649  1.08184  0.0542298  
0.0238856  13.9978  0.0267913  
13.8044  0.0026453  0.00179848  
0.997896  0.0318422  0.0607271  
0.994839  0.0816087  0.10446  
0.989326  0.134006  0.0676157  
0.980828  0.186524  0.162424  
0.968994  0.241253  0.202877  
0.95244  0.299586  0.275069  
0.930866  0.361675  0.0889915  
0.903997  0.425353  0.124052  
0.871603  0.489196  0.374261  
0.834812  0.550285  0.434856  
0.825897  0.567077  0.462837  
0.717007  0.696297  0.458554  
0.676663  0.734907  0.128426  
0.617926  0.785062  0.204196  
0.555494  0.833025  0.107281  
0.508104  0.862887  0.157785  
0.287677  0.955721  0.395923  
0.266988  0.967015  0.351458  
0.212368  0.975517  0.289726  
0.189612  0.982204  0.256955  
0.16592  0.988419  0.208594  
0.107725  0.992528  0.156582  
0.058553  0.996069  0.103028  
0.0388482  1.06549  0.056739  
0.0214865  14.2501  0.0309152  
13.9454  0.00257123  0.00120476  
0.997896  0.0318422  0.0607271  
0.994839  0.0816087  0.10446  
0.989925  0.12911  0.101627  
0.982341  0.177699  0.0961449  
0.97165  0.229289  0.212562  
0.956216  0.286758  0.134026  
0.937199  0.344931  0.108586  
0.913343  0.40322  0.292431  
0.883569  0.46511  0.100111  
0.848729  0.52767  0.336853  
0.821268  0.570128  0.486162  
0.720545  0.693462  0.508586  
0.706506  0.706773  0.369818  
0.650013  0.758193  0.264259  
0.590785  0.807584  0.23661  
0.529233  0.847716  0.222438  
0.369612  0.941422  0.466539  
0.308454  0.951274  0.41494  
0.285025  0.961684  0.370723  
0.23214  0.970589  0.324098  
0.196712  0.979835  0.269862  
0.157915  0.986523  0.2134  
0.107649  0.992461  0.165511  
0.062467  0.995802  0.107896  
0.0388482  1.06549  0.056739  
0.0214865  14.2501  0.0309152  
13.9454  0.00257123  0.00120476  
0.997896  0.0318422  0.0607271  
0.995251  0.0772651  0.0784168  
0.990625  0.123445  0.0836988  
0.983774  0.170295  0.153039  
0.973525  0.22054  0.102134  
0.960167  0.274362  0.242336  
0.942466  0.328879  0.176745  
0.92041  0.386765  0.292285  
0.893533  0.445723  0.151964  
0.861465  0.506498  0.23208  
0.82586  0.564421  0.4824  
0.806968  0.588662  0.552155  
0.720545  0.693462  0.508586  
0.679504  0.731705  0.0875875  
0.621831  0.781383  0.380783  
0.566963  0.824211  0.126581  
0.508104  0.862887  0.157785  
0.369078  0.932297  0.497046  
0.336066  0.946851  0.434648  
0.292549  0.958477  0.384535  
0.247629  0.967618  0.337055  
0.209087  0.976402  0.281897  
0.163626  0.985093  0.229617  
0.118832  0.991119  0.175026  
0.0629894  0.995662  0.112381  
0.0391435  1.00215  0.0627288  
0.0195679  14.0479  0.0323129  
13.9454  0.00257123  0.00120476  
0.997896  0.0318422  0.0607271  
0.995373  0.0761521  0.0730462  
0.991134  0.118884  0.115256  
0.985109  0.161766  0.0972782  
0.97581  0.21092  0.106883  
0.963649  0.261604  0.146493  
0.947454  0.315908  0.0956648  
0.927255  0.370918  0.455739  
0.902398  0.427123  0.164494  
0.873389  0.484974  0.50992  
0.838544  0.542463  0.460443  
0.797172  0.601009  0.594592  
0.787159  0.623685  0.637935  
0.706382  0.707344  0.470389  
0.653955  0.755489  0.277353  
0.598869  0.798795  0.413862  
0.543117  0.83843  0.083848  
0.428023  0.90441  0.561309  
0.37809  0.924516  0.507207  
0.35191  0.935734  0.464414  
0.308454  0.951274  0.41494  
0.250819  0.966992  0.362749  
0.212368  0.975517  0.289726  
0.16332  0.984544  0.238563  
0.117378  0.991007  0.179163  
0.073608  0.995059  0.117931  
0.0391435  1.00215  0.0627288  
0.0195679  14.0479  0.0323129  
13.9454  0.00257123  0.00120476  
0.997896  0.0318422  0.0607271  
0.995828  0.0703481  0.079189  
0.991748  0.11384  0.10236  
0.985941  0.156571  0.108712  
0.977434  0.20223  0.161638  
0.966152  0.251867  0.150892  
0.951632  0.301714  0.111787  
0.933185  0.355532  0.0904156  
0.910475  0.409885  0.209359  
0.883807  0.464666  0.205769  
0.852923  0.518808  0.605215  
0.816683  0.577022  0.634998  
0.784429  0.619286  0.673592  
0.727365  0.685359  0.635498  
0.682223  0.730259  0.323469  
0.630313  0.774813  0.477911  
0.576236  0.815664  0.627364  
0.520971  0.851817  0.26049  
0.444209  0.896018  0.589769  
0.408887  0.914804  0.548707  
0.35191  0.935734  0.464414  
0.296805  0.953799  0.411243  
0.251372  0.966233  0.374176  
0.203629  0.977037  0.310639  
0.156153  0.985618  0.255376  
0.114331  0.991315  0.172884  
0.073608  0.995059  0.117931  
0.0338322  1.0167  0.0709095  
0.0132389  10.3358  0.0372486  
13.9454  0.00257123  0.00120476  
0.997888  0.0330196  0.0679749  
0.995828  0.0703481  0.079189  
0.992266  0.109673  0.0686753  
0.986749  0.151231  0.147493  
0.978979  0.195449  0.180457  
0.968566  0.241526  0.0971218  
0.955166  0.290288  0.220443  
0.938676  0.340329  0.311103  
0.917572  0.393496  0.0682431  
0.893533  0.445723  0.151964  
0.864683  0.500572  0.407393  
0.830856  0.554071  0.482292  
0.793243  0.606702  0.608838  
0.752662  0.657565  0.707774  
0.707225  0.705815  0.406778  
0.65782  0.752043  0.693267  
0.606963  0.792589  0.388641  
0.551345  0.832313  0.708861  
0.502918  0.866425  0.66012  
0.441347  0.896002  0.599421  
0.394477  0.918757  0.530027  
0.34241  0.938365  0.519114  
0.287677  0.955721  0.395923  
0.239893  0.969855  0.403343  
0.195604  0.978774  0.269927  
0.151657  0.986271  0.281717  
0.110111  0.991604  0.173879  
0.0711947  0.995286  0.131249  
0.0275053  1.0004  0.0715329  
0.0132389  10.3358  0.0372486  
13.9454  0.00257123  0.00120476  
0.997888  0.0330196  0.0679749  
0.995995  0.0687229  0.0682584  
0.992721  0.105522  0.130147  
0.987723  0.14589  0.170837  
0.98053  0.188487  0.123718  
0.970856  0.232663  0.192668  
0.958616  0.278853  0.137619  
0.943041  0.328034  0.420378  
0.924252  0.377359  0.152729  
0.902028  0.428071  0.627217  
0.874835  0.48094  0.531769  
0.844965  0.533507  0.494659  
0.810017  0.583925  0.739894  
0.771899  0.63669  0.735127  
0.731269  0.682032  0.71494  
0.683389  0.728977  0.687137  
0.633666  0.771345  0.53081  
0.585266  0.809772  0.537813  
0.533199  0.845377  0.761661  
0.480338  0.875496  0.66659  
0.425483  0.90265  0.581764  
0.37809  0.924516  0.507207  
0.325521  0.943737  0.486014  
0.278837  0.959272  0.446866  
0.23214  0.970589  0.324098  
0.185982  0.980309  0.278288  
0.146103  0.987208  0.208554  
0.105838  0.992078  0.184882  
0.068869  0.995418  0.126571  
0.0188697  0.997437  0.075233  
0.0132389  10.3358  0.0372486  
13.9454  0.00257123  0.00120476  
0.997893  0.0299315  0.069959  
0.996242  0.0650818  0.0660361  
0.993119  0.10155  0.0735941  
0.988272  0.141041  0.0794589  
0.98148  0.181624  0.134537  
0.97283  0.224042  0.153313  
0.9613  0.268858  0.0634423  
0.947634  0.314721  0.283258  
0.930027  0.363659  0.309585  
0.909494  0.413152  0.469252  
0.885207  0.463013  0.100086  
0.856069  0.513822  0.451124  
0.824629  0.564093  0.601923  
0.787769  0.613804  0.620586  
0.750883  0.659227  0.921477  
0.706582  0.705967  0.648876  
0.66045  0.748858  0.430938  
0.613958  0.787305  0.358028  
0.564274  0.823526  0.64861  
0.515842  0.858512  0.815864  
0.462852  0.886504  0.640777  
0.41088  0.909652  0.631145  
0.361489  0.930324  0.59705  
0.316148  0.947391  0.51366  
0.268768  0.961444  0.418005  
0.224933  0.972612  0.439434  
0.181923  0.981216  0.294335  
0.140777  0.987934  0.248198  
0.103292  0.992493  0.197588  
0.0669388  0.995468  0.115429  
0.0238347  0.997415  0.0787524  
0.0132389  10.3358  0.0372486  
17.4306  0.0025971  0.00173286  
0.997893  0.0299315  0.069959  
0.996285  0.0633159  0.0718978  
0.99345  0.0982168  0.0762629  
0.988928  0.135886  0.112884  
0.982964  0.174742  0.123667  
0.974735  0.215952  0.101572  
0.96416  0.258929  0.14688  
0.950863  0.304297  0.151358  
0.9352  0.350289  0.206943  
0.916114  0.396654  0.185862  
0.893721  0.446696  0.483712  
0.867525  0.495596  0.359183  
0.837685  0.544296  0.546467  
0.805104  0.593309  0.685287  
0.767629  0.639809  0.742335  
0.727697  0.683687  0.941475  
0.684346  0.727172  0.924899  
0.639231  0.766629  0.979323  
0.592635  0.803642  0.423234  
0.544585  0.837284  0.906277  
0.49544  0.867668  0.799829  
0.447431  0.893524  0.725173  
0.39466  0.916805  0.634401  
0.347762  0.935505  0.572018  
0.303151  0.951011  0.528764  
0.25929  0.963802  0.381751  
0.216486  0.974172  0.417621  
0.175847  0.982287  0.342259  
0.135368  0.988563  0.247235  
0.0990305  0.99281  0.184112  
0.0629894  0.995662  0.112381  
0.0238347  0.997415  0.0787524  
0.0132389  10.3358  0.0372486  
17.4306  0.0025971  0.00173286  
0.997893  0.0299315  0.069959  
0.996577  0.0591012  0.0708914  
0.993711  0.0937192  0.0671194  
0.989679  0.131087  0.0779608  
0.983856  0.169451  0.0836136  
0.976321  0.20813  0.200527  
0.966627  0.250018  0.172951  
0.954135  0.293603  0.369941  
0.939119  0.338085  0.188677  
0.922071  0.383138  0.093815  
0.900871  0.430083  0.13671  
0.876801  0.4784  0.638414  
0.84969  0.524484  0.799162  
0.818182  0.572672  0.947365  
0.784429  0.619286  0.673592  
0.747438  0.662639  0.832185  
0.706582  0.705967  0.648876  
0.66424  0.745586  0.429173  
0.618914  0.783401  0.594689  
0.572558  0.817898  0.715129  
0.526069  0.849984  0.870713  
0.478159  0.876351  0.850021  
0.427848  0.901747  0.865052  
0.383708  0.922187  0.731722  
0.338572  0.938948  0.696661  
0.294035  0.953749  0.50736  
0.250662  0.96606  0.596687  
0.209545  0.9756  0.30789  
0.16988  0.983249  0.238659  
0.132378  0.989079  0.193784  
0.0964349  0.993039  0.180022  
0.0624999  0.995681  0.170284  
0.0294385  0.997205  0.0944789  
0.0132389  10.3358  0.0372486  
17.4306  0.0025971  0.00173286  
0.998028  0.0294562  0.0675687  
0.996577  0.0591012  0.0708914  
0.993987  0.092411  0.0774181  
0.990153  0.127289  0.0770876  
0.985058  0.161726  0.207768  
0.977668  0.202076  0.186897  
0.968566  0.241526  0.0971218  
0.957351  0.283197  0.384929  
0.943596  0.326384  0.0793254  
0.927255  0.370918  0.455739  
0.907801  0.415639  0.804915  
0.885285  0.461691  0.113447  
0.859907  0.50792  0.913815  
0.830856  0.554071  0.482292  
0.798693  0.600214  0.983253  
0.76358  0.643318  0.857505  
0.726241  0.68586  0.679984  
0.68669  0.725825  0.662992  
0.643849  0.764016  0.253412  
0.599263  0.798089  0.775449  
0.554718  0.830295  0.737069  
0.507587  0.860784  0.778316  
0.462301  0.885515  0.646285  
0.416516  0.908115  0.633223  
0.369776  0.927279  0.764347  
0.327127  0.942847  0.857658  
0.283817  0.956781  0.436839  
0.242562  0.968403  0.730575  
0.202218  0.977282  0.450721  
0.164209  0.984216  0.389596  
0.128004  0.989592  0.408459  
0.0932102  0.993381  0.180851  
0.0604381  0.995839  0.176553  
0.0294385  0.997205  0.0944789  
0.0119731  10.0431  0.0451328  
17.4306  0.0025971  0.00173286  
0.99806  0.024951  0.0640474  
0.996582  0.0587635  0.0677902  
0.994185  0.0904723  0.0781021  
0.990597  0.123873  0.105894  
0.985665  0.158227  0.158267  
0.978979  0.195449  0.180457  
0.970538  0.234217  0.168424  
0.960167  0.274362  0.242336  
0.947634  0.314721  0.283258  
0.932132  0.358263  0.539453  
0.914571  0.40057  0.295804  
0.893473  0.445986  0.415656  
0.869505  0.490532  0.109279  
0.843369  0.535561  0.790446  
0.812381  0.580468  0.794354  
0.78051  0.624033  0.979239  
0.745863  0.66483  0.924131  
0.706582  0.705967  0.648876  
0.666139  0.74409  0.637494  
0.623955  0.779051  0.234011  
0.579979  0.812667  0.585853  
0.535861  0.84252  0.699875  
0.492361  0.870099  0.916392  
0.447431  0.893524  0.725173  
0.401137  0.914538  0.957118  
0.358525  0.931564  0.864865  
0.316101  0.947115  0.642986  
0.274148  0.95959  0.579461  
0.234346  0.970215  0.800416  
0.195829  0.978495  0.295599  
0.158945  0.98514  0.302512  
0.1237  0.990038  0.250211  
0.0909295  0.993562  0.298354  
0.0584966  0.995956  0.125207  
0.02769  0.997252  0.113954  
0.00748605  10.0789  0.0485957  
12.8286  0.00279594  0.00193976  
0.99806  0.024951  0.0640474  
0.996733  0.0569482  0.0762786  
0.994494  0.0877251  0.100558  
0.991163  0.118241  0.188093  
0.98654  0.154169  0.622575  
0.980435  0.189784  0.290309  
0.972414  0.226477  0.182107  
0.962551  0.265181  0.95649  
0.950609  0.305296  0.188447  
0.936483  0.346202  0.212691  
0.919844  0.388822  0.553942  
0.900654  0.431978  0.243373  
0.878396  0.475503  0.466594  
0.852923  0.518808  0.605215  
0.826133  0.562921  0.686262  
0.796035  0.605001  0.950042  
0.762158  0.646598  0.75008  
0.725481  0.686783  0.755984  
0.687363  0.724224  0.330138  
0.646058  0.761417  0.579224  
0.605131  0.793815  0.798261  
0.563168  0.824373  0.580499  
0.51951  0.853548  0.845802  
0.474701  0.878931  0.791445  
0.432458  0.899459  0.666562  
0.389253  0.91922  0.712806  
0.346769  0.936055  0.761329  
0.305714  0.950038  0.833775  
0.26568  0.962049  0.458265  
0.227228  0.971747  0.361745  
0.190073  0.979612  0.297601  
0.154577  0.985739  0.539848  
0.120321  0.990496  0.468593  
0.0873635  0.993878  0.174412  
0.0571753  0.996034  0.109781  
0.02769  0.997252  0.113954  
0.00748605  10.0789  0.0485957  
13.4588  0.00292881  0.00106219  
0.99806  0.024951  0.0640474  
0.996797  0.0553688  0.0634727  
0.994722  0.085039  0.0692878  
0.991456  0.116782  0.10021  
0.987125  0.149573  0.0798516  
0.981257  0.183447  0.234665  
0.973774  0.2197  0.960842  
0.964737  0.256786  0.161676  
0.953573  0.295913  0.261079  
0.94064  0.334616  0.251079  
0.924931  0.376712  0.434162  
0.906904  0.417778  0.740748  
0.886017  0.459905  0.127205  
0.863018  0.502102  0.644977  
0.837115  0.544854  0.938737  
0.808286  0.58666  0.959663  
0.776372  0.629318  0.711469  
0.742563  0.668127  0.709904  
0.706582  0.705967  0.648876  
0.668101  0.742221  0.372368  
0.628434  0.776283  0.40521  
0.587955  0.807019  0.677802  
0.545484  0.835858  0.779545  
0.504262  0.863089  0.905177  
0.459271  0.886415  0.828141  
0.417857  0.90647  0.782066  
0.376562  0.924655  0.761854  
0.336117  0.939925  0.876366  
0.296032  0.953362  0.592297  
0.257254  0.964175  0.775847  
0.220146  0.973326  0.791608  
0.184131  0.980687  0.279522  
0.149507  0.986569  0.51703  
0.117135  0.990859  0.486798  
0.0853484  0.994063  0.209917  
0.0558984  0.996145  0.316096  
0.0267987  0.997302  0.157871  
0.00748605  10.0789  0.0485957  
13.4588  0.00292881  0.00106219  
0.99806  0.024951  0.0640474  
0.996809  0.0536081  0.0872723  
0.994961  0.0821398  0.079586  
0.992023  0.113357  0.177327  
0.987757  0.144949  0.148827  
0.98226  0.178657  0.850197  
0.975287  0.213368  0.273943  
0.966784  0.249025  0.237659  
0.956429  0.286695  0.323421  
0.944095  0.324686  0.152818  
0.929551  0.364325  0.375863  
0.913002  0.403945  0.77718  
0.893473  0.445986  0.415656  
0.871332  0.48784  0.397106  
0.84734  0.528571  0.700435  
0.821036  0.569171  0.6939  
0.790519  0.610432  0.97392  
0.75836  0.650083  0.863988  
0.72488  0.687835  0.617595  
0.688022  0.723656  0.503601  
0.649369  0.758445  0.4363  
0.610091  0.790829  0.778164  
0.570881  0.81914  0.476431  
0.529558  0.846384  0.923047  
0.48836  0.870723  0.80392  
0.44441  0.89407  0.839381  
0.405381  0.912892  0.896194  
0.365796  0.929631  0.866527  
0.324909  0.943721  0.684582  
0.287395  0.956205  0.519042  
0.249707  0.966286  0.536294  
0.213261  0.974902  0.3678  
0.178622  0.981736  0.538053  
0.145361  0.987096  0.636118  
0.113744  0.991255  0.295187  
0.0823066  0.994264  0.278004  
0.0544078  0.996152  0.161842  
0.0258295  0.997274  0.187501  
0.00703549  3.30804  0.0530516  
12.8325  0.00210664  0.0252694  
0.99806  0.024951  0.0640474  
0.997112  0.0502856  0.0751084  
0.99395  0.0384068  0.629083  
0.992266  0.109673  0.0686753  
0.988272  0.141041  0.0794589  
0.983093  0.173121  0.831276  
0.976804  0.205678  0.279563  
0.968606  0.241704  0.89247  
0.958805  0.278427  0.152711  
0.947853  0.315034  0.690637  
0.934054  0.354257  0.175578  
0.918004  0.392777  0.608327  
0.899502  0.433363  0.570973  
0.879265  0.473324  0.957287  
0.856712  0.5139  0.990523  
0.831341  0.553474  0.785171  
0.803858  0.593493  0.86757  
0.773755  0.632791  0.978172  
0.741899  0.669646  0.851338  
0.706582  0.705967  0.648876  
0.669226  0.74091  0.497509  
0.632703  0.772867  0.277478  
0.593717  0.802552  0.725794  
0.554718  0.830295  0.737069  
0.512915  0.85867  0.732108  
0.472971  0.878959  0.898215  
0.432458  0.899459  0.666562  
0.393491  0.917764  0.55334  
0.353505  0.93408  0.82073  
0.316101  0.947115  0.642986  
0.278106  0.958577  0.996642  
0.242383  0.968059  0.859617  
0.207324  0.976123  0.637599  
0.173348  0.982762  0.294095  
0.141238  0.987781  0.560973  
0.110111  0.991604  0.173879  
0.0812082  0.994371  0.174027  
0.0524059  0.996284  0.204004  
0.0258295  0.997274  0.187501  
0.00582427  5.54923  0.0549776  
7.24779  0.000229152  0.0314595  
0.99806  0.024951  0.0640474  
0.99395  0.0384068  0.629083  
0.993812  0.0410656  0.972619  
0.992581  0.107199  0.105199  
0.988928  0.135886  0.112884  
0.984015  0.168603  0.0655866  
0.978051  0.200305  0.95146  
0.970119  0.235  0.692186  
0.961345  0.269306  0.0989625  
0.950258  0.30642  0.761411  
0.937875  0.343722  0.709034  
0.923121  0.381741  0.28143  
0.90564  0.420323  0.160864  
0.886435  0.459231  0.553437  
0.865336  0.498503  0.924485  
0.841508  0.537879  0.508053  
0.815862  0.577385  0.794988  
0.787314  0.615886  0.796944  
0.757264  0.651178  0.86477  
0.723867  0.688926  0.79259  
0.689121  0.722921  0.818416  
0.652904  0.755635  0.545346  
0.616067  0.785474  0.746343  
0.577005  0.815218  0.510262  
0.53909  0.84033  0.854616  
0.500344  0.865903  0.956012  
0.459271  0.886415  0.828141  
0.419665  0.905436  0.582492  
0.382472  0.922191  0.919672  
0.344067  0.936995  0.641514  
0.306686  0.949905  0.709194  
0.270563  0.960665  0.481809  
0.234957  0.96987  0.795796  
0.201351  0.977324  0.385911  
0.168824  0.983489  0.404827  
0.137441  0.988263  0.404982  
0.107174  0.991964  0.429218  
0.079038  0.994557  0.142048  
0.0516513  0.99633  0.118813  
0.0255369  0.997313  0.191656  
0.00438906  5.55325  0.0556248  
7.24779  0.000229152  0.0314595  
0.998238  0.0202619  0.0623127  
0.993812  0.0410656  0.972619  
0.993812  0.0410656  0.972619  
0.992905  0.103563  0.098136  
0.989489  0.131693  0.947587  
0.985058  0.161726  0.207768  
0.979206  0.195905  0.181055  
0.971954  0.228673  0.33392  
0.963457  0.262108  0.663735  
0.953209  0.297515  0.81096  
0.941579  0.3318  0.332404  
0.927475  0.370421  0.278564  
0.911957  0.408708  0.386887  
0.893473  0.445986  0.415656  
0.873043  0.484481  0.998397  
0.85143  0.522386  0.630316  
0.827164  0.56062  0.526235  
0.799875  0.598504  0.693424  
0.770355  0.635297  0.847883  
0.739703  0.671254  0.920089  
0.706582  0.705967  0.648876  
0.672334  0.738918  0.370369  
0.636205  0.769456  0.956891  
0.599263  0.798089  0.775449  
0.560474  0.825908  0.521927  
0.524144  0.851248  0.951427  
0.484115  0.873537  0.637016  
0.44441  0.89407  0.839381  
0.407045  0.912514  0.781659  
0.370418  0.927172  0.756818  
0.332946  0.940914  0.447662  
0.297798  0.952477  0.844019  
0.262265  0.962961  0.927275  
0.229051  0.971302  0.836106  
0.195829  0.978495  0.295599  
0.164574  0.984281  0.614374  
0.132597  0.988981  0.367697  
0.104477  0.992281  0.28921  
0.0771142  0.994751  0.154004  
0.0501838  0.996448  0.244095  
0.0238703  0.997344  0.213987  
0.00366719  3.63619  0.0679428  
7.24779  0.000229152  0.0314595  
0.994408  0.0208839  0.752496  
0.993812  0.0410656  0.972619  
0.993812  0.0410656  0.972619  
0.992958  0.101994  0.82067  
0.990083  0.126783  0.905014  
0.985473  0.158739  0.72774  
0.97986  0.190316  0.0994527  
0.973392  0.22126  0.891634  
0.965292  0.255429  0.632327  
0.955835  0.289346  0.922027  
0.944713  0.322864  0.442215  
0.931727  0.358905  0.394225  
0.916411  0.396223  0.261694  
0.899295  0.433764  0.976928  
0.880118  0.471613  0.774889  
0.859728  0.5089  0.646637  
0.837147  0.545817  0.673408  
0.810906  0.583923  0.822035  
0.782983  0.620389  0.710912  
0.755756  0.655006  0.821503  
0.722775  0.689231  0.661853  
0.690056  0.722333  0.356738  
0.655412  0.753375  0.58731  
0.620051  0.783166  0.561448  
0.584666  0.811278  0.996479  
0.546968  0.835809  0.520314  
0.509477  0.860298  0.877908  
0.471071  0.880638  0.643193  
0.43452  0.899047  0.973728  
0.397615  0.915882  0.883818  
0.35994  0.931011  0.871271  
0.32421  0.943965  0.839122  
0.288989  0.955239  0.581965  
0.25577  0.964722  0.625309  
0.222659  0.972688  0.361138  
0.190962  0.979418  0.266663  
0.159866  0.984976  0.39336  
0.130447  0.989259  0.207583  
0.101938  0.992512  0.269469  
0.074313  0.994884  0.49513  
0.047153  0.996551  0.607575  
0.0238703  0.997344  0.213987  
0.0014669  3.64331  0.0688025  
1.16664  0.000552079  0.505922  
0.994408  0.0208839  0.752496  
0.993812  0.0410656  0.972619  
0.993812  0.0410656  0.972619  
0.993421  0.0992555  0.0632664  
0.990083  0.126783  0.905014  
0.98636  0.155546  0.0962874  
0.981356  0.184409  0.145881  
0.974887  0.215585  0.0849975  
0.967304  0.247442  0.884138  
0.958609  0.280414  0.396926  
0.948015  0.315094  0.11035  
0.935405  0.350568  0.407256  
0.920633  0.386121  0.348249  
0.90528  0.422274  0.436633  
0.88775  0.457279  0.717348  
0.86729  0.495141  0.764147  
0.845979  0.532349  0.838602  
0.821454  0.5685  0.561292  
0.796035  0.605001  0.950042  
0.767629  0.639809  0.742335  
0.737545  0.673235  0.900455  
0.706582  0.705967  0.648876  
0.673576  0.737064  0.799546  
0.640336  0.767941  0.543566  
0.60496  0.794314  0.649215  
0.56853  0.821233  0.721428  
0.531613  0.845655  0.396627  
0.494973  0.867413  0.673401  
0.459271  0.886415  0.828141  
0.422411  0.904339  0.89259  
0.386943  0.920915  0.958179  
0.349818  0.934832  0.626235  
0.316066  0.947142  0.743188  
0.28218  0.957507  0.578151  
0.248792  0.966651  0.635791  
0.217026  0.974379  0.50191  
0.185985  0.980363  0.516707  
0.155128  0.985624  0.441959  
0.126945  0.989636  0.317398  
0.0992974  0.992714  0.498774  
0.073432  0.995034  0.236955  
0.047153  0.996551  0.607575  
0.0237558  0.997358  0.178008  
0.000640363  0.998173  0.244064  
