1  0.881259  
1  0.881259  
1  0.881259  
1  0.881259  
1  0.881259  
1  0.881259  
1  0.881259  
1  0.881259  
1  0.881259  
1  0.881259  
1  0.881259  
1  0.881259  
1  0.881259  
1  0.881259  
1  0.881259  
1  0.881259  
1  0.881259  
1  0.881259  
1  0.881259  
1  0.881259  
1  0.881259  
1  0.881259  
1  0.881259  
1  0.881259  
1  0.881259  
1  0.881259  
1  0.881259  
1  0.881259  
1  0.881259  
1  0.881259  
1  0.881259  
1  0.881259  
1  0.881259  
1  0.881259  
1  0.881259  
1  0.881259  
1  0.881259  
1  0.881259  
1  0.881259  
1  0.881259  
1  0.881259  
1  0.881259  
1  0.881259  
1  0.881259  
1  0.881259  
1  0.881259  
1  0.881259  
1  0.881259  
1  0.881259  
1  0.881259  
1  0.881259  
1  0.881259  
1  0.881259  
1  0.881259  
1  0.881259  
1  0.881259  
1  0.881259  
1  0.881259  
1  0.881259  
1  0.881259  
1  0.881259  
1  0.881259  
1  0.881259  
1  0.881259  
1  0.881259  
1  0.881259  
1  0.881259  
1  0.881259  
1  0.881259  
1  0.881259  
1  0.881259  
1  0.881259  
1  0.881259  
1  0.881259  
1  0.881259  
1  0.881259  
1  0.881259  
1  0.881259  
1  0.881259  
1  0.881259  
1  0.881259  
1  0.881259  
1  0.881259  
1  0.881259  
1  0.881259  
1  0.881259  
1  0.881259  
1  0.881259  
1  0.881259  
1  0.881259  
1  0.881259  
1  0.881259  
0.999501  0.883573  
0.994803  0.89742  
0.989853  0.909985  
0.984779  0.924423  
0.979705  0.93891  
0.974776  0.952392  
0.969811  0.966585  
0.966154  0.975695  
0.959728  0.995099  
0.955263  1.0069  
0.949806  1.02327  
0.944768  1.03741  
0.938855  1.05252  
0.934052  1.06525  
0.9284  1.08374  
0.923405  1.09911  
0.916864  1.11272  
0.911839  1.13021  
0.90588  1.14501  
0.900702  1.15814  
0.894566  1.1765  
0.888896  1.19084  
0.882526  1.20821  
0.876787  1.22317  
0.870417  1.24096  
0.864615  1.25726  
0.858523  1.27527  
0.852192  1.29257  
0.84564  1.30944  
0.839388  1.32808  
0.832899  1.34576  
0.82625  1.36408  
0.819921  1.38134  
0.813175  1.40054  
0.806638  1.41888  
0.800088  1.43753  
0.793544  1.45614  
0.787187  1.47621  
0.779894  1.49561  
0.771917  1.51508  
0.765013  1.53578  
0.758786  1.55283  
0.751737  1.57262  
0.743499  1.59534  
0.736562  1.61509  
0.729392  1.63751  
0.720935  1.65865  
0.714279  1.67916  
0.706361  1.69857  
0.697696  1.72306  
0.689885  1.74537  
0.681497  1.76797  
0.673941  1.78936  
0.665875  1.81313  
0.65685  1.83781  
0.648907  1.86208  
0.640045  1.88765  
0.630856  1.91213  
0.623413  1.93307  
0.612479  1.96151  
0.605965  1.98216  
0.596403  2.00912  
0.585846  2.03709  
0.57753  2.06055  
0.568202  2.0871  
0.558535  2.11439  
0.54932  2.14058  
0.538796  2.17001  
0.52835  2.19928  
0.518275  2.2272  
0.5082  2.25532  
0.498375  2.28442  
0.488633  2.31275  
0.47649  2.34521  
0.465824  2.37561  
0.454504  2.4078  
0.445053  2.43569  
0.432941  2.46962  
0.420829  2.50391  
0.409029  2.53525  
0.398955  2.56801  
0.387255  2.60116  
0.373005  2.63809  
0.361146  2.67001  
0.349559  2.7039  
0.336915  2.74054  
0.323237  2.77743  
0.310588  2.81351  
0.297341  2.85185  
0.282819  2.89358  
0.270345  2.92843  
0.256596  2.9668  
0.242728  3.00747  
0.228207  3.04708  
0.213504  3.08852  
0.199164  3.12959  
0.184057  3.1728  
0.167855  3.21996  
0.152263  3.26327  
0.13687  3.30614  
0.121278  3.35401  
0.10369  3.40108  
0.0855834  3.45223  
0.0705111  3.51311  
0.0500284  3.55976  
0.0347546  3.59854  
0.0181841  3.65158  
2.36378e-007  3.69713  
