0.984469  0.287245  
0.984469  0.287245  
0.984469  0.287245  
0.984469  0.287245  
0.984469  0.287245  
0.984469  0.287245  
0.984469  0.287245  
0.984469  0.287245  
0.984469  0.287245  
0.984469  0.287245  
0.984469  0.287245  
0.984469  0.287245  
0.984469  0.287245  
0.984469  0.287245  
0.984469  0.287245  
0.984469  0.287245  
0.984469  0.287245  
0.984469  0.287245  
0.984469  0.287245  
0.984469  0.287245  
0.984469  0.287245  
0.984469  0.287245  
0.984469  0.287245  
0.984469  0.287245  
0.984469  0.287245  
0.984469  0.287245  
0.984469  0.287245  
0.984469  0.287245  
0.984469  0.287245  
0.984469  0.287245  
0.984469  0.287245  
0.984469  0.287245  
0.984469  0.287245  
0.984469  0.287245  
0.984469  0.287245  
0.984469  0.287245  
0.984469  0.287245  
0.984469  0.287245  
0.984469  0.287245  
0.984469  0.287245  
0.984469  0.287245  
0.984469  0.287245  
0.984469  0.287245  
0.984469  0.287245  
0.984469  0.287245  
0.978891  0.290168  
0.970966  0.295619  
0.963  0.300776  
0.959104  0.308647  
0.959104  0.308647  
0.959104  0.308647  
0.959104  0.308647  
0.959104  0.308647  
0.905272  0.346397  
0.905272  0.346397  
0.899294  0.347999  
0.890613  0.353067  
0.886456  0.358054  
0.879598  0.363732  
0.878779  0.372451  
0.878779  0.372451  
0.878779  0.372451  
0.878779  0.372451  
0.820744  0.405239  
0.820744  0.405239  
0.820744  0.405239  
0.816163  0.408568  
0.806705  0.414172  
0.799747  0.419635  
0.797376  0.425047  
0.797376  0.425047  
0.797376  0.425047  
0.797376  0.425047  
0.742835  0.463781  
0.742835  0.463781  
0.742835  0.463781  
0.742835  0.463781  
0.732991  0.467872  
0.725922  0.47294  
0.719838  0.478328  
0.716528  0.484683  
0.716528  0.484683  
0.716528  0.484683  
0.716528  0.484683  
0.659337  0.522644  
0.659337  0.522644  
0.659337  0.522644  
0.659337  0.522644  
0.656156  0.524371  
0.649105  0.528424  
0.642523  0.534093  
0.636022  0.540537  
0.635656  0.542054  
0.63586  0.542745  
0.635656  0.542054  
0.581961  0.581368  
0.581961  0.581368  
0.581961  0.581368  
0.581961  0.581368  
0.581961  0.581368  
0.571556  0.585099  
0.568224  0.589614  
0.561741  0.594392  
0.554924  0.600177  
0.554794  0.602379  
0.554794  0.602379  
0.554794  0.602379  
0.499927  0.64007  
0.499927  0.64007  
0.499927  0.64007  
0.499927  0.64007  
0.499927  0.64007  
0.494837  0.64131  
0.489288  0.645752  
0.482258  0.649765  
0.476932  0.658071  
0.473797  0.661948  
0.473797  0.661948  
0.473797  0.661948  
0.417366  0.698868  
0.417366  0.698868  
0.417366  0.698868  
0.417366  0.698868  
0.417366  0.698868  
0.417366  0.698868  
0.411433  0.702436  
0.4055  0.706034  
0.400098  0.711075  
0.393859  0.715431  
0.393004  0.722637  
0.393004  0.722637  
0.341266  0.758293  
0.341266  0.758293  
0.341266  0.758293  
0.341266  0.758293  
0.341266  0.758293  
0.341266  0.758293  
0.341266  0.758293  
0.331448  0.759603  
0.326757  0.763598  
0.320597  0.767798  
0.315408  0.772574  
0.312023  0.780239  
0.312023  0.780239  
0.255951  0.816486  
0.255951  0.816486  
0.255951  0.816486  
0.255951  0.816486  
0.255951  0.816486  
0.255951  0.816486  
0.255951  0.816486  
0.255951  0.816486  
0.250902  0.818579  
0.245854  0.822395  
0.238692  0.827012  
0.23448  0.830167  
0.231251  0.838745  
0.231251  0.838745  
0.176267  0.875135  
0.176267  0.875135  
0.176267  0.875135  
0.176267  0.875135  
0.176267  0.875135  
0.176267  0.875135  
0.176267  0.875135  
0.176267  0.875135  
0.172326  0.876641  
0.167587  0.878277  
0.161561  0.884746  
0.155066  0.889106  
0.150552  0.895592  
0.150319  0.899811  
0.0955205  0.933906  
0.0955205  0.933906  
0.0955227  0.933907  
0.0955183  0.933905  
0.0955227  0.933907  
0.0955227  0.933907  
0.0955227  0.933907  
0.0955227  0.933907  
0.0955183  0.933905  
0.092098  0.93493  
0.0870911  0.937896  
0.0808024  0.942136  
0.0759778  0.945181  
0.0705391  0.952515  
0.0112738  0.993525  
0.011274  0.993524  
0.0112739  0.993525  
0.0112739  0.993525  
0.0112738  0.993525  
0.0112739  0.993524  
0.0112738  0.993525  
0.0112738  0.993525  
0.011274  0.993524  
0.0112739  0.993524  
0.0112738  0.993525  
0.00959233  0.995779  
0.00461178  0.997861  
1.36647e-019  1  
