1.60858  1.26273  0.000234607  
4.73054  0.00234248  0.000587179  
0.001443  2.80882  0.00028259  
4.73054  0.00234248  0.000587179  
0.74688  0.745786  0.0175857  
0.001443  2.80882  0.00028259  
4.73054  0.00234248  0.000587179  
1.00329  0.0802701  0.0156765  
0.278638  1.03673  0.0202873  
0.001443  2.80882  0.00028259  
4.73054  0.00234248  0.000587179  
1.00329  0.0802701  0.0156765  
0.728484  0.728694  0.0328694  
0.278638  1.03673  0.0202873  
0.000796965  2.80879  0.000285716  
4.73054  0.00234248  0.000587179  
1.00329  0.0802701  0.0156765  
0.888166  0.538958  0.0410473  
0.544441  0.892809  0.0456292  
0.277271  1.03674  0.0202795  
0.000796965  2.80879  0.000285716  
4.73054  0.00234248  0.000587179  
1.00329  0.0802701  0.0156765  
1.00032  0.0574141  0.0505577  
0.728484  0.728694  0.0328694  
0.116309  1.00531  0.0525014  
0.0704688  1.21873  0.0150339  
0.000796965  2.80879  0.000285716  
4.62305  0.00234248  0.000589014  
1.00305  0.0808568  0.0270841  
0.999981  0.0538391  0.0534447  
0.887654  0.539265  0.0620751  
0.535291  0.886483  0.0529357  
0.116309  1.00531  0.0525014  
0.0704688  1.21873  0.0150339  
0.000796965  2.80879  0.000285716  
4.62305  0.00234248  0.000589014  
1.00305  0.0808568  0.0270841  
0.999981  0.0538391  0.0534447  
0.888557  0.537951  0.0623103  
0.72446  0.725298  0.0624518  
0.535291  0.886483  0.0529357  
0.109036  1.00476  0.0551106  
0.0704688  1.21873  0.0150339  
0.000796965  2.80879  0.000285716  
4.73054  0.00234248  0.000587179  
1.00305  0.0808568  0.0270841  
0.999733  0.0537459  0.0569068  
0.998213  0.0479874  0.0771001  
0.884327  0.532317  0.0883161  
0.503367  0.865687  0.0899803  
0.0878119  1.00063  0.0812116  
0.109036  1.00476  0.0551106  
0.0704688  1.21873  0.0150339  
0.000796965  2.80879  0.000285716  
4.73054  0.00234248  0.000587179  
1.00124  0.054976  0.0267707  
0.999733  0.0537459  0.0569068  
0.998213  0.0479874  0.0771001  
0.884327  0.532317  0.0883161  
0.725089  0.723861  0.0904712  
0.503367  0.865687  0.0899803  
0.0878119  1.00063  0.0812116  
0.109036  1.00476  0.0551106  
0.0704688  1.21873  0.0150339  
0.000796965  2.80879  0.000285716  
5.50162  0.000611627  0.000747121  
1.00305  0.0808568  0.0270841  
0.999733  0.0537459  0.0569068  
0.998213  0.0479874  0.0771001  
0.884327  0.532317  0.0883161  
0.725089  0.723861  0.0904712  
0.503367  0.865687  0.0899803  
0.503367  0.865687  0.0899803  
0.0884038  0.999729  0.0902677  
0.109036  1.00476  0.0551106  
0.0704688  1.21873  0.0150339  
0.000796965  2.80879  0.000285716  
5.50162  0.000611627  0.000747121  
1.00124  0.054976  0.0267707  
0.999733  0.0537459  0.0569068  
0.997179  0.0553371  0.0925947  
0.994595  0.0680795  0.123436  
0.884327  0.532317  0.0883161  
0.725089  0.723861  0.0904712  
0.503367  0.865687  0.0899803  
0.0941827  0.997139  0.122172  
0.0884038  0.999729  0.0902677  
0.109036  1.00476  0.0551106  
0.0704688  1.21873  0.0150339  
0.000796965  2.80879  0.000285716  
5.50162  0.000611627  0.000747121  
1.00124  0.054976  0.0267707  
0.999189  0.0509525  0.0634473  
0.997179  0.0553371  0.0925947  
0.994595  0.0680795  0.123436  
0.884327  0.532317  0.0883161  
0.725089  0.723861  0.0904712  
0.72446  0.725298  0.0624518  
0.503367  0.865687  0.0899803  
0.0941827  0.997139  0.122172  
0.0911038  0.999628  0.0958018  
0.109036  1.00476  0.0551106  
0.0704688  1.21873  0.0150339  
0.000796965  2.80879  0.000285716  
5.50162  0.000611627  0.000747121  
1.00124  0.054976  0.0267707  
0.999189  0.0509525  0.0634473  
0.997179  0.0553371  0.0925947  
0.994595  0.0680795  0.123436  
0.872255  0.52058  0.15006  
0.870067  0.518922  0.166553  
0.725089  0.723861  0.0904712  
0.503367  0.865687  0.0899803  
0.503367  0.865687  0.0899803  
0.104319  0.996619  0.130283  
0.0911038  0.999628  0.0958018  
0.10999  1.00402  0.0648629  
0.0704688  1.21873  0.0150339  
0.000796965  2.80879  0.000285716  
5.50162  0.000611627  0.000747121  
1.00124  0.054976  0.0267707  
0.999189  0.0509525  0.0634473  
0.997179  0.0553371  0.0925947  
0.99447  0.0839529  0.13373  
0.989102  0.0603223  0.159443  
0.867513  0.517952  0.176513  
0.723688  0.722883  0.171014  
0.723688  0.722883  0.171014  
0.503367  0.865687  0.0899803  
0.129727  0.995649  0.163301  
0.105442  0.996327  0.132942  
0.0954261  0.999477  0.100801  
0.101261  1.00254  0.0691628  
0.0650314  1.21778  0.04205  
0.000796965  2.80879  0.000285716  
5.50162  0.000611627  0.000747121  
1.00124  0.054976  0.0267707  
0.999189  0.0509525  0.0634473  
0.996143  0.0567391  0.105262  
0.99447  0.0839529  0.13373  
0.989102  0.0603223  0.159443  
0.867513  0.517952  0.176513  
0.862403  0.51263  0.203113  
0.723688  0.722883  0.171014  
0.503367  0.865687  0.0899803  
0.503367  0.865687  0.0899803  
0.146004  0.994375  0.176888  
0.109046  0.99608  0.141322  
0.0672503  0.997514  0.0957521  
0.101261  1.00254  0.0691628  
0.0445256  1.21767  0.0162616  
0.000796965  2.80879  0.000285716  
5.50162  0.000611627  0.000747121  
1.00124  0.054976  0.0267707  
0.998846  0.0570218  0.0735391  
0.996143  0.0567391  0.105262  
0.991515  0.060427  0.142981  
0.986032  0.0661008  0.179249  
0.862403  0.51263  0.203113  
0.861613  0.51753  0.217937  
0.723688  0.722883  0.171014  
0.723688  0.722883  0.171014  
0.503367  0.865687  0.0899803  
0.503367  0.865687  0.0899803  
0.151118  0.994021  0.182046  
0.116446  0.995586  0.147439  
0.0672503  0.997514  0.0957521  
0.0957158  1.0018  0.0733261  
0.0445256  1.21767  0.0162616  
0.000796965  2.80879  0.000285716  
5.50162  0.000611627  0.000747121  
1.00124  0.054976  0.0267707  
0.998846  0.0570218  0.0735391  
0.996143  0.0567391  0.105262  
0.99007  0.055017  0.151278  
0.984606  0.0678497  0.186712  
0.981603  0.119875  0.225493  
0.861613  0.51753  0.217937  
0.856895  0.51495  0.256923  
0.723688  0.722883  0.171014  
0.503367  0.865687  0.0899803  
0.503367  0.865687  0.0899803  
0.139524  0.983988  0.224706  
0.134727  0.990849  0.187915  
0.110768  0.99485  0.149198  
0.0672503  0.997514  0.0957521  
0.0957158  1.0018  0.0733261  
0.0445256  1.21767  0.0162616  
0.000796965  2.80879  0.000285716  
5.50162  0.000611627  0.000747121  
1.00124  0.054976  0.0267707  
0.99824  0.047991  0.0771791  
0.995905  0.0773136  0.11807  
0.99007  0.055017  0.151278  
0.98305  0.0592314  0.192374  
0.981561  0.122638  0.225066  
0.862403  0.51263  0.203113  
0.856895  0.51495  0.256923  
0.723688  0.722883  0.171014  
0.723688  0.722883  0.171014  
0.503367  0.865687  0.0899803  
0.503367  0.865687  0.0899803  
0.133163  0.983564  0.227549  
0.134727  0.990849  0.187915  
0.110768  0.99485  0.149198  
0.0936662  0.997334  0.116312  
0.0916072  1.00076  0.0798933  
0.0445256  1.21767  0.0162616  
0.000289722  1.7275  0.000508564  
5.50162  0.000611627  0.000747121  
1.00124  0.054976  0.0267707  
0.997979  0.0548013  0.0826613  
0.995905  0.0773136  0.11807  
0.987389  0.0441641  0.164587  
0.98163  0.0657245  0.202266  
0.972297  0.0572404  0.241084  
0.862403  0.51263  0.203113  
0.852179  0.513584  0.279483  
0.844154  0.513272  0.312963  
0.723688  0.722883  0.171014  
0.508176  0.843011  0.311685  
0.510376  0.849416  0.278727  
0.503367  0.865687  0.0899803  
0.127102  0.977178  0.245337  
0.121228  0.987126  0.199422  
0.110768  0.99485  0.149198  
0.0948573  0.997277  0.120967  
0.0884657  1.00028  0.0830714  
0.0358858  1.21732  0.0333718  
0.000289722  1.7275  0.000508564  
5.61209  0.000618904  0.000928771  
1.21612  0.0335389  0.0499278  
0.997979  0.0548013  0.0826613  
0.995905  0.0773136  0.11807  
0.987389  0.0441641  0.164587  
0.98163  0.0657245  0.202266  
0.970205  0.0659775  0.25125  
0.960148  0.0866647  0.291728  
0.847919  0.511505  0.286076  
0.839999  0.50841  0.318144  
0.693933  0.693309  0.310578  
0.693933  0.69411  0.310578  
0.508176  0.843011  0.311685  
0.508962  0.846174  0.289144  
0.128528  0.96437  0.292204  
0.111594  0.975023  0.24752  
0.121228  0.987126  0.199422  
0.110768  0.99485  0.149198  
0.0948573  0.997277  0.120967  
0.0884657  1.00028  0.0830714  
0.0358858  1.21732  0.0333718  
0.000289722  1.7275  0.000508564  
5.56664  0.000626638  0.0011134  
1.21612  0.0335389  0.0547132  
0.997963  0.0621265  0.0888294  
0.99447  0.0839529  0.13373  
0.986032  0.0661008  0.179249  
0.98163  0.0657245  0.202266  
0.969208  0.0842925  0.259982  
0.956405  0.0886318  0.304774  
0.839999  0.50841  0.318144  
0.835641  0.508622  0.339401  
0.687405  0.687344  0.370321  
0.693736  0.691976  0.343286  
0.686748  0.687355  0.368279  
0.508176  0.843011  0.311685  
0.508176  0.843011  0.311685  
0.128528  0.96437  0.292204  
0.111594  0.975023  0.24752  
0.121228  0.987126  0.199422  
0.146004  0.994375  0.176888  
0.105442  0.996327  0.132942  
0.090387  0.999729  0.0902677  
0.0358858  1.21732  0.0333718  
0.000289722  1.7275  0.000508564  
5.56664  0.000626638  0.0011134  
1.21612  0.0335389  0.0547132  
0.997867  0.0556929  0.085022  
0.993647  0.0532432  0.125388  
0.984606  0.0678497  0.186712  
0.978489  0.0852149  0.223339  
0.964413  0.0693997  0.272969  
0.953906  0.0952686  0.314511  
0.826869  0.499567  0.358344  
0.831251  0.505991  0.354832  
0.822821  0.504678  0.389687  
0.672351  0.672344  0.379415  
0.672351  0.672344  0.379415  
0.51045  0.829274  0.377754  
0.518468  0.839892  0.356025  
0.124907  0.941902  0.357129  
0.110949  0.955241  0.316415  
0.150362  0.973315  0.275344  
0.133163  0.983564  0.224721  
0.134727  0.990849  0.187915  
0.109046  0.99608  0.141322  
0.0877902  0.999387  0.0940612  
0.0358858  1.21732  0.0333718  
0.000289722  1.7275  0.000508564  
5.27182  0.000560626  0.000630382  
1.2157  0.0289186  0.0589156  
0.997867  0.0556929  0.085022  
0.991515  0.060427  0.142981  
0.98305  0.0592314  0.192374  
0.972297  0.0572404  0.241084  
0.961832  0.0830296  0.286571  
0.948889  0.104749  0.331898  
0.936775  0.105183  0.365723  
0.826869  0.499567  0.358344  
0.816805  0.495505  0.392054  
0.66532  0.666358  0.429918  
0.669989  0.670823  0.391821  
0.66532  0.666358  0.429918  
0.51045  0.829274  0.377754  
0.508176  0.843011  0.311685  
0.117664  0.936301  0.369022  
0.110423  0.949607  0.33233  
0.144412  0.969176  0.286667  
0.127102  0.977178  0.245337  
0.134727  0.990849  0.187915  
0.110768  0.99485  0.149198  
0.0672503  0.997514  0.0957521  
0.0358858  1.21732  0.0333718  
0.000289722  1.7275  0.000508564  
5.27182  0.000560626  0.000630382  
1.2157  0.0289186  0.0589156  
0.997867  0.0556929  0.085022  
0.99002  0.0527662  0.150407  
0.98163  0.0657245  0.202266  
0.97015  0.0809899  0.254859  
0.956755  0.0797286  0.301224  
0.94487  0.0687882  0.334431  
0.930091  0.138688  0.39127  
0.816805  0.495505  0.392054  
0.807735  0.495304  0.427647  
0.792015  0.481163  0.458686  
0.659974  0.660722  0.450995  
0.659974  0.660722  0.450995  
0.505868  0.808392  0.455813  
0.509496  0.818212  0.431941  
0.508176  0.843011  0.311685  
0.0988162  0.927645  0.387285  
0.116459  0.944153  0.34805  
0.137197  0.964357  0.299387  
0.111594  0.975023  0.24752  
0.143779  0.989239  0.205973  
0.110768  0.99485  0.149198  
0.0672503  0.997514  0.0957521  
0.0358858  1.21732  0.0333718  
0.000289722  1.7275  0.000508564  
5.27182  0.000560626  0.000630382  
1.21478  0.0314825  0.0650035  
0.995565  0.0547417  0.108082  
0.987389  0.0441641  0.164587  
0.981135  0.0819226  0.209494  
0.968175  0.0855901  0.265069  
0.953906  0.0952686  0.314511  
0.936775  0.105183  0.365723  
0.917454  0.090602  0.407746  
0.899033  0.0872913  0.446801  
0.801768  0.489762  0.445425  
0.781761  0.474009  0.476525  
0.6489  0.650728  0.478342  
0.658475  0.660521  0.460972  
0.6489  0.650728  0.478342  
0.495332  0.796515  0.474487  
0.503648  0.808544  0.449685  
0.15087  0.905  0.451141  
0.127512  0.927508  0.396285  
0.129043  0.941565  0.360722  
0.110949  0.955241  0.316415  
0.126435  0.97247  0.263045  
0.143779  0.989239  0.205973  
0.110768  0.99485  0.149198  
0.0877902  0.999387  0.0940612  
0.0358858  1.21732  0.0333718  
0.000289722  1.7275  0.000508564  
5.27182  0.000560626  0.000630382  
1.21478  0.0314825  0.0650035  
0.995565  0.0547417  0.108082  
0.987389  0.0441641  0.164587  
0.977703  0.089749  0.227399  
0.961972  0.0642373  0.28104  
0.94487  0.0687882  0.334431  
0.930167  0.0903084  0.377907  
0.916357  0.132146  0.422444  
0.889126  0.097203  0.468658  
0.783954  0.474056  0.470076  
0.778894  0.477745  0.488526  
0.75836  0.46251  0.527026  
0.636243  0.63565  0.518563  
0.636243  0.63565  0.518563  
0.509303  0.784808  0.525996  
0.495332  0.796515  0.474487  
0.495332  0.796515  0.474487  
0.189541  0.899498  0.476456  
0.129119  0.913725  0.425844  
0.108214  0.931881  0.379794  
0.041128  0.946501  0.32535  
0.0997996  0.966676  0.27394  
0.133163  0.983564  0.224721  
0.116446  0.995586  0.147439  
0.0877902  0.999387  0.0940612  
0.0428278  1.21613  0.0699278  
0.000289722  1.7275  0.000508564  
5.27182  0.000560626  0.000630382  
1.21432  0.0341242  0.0746306  
0.995565  0.0547417  0.108082  
0.98496  0.0639081  0.183905  
0.972297  0.0572404  0.241084  
0.958985  0.097848  0.29874  
0.942254  0.098035  0.348885  
0.922181  0.101284  0.399971  
0.899033  0.0872913  0.446801  
0.877752  0.125617  0.494678  
0.75836  0.46251  0.527026  
0.75836  0.46251  0.527026  
0.747425  0.457019  0.549578  
0.625722  0.624661  0.57112  
0.635969  0.633984  0.530449  
0.625429  0.625857  0.563865  
0.498195  0.762196  0.588022  
0.509303  0.784808  0.525996  
0.213903  0.869442  0.538696  
0.194861  0.88859  0.500111  
0.15087  0.905  0.451141  
0.127512  0.927508  0.396285  
0.116459  0.944153  0.34805  
0.0564239  0.956201  0.29785  
0.126561  0.978426  0.244411  
0.116446  0.995586  0.147439  
0.0877902  0.999387  0.0940612  
0.0428278  1.21613  0.0699278  
0.000289722  1.7275  0.000508564  
5.27182  0.000560626  0.000630382  
1.21402  0.00500915  0.0768388  
0.993647  0.0532432  0.125388  
0.984489  0.0841892  0.195182  
0.97015  0.0809899  0.254859  
0.953906  0.0952686  0.314511  
0.938412  0.141141  0.373505  
0.916357  0.132146  0.422444  
0.889126  0.097203  0.468658  
0.863085  0.114402  0.517813  
0.837305  0.107759  0.557249  
0.747425  0.457019  0.549578  
0.738533  0.454766  0.573371  
0.716365  0.457181  0.62524  
0.605371  0.604955  0.602409  
0.605371  0.604955  0.602409  
0.598368  0.596137  0.634877  
0.498195  0.762196  0.588022  
0.495332  0.796515  0.474487  
0.246934  0.861242  0.56939  
0.207619  0.873924  0.525762  
0.175604  0.896883  0.477435  
0.129119  0.913725  0.425844  
0.0828135  0.935687  0.36265  
0.110949  0.955241  0.316415  
0.124068  0.974354  0.258402  
0.114067  0.995998  0.147598  
0.0877902  0.999387  0.0940612  
0.0428278  1.21613  0.0699278  
0.000289722  1.7275  0.000508564  
5.27182  0.000560626  0.000630382  
1.21379  0.0316594  0.0826637  
0.993647  0.0532432  0.125388  
0.981135  0.0819226  0.209494  
0.964413  0.0693997  0.272969  
0.94487  0.0687882  0.334431  
0.92431  0.0947846  0.3941  
0.899033  0.0872913  0.446801  
0.871981  0.0848603  0.497229  
0.848136  0.108515  0.541277  
0.82119  0.117439  0.582771  
0.738596  0.454766  0.573371  
0.716365  0.457181  0.62524  
0.716365  0.457181  0.62524  
0.598368  0.596137  0.634877  
0.598368  0.596137  0.634877  
0.598368  0.596137  0.634877  
0.513766  0.731393  0.676441  
0.498195  0.762196  0.588022  
0.328572  0.827592  0.648179  
0.269854  0.845126  0.60131  
0.249145  0.866866  0.553397  
0.187228  0.884823  0.503234  
0.15087  0.905  0.451141  
0.0988162  0.927172  0.387285  
0.041128  0.946501  0.32535  
0.0997996  0.966676  0.27394  
0.108868  0.99689  0.133214  
0.0275255  1.20546  0.157615  
0.0358858  1.21732  0.0333718  
0.000289722  1.7275  0.000508564  
5.27182  0.000560626  0.000630382  
1.21379  0.0316594  0.0826637  
0.99002  0.0527662  0.150407  
0.977912  0.0764025  0.221918  
0.959021  0.0610138  0.290037  
0.940545  0.124881  0.362358  
0.913681  0.103585  0.419166  
0.883061  0.0975232  0.478564  
0.855732  0.10003  0.526692  
0.828052  0.126623  0.574235  
0.802347  0.122986  0.609502  
0.768885  0.0976074  0.647266  
0.716365  0.457181  0.62524  
0.714504  0.112476  0.708178  
0.685526  0.125917  0.738912  
0.598368  0.596137  0.634877  
0.592647  0.598568  0.686231  
0.543677  0.716266  0.761824  
0.519761  0.717178  0.718734  
0.498195  0.762196  0.588022  
0.350632  0.811968  0.681476  
0.315612  0.829661  0.637332  
0.268304  0.852506  0.585508  
0.215033  0.872512  0.535172  
0.188725  0.896233  0.480106  
0.120766  0.91615  0.417326  
0.129043  0.941565  0.360722  
0.0917213  0.961428  0.290535  
0.0897484  0.998305  0.107551  
0.0423096  1.20282  0.176056  
0.0358858  1.21732  0.0333718  
0.000115544  2.84194  0.000892552  
5.24857  0.000654283  0.00181336  
1.21379  0.0316594  0.0826637  
0.99002  0.0527662  0.150407  
0.972297  0.0572404  0.241084  
0.953906  0.0952686  0.314511  
0.926386  0.0793373  0.385251  
0.898738  0.101989  0.449805  
0.871981  0.0848603  0.497229  
0.837305  0.107759  0.557249  
0.803871  0.104298  0.603236  
0.774998  0.118699  0.642683  
0.745422  0.140532  0.680336  
0.714504  0.112476  0.708178  
0.683133  0.120915  0.739981  
0.655463  0.126774  0.765654  
0.628815  0.0952616  0.783434  
0.598368  0.596137  0.634877  
0.578024  0.104582  0.82258  
0.543677  0.716266  0.761824  
0.512139  0.745079  0.655806  
0.460136  0.770035  0.777279  
0.390013  0.794527  0.726162  
0.346478  0.816887  0.674169  
0.289381  0.836864  0.619257  
0.245851  0.858692  0.568474  
0.224596  0.883972  0.515391  
0.15087  0.905  0.451141  
0.0988162  0.927172  0.387285  
0.0577476  0.953524  0.307247  
0.0897484  0.998305  0.107551  
0.0275247  1.19703  0.190675  
0.0358858  1.21732  0.0333718  
0.000289722  1.7275  0.000508564  
5.12404  0.000654283  0.00196306  
1.2132  0.0311556  0.103563  
0.993647  0.0532432  0.125388  
0.969395  0.0959591  0.262888  
0.944707  0.0892082  0.339606  
0.917454  0.090602  0.407746  
0.883061  0.0975232  0.478564  
0.848136  0.108515  0.541277  
0.81962  0.137894  0.588958  
0.779444  0.118421  0.638022  
0.742173  0.097656  0.67772  
0.711547  0.116768  0.71172  
0.680806  0.124216  0.742416  
0.648069  0.109312  0.769228  
0.621679  0.143758  0.795717  
0.594329  0.113293  0.811604  
0.570119  0.0774975  0.82524  
0.544316  0.088465  0.843777  
0.521787  0.0936884  0.858354  
0.498493  0.507032  0.871455  
0.483722  0.476644  0.881106  
0.43484  0.780906  0.770333  
0.397046  0.793498  0.72935  
0.350632  0.811968  0.681476  
0.306124  0.830512  0.634924  
0.269854  0.845126  0.60131  
0.227979  0.870489  0.539511  
0.190896  0.89514  0.4869  
0.120766  0.91615  0.417326  
0.041128  0.946501  0.32535  
0.0897484  0.998305  0.107551  
0.028289  1.18889  0.215246  
0.0365185  1.21774  0.0451941  
0.000289722  1.7275  0.000508564  
4.90257  0.000654283  0.00226248  
1.21234  0.031148  0.114777  
0.993647  0.0532432  0.125388  
0.960782  0.0582988  0.283665  
0.932518  0.0816287  0.37048  
0.898738  0.101989  0.449805  
0.86479  0.132921  0.520079  
0.827875  0.135407  0.577256  
0.786577  0.109177  0.627199  
0.747214  0.125478  0.676209  
0.711547  0.116768  0.71172  
0.674463  0.0962176  0.744144  
0.63935  0.0829414  0.773457  
0.611122  0.0986836  0.798002  
0.586511  0.0703549  0.813077  
0.559862  0.0667787  0.831258  
0.531588  0.0691018  0.849679  
0.508132  0.505892  0.865992  
0.486199  0.0539232  0.875457  
0.465494  0.0730174  0.888266  
0.448332  0.0814941  0.897397  
0.431151  0.439798  0.905426  
0.416523  0.306253  0.915373  
0.362886  0.803585  0.698319  
0.338625  0.818247  0.664439  
0.289381  0.836864  0.619257  
0.251715  0.855426  0.577929  
0.215033  0.872512  0.535172  
0.187228  0.884823  0.503234  
0.15087  0.905  0.451141  
0.0828135  0.935687  0.36265  
0.0917213  0.961428  0.290535  
0.0471999  1.18497  0.231031  
0.0165875  1.22063  0.121529  
0.000438463  2.41473  0.00124927  
4.90257  0.000654283  0.00226248  
1.21234  0.031148  0.114777  
0.993647  0.0532432  0.125388  
0.956878  0.0799695  0.30129  
0.917454  0.090602  0.407746  
0.877932  0.103008  0.488923  
0.837305  0.107759  0.557249  
0.799869  0.0668829  0.604151  
0.753354  0.132181  0.670427  
0.711547  0.116768  0.71172  
0.66914  0.0758204  0.746834  
0.637108  0.0961848  0.776446  
0.600593  0.085175  0.804386  
0.570119  0.0774975  0.82524  
0.53846  0.0551928  0.844529  
0.512965  0.0402916  0.859393  
0.48887  0.0492725  0.873819  
0.469613  0.0948076  0.88779  
0.448332  0.0814941  0.897397  
0.421193  0.416316  0.908831  
0.409837  0.0771838  0.915537  
0.393444  0.399279  0.9234  
0.370591  0.37345  0.929602  
0.360424  0.44483  0.934089  
0.346376  0.555826  0.937904  
0.329341  0.821529  0.663659  
0.289381  0.836864  0.619257  
0.251715  0.855426  0.577929  
0.215033  0.872512  0.535172  
0.1804  0.896472  0.478655  
0.151693  0.907946  0.445239  
0.0988162  0.927172  0.387285  
0.0577476  0.953524  0.307247  
0.0499536  1.1784  0.252681  
0.0165875  1.22063  0.121529  
0.000289722  1.7275  0.000508564  
5.12404  0.000654283  0.00196306  
1.20487  0.00912281  0.143309  
0.972297  0.0572404  0.241084  
0.949847  0.0798246  0.32288  
0.898738  0.101989  0.449805  
0.855732  0.10003  0.526692  
0.803871  0.104298  0.603236  
0.759251  0.109803  0.660532  
0.711547  0.116768  0.71172  
0.66914  0.0758204  0.746834  
0.62559  0.0720687  0.783531  
0.586511  0.0703549  0.813077  
0.559862  0.0667787  0.831258  
0.525786  0.0524456  0.852175  
0.496229  0.0811281  0.872077  
0.469613  0.0948076  0.88779  
0.448332  0.0814941  0.897397  
0.418013  0.0827662  0.912413  
0.407519  0.408103  0.920832  
0.383702  0.0508334  0.924787  
0.370591  0.37345  0.929602  
0.355448  0.254125  0.934938  
0.341115  0.472574  0.942711  
0.328656  0.563153  0.94514  
0.317076  0.323425  0.949178  
0.303371  0.375833  0.95353  
0.294553  0.610783  0.956612  
0.269854  0.845126  0.60131  
0.220035  0.859879  0.730691  
0.190825  0.875648  0.712955  
0.175604  0.896883  0.477435  
0.145095  0.913051  0.431393  
0.0988162  0.927172  0.387285  
0.079414  0.947349  0.329717  
0.0166717  1.1673  0.292801  
0.0104899  1.21235  0.145825  
9.53842e-005  2.84241  0.000861669  
5.27182  0.000560626  0.000630382  
1.20487  0.00912281  0.143309  
0.993647  0.0532432  0.125388  
0.926386  0.0793373  0.385251  
0.871981  0.0848603  0.497229  
0.830897  0.102089  0.565851  
0.765992  0.126772  0.655786  
0.711547  0.116768  0.71172  
0.66682  0.123692  0.755103  
0.6127  0.111579  0.798702  
0.57382  0.100915  0.82519  
0.53846  0.0551928  0.844529  
0.503893  0.072517  0.867055  
0.475245  0.0936534  0.884524  
0.449196  0.0775642  0.896675  
0.424707  0.0778648  0.908806  
0.403046  0.118313  0.92252  
0.382763  0.0790087  0.927497  
0.355448  0.254125  0.934938  
0.34602  0.339904  0.938802  
0.325602  0.327098  0.945319  
0.317076  0.323425  0.949178  
0.303371  0.375833  0.95353  
0.287144  0.452637  0.957908  
0.278249  0.51148  0.961119  
0.269806  0.388439  0.96319  
0.258528  0.447434  0.966638  
0.249849  0.43886  0.968187  
0.242643  0.56777  0.969759  
0.232314  0.759547  0.972183  
0.159774  0.857375  0.872674  
0.164208  0.903664  0.459948  
0.136278  0.913482  0.42918  
0.0988162  0.927172  0.387285  
0.08256  0.935687  0.36265  
0.0577476  0.953524  0.307247  
0.0275255  1.20546  0.157615  
9.53842e-005  2.84241  0.000861669  
5.27182  0.000560626  0.000630382  
1.19574  0.00426956  0.186805  
0.993647  0.0532432  0.125388  
0.926386  0.0793373  0.385251  
0.834436  0.0956314  0.559403  
0.771766  0.110444  0.644883  
0.711547  0.116768  0.71172  
0.654271  0.0994897  0.762909  
0.600593  0.085175  0.804386  
0.559862  0.0667787  0.831258  
0.512965  0.0402916  0.859393  
0.477018  0.0882343  0.883646  
0.449196  0.0775642  0.896675  
0.416742  0.0751029  0.912068  
0.393076  0.079268  0.923076  
0.373594  0.0811551  0.931107  
0.348755  0.247795  0.939884  
0.334121  0.245368  0.944738  
0.317037  0.0836978  0.952056  
0.301067  0.214201  0.955129  
0.286497  0.204166  0.959628  
0.27093  0.335022  0.964299  
0.257336  0.184089  0.966787  
0.25238  0.356154  0.968237  
0.239124  0.411637  0.970585  
0.231249  0.332322  0.973448  
0.22265  0.420903  0.975045  
0.215522  0.468743  0.976304  
0.205684  0.419166  0.978504  
0.202105  0.528572  0.979531  
0.196252  0.62074  0.980764  
0.186876  0.672413  0.981749  
0.159774  0.857375  0.872674  
0.136278  0.913482  0.42918  
0.0988162  0.927172  0.387285  
0.079414  0.947349  0.329717  
0.0577476  0.953524  0.307247  
0.0275255  1.20546  0.157615  
0.000115544  2.84194  0.000892552  
5.27871  0.000446182  0.00147656  
1.18955  0.00638844  0.224025  
0.993647  0.0532432  0.125388  
0.932606  0.0627682  0.366564  
0.799869  0.0668829  0.604151  
0.714575  0.102078  0.707141  
0.646679  0.0997394  0.769219  
0.584064  0.0962026  0.817364  
0.527441  0.0402213  0.850508  
0.484428  0.0732865  0.8779  
0.449196  0.0775642  0.896675  
0.415222  0.065588  0.912168  
0.387634  0.115577  0.929152  
0.358687  0.107504  0.93935  
0.334304  0.0524647  0.944009  
0.31655  0.073083  0.951469  
0.298031  0.0726013  0.957277  
0.280441  0.0588331  0.961621  
0.261424  0.050922  0.966522  
0.25446  0.0805871  0.970495  
0.233712  0.171391  0.973869  
0.230748  0.171746  0.97571  
0.215051  0.261914  0.976769  
0.210217  0.207949  0.978114  
0.201238  0.243216  0.980058  
0.193354  0.330919  0.981058  
0.189027  0.228034  0.982454  
0.181204  0.281855  0.983434  
0.174733  0.427597  0.984207  
0.168896  0.207446  0.985783  
0.163913  0.235745  0.986403  
0.15885  0.532917  0.986695  
0.151431  0.261016  0.988036  
0.149398  0.405141  0.988758  
0.105097  0.908132  0.913606  
0.0883474  0.915251  0.667381  
0.079414  0.947349  0.329717  
0.0577476  0.953524  0.307247  
0.0283025  1.18889  0.229055  
0.000115544  2.84194  0.000892552  
5.27871  0.000446182  0.00147656  
1.1713  0.00521404  0.286405  
0.99824  0.047991  0.0771791  
0.799869  0.0668829  0.604151  
0.66914  0.0758204  0.746834  
0.600593  0.085175  0.804386  
0.549858  0.094189  0.840465  
0.4979  0.0783336  0.87074  
0.449196  0.0775642  0.896675  
0.404932  0.0884646  0.918942  
0.373996  0.100456  0.932711  
0.342655  0.076202  0.942723  
0.31655  0.073083  0.951469  
0.286006  0.0629364  0.960227  
0.272267  0.0619068  0.96434  
0.25446  0.0805871  0.970495  
0.241906  0.0833341  0.973957  
0.226306  0.0673811  0.976466  
0.214613  0.0674841  0.979213  
0.206422  0.0474051  0.979665  
0.189163  0.1923  0.98222  
0.179747  0.125505  0.983831  
0.177704  0.0461076  0.985167  
0.169162  0.0574239  0.987336  
0.163441  0.167155  0.987965  
0.151431  0.261016  0.988036  
0.151431  0.261016  0.988036  
0.146459  0.290711  0.989458  
0.14119  0.250865  0.989559  
0.135107  0.274293  0.990702  
0.127258  0.221509  0.991479  
0.127258  0.221509  0.991479  
0.123781  0.299425  0.992139  
0.118761  0.33747  0.992519  
0.114887  0.203138  0.993002  
0.112068  0.216163  0.993377  
0.0883474  0.915251  0.667381  
0.0556011  0.925711  0.651239  
0.0501247  1.05489  0.500379  
0.0166717  1.1673  0.292801  
0.000115544  2.84194  0.000892552  
5.27871  0.000446182  0.00147656  
1.13747  0.0143519  0.359075  
0.942481  0.0190386  0.640389  
0.775775  0.0460167  0.77212  
0.595449  0.0313143  0.874703  
0.538652  0.057049  0.898045  
0.449196  0.0775642  0.896675  
0.342435  0.0821104  0.943052  
0.342435  0.0821104  0.943052  
0.31655  0.073083  0.951469  
0.288098  0.0902586  0.962113  
0.261424  0.050922  0.966522  
0.241906  0.0833341  0.973957  
0.221521  0.0725159  0.977794  
0.202084  0.0434128  0.980334  
0.191119  0.0510246  0.982838  
0.181393  0.0525299  0.984899  
0.167712  0.0382931  0.986552  
0.161216  0.0711269  0.989347  
0.149247  0.0365699  0.989474  
0.144114  0.0403038  0.990376  
0.13802  0.0339133  0.991021  
0.133176  0.0539688  0.992472  
0.127749  0.0384438  0.992552  
0.122789  0.172552  0.992516  
0.113077  0.180596  0.993249  
0.113077  0.180596  0.993249  
0.108363  0.208581  0.994015  
0.102737  0.221924  0.994611  
0.102737  0.221924  0.994611  
0.0979837  0.247892  0.99511  
0.0950613  0.163964  0.995341  
0.0910292  0.211629  0.995578  
0.0894278  0.169861  0.995791  
0.0858851  0.370304  0.996044  
0.0834394  0.225981  0.996275  
0.0828005  0.235847  0.996302  
0.0808673  0.253907  0.996556  
0.0556011  0.925711  0.651239  
0.0425594  0.937131  0.647275  
0.0102822  1.14693  0.360935  
0.000115544  2.84194  0.000892552  
4.39076  9.70042e-005  0.0112125  
1.04937  0.0172646  0.506718  
0.764415  0.0145083  0.77947  
0.595449  0.0313143  0.874703  
0.464658  0.0354479  0.925584  
0.371899  0.0403288  0.953056  
0.281774  0.0180835  0.973296  
0.273153  0.0541657  0.975783  
0.202084  0.0434128  0.980334  
0.202084  0.0434128  0.980334  
0.191119  0.0510246  0.982838  
0.167712  0.0382931  0.986552  
0.149247  0.0365699  0.989474  
0.149247  0.0365699  0.989474  
0.13802  0.0339133  0.991021  
0.12364  0.0333926  0.992863  
0.12364  0.0333926  0.992863  
0.115118  0.0330968  0.993872  
0.110556  0.0822199  0.994488  
0.104826  0.0782741  0.995373  
0.0947824  0.0293407  0.995958  
0.0947824  0.0293407  0.995958  
0.0830953  0.0838278  0.996492  
0.0830953  0.0838278  0.996492  
0.0830953  0.0838278  0.996492  
0.0786877  0.0782231  0.996706  
0.070412  0.112223  0.997597  
0.070412  0.112223  0.997597  
0.070412  0.112223  0.997597  
0.0656843  0.126337  0.997698  
0.0656843  0.126337  0.997698  
0.0636856  0.141895  0.997902  
0.0619023  0.195728  0.997985  
0.0590234  0.137267  0.998132  
0.0573175  0.237989  0.998283  
0.0552812  0.127633  0.998446  
0.0552812  0.127633  0.998446  
0.0534112  0.186802  0.998493  
0.052564  0.195584  0.998509  
0.0508542  0.272725  0.998665  
0.0295067  0.932611  0.880823  
0.0252501  1.07522  0.478756  
9.53842e-005  2.84241  0.000861669  
4.3072  0.000442252  0.0119442  
0.764415  0.0145083  0.77947  
0.452612  0.0190459  0.930264  
0.281774  0.0180835  0.973296  
0.146944  0.0200728  0.994681  
0.146944  0.0200728  0.994681  
0.146944  0.0200728  0.994681  
0.134512  0.0270113  0.996501  
0.12062  0.0145982  0.997089  
0.109519  0.0251403  0.997175  
0.0947824  0.0293407  0.995958  
0.0583703  0.0187975  0.998481  
0.0583703  0.0187975  0.998481  
0.0583703  0.0187975  0.998481  
0.0583703  0.0187975  0.998481  
0.0583703  0.0187975  0.998481  
0.0583703  0.0187975  0.998481  
0.0583703  0.0187975  0.998481  
0.0484739  0.0358648  0.998895  
0.0484739  0.0358648  0.998895  
0.0484739  0.0358648  0.998895  
0.0443596  0.0440992  0.999244  
0.0443596  0.0440992  0.999244  
0.0368768  0.0367684  0.999319  
0.041689  0.0518028  0.999109  
0.0368768  0.0367684  0.999319  
0.0368768  0.0367684  0.999319  
0.0368768  0.0367684  0.999319  
0.0350632  0.0658708  0.999368  
0.033879  0.068474  0.999417  
0.0329548  0.0509863  0.999462  
0.0318407  0.054582  0.999499  
0.0307365  0.0850949  0.999494  
0.0303264  0.0575676  0.999519  
0.0287117  0.0567292  0.999604  
0.0277206  0.118875  0.999601  
0.0277206  0.118875  0.999601  
0.0267896  0.0842713  0.999616  
0.0256316  0.0510448  0.999667  
0.0256316  0.0510448  0.999667  
0.0243104  0.0558045  0.999734  
0.0243104  0.0558045  0.999734  
0.016476  0.939349  0.87967  
9.53842e-005  2.84241  0.000861669  
3.38428  0.000413656  0.314843  
0.0216303  0.00387067  0.999983  
0.0216303  0.00387067  0.999983  
0.0216303  0.00387067  0.999983  
0.0216303  0.00387067  0.999983  
0.0216303  0.00387067  0.999983  
0.0216303  0.00387067  0.999983  
0.0216303  0.00387067  0.999983  
0.0216303  0.00387067  0.999983  
0.0216303  0.00387067  0.999983  
0.0113627  0.00566984  0.999995  
0.0113627  0.00566984  0.999995  
0.0113627  0.00566984  0.999995  
0.0113627  0.00566984  0.999995  
0.0113627  0.00566984  0.999995  
0.00959451  0.00566984  0.999995  
0.00959451  0.00566984  0.999995  
0.00959451  0.00566984  0.999995  
0.00959451  0.00566984  0.999995  
0.00959451  0.00566984  0.999995  
0.00959451  0.00566984  0.999995  
0.00959451  0.00566984  0.999995  
0.00959451  0.00566984  0.999995  
0.00959451  0.00566984  0.999995  
0.0095945  0.0111157  0.999979  
0.0095945  0.0111157  0.999979  
0.0095945  0.0111157  0.999979  
0.0095945  0.0111157  0.999979  
0.0095945  0.0111157  0.999979  
0.0095945  0.0111157  0.999979  
0.0095945  0.0111157  0.999979  
0.0095945  0.0111157  0.999979  
0.0095945  0.0111157  0.999979  
0.0095945  0.0111157  0.999979  
0.00900909  0.0287988  0.99999  
0.00900909  0.0287988  0.99999  
0.00900909  0.0287988  0.99999  
0.00900909  0.0287988  0.99999  
0.00900909  0.0287988  0.99999  
0.0095945  0.0111157  0.999976  
0.0095945  0.0111157  0.999979  
0.0095945  0.0111157  0.999976  
0.0095945  0.0111157  0.999976  
0.00989265  0.030359  0.999989  
9.53842e-005  2.84241  0.000861669  
