1.07405  1.44335  0.000168575  
2.47869  0.000545496  0.000303363  
0.0101872  3.97319  7.32811e-005  
2.47869  0.000545496  0.000303363  
0.738613  0.737082  0.00663904  
0.00043291  4.00204  0.00029944  
2.47869  0.000545496  0.000303363  
1.00394  0.0946916  0.0235935  
0.0271465  1.00016  0.0195824  
0.00130912  4.01118  0.000435254  
2.47869  0.000545496  0.000303363  
1.00394  0.0946916  0.0235935  
0.725021  0.724701  0.0245336  
0.0271465  1.00016  0.0195824  
0.000239734  3.98086  0.000478539  
2.47869  0.000545496  0.000310824  
1.00394  0.0946916  0.0235935  
0.880561  0.525311  0.00856462  
0.506877  0.869817  0.0373005  
0.0271465  1.00016  0.0197533  
0.000239734  3.98086  0.000478539  
2.12145  0.000572093  0.000166892  
1.00394  0.0946916  0.0235935  
1.00284  0.0906089  0.0512739  
0.720219  0.719728  0.0513153  
0.0426813  0.999734  0.0470501  
0.0271465  1.00016  0.0197533  
0.0023673  3.93614  0.000341199  
2.12145  0.000572093  0.000166892  
1.00394  0.0946916  0.0235935  
1.00284  0.0906089  0.0512739  
0.874448  0.517887  0.0657091  
0.506877  0.869817  0.0394634  
0.0426813  0.999734  0.0470501  
0.0271465  1.00016  0.0197533  
0.0023673  3.93614  0.000341199  
2.42302  0.000572093  0.000329517  
1.00394  0.0946916  0.0235935  
1.00284  0.0906089  0.0512739  
0.874448  0.517887  0.0657091  
0.712468  0.71251  0.0712908  
0.506877  0.869817  0.0373005  
0.0454945  0.999513  0.0548874  
0.0271465  1.00016  0.0197533  
0.000239734  3.98086  0.000478539  
2.12145  0.000572093  0.000166892  
1.00394  0.0946916  0.0235935  
1.00264  0.0953465  0.0571348  
1.0006  0.0941713  0.0845868  
0.874448  0.517887  0.0657091  
0.505109  0.866842  0.0814906  
0.0680138  0.998793  0.0831649  
0.0454945  0.999513  0.0548874  
0.0271465  1.00016  0.0197533  
0.000234939  3.98076  0.000450256  
2.12145  0.000572093  0.000166892  
1.00394  0.0946916  0.0235935  
1.00264  0.0953465  0.0571348  
1.0006  0.0941713  0.0845868  
0.874448  0.517887  0.0657091  
0.710367  0.710212  0.0913396  
0.505109  0.866842  0.0814906  
0.0680138  0.998793  0.0831649  
0.048278  0.999378  0.0586702  
0.0302519  1.00003  0.0293459  
0.000234939  3.98076  0.000450256  
2.12145  0.000572093  0.000166892  
1.00394  0.0946916  0.0235935  
1.00264  0.0953465  0.0571348  
1.00038  0.0953826  0.0905792  
0.874448  0.517887  0.0657091  
0.710367  0.710212  0.0913396  
0.710367  0.710212  0.0913396  
0.505109  0.866842  0.0814906  
0.0691111  0.998522  0.0887461  
0.048278  0.999378  0.0586702  
0.0302519  1.00003  0.0293459  
0.000234939  3.98076  0.000450256  
2.12145  0.000572093  0.000166892  
1.00394  0.0946916  0.0235935  
1.00216  0.0923177  0.0624288  
0.999667  0.0909712  0.0925766  
0.996673  0.08927  0.119046  
0.874448  0.517887  0.0657091  
0.710367  0.710212  0.0913396  
0.507162  0.866559  0.117738  
0.093092  0.9963  0.124139  
0.070704  0.998106  0.093528  
0.0493224  0.999251  0.0621366  
0.0302519  1.00003  0.0293459  
0.000234939  3.98076  0.000450256  
2.12145  0.000572093  0.000166892  
1.00394  0.0946916  0.0235935  
1.00216  0.0923177  0.0624288  
0.999629  0.0902365  0.0947142  
0.996673  0.08927  0.119046  
0.873718  0.523379  0.140686  
0.709121  0.70921  0.145768  
0.709121  0.70921  0.145768  
0.507162  0.866559  0.117738  
0.093092  0.9963  0.124139  
0.070704  0.998106  0.093528  
0.0471083  0.999059  0.0641752  
0.0295475  0.999929  0.0317236  
0.000234939  3.98076  0.000450256  
2.423  0.000572093  0.000166892  
1.21678  0.0323527  0.030763  
1.00216  0.0923177  0.0624288  
0.99931  0.0905929  0.0999353  
0.995265  0.086643  0.13123  
0.874448  0.517887  0.0657091  
0.873718  0.523379  0.140686  
0.709121  0.70921  0.145768  
0.507162  0.866559  0.117738  
0.505109  0.866842  0.0814906  
0.093092  0.9963  0.124139  
0.070704  0.998106  0.093528  
0.0471083  0.999059  0.0641752  
0.0288286  0.999916  0.032342  
0.000234939  3.98076  0.000450256  
2.12145  0.000572093  0.000166892  
1.21678  0.0323527  0.030763  
1.00216  0.0923177  0.0624288  
0.999231  0.09086  0.0963922  
0.995182  0.0962849  0.136457  
0.990115  0.0921872  0.168234  
0.873718  0.523379  0.140686  
0.7089  0.709001  0.174163  
0.7089  0.709001  0.174163  
0.507162  0.866559  0.117738  
0.118516  0.993232  0.169004  
0.10564  0.996288  0.134942  
0.0764949  0.997571  0.102038  
0.0471083  0.999059  0.0641752  
0.0262004  0.999784  0.0336533  
0.000234939  3.98076  0.000450256  
2.12145  0.000572093  0.000166892  
1.21678  0.0323527  0.030763  
1.00205  0.0925347  0.0696998  
0.998344  0.0911294  0.10561  
0.994158  0.092232  0.141998  
0.989204  0.0954973  0.173508  
0.866404  0.51805  0.182995  
0.866404  0.51805  0.182995  
0.709121  0.70921  0.145768  
0.507162  0.866559  0.117738  
0.507162  0.866559  0.117738  
0.123137  0.992859  0.173662  
0.10602  0.995978  0.138089  
0.0785995  0.997276  0.105762  
0.0471083  0.999059  0.0641752  
0.0262004  0.999784  0.0336533  
0.000234939  3.98076  0.000450256  
2.423  0.000572093  0.000166892  
1.21678  0.0323527  0.030763  
1.00132  0.0918454  0.0727539  
0.997877  0.0911358  0.109881  
0.993574  0.096158  0.147267  
0.988124  0.096486  0.181421  
0.874448  0.517887  0.0657091  
0.866404  0.51805  0.182995  
0.7089  0.709001  0.174163  
0.709121  0.70921  0.140806  
0.507162  0.866559  0.117738  
0.505109  0.866842  0.0814906  
0.136794  0.992628  0.181755  
0.114696  0.995746  0.147338  
0.0785995  0.997276  0.105762  
0.0600105  0.998987  0.0732797  
0.0277449  0.999741  0.0366733  
0.000409898  3.09617  0.00067197  
2.12145  0.000572093  0.000166892  
1.21607  0.0318146  0.0458462  
1.00123  0.0929963  0.0768427  
0.997877  0.0911358  0.109881  
0.992807  0.0909061  0.150654  
0.986924  0.0941788  0.187934  
0.980519  0.0958726  0.21768  
0.862213  0.517445  0.226807  
0.862213  0.517445  0.226807  
0.7089  0.709001  0.174163  
0.519446  0.858515  0.257484  
0.507162  0.866559  0.117738  
0.166174  0.988113  0.227272  
0.140347  0.990996  0.190052  
0.111459  0.994877  0.148685  
0.0857823  0.997165  0.113216  
0.0600105  0.998987  0.0732797  
0.0277449  0.999741  0.0366733  
0.000409898  3.09617  0.00067197  
2.423  0.000572093  0.000166892  
1.21607  0.0318146  0.0458462  
1.00114  0.0920021  0.0779656  
0.996673  0.08927  0.119046  
0.991651  0.0918043  0.157178  
0.985001  0.092805  0.196094  
0.978707  0.103597  0.228963  
0.862213  0.517445  0.226807  
0.859435  0.528564  0.274019  
0.7089  0.709001  0.174163  
0.7089  0.709001  0.174163  
0.519446  0.858515  0.257484  
0.507162  0.866559  0.117738  
0.167109  0.986756  0.23339  
0.142317  0.990483  0.196913  
0.120078  0.994174  0.158451  
0.0901458  0.996887  0.118707  
0.0600105  0.998987  0.0732797  
0.0277449  0.999741  0.0366733  
0.000409898  3.09617  0.00067197  
2.45405  0.000428179  0.000207589  
1.21607  0.0318146  0.0458462  
1.00114  0.0920021  0.0779656  
0.996673  0.08927  0.119046  
0.990713  0.0931818  0.163958  
0.98388  0.0949175  0.203328  
0.976671  0.114216  0.243732  
0.862213  0.517445  0.226807  
0.859435  0.528564  0.274019  
0.84907  0.515445  0.304079  
0.709121  0.70921  0.145768  
0.528143  0.856694  0.30279  
0.519446  0.858515  0.257484  
0.506877  0.869817  0.0373005  
0.176076  0.986397  0.245265  
0.142317  0.990483  0.196913  
0.124491  0.993596  0.16563  
0.093092  0.9963  0.124139  
0.0633929  0.998776  0.082329  
0.0321288  0.999668  0.0405737  
0.000409898  3.09617  0.00067197  
2.45405  0.000428179  0.000207589  
1.21607  0.0318146  0.0458462  
1.00041  0.0942654  0.0861655  
0.996067  0.094245  0.128132  
0.990115  0.0921872  0.168234  
0.981945  0.0945704  0.212807  
0.973808  0.102537  0.250392  
0.965523  0.118019  0.28566  
0.860537  0.527188  0.272487  
0.84907  0.515445  0.304079  
0.709924  0.709041  0.238719  
0.7089  0.709001  0.174163  
0.528143  0.856694  0.30279  
0.519446  0.858515  0.257484  
0.207325  0.978191  0.290453  
0.184625  0.984267  0.256065  
0.15458  0.988623  0.213513  
0.130141  0.993135  0.171835  
0.0969495  0.99612  0.128672  
0.0633929  0.998776  0.082329  
0.0321288  0.999668  0.0405737  
0.000409898  3.09617  0.00067197  
2.45405  0.000428179  0.000207589  
1.21607  0.0318146  0.0458462  
0.999991  0.0901238  0.0889682  
0.995518  0.0926108  0.130279  
0.988497  0.0930446  0.178406  
0.980368  0.103872  0.22162  
0.970648  0.106688  0.264819  
0.959566  0.106933  0.300448  
0.84907  0.515445  0.304079  
0.84907  0.515445  0.304079  
0.828934  0.501973  0.358409  
0.709121  0.70921  0.145768  
0.539773  0.847664  0.379997  
0.533515  0.852159  0.339181  
0.506877  0.869817  0.0373005  
0.210256  0.975256  0.306971  
0.196148  0.983091  0.264372  
0.161367  0.988565  0.221094  
0.134795  0.992831  0.178002  
0.0969495  0.99612  0.128672  
0.0682569  0.998405  0.0904207  
0.0321288  0.999668  0.0405737  
0.000409898  3.09617  0.00067197  
2.45405  0.000428179  0.000207589  
1.21607  0.0318146  0.0458462  
0.999988  0.0939821  0.0934502  
0.994158  0.092232  0.141998  
0.986924  0.0941788  0.187934  
0.978707  0.103597  0.228963  
0.967301  0.0996761  0.272929  
0.956135  0.118263  0.314509  
0.829976  0.499241  0.354384  
0.829976  0.499241  0.354384  
0.828934  0.501973  0.358409  
0.7089  0.709001  0.174163  
0.7089  0.709001  0.174163  
0.539773  0.847664  0.379997  
0.536759  0.848478  0.358271  
0.506877  0.869817  0.0373005  
0.186923  0.964419  0.322005  
0.168473  0.978269  0.2708  
0.167109  0.986756  0.23339  
0.141924  0.991841  0.186922  
0.110119  0.995948  0.13914  
0.074569  0.998273  0.0934687  
0.0321288  0.999668  0.0405737  
0.000409898  3.09617  0.00067197  
2.45405  0.000428179  0.000207589  
1.21607  0.0318146  0.0458462  
0.999231  0.09086  0.0963922  
0.993855  0.0924907  0.14532  
0.985001  0.092805  0.196094  
0.976329  0.0954843  0.237735  
0.965176  0.116878  0.288281  
0.951626  0.123312  0.329865  
0.933557  0.107374  0.373229  
0.829976  0.499241  0.354384  
0.811376  0.488924  0.399622  
0.674167  0.674083  0.437083  
0.7089  0.709001  0.174163  
0.674167  0.674083  0.437083  
0.549196  0.844571  0.412289  
0.519446  0.858515  0.257484  
0.221716  0.955145  0.371491  
0.196164  0.962543  0.335601  
0.207325  0.978191  0.290453  
0.176076  0.986397  0.245265  
0.141514  0.991341  0.192352  
0.111459  0.994877  0.148685  
0.0782674  0.998009  0.0989454  
0.0321288  0.999668  0.0405737  
0.000325931  2.78155  0.000700373  
2.45405  0.000428179  0.000207589  
1.21469  0.00929737  0.0613917  
0.999991  0.0901238  0.0889682  
0.99228  0.0910835  0.155635  
0.98388  0.0949175  0.203328  
0.973838  0.114286  0.25286  
0.959566  0.106933  0.300448  
0.94215  0.0898133  0.346914  
0.92799  0.0975119  0.385456  
0.811376  0.488924  0.399622  
0.809583  0.493174  0.421944  
0.793215  0.480923  0.456928  
0.674426  0.672613  0.451052  
0.673245  0.674177  0.44634  
0.528119  0.822094  0.450015  
0.550402  0.839469  0.435453  
0.506877  0.869817  0.038648  
0.239601  0.950013  0.388766  
0.190714  0.958025  0.342018  
0.210256  0.975256  0.306971  
0.184625  0.984267  0.256065  
0.156292  0.991168  0.203827  
0.116454  0.994519  0.153431  
0.0776017  0.997502  0.103837  
0.0321288  0.999668  0.0405737  
0.000325931  2.78155  0.000700373  
2.45867  0.000209072  9.80601e-005  
1.21469  0.00929737  0.0613917  
0.999991  0.0901238  0.0889682  
0.990713  0.0931818  0.163958  
0.980782  0.0960049  0.217847  
0.967961  0.0972212  0.268863  
0.954544  0.090502  0.310727  
0.940826  0.112526  0.356636  
0.918923  0.105511  0.408106  
0.905426  0.117656  0.441264  
0.797388  0.486306  0.443166  
0.786917  0.479451  0.472724  
0.777774  0.477442  0.492715  
0.673986  0.67313  0.449235  
0.673244  0.674324  0.491155  
0.510783  0.795826  0.494619  
0.528119  0.822094  0.450015  
0.20274  0.917724  0.442724  
0.225342  0.933823  0.421077  
0.221716  0.955145  0.371491  
0.186923  0.964419  0.322005  
0.168473  0.978269  0.2708  
0.162281  0.990731  0.210654  
0.119125  0.99416  0.159834  
0.0793507  0.997391  0.106452  
0.0360236  0.999519  0.0474775  
0.000325931  2.78155  0.000700373  
2.45867  0.000209072  9.80601e-005  
1.21469  0.00929737  0.0613917  
0.999991  0.0901238  0.0889682  
0.989649  0.0943917  0.172946  
0.978707  0.103597  0.228963  
0.965495  0.102369  0.280356  
0.950011  0.119793  0.333473  
0.930494  0.107216  0.380559  
0.913902  0.128347  0.427027  
0.893871  0.147261  0.472897  
0.786917  0.479451  0.472724  
0.777774  0.477442  0.492715  
0.760049  0.471652  0.543187  
0.674426  0.672613  0.451052  
0.673244  0.674324  0.491155  
0.469888  0.757395  0.538356  
0.510783  0.795826  0.494619  
0.510783  0.795826  0.494619  
0.246517  0.912789  0.47916  
0.228076  0.930785  0.431505  
0.239601  0.950013  0.388766  
0.196164  0.962543  0.335601  
0.177576  0.974982  0.283483  
0.168395  0.987597  0.230267  
0.12217  0.993819  0.16707  
0.0793507  0.997391  0.106452  
0.0360236  0.999519  0.0474775  
0.000325931  2.78155  0.000700373  
2.45867  0.000209072  9.80601e-005  
1.21469  0.00929737  0.0613917  
0.999991  0.0901238  0.0889682  
0.988256  0.0937908  0.179509  
0.976329  0.0954843  0.237735  
0.959607  0.0989499  0.298489  
0.94215  0.0898133  0.346914  
0.922508  0.121813  0.404284  
0.904266  0.146501  0.450492  
0.881326  0.150495  0.495676  
0.85771  0.139512  0.531858  
0.777774  0.477442  0.492715  
0.753334  0.474503  0.557205  
0.620466  0.620705  0.587461  
0.650161  0.646734  0.571134  
0.620466  0.620705  0.587461  
0.469888  0.757395  0.538356  
0.499774  0.775104  0.537521  
0.469888  0.757395  0.538356  
0.233028  0.898654  0.498874  
0.191479  0.913101  0.447438  
0.239601  0.950013  0.388766  
0.22134  0.958  0.358885  
0.177576  0.974982  0.283483  
0.161367  0.988565  0.221094  
0.119125  0.99416  0.159834  
0.0761067  0.998013  0.0997415  
0.0360236  0.999519  0.0474775  
0.000325931  2.78155  0.000700373  
2.45867  0.000209072  9.80601e-005  
1.21469  0.00929737  0.0613917  
1.20223  0.00341644  0.156444  
0.985926  0.101851  0.19592  
0.970809  0.100956  0.258863  
0.954544  0.090502  0.310727  
0.933557  0.107374  0.373229  
0.914811  0.126929  0.422582  
0.893871  0.147261  0.472897  
0.86653  0.125536  0.515187  
0.843046  0.130993  0.553617  
0.760049  0.471652  0.543187  
0.733589  0.459888  0.591605  
0.707735  0.43503  0.615862  
0.616659  0.613437  0.599176  
0.616659  0.613437  0.599176  
0.456838  0.720094  0.622952  
0.466428  0.738381  0.592962  
0.469888  0.757395  0.538356  
0.271249  0.870393  0.564974  
0.256302  0.89404  0.516974  
0.246517  0.912789  0.47916  
0.228076  0.930785  0.431505  
0.221716  0.955145  0.371491  
0.195946  0.969154  0.318773  
0.156292  0.991168  0.203827  
0.114937  0.994537  0.157604  
0.0660906  0.998069  0.0900684  
0.0321288  0.999668  0.0405737  
0.000325931  2.78155  0.000700373  
2.47445  0.00025197  0.000454476  
1.21469  0.00929737  0.0613917  
1.20099  0.0330831  0.170071  
0.984933  0.0978055  0.197485  
0.967301  0.0996761  0.272929  
0.948285  0.117834  0.338183  
0.92799  0.0975119  0.385456  
0.903876  0.125363  0.445492  
0.881326  0.150495  0.495676  
0.848935  0.135178  0.545416  
0.820324  0.125861  0.584982  
0.720023  0.450631  0.605698  
0.707735  0.43503  0.615862  
0.691912  0.426391  0.638233  
0.578028  0.576955  0.671736  
0.616659  0.613437  0.599176  
0.578028  0.576955  0.671736  
0.456838  0.720094  0.622952  
0.457877  0.720576  0.618658  
0.457877  0.720576  0.618658  
0.26961  0.841296  0.606744  
0.271249  0.870393  0.564974  
0.238248  0.895177  0.503025  
0.190876  0.912272  0.449438  
0.227486  0.951509  0.387232  
0.177576  0.974982  0.283483  
0.150552  0.991596  0.197146  
0.108703  0.99522  0.148723  
0.0660906  0.998069  0.0900684  
0.0321288  0.999668  0.0405737  
0.000325931  2.78155  0.000700373  
2.47445  0.00025197  0.000454476  
1.21216  0.00465902  0.0907973  
1.1967  0.0381475  0.184348  
0.980087  0.0995318  0.223416  
0.964136  0.118862  0.290039  
0.94094  0.124622  0.360494  
0.914811  0.126929  0.422582  
0.889433  0.143794  0.479474  
0.86285  0.124578  0.52173  
0.832067  0.151333  0.576288  
0.806422  0.169857  0.613758  
0.77358  0.139785  0.649515  
0.691912  0.426391  0.638233  
0.679405  0.435289  0.675564  
0.656779  0.421778  0.701016  
0.566525  0.565973  0.694478  
0.566525  0.565973  0.694478  
0.441563  0.657327  0.723143  
0.481488  0.703587  0.683086  
0.456838  0.720094  0.622952  
0.232817  0.793535  0.65197  
0.258726  0.817929  0.627365  
0.271249  0.870393  0.564974  
0.29454  0.888197  0.543104  
0.190876  0.912272  0.449438  
0.225342  0.933823  0.421077  
0.177576  0.974982  0.283483  
0.134107  0.992053  0.180326  
0.106568  0.995231  0.144303  
0.0660906  0.998069  0.0900684  
0.0321288  0.999668  0.0405737  
0.000325931  2.78155  0.000700373  
2.47445  0.00025197  0.000454476  
1.21216  0.00465902  0.0907973  
1.19509  0.0374365  0.198969  
0.973991  0.0854269  0.241896  
0.954544  0.090502  0.310727  
0.92799  0.0975119  0.385456  
0.903876  0.125363  0.445492  
0.874081  0.147332  0.50915  
0.843046  0.130993  0.553617  
0.808849  0.161694  0.611483  
0.776533  0.111356  0.639559  
0.748179  0.0980396  0.670408  
0.66037  0.41214  0.684993  
0.656779  0.421778  0.701016  
0.630786  0.412054  0.740134  
0.528502  0.532547  0.748596  
0.545853  0.548666  0.73435  
0.528502  0.532547  0.748596  
0.384714  0.613874  0.737612  
0.441563  0.657327  0.723143  
0.240885  0.724234  0.729508  
0.257282  0.767244  0.693028  
0.232817  0.793535  0.65197  
0.259086  0.817937  0.626874  
0.271249  0.870393  0.564974  
0.238248  0.895177  0.503025  
0.190876  0.912272  0.449438  
0.177576  0.974982  0.283483  
0.134107  0.992053  0.180326  
0.102  0.995782  0.138966  
0.0660906  0.998069  0.0900684  
0.0321288  0.999668  0.0405737  
0.000325931  2.78155  0.000700373  
2.47445  0.00025197  0.000454476  
1.21216  0.00465902  0.0907973  
1.18976  0.0530102  0.216756  
0.973991  0.0854269  0.241896  
0.947713  0.119222  0.33931  
0.919297  0.0940715  0.405296  
0.883966  0.091295  0.476475  
0.857373  0.163882  0.53941  
0.820431  0.141895  0.589347  
0.776533  0.111356  0.639559  
0.748179  0.0980396  0.670408  
0.719882  0.107551  0.703049  
0.679743  0.126009  0.743655  
0.630786  0.412054  0.740134  
0.611748  0.394874  0.749827  
0.577468  0.386585  0.793064  
0.499866  0.500298  0.774098  
0.499866  0.500298  0.774098  
0.378874  0.579648  0.784161  
0.378674  0.587935  0.775361  
0.384714  0.613874  0.737612  
0.384714  0.613874  0.737612  
0.240885  0.724234  0.729508  
0.257282  0.767244  0.693028  
0.229651  0.795734  0.649599  
0.26961  0.841296  0.606744  
0.238248  0.895177  0.503025  
0.190876  0.912272  0.449438  
0.168473  0.978269  0.2708  
0.134107  0.992053  0.180326  
0.0996343  0.995976  0.133709  
0.0643317  0.99828  0.0857549  
0.029926  0.999719  0.0390713  
0.000325931  2.78155  0.000700373  
2.47445  0.00025197  0.000454476  
1.21216  0.00465902  0.0907973  
1.18445  0.0567125  0.236344  
0.973991  0.0854269  0.241896  
0.935851  0.10969  0.369494  
0.903876  0.125363  0.445492  
0.86653  0.125536  0.515187  
0.832067  0.151333  0.576288  
0.784647  0.108826  0.628947  
0.748179  0.0980396  0.670408  
0.719882  0.107551  0.703049  
0.679743  0.126009  0.743655  
0.650751  0.158493  0.776616  
0.623193  0.218365  0.809933  
0.577468  0.386585  0.793064  
0.541081  0.365206  0.821302  
0.514711  0.339629  0.834043  
0.469331  0.468436  0.801666  
0.469331  0.468436  0.801666  
0.358934  0.555454  0.798879  
0.358934  0.555454  0.798879  
0.378674  0.587935  0.775361  
0.358934  0.555454  0.798879  
0.261914  0.696821  0.761746  
0.240885  0.724234  0.729508  
0.257282  0.767244  0.693028  
0.230293  0.796806  0.647257  
0.233028  0.898654  0.498874  
0.190876  0.912272  0.449438  
0.168473  0.978269  0.2708  
0.129957  0.992584  0.175546  
0.0941319  0.996004  0.12945  
0.0604986  0.998471  0.0827852  
0.029926  0.999719  0.0390713  
0.000325931  2.78155  0.000700373  
2.47445  0.00025197  0.000454476  
1.21028  0.0277796  0.126844  
1.17775  0.0460745  0.255633  
0.954544  0.090502  0.310727  
0.930494  0.107216  0.380559  
0.883966  0.091295  0.476475  
0.844012  0.118933  0.549042  
0.788208  0.124401  0.627117  
0.752113  0.1183  0.670348  
0.719882  0.107551  0.703049  
0.671538  0.111297  0.748734  
0.640779  0.152075  0.782481  
0.602392  0.088021  0.802702  
0.564779  0.117564  0.833525  
0.52682  0.351097  0.82978  
0.510891  0.345398  0.847859  
0.481169  0.325394  0.863134  
0.420567  0.423259  0.884567  
0.420567  0.423259  0.884567  
0.371013  0.49819  0.884212  
0.370497  0.521876  0.853831  
0.358934  0.555454  0.798879  
0.28805  0.591962  0.859774  
0.282632  0.616456  0.83868  
0.252463  0.653364  0.800084  
0.261914  0.696821  0.761746  
0.240885  0.724234  0.729508  
0.231964  0.794378  0.653121  
0.0248191  0.884501  0.687676  
0.18871  0.913488  0.446061  
0.164591  0.989601  0.221287  
0.125926  0.993118  0.170872  
0.0903349  0.996661  0.120419  
0.0604986  0.998471  0.0827852  
0.0277449  0.999741  0.0366733  
0.000325931  2.78155  0.000700373  
2.47445  0.00025197  0.000454476  
1.20438  0.0156114  0.150021  
1.16857  0.0159845  0.281085  
0.949635  0.0816885  0.323399  
0.898206  0.110807  0.45241  
0.86285  0.124578  0.52173  
0.80745  0.140578  0.606736  
0.75661  0.119436  0.664058  
0.719882  0.107551  0.703049  
0.671538  0.111297  0.748734  
0.629248  0.10503  0.78445  
0.599545  0.183527  0.820699  
0.553094  0.0749055  0.836718  
0.518968  0.0881789  0.85915  
0.499184  0.0918239  0.871583  
0.47271  0.125631  0.890292  
0.445571  0.0948615  0.900134  
0.427918  0.298107  0.904206  
0.398379  0.405635  0.914431  
0.384954  0.267909  0.922328  
0.362555  0.250033  0.928678  
0.346907  0.342401  0.932947  
0.334205  0.33164  0.939265  
0.304752  0.57461  0.874451  
0.279539  0.575273  0.864562  
0.278989  0.609983  0.843568  
0.249055  0.634335  0.815011  
0.240885  0.724234  0.729508  
0.20051  0.731437  0.71064  
0.20051  0.731437  0.71064  
0.0786953  0.908503  0.66903  
0.0938088  0.975821  0.610762  
0.114261  0.993761  0.161673  
0.0872334  0.996862  0.117718  
0.0586609  0.99856  0.0799797  
0.0277449  0.999741  0.0366733  
0.000325931  2.78155  0.000700373  
2.47445  0.00025197  0.000454476  
1.20103  0.0247486  0.168649  
1.15637  0.0429269  0.329286  
0.949635  0.0816885  0.323399  
0.883966  0.091295  0.476475  
0.86285  0.124578  0.52173  
0.768635  0.136386  0.653774  
0.719882  0.107551  0.703049  
0.657875  0.127459  0.763802  
0.602392  0.088021  0.802702  
0.56995  0.145465  0.834777  
0.542599  0.138155  0.85211  
0.499184  0.0918239  0.871583  
0.478115  0.114417  0.885867  
0.448715  0.104423  0.899365  
0.414051  0.289513  0.910953  
0.398684  0.275555  0.915575  
0.380981  0.27486  0.925899  
0.358806  0.246054  0.930739  
0.334205  0.33164  0.939265  
0.326675  0.329862  0.941359  
0.305081  0.302045  0.94929  
0.301566  0.37034  0.94988  
0.29036  0.289527  0.954948  
0.270135  0.331616  0.959358  
0.265523  0.560262  0.948168  
0.237478  0.581657  0.925844  
0.180976  0.625206  0.872528  
0.186676  0.649867  0.859753  
0.152643  0.708025  0.826672  
0.0500988  0.777621  0.773766  
0.0768828  0.841393  0.727517  
0.0484344  0.920109  0.657109  
0.114261  0.993761  0.161673  
0.0872334  0.996862  0.117718  
0.0563524  0.998672  0.0766252  
0.0277449  0.999741  0.0366733  
0.000325931  2.78155  0.000700373  
2.47445  0.00025197  0.000454476  
1.20103  0.0247486  0.168649  
1.13884  0.0132741  0.358188  
0.949635  0.0816885  0.323399  
0.883966  0.091295  0.476475  
0.783269  0.116522  0.632298  
0.719882  0.107551  0.703049  
0.657875  0.127459  0.763802  
0.602392  0.088021  0.802702  
0.553094  0.0749055  0.836718  
0.518968  0.0881789  0.859419  
0.478115  0.114417  0.885867  
0.448715  0.104423  0.899365  
0.420258  0.123994  0.916297  
0.393435  0.11172  0.926343  
0.371099  0.101584  0.934344  
0.351186  0.0867987  0.940112  
0.333389  0.243511  0.944246  
0.299045  0.20823  0.951317  
0.299045  0.20823  0.951317  
0.286317  0.290712  0.955804  
0.270135  0.331616  0.959358  
0.262751  0.261534  0.962167  
0.249525  0.310016  0.965071  
0.241702  0.295295  0.968526  
0.231383  0.376132  0.969918  
0.223796  0.225862  0.972479  
0.216521  0.310583  0.974506  
0.203072  0.251754  0.97694  
0.180976  0.625206  0.872528  
0.180976  0.625206  0.872528  
0.152643  0.708025  0.826672  
0.0500988  0.777621  0.773766  
0.0848132  0.859366  0.719722  
0.00592117  0.942232  0.635811  
0.0833229  0.997174  0.111086  
0.0426573  0.999288  0.0558014  
0.0272024  0.999759  0.0345161  
0.000325931  2.78155  0.000700373  
2.47445  0.00025197  0.000454476  
1.19137  0.021046  0.22008  
1.09414  0.0541391  0.444739  
0.949635  0.0816885  0.323399  
0.871282  0.0416547  0.701559  
0.671538  0.111297  0.748734  
0.602392  0.088021  0.802702  
0.553094  0.0749055  0.836718  
0.518968  0.0881789  0.859419  
0.489286  0.124611  0.880584  
0.448715  0.104423  0.899365  
0.4126  0.0807153  0.914545  
0.381506  0.0896147  0.928699  
0.360053  0.0874092  0.937002  
0.331526  0.125466  0.951816  
0.317146  0.0863412  0.952286  
0.299045  0.208031  0.951317  
0.271173  0.189248  0.960317  
0.264614  0.194027  0.96575  
0.249844  0.176098  0.968732  
0.234885  0.166188  0.971512  
0.223796  0.225862  0.972479  
0.221209  0.223017  0.973964  
0.209157  0.256259  0.975322  
0.203072  0.251754  0.97694  
0.193849  0.315989  0.979282  
0.188751  0.354628  0.980697  
0.181852  0.228846  0.982194  
0.175347  0.279596  0.983326  
0.169547  0.168492  0.983991  
0.164341  0.239524  0.985152  
0.155481  0.545079  0.986349  
0.147917  0.674177  0.93442  
0.0824618  0.734799  0.859461  
0.0500988  0.777621  0.773766  
0.0717298  0.868594  0.703188  
0.0481089  0.983334  0.594064  
0.0426573  0.999288  0.0558014  
0.0272024  0.999759  0.0345161  
0.000325931  2.78155  0.000700373  
2.47445  0.00025197  0.000454476  
1.16857  0.0159845  0.281085  
1.05169  0.0445463  0.52313  
0.902302  0.0736187  0.68305  
0.780695  0.0343616  0.767669  
0.602392  0.088021  0.802702  
0.553094  0.0749055  0.836718  
0.464339  0.108394  0.892105  
0.448715  0.104423  0.899365  
0.409872  0.116193  0.919991  
0.371099  0.101584  0.934344  
0.34057  0.0835194  0.944084  
0.314717  0.0949346  0.95431  
0.28812  0.0825353  0.960945  
0.270737  0.0861702  0.966696  
0.256923  0.078405  0.969804  
0.2421  0.0749593  0.973055  
0.208634  0.139947  0.975815  
0.208634  0.139947  0.975815  
0.203726  0.147751  0.979935  
0.194561  0.193541  0.980674  
0.184168  0.125088  0.981312  
0.177655  0.180728  0.982706  
0.169547  0.168492  0.983991  
0.164341  0.239524  0.985152  
0.155462  0.25349  0.986745  
0.150812  0.242306  0.98758  
0.143926  0.182011  0.988451  
0.139565  0.228299  0.989004  
0.135676  0.299286  0.989689  
0.131069  0.128891  0.990269  
0.125399  0.291167  0.991239  
0.123519  0.220742  0.991473  
0.120386  0.193675  0.992068  
0.116798  0.477602  0.992233  
0.0763441  0.715695  0.895371  
0.0500988  0.777621  0.773766  
0.0414687  0.911727  0.663181  
0.0426573  0.999288  0.0558014  
0.0272024  0.999759  0.0345161  
0.000325931  2.78155  0.000700373  
2.47445  0.00025197  0.000454476  
1.13884  0.0132741  0.358188  
0.959413  0.0351542  0.628959  
0.780695  0.0343616  0.767669  
0.632416  0.0388844  0.857331  
0.53414  0.0511088  0.899898  
0.465501  0.0769689  0.925978  
0.34057  0.0835194  0.944084  
0.34057  0.0835194  0.944084  
0.311146  0.0892161  0.954363  
0.28812  0.0825353  0.960945  
0.262193  0.0791539  0.968087  
0.2421  0.0749593  0.973055  
0.21444  0.0633333  0.978946  
0.196604  0.0666439  0.982704  
0.196604  0.0666439  0.982704  
0.182274  0.0572695  0.98489  
0.161367  0.112137  0.986465  
0.161367  0.112137  0.986465  
0.15502  0.106388  0.987519  
0.140155  0.0947365  0.9894  
0.140155  0.0947365  0.9894  
0.131326  0.132868  0.99056  
0.122578  0.154608  0.991824  
0.122578  0.154608  0.991824  
0.117315  0.147407  0.992457  
0.1138  0.185604  0.992814  
0.109891  0.13484  0.993455  
0.104752  0.186097  0.993811  
0.102155  0.225022  0.994258  
0.0992457  0.203775  0.994512  
0.0955217  0.246797  0.994871  
0.0932261  0.0631693  0.995338  
0.0894795  0.0596229  0.995566  
0.0878078  0.223321  0.995691  
0.0852367  0.126012  0.99593  
0.082638  0.365213  0.99629  
0.0729133  0.688596  0.928488  
0.0500988  0.777621  0.773766  
0.0236068  0.960983  0.622763  
0.0272024  0.999759  0.0345161  
0.000325931  2.78155  0.000700373  
2.47445  0.00025197  0.000454476  
1.04423  0.00745834  0.529735  
0.780695  0.0343616  0.767669  
0.60268  0.0376446  0.870773  
0.441787  0.0319088  0.933969  
0.367041  0.0463584  0.954798  
0.281477  0.0420236  0.980116  
0.274742  0.0559587  0.982157  
0.241104  0.0549208  0.986133  
0.200891  0.0574802  0.987804  
0.182274  0.0572695  0.98489  
0.161184  0.0474679  0.988014  
0.161184  0.0474679  0.988014  
0.14683  0.0584807  0.990963  
0.13688  0.0497113  0.991788  
0.127684  0.0474713  0.992888  
0.121392  0.0513964  0.994011  
0.115088  0.0372924  0.994092  
0.108655  0.0502461  0.995326  
0.0862754  0.0605746  0.996089  
0.0862754  0.0605746  0.996089  
0.0862754  0.0605746  0.996089  
0.0862754  0.0605746  0.996089  
0.0862754  0.0605746  0.996089  
0.0827393  0.103816  0.996262  
0.0761834  0.111179  0.996874  
0.0762912  0.111179  0.996874  
0.0731153  0.103798  0.997081  
0.0710115  0.11543  0.997317  
0.0686622  0.119806  0.997592  
0.0657983  0.0462987  0.997785  
0.0607144  0.0404381  0.997963  
0.0607144  0.0404381  0.997963  
0.0590317  0.0949743  0.998131  
0.0581786  0.231677  0.998248  
0.0561676  0.141933  0.998389  
0.0539466  0.0763032  0.998437  
0.0539466  0.0763032  0.998437  
0.0515109  0.0738272  0.998594  
0.0500058  0.0976789  0.998753  
0.0219975  0.780781  0.768663  
0.0272024  0.999759  0.0345161  
0.000325931  2.78155  0.000700373  
2.47445  0.00025197  0.000454476  
0.781143  0.0108256  0.832941  
0.459387  0.0222265  0.94553  
0.319546  0.0235564  0.992581  
0.216468  0.0253986  0.995815  
0.13359  0.0239298  0.998566  
0.142644  0.026369  0.998188  
0.142644  0.026369  0.998188  
0.0752557  0.0270193  0.998321  
0.0752557  0.0270193  0.998321  
0.0752557  0.0270193  0.998321  
0.0752557  0.0270193  0.998321  
0.0752557  0.0270193  0.998321  
0.0752557  0.0270193  0.998321  
0.0666221  0.0335655  0.998358  
0.0666221  0.0335655  0.998358  
0.0621437  0.0308925  0.999029  
0.056633  0.0337697  0.999351  
0.0478302  0.0394912  0.999343  
0.0412725  0.040724  0.999068  
0.0412725  0.040724  0.999068  
0.0412725  0.040724  0.999068  
0.0412725  0.040724  0.999068  
0.0412725  0.040724  0.999068  
0.0412725  0.040724  0.999068  
0.036714  0.0441023  0.999351  
0.036714  0.0441023  0.999351  
0.036714  0.0441023  0.999351  
0.0349045  0.0243461  0.999372  
0.0337164  0.0396251  0.99954  
0.0261348  0.0733736  0.999645  
0.0316582  0.0781567  0.999563  
0.029739  0.0733418  0.999625  
0.0295894  0.0962186  0.999554  
0.0261348  0.0733736  0.999645  
0.0261348  0.0733736  0.999645  
0.0261348  0.0733736  0.999645  
0.0261348  0.0733736  0.999645  
0.0261348  0.0643451  0.999645  
0.0241155  0.147715  0.999721  
0.0241155  0.147715  0.999721  
0.0241155  0.147715  0.999721  
0.0116001  0.831176  0.847263  
0.000325931  2.78155  0.000700373  
1.53998  0.000120832  0.202123  
0.0485088  0.0087529  0.999855  
0.0317332  0.00821925  0.999967  
0.0317332  0.00821925  0.999967  
0.0317332  0.00821925  0.999967  
0.0317332  0.00821925  0.999967  
0.0317332  0.00821925  0.999967  
0.014321  0.00821925  0.999967  
0.014321  0.00821925  0.999967  
0.014321  0.00821925  0.999967  
0.014321  0.00821925  0.999967  
0.0236554  0.00662736  0.999911  
0.014321  0.00821925  0.999967  
0.014321  0.00821925  0.999967  
0.014321  0.00821925  0.999967  
0.014321  0.00821925  0.999967  
0.014321  0.00821925  0.999967  
0.0121107  0.00834441  0.999995  
0.0121107  0.00834441  0.999995  
0.0121107  0.00834441  0.999995  
0.0121107  0.00914216  0.999995  
0.0121107  0.00914216  0.999995  
0.0121107  0.00914216  0.999995  
0.014321  0.00821925  0.999967  
0.014321  0.00821925  0.999967  
0.0121107  0.00914216  0.999995  
0.0121107  0.00914216  0.999995  
0.0121107  0.00914216  0.999995  
0.0175024  0.0173785  0.99993  
0.0175024  0.0173785  0.99993  
0.0154755  0.0345186  0.999909  
0.0154755  0.0345186  0.999909  
0.0154755  0.0345186  0.999909  
0.0154755  0.0345186  0.999909  
0.0154755  0.0345186  0.999909  
0.0154755  0.0345186  0.999909  
0.0151856  0.0684539  0.999997  
0.0149438  0.0750073  0.999965  
0.0149438  0.0750073  0.999965  
0.0116765  0.110079  0.999965  
0.0116765  0.110079  0.999965  
0.00866641  0.155536  0.99998  
0.00866641  0.163804  0.99998  
0.00866641  0.155536  0.99998  
0.000296107  2.30715  0.921394  
