0.972997  0.297684  
0.973048  0.297681  
0.973041  0.297665  
0.972996  0.297681  
0.973039  0.297671  
0.972994  0.297682  
0.973041  0.297665  
0.972996  0.297677  
0.972998  0.297675  
0.973013  0.297669  
0.973039  0.297671  
0.973042  0.297676  
0.973022  0.297676  
0.972984  0.297663  
0.973013  0.29768  
0.972998  0.297675  
0.973046  0.297671  
0.973013  0.297669  
0.972991  0.297657  
0.972984  0.297663  
0.972981  0.297657  
0.972973  0.297645  
0.973015  0.29768  
0.972991  0.297657  
0.972981  0.297657  
0.972973  0.297651  
0.972973  0.297645  
0.972973  0.297651  
0.972951  0.29762  
0.972942  0.297629  
0.972947  0.297626  
0.972983  0.297651  
0.972962  0.297629  
0.972969  0.297638  
0.972947  0.297626  
0.972953  0.297634  
0.97297  0.297664  
0.972983  0.297651  
0.972953  0.297634  
0.972966  0.297658  
0.972974  0.297639  
0.972962  0.297629  
0.972945  0.297605  
0.972963  0.297649  
0.972979  0.297633  
0.972951  0.29762  
0.972974  0.297635  
0.972982  0.297666  
0.972961  0.297645  
0.972972  0.29766  
0.972963  0.297649  
0.972945  0.297605  
0.972977  0.297665  
0.972977  0.297665  
0.89687  0.362431  
0.89687  0.362431  
0.896866  0.362449  
0.896719  0.362466  
0.896801  0.36247  
0.896831  0.362461  
0.896831  0.362461  
0.896801  0.36247  
0.896838  0.36248  
0.896836  0.362463  
0.819965  0.426663  
0.819938  0.426648  
0.819938  0.426648  
0.819938  0.426648  
0.819322  0.426757  
0.818676  0.427196  
0.819322  0.426757  
0.818676  0.427196  
0.819572  0.426764  
0.819335  0.426764  
0.738622  0.484269  
0.738311  0.484327  
0.738622  0.484269  
0.738622  0.484269  
0.738622  0.484269  
0.737302  0.485162  
0.737302  0.485162  
0.737302  0.485162  
0.737302  0.485162  
0.737302  0.485162  
0.655058  0.539872  
0.655058  0.539872  
0.655068  0.539875  
0.655058  0.539872  
0.655068  0.539875  
0.655058  0.539872  
0.654591  0.540888  
0.654683  0.54087  
0.654683  0.54087  
0.654777  0.540675  
0.654591  0.540888  
0.575531  0.60013  
0.574698  0.600094  
0.575531  0.60013  
0.575495  0.600212  
0.575495  0.600212  
0.574698  0.600094  
0.575495  0.600212  
0.574258  0.600514  
0.574258  0.600514  
0.57408  0.600245  
0.574258  0.600514  
0.491402  0.65509  
0.491342  0.655121  
0.491345  0.655122  
0.491342  0.655121  
0.491345  0.655122  
0.491372  0.655105  
0.491402  0.65509  
0.491372  0.655105  
0.491031  0.655565  
0.491031  0.655565  
0.491019  0.655417  
0.491031  0.655565  
0.412041  0.717018  
0.412152  0.716952  
0.412053  0.717019  
0.41203  0.717016  
0.412103  0.716986  
0.412103  0.716986  
0.412152  0.716952  
0.412229  0.716922  
0.412229  0.716922  
0.411855  0.717151  
0.411855  0.717151  
0.411851  0.717113  
0.411851  0.717113  
0.338549  0.784298  
0.338549  0.784298  
0.338549  0.784298  
0.338448  0.784354  
0.337606  0.784365  
0.338078  0.784341  
0.338549  0.784298  
0.338078  0.784341  
0.336439  0.784682  
0.336375  0.784899  
0.336375  0.784899  
0.247422  0.829884  
0.247405  0.829967  
0.247427  0.82998  
0.24742  0.829916  
0.247414  0.829851  
0.247414  0.829851  
0.247422  0.829884  
0.24741  0.829967  
0.247417  0.82998  
0.247406  0.829973  
0.24742  0.829916  
0.247436  0.82998  
0.247411  0.830217  
0.247407  0.829979  
0.171684  0.894707  
0.171674  0.894717  
0.171677  0.894715  
0.171685  0.89471  
0.171685  0.89471  
0.171665  0.894691  
0.171665  0.894691  
0.171672  0.894692  
0.171677  0.894715  
0.171672  0.894692  
0.171676  0.894702  
0.170978  0.895761  
0.170978  0.895761  
0.0850629  0.946695  
0.0850616  0.946696  
0.0850367  0.946702  
0.085049  0.9467  
0.0850629  0.946695  
0.0850453  0.946696  
0.0850629  0.946695  
0.0850383  0.9467  
0.0850367  0.946702  
0.0850525  0.946698  
0.085049  0.9467  
0.0850629  0.946695  
0.0850525  0.946698  
0.085049  0.9467  
0.0849049  0.946764  
0.00515311  1.00697  
0.00515311  1.00697  
0.00507603  1.0074  
0.00518734  1.00677  
0.00508205  1.00735  
0.00507407  1.00741  
0.00515311  1.00697  
0.00514253  1.00702  
0.00517022  1.00687  
0.00507505  1.00741  
0.0050758  1.0074  
0.00518734  1.00677  
0.00517022  1.00687  
0.0050758  1.0074  
0.0050748  1.00741  
7.79376e-010  1.11445  
