0.974094  0.299028  
0.974106  0.299045  
0.9741  0.299029  
0.974094  0.299026  
0.974094  0.299028  
0.974094  0.299026  
0.974093  0.299015  
0.974093  0.299015  
0.974085  0.299006  
0.974091  0.299018  
0.974089  0.29902  
0.974074  0.299008  
0.974096  0.299028  
0.974095  0.29902  
0.974075  0.299014  
0.974083  0.299005  
0.974079  0.299008  
0.974074  0.299008  
0.974096  0.299025  
0.974085  0.299006  
0.974075  0.299014  
0.974084  0.29901  
0.974096  0.299029  
0.974059  0.298987  
0.974083  0.299005  
0.974047  0.298985  
0.974082  0.299014  
0.97406  0.298992  
0.974065  0.298996  
0.974062  0.298994  
0.974065  0.298996  
0.974085  0.299018  
0.974101  0.299016  
0.97406  0.298992  
0.974088  0.299011  
0.974094  0.299022  
0.974047  0.298985  
0.974082  0.299014  
0.974084  0.29901  
0.974084  0.299011  
0.974089  0.299024  
0.974083  0.299013  
0.974062  0.298994  
0.974078  0.299016  
0.974094  0.299022  
0.974084  0.299011  
0.974078  0.299016  
0.973966  0.29914  
0.973961  0.299131  
0.973973  0.299153  
0.973977  0.299159  
0.973961  0.299131  
0.973973  0.299153  
0.973973  0.299153  
0.893921  0.359016  
0.894059  0.359262  
0.893921  0.359016  
0.894081  0.359308  
0.893978  0.359086  
0.893978  0.359086  
0.894047  0.359237  
0.894018  0.359172  
0.894059  0.359262  
0.894107  0.359365  
0.816081  0.421284  
0.816084  0.42129  
0.816081  0.421284  
0.816084  0.42129  
0.815581  0.421832  
0.815531  0.421872  
0.815556  0.421852  
0.815556  0.421852  
0.815584  0.421875  
0.815531  0.421872  
0.735377  0.480345  
0.735233  0.480124  
0.735233  0.480124  
0.735254  0.480113  
0.735254  0.480113  
0.735245  0.480384  
0.73516  0.480427  
0.735202  0.480405  
0.735202  0.480405  
0.735101  0.481271  
0.735101  0.481271  
0.655675  0.540516  
0.655675  0.540516  
0.655633  0.540539  
0.655837  0.540808  
0.655867  0.540646  
0.655473  0.542304  
0.655473  0.542304  
0.655473  0.542304  
0.655473  0.542304  
0.655473  0.542304  
0.572524  0.596736  
0.572524  0.596736  
0.572524  0.596736  
0.572524  0.596736  
0.572524  0.596736  
0.572524  0.596736  
0.572524  0.596736  
0.57225  0.597327  
0.57225  0.597327  
0.57225  0.597327  
0.57225  0.597327  
0.57225  0.597327  
0.492481  0.656636  
0.492495  0.656649  
0.492481  0.656636  
0.492486  0.656641  
0.492492  0.656646  
0.492492  0.656646  
0.492486  0.656641  
0.49187  0.65691  
0.491871  0.656909  
0.49187  0.65691  
0.491871  0.656909  
0.407478  0.710218  
0.407474  0.710221  
0.407478  0.710218  
0.407478  0.710218  
0.407482  0.710216  
0.407482  0.710216  
0.407478  0.710218  
0.407478  0.710218  
0.407478  0.710218  
0.407452  0.710233  
0.40744  0.71024  
0.40744  0.71024  
0.407452  0.710233  
0.329349  0.772483  
0.329312  0.772522  
0.329376  0.772454  
0.329376  0.772454  
0.329102  0.772475  
0.329349  0.772483  
0.329312  0.772522  
0.329349  0.772483  
0.329312  0.772522  
0.32924  0.7726  
0.329102  0.772475  
0.329258  0.77258  
0.253983  0.837596  
0.253709  0.837365  
0.253492  0.837015  
0.253368  0.837023  
0.253983  0.837596  
0.254049  0.837707  
0.253983  0.837596  
0.253741  0.837421  
0.253368  0.837023  
0.253741  0.837421  
0.254049  0.837707  
0.253492  0.837015  
0.170511  0.894996  
0.171151  0.894288  
0.170511  0.894996  
0.171151  0.894288  
0.170204  0.894752  
0.170831  0.894641  
0.170386  0.894821  
0.170831  0.894641  
0.170511  0.894996  
0.170204  0.894752  
0.169981  0.894842  
0.170386  0.894821  
0.170511  0.894996  
0.170226  0.894998  
0.169981  0.894842  
0.0983778  0.96144  
0.0983778  0.96144  
0.0983778  0.96144  
0.0983778  0.96144  
0.0983066  0.961465  
0.0982353  0.961491  
0.0983778  0.96144  
0.0983066  0.961465  
0.0983066  0.961465  
0.098168  0.961488  
0.0983066  0.961465  
0.0951092  0.963087  
0.00137266  1.00192  
0.00137266  1.00192  
0.00137266  1.00192  
0.00137266  1.00192  
0.00137266  1.00192  
0.00137266  1.00192  
0.00137266  1.00192  
0.00137266  1.00192  
0.00137266  1.00192  
0.00137266  1.00192  
0.00137266  1.00192  
0.00137266  1.00192  
0.00137266  1.00192  
0.00137266  1.00192  
0.00137266  1.00192  
0.00137266  1.00192  
0.00137266  1.00192  
9.91398e-005  1.11527  
