0.984469  0.287245  
0.984469  0.287245  
0.984469  0.287245  
0.984469  0.287245  
0.984469  0.287245  
0.984469  0.287245  
0.984469  0.287245  
0.984469  0.287245  
0.984469  0.287245  
0.984469  0.287245  
0.984469  0.287245  
0.984469  0.287245  
0.984469  0.287245  
0.984469  0.287245  
0.984469  0.287245  
0.984469  0.287245  
0.984469  0.287245  
0.984469  0.287245  
0.984469  0.287245  
0.984469  0.287245  
0.984469  0.287245  
0.984469  0.287245  
0.984469  0.287245  
0.984469  0.287245  
0.984469  0.287245  
0.984469  0.287245  
0.984469  0.287245  
0.984469  0.287245  
0.984469  0.287245  
0.984469  0.287245  
0.984469  0.287245  
0.984469  0.287245  
0.984469  0.287245  
0.984469  0.287245  
0.984469  0.287245  
0.984469  0.287245  
0.984469  0.287245  
0.984469  0.287245  
0.984469  0.287245  
0.984469  0.287245  
0.984469  0.287245  
0.984469  0.287245  
0.984469  0.287245  
0.984469  0.287245  
0.984469  0.287245  
0.980456  0.289059  
0.973223  0.294215  
0.965717  0.300234  
0.960786  0.306713  
0.959571  0.312906  
0.959571  0.312906  
0.959571  0.312906  
0.959571  0.312906  
0.902554  0.346194  
0.902554  0.346194  
0.900393  0.347167  
0.893523  0.352185  
0.881959  0.359843  
0.878654  0.364876  
0.878466  0.367908  
0.878466  0.367908  
0.878694  0.367193  
0.878694  0.367193  
0.825069  0.405226  
0.825069  0.405226  
0.825069  0.405226  
0.814369  0.409161  
0.810661  0.413695  
0.801968  0.418402  
0.797837  0.425554  
0.797837  0.425554  
0.797837  0.425554  
0.797837  0.425554  
0.740327  0.463719  
0.740327  0.463719  
0.740327  0.463719  
0.740327  0.463719  
0.736766  0.466239  
0.727122  0.4734  
0.719549  0.478599  
0.718525  0.48128  
0.716441  0.487022  
0.716441  0.487022  
0.716441  0.487022  
0.663283  0.522714  
0.663283  0.522714  
0.663283  0.522714  
0.663283  0.522714  
0.655815  0.52431  
0.650828  0.527743  
0.641895  0.534836  
0.635889  0.541621  
0.635515  0.54327  
0.635515  0.54327  
0.635515  0.54327  
0.578461  0.581266  
0.578461  0.581266  
0.578461  0.581266  
0.578461  0.581266  
0.578461  0.581266  
0.5752  0.583716  
0.566717  0.589219  
0.560195  0.594175  
0.556401  0.599279  
0.554771  0.600529  
0.554771  0.600529  
0.554771  0.600529  
0.49777  0.64017  
0.49777  0.64017  
0.49777  0.64017  
0.49777  0.64017  
0.49777  0.64017  
0.495372  0.642221  
0.488581  0.646075  
0.481819  0.650037  
0.476078  0.654952  
0.473829  0.661223  
0.473817  0.661233  
0.473817  0.661233  
0.417411  0.698858  
0.417425  0.698844  
0.417425  0.698844  
0.417406  0.698862  
0.417411  0.698858  
0.417416  0.698853  
0.412817  0.702111  
0.405017  0.706355  
0.39827  0.712293  
0.394416  0.718064  
0.392957  0.722546  
0.392957  0.722546  
0.337942  0.757622  
0.3379  0.757691  
0.337987  0.757648  
0.337987  0.757648  
0.337942  0.757622  
0.337878  0.757678  
0.337878  0.757678  
0.332667  0.759022  
0.327825  0.76299  
0.319608  0.768579  
0.314897  0.772694  
0.312088  0.776928  
0.312088  0.776928  
0.258323  0.81675  
0.258323  0.81675  
0.258323  0.81675  
0.258323  0.81675  
0.258323  0.81675  
0.258323  0.81675  
0.258323  0.81675  
0.258323  0.81675  
0.24909  0.819248  
0.244745  0.822786  
0.238159  0.827278  
0.233783  0.831354  
0.231355  0.838656  
0.231355  0.838656  
0.180185  0.876117  
0.180185  0.876117  
0.180185  0.876117  
0.180185  0.876117  
0.180185  0.876117  
0.180185  0.876117  
0.180185  0.876117  
0.179922  0.876126  
0.173217  0.876685  
0.166659  0.880178  
0.160986  0.883084  
0.15564  0.888303  
0.15082  0.894143  
0.150557  0.894177  
0.0933242  0.934028  
0.0933242  0.934028  
0.0933242  0.934028  
0.0933242  0.934028  
0.0933242  0.934028  
0.0933242  0.934028  
0.0933242  0.934028  
0.0933242  0.934028  
0.0933242  0.934028  
0.0922823  0.934548  
0.0865527  0.937572  
0.0799378  0.94197  
0.0756991  0.945875  
0.0716171  0.950424  
0.0134985  0.992754  
0.0135036  0.992754  
0.0135016  0.992754  
0.0135036  0.992754  
0.0134985  0.992754  
0.0135058  0.992754  
0.0134973  0.992754  
0.0134994  0.992754  
0.0135058  0.992754  
0.0135016  0.992754  
0.0134994  0.992754  
0.00827324  0.994794  
0.00423227  0.996939  
3.22745e-011  1  
