0.905518  0.374971  
0.905494  0.374937  
0.905736  0.375248  
0.905694  0.375199  
0.905656  0.375129  
0.905711  0.375209  
0.905733  0.375237  
0.905711  0.375209  
0.905518  0.374971  
0.905628  0.375098  
0.905665  0.375129  
0.905494  0.374937  
0.905719  0.375219  
0.905488  0.374903  
0.905628  0.375098  
0.905693  0.375172  
0.905379  0.374779  
0.905488  0.374903  
0.905379  0.374779  
0.905694  0.375199  
0.905516  0.374944  
0.905476  0.374892  
0.905857  0.375391  
0.905665  0.375129  
0.905763  0.375264  
0.905868  0.375396  
0.905614  0.375063  
0.905476  0.374892  
0.905614  0.375063  
0.905659  0.375123  
0.905557  0.374999  
0.905557  0.374999  
0.905565  0.37502  
0.905867  0.375388  
0.905918  0.375463  
0.905595  0.37505  
0.905565  0.37502  
0.905595  0.37505  
0.905982  0.375542  
0.905659  0.375123  
0.906045  0.375604  
0.905659  0.375146  
0.905756  0.375259  
0.905723  0.375206  
0.905603  0.375057  
0.905676  0.375152  
0.905891  0.375428  
0.905785  0.375284  
0.905603  0.375057  
0.905785  0.375284  
0.905959  0.375487  
0.905763  0.375264  
0.905845  0.375325  
0.905778  0.375262  
0.905761  0.375236  
0.90601  0.375546  
0.905932  0.375442  
0.905761  0.375236  
0.905994  0.375532  
0.905994  0.375532  
0.905659  0.375146  
0.905959  0.375487  
0.906114  0.375684  
0.906114  0.375684  
0.906076  0.375643  
0.836571  0.449947  
0.836571  0.449947  
0.836571  0.449947  
0.836571  0.449947  
0.836487  0.449967  
0.836403  0.449987  
0.836403  0.449987  
0.836403  0.449987  
0.836403  0.449987  
0.749312  0.500047  
0.749312  0.500047  
0.749324  0.500067  
0.749309  0.500045  
0.74935  0.500119  
0.749258  0.499983  
0.749317  0.500056  
0.749374  0.50014  
0.749309  0.500045  
0.74935  0.500119  
0.749258  0.499983  
0.675807  0.569145  
0.675806  0.569142  
0.675962  0.569343  
0.676039  0.569442  
0.675962  0.569343  
0.675808  0.569146  
0.675807  0.569145  
0.675806  0.569142  
0.675808  0.569146  
0.584553  0.613672  
0.584436  0.613521  
0.58456  0.613687  
0.584102  0.613055  
0.584208  0.613204  
0.584102  0.613055  
0.584436  0.613521  
0.584316  0.613365  
0.584196  0.61321  
0.584425  0.613526  
0.584208  0.613204  
0.584316  0.613365  
0.584425  0.613526  
0.584196  0.61321  
0.523226  0.699206  
0.522667  0.698331  
0.523896  0.700075  
0.522926  0.698958  
0.522926  0.698958  
0.522941  0.698981  
0.522667  0.698331  
0.522941  0.698981  
0.427967  0.738265  
0.428002  0.738311  
0.428068  0.738402  
0.428139  0.738499  
0.428002  0.738311  
0.428037  0.738357  
0.428037  0.738357  
0.427967  0.738265  
0.42812  0.738475  
0.427967  0.738265  
0.427983  0.738423  
0.427967  0.738265  
0.428005  0.738312  
0.427979  0.738281  
0.352643  0.804742  
0.352883  0.805065  
0.352464  0.8045  
0.352584  0.804662  
0.352577  0.804652  
0.352464  0.8045  
0.352883  0.805065  
0.352809  0.804966  
0.352577  0.804652  
0.353182  0.805477  
0.352809  0.804966  
0.267186  0.857412  
0.26731  0.857551  
0.26731  0.857553  
0.267343  0.857604  
0.267211  0.857444  
0.26731  0.857553  
0.267298  0.85754  
0.267235  0.857467  
0.267186  0.857412  
0.267283  0.857513  
0.267284  0.85754  
0.26731  0.857551  
0.267235  0.857467  
0.267308  0.857536  
0.267329  0.85757  
0.100053  0.967587  
0.100053  0.967587  
0.0999985  0.967571  
0.0999576  0.967551  
0.100025  0.967533  
0.100017  0.967569  
0.0999157  0.967477  
0.099996  0.967515  
0.0999873  0.967475  
0.0999157  0.967477  
0.100025  0.967533  
0.100019  0.967544  
0.0999873  0.967475  
0.100005  0.9675  
0.100023  0.967523  
0.0999858  0.967519  
0.100023  0.967523  
0.100029  0.967556  
0.100007  0.967531  
0.0999858  0.967519  
0.099996  0.967515  
0.100028  0.967543  
0.0999844  0.967547  
0.100007  0.967531  
0.100029  0.967544  
0.0999981  0.967578  
0.0513545  1.07004  
0.0513416  1.07006  
0.051353  1.07004  
0.051353  1.07004  
0.0513526  1.07004  
0.0513476  1.07005  
0.051353  1.07004  
0.0513545  1.07004  
0.0513308  1.07007  
0.00174441  1.17068  
0.00174508  1.17067  
0.00174508  1.17067  
0.00174474  1.17067  
0.00174508  1.17067  
0.00174441  1.17068  
0.00174508  1.17067  
0.00174474  1.17067  
3.7225e-006  1.3417  
