0.42405  0.747896  
0.42405  0.747896  
0.42405  0.747896  
0.292676  0.749235  
0.26352  0.749555  
0.258877  0.749463  
0.257602  0.750181  
0.257602  0.750181  
0.257602  0.750181  
0.251498  0.751111  
0.251498  0.751111  
0.251498  0.751111  
0.251498  0.751111  
0.251498  0.751111  
0.248415  0.75312  
0.248415  0.75312  
0.248139  0.753729  
0.248415  0.75312  
0.248139  0.753729  
0.248409  0.754773  
0.245812  0.755465  
0.245527  0.755789  
0.244628  0.756268  
0.244628  0.756268  
0.244628  0.756268  
0.244069  0.757133  
0.243515  0.757706  
0.243225  0.757775  
0.243225  0.757775  
0.242918  0.758669  
0.242169  0.759153  
0.241481  0.759362  
0.240421  0.759972  
0.240078  0.760262  
0.239505  0.760794  
0.239505  0.760794  
0.239284  0.761503  
0.239284  0.761503  
0.239079  0.762326  
0.238949  0.762481  
0.238426  0.762709  
0.237574  0.763144  
0.237574  0.763144  
0.23726  0.764005  
0.236172  0.764327  
0.236127  0.76478  
0.235776  0.765185  
0.234629  0.765513  
0.234629  0.765513  
0.234442  0.76645  
0.233824  0.766727  
0.233824  0.766727  
0.233824  0.766727  
0.233824  0.766727  
0.233824  0.766727  
0.232378  0.768659  
0.232378  0.768659  
0.232301  0.769431  
0.232301  0.769431  
0.230284  0.77032  
0.230284  0.77032  
0.230284  0.77032  
0.230187  0.771146  
0.230187  0.771146  
0.22956  0.771939  
0.22942  0.772644  
0.22942  0.772644  
0.228941  0.773418  
0.22718  0.773728  
0.22718  0.773728  
0.226325  0.774512  
0.225879  0.774819  
0.225879  0.774819  
0.225038  0.775604  
0.224676  0.775856  
0.223873  0.77629  
0.223873  0.77629  
0.223873  0.77629  
0.223873  0.77629  
0.222345  0.778018  
0.222345  0.778018  
0.222345  0.778018  
0.221395  0.778932  
0.221395  0.778932  
0.220862  0.779556  
0.220862  0.779556  
0.220184  0.780183  
0.219839  0.780843  
0.219839  0.780843  
0.218984  0.781638  
0.218396  0.782021  
0.218058  0.782373  
0.217818  0.782736  
0.217577  0.782823  
0.217147  0.783526  
0.216725  0.784067  
0.216197  0.784318  
0.216197  0.784318  
0.216012  0.785083  
0.215736  0.785223  
0.214573  0.785891  
0.214157  0.786121  
0.214157  0.786121  
0.213601  0.78667  
0.213601  0.78667  
0.212497  0.787803  
0.212497  0.787803  
0.212069  0.788388  
0.211755  0.788618  
0.211256  0.78898  
0.210725  0.78948  
0.210725  0.78948  
0.210297  0.790195  
0.209629  0.790774  
0.209294  0.791091  
0.209294  0.791091  
0.208308  0.791944  
0.208248  0.792448  
0.207889  0.792413  
0.207889  0.792413  
0.206764  0.793712  
0.206437  0.79385  
0.206437  0.79385  
0.205973  0.794355  
0.205535  0.794706  
0.205535  0.794706  
0.204933  0.795542  
0.204418  0.796084  
0.204418  0.796084  
0.203631  0.796617  
0.203631  0.796617  
0.203631  0.796617  
0.202939  0.797645  
0.202238  0.798629  
0.202238  0.798629  
0.201392  0.798813  
0.201018  0.799348  
0.201012  0.799719  
0.200497  0.800487  
0.199587  0.800571  
0.199587  0.800571  
0.198824  0.801618  
0.198824  0.801618  
0.198226  0.80235  
0.198226  0.80235  
0.198226  0.80235  
0.196738  0.803519  
0.196721  0.803419  
0.196266  0.8039  
0.196266  0.8039  
0.195921  0.804697  
0.195906  0.805047  
0.195098  0.805422  
0.195037  0.805763  
0.194392  0.80647  
0.193593  0.806873  
0.193375  0.807142  
0.192858  0.807605  
0.19252  0.807707  
0.191917  0.808302  
0.191502  0.808732  
0.191173  0.80908  
0.191002  0.809186  
0.190786  0.809391  
0.190113  0.810098  
0.189981  0.810191  
0.189633  0.810552  
0.188921  0.811134  
0.188757  0.811517  
0.188757  0.811517  
0.187849  0.812689  
0.187765  0.812512  
0.187397  0.812976  
0.187397  0.812976  
0.186537  0.814066  
0.186418  0.814544  
0.186051  0.814672  
0.18577  0.815049  
0.185083  0.815401  
0.185083  0.815401  
0.184265  0.816239  
0.184265  0.816239  
0.183695  0.817044  
0.18317  0.817295  
0.182769  0.817408  
0.182769  0.817408  
0.181669  0.818745  
0.181602  0.818758  
0.181602  0.818758  
0.181165  0.819172  
0.180385  0.819891  
0.179704  0.820476  
0.179704  0.820476  
0.179001  0.821238  
0.179001  0.821238  
0.178795  0.821586  
0.178348  0.822036  
0.178095  0.822272  
0.177142  0.823399  
0.176798  0.823476  
0.17644  0.82437  
0.17644  0.82437  
0.176369  0.824586  
0.175494  0.825047  
0.174807  0.82541  
0.174807  0.82541  
0.174329  0.826042  
0.17396  0.826167  
0.173401  0.827076  
0.173401  0.827076  
0.173031  0.827254  
0.172246  0.828023  
0.172246  0.828023  
0.171329  0.828952  
0.171329  0.828952  
0.170578  0.829771  
0.170578  0.829771  
0.170173  0.830219  
0.170173  0.830219  
0.169418  0.831131  
0.169171  0.831255  
0.168709  0.831605  
0.168012  0.832284  
0.167491  0.832594  
0.167455  0.832963  
0.167351  0.833005  
0.166579  0.833798  
0.165831  0.834388  
0.165577  0.834717  
0.165508  0.834853  
0.165422  0.834805  
0.164995  0.835192  
0.163914  0.83648  
0.163914  0.83648  
0.163317  0.836967  
0.163317  0.836967  
0.163149  0.837225  
0.162649  0.837892  
0.162467  0.837892  
0.161378  0.838821  
0.161378  0.838821  
0.160998  0.839249  
0.160998  0.839249  
0.159407  0.840779  
0.159407  0.840779  
0.159407  0.840779  
0.159271  0.840812  
0.159048  0.841261  
0.158674  0.841672  
0.15777  0.842495  
0.15777  0.842495  
0.157634  0.842671  
0.157102  0.843197  
0.156644  0.843577  
0.156214  0.843948  
0.155771  0.844982  
0.155138  0.845231  
0.155138  0.845231  
0.154682  0.845568  
0.154074  0.846825  
0.153702  0.846868  
0.153541  0.846571  
0.153051  0.847473  
0.152315  0.847893  
0.152315  0.847893  
0.151968  0.848426  
0.151914  0.848493  
0.151787  0.848838  
0.150177  0.850036  
0.150177  0.850036  
0.149906  0.850374  
0.149906  0.850374  
0.149551  0.850914  
0.149284  0.851154  
0.147884  0.852386  
0.147884  0.852386  
0.147884  0.852386  
0.147787  0.852505  
0.146823  0.853848  
0.14668  0.853774  
0.146393  0.854463  
0.145489  0.854794  
0.145489  0.854794  
0.1453  0.855142  
0.144852  0.855792  
0.143737  0.857108  
0.143737  0.857108  
0.143216  0.857127  
0.14313  0.857452  
0.143038  0.857471  
0.142482  0.858933  
0.142142  0.858891  
0.141654  0.858753  
0.141904  0.85918  
0.140612  0.859928  
0.140612  0.859928  
0.140539  0.860475  
0.140132  0.860494  
0.138298  0.862085  
0.138298  0.862085  
0.138298  0.862085  
0.138298  0.862085  
0.137216  0.863117  
0.137174  0.862907  
0.137174  0.862907  
0.137174  0.862907  
0.136461  0.86386  
0.135466  0.864873  
0.135466  0.864873  
0.135226  0.865  
0.134952  0.865714  
0.133928  0.866774  
0.133928  0.866774  
0.13352  0.867085  
0.13352  0.867085  
0.13289  0.867531  
0.13247  0.867985  
0.13247  0.867985  
0.131683  0.869047  
0.131043  0.87004  
0.131043  0.87004  
0.131043  0.87004  
0.130655  0.869666  
0.128924  0.871529  
0.129631  0.870611  
0.128924  0.871529  
0.128924  0.871529  
0.128518  0.872221  
0.127557  0.87269  
0.127557  0.87269  
0.127547  0.873035  
0.1262  0.873992  
0.1262  0.873992  
0.1262  0.873992  
0.1262  0.873992  
0.125603  0.875614  
0.124913  0.876  
0.12454  0.876028  
0.12454  0.876028  
0.124254  0.876408  
0.123262  0.877512  
0.123262  0.877512  
0.122898  0.878457  
0.122221  0.877898  
0.122103  0.877965  
0.121488  0.879753  
0.121488  0.879753  
0.121175  0.879049  
0.120949  0.879769  
0.12012  0.880004  
0.12012  0.880004  
0.119224  0.881647  
0.119175  0.881014  
0.118303  0.882303  
0.118303  0.882303  
0.117606  0.882869  
0.117571  0.882933  
0.116225  0.884086  
0.116225  0.884086  
0.116225  0.884086  
0.116225  0.884086  
0.115833  0.88485  
0.114898  0.885735  
0.114898  0.885735  
0.114531  0.886644  
0.113628  0.88703  
0.113628  0.88703  
0.113224  0.886911  
0.112084  0.889303  
0.112203  0.888269  
0.112084  0.889303  
0.110759  0.889376  
0.110759  0.889376  
0.110759  0.889376  
0.110729  0.889587  
0.11004  0.890513  
0.109383  0.891976  
0.109008  0.891338  
0.108805  0.891352  
0.108805  0.891352  
0.108215  0.892371  
0.106966  0.893233  
0.106966  0.893233  
0.106966  0.893233  
0.106966  0.893233  
0.106728  0.89454  
0.106215  0.895028  
0.105873  0.89526  
0.104775  0.895714  
0.104775  0.895714  
0.103776  0.897317  
0.103776  0.897317  
0.103702  0.897071  
0.103162  0.89734  
0.102726  0.897794  
0.102726  0.897794  
0.101756  0.898773  
0.101756  0.898773  
0.100913  0.899322  
0.100913  0.899322  
0.0996806  0.90101  
0.0996806  0.90101  
0.0992617  0.900924  
0.0992617  0.900924  
0.0992617  0.900924  
0.0986024  0.902418  
0.0978471  0.902569  
0.0972099  0.903611  
0.0972099  0.903611  
0.0971574  0.903312  
0.0959623  0.904472  
0.0959623  0.904472  
0.0959623  0.904472  
0.0934163  0.907135  
0.0948975  0.905627  
0.0934163  0.907135  
0.0937273  0.906641  
0.0934163  0.907135  
0.0934163  0.907135  
0.0933707  0.907102  
0.0926495  0.907634  
0.0926495  0.907634  
0.0923817  0.907965  
0.0912173  0.909093  
0.0912173  0.909093  
0.0912173  0.909093  
0.0905363  0.910639  
0.0905363  0.910639  
0.0896974  0.910695  
0.0892242  0.911083  
0.0892242  0.911083  
0.0892242  0.911083  
0.0877806  0.912788  
0.0877806  0.912788  
0.0877806  0.912788  
0.0867848  0.913621  
0.0867848  0.913621  
0.0862847  0.914106  
0.0862847  0.914106  
0.0859845  0.914494  
0.0849327  0.915685  
0.0849327  0.915685  
0.0842382  0.916082  
0.0842382  0.916082  
0.0841573  0.916703  
0.0838177  0.91659  
0.0818639  0.918371  
0.0818639  0.918371  
0.0818639  0.918371  
0.0818639  0.918371  
0.0813132  0.919328  
0.0813132  0.919328  
0.0809764  0.919525  
0.0798025  0.920401  
0.0798025  0.920401  
0.0798025  0.920401  
0.0796998  0.921937  
0.0783123  0.922656  
0.0783123  0.922656  
0.0783123  0.922656  
0.0779105  0.92343  
0.0763868  0.924168  
0.0763868  0.924168  
0.0763868  0.924168  
0.0762453  0.924366  
0.0736868  0.92748  
0.0736868  0.92748  
0.0737271  0.926817  
0.0737271  0.926817  
0.0737271  0.926817  
0.0736868  0.92748  
0.0736868  0.92748  
0.072253  0.928133  
0.072253  0.928133  
0.072253  0.928133  
0.0697299  0.930895  
0.0709749  0.929397  
0.0697299  0.930895  
0.0697299  0.930895  
0.0697299  0.930895  
0.0697299  0.930895  
0.0697299  0.930895  
0.0690925  0.931774  
0.0690925  0.931774  
0.0684258  0.931984  
0.0657006  0.935656  
0.0669429  0.934087  
0.0657006  0.935656  
0.0657006  0.935656  
0.0657006  0.935656  
0.0657006  0.935656  
0.0657006  0.935656  
0.0654185  0.935674  
0.0654185  0.935674  
0.0637315  0.936715  
0.0637315  0.936715  
0.0637315  0.936715  
0.060945  0.939991  
0.0628356  0.93835  
0.060945  0.939991  
0.060945  0.939991  
0.060945  0.939991  
0.060945  0.939991  
0.060945  0.939991  
0.0604821  0.940671  
0.0579789  0.942949  
0.0593179  0.941552  
0.0593179  0.941552  
0.0579789  0.942949  
0.0579789  0.942949  
0.0579789  0.942949  
0.0579594  0.94301  
0.0579594  0.94301  
0.0568739  0.943768  
0.0568739  0.943768  
0.0568739  0.943768  
0.0565686  0.944512  
0.0561522  0.944592  
0.0560251  0.94599  
0.0544217  0.94687  
0.0544217  0.94687  
0.0544217  0.94687  
0.0539012  0.947014  
0.0539012  0.947014  
0.0530303  0.947852  
0.0530303  0.947852  
0.0517766  0.949147  
0.0517766  0.949147  
0.0517766  0.949147  
0.0515568  0.949916  
0.0507203  0.950943  
0.0507203  0.950943  
0.0498312  0.951418  
0.0498312  0.951418  
0.0498312  0.951418  
0.0492373  0.952117  
0.0492373  0.952117  
0.0470571  0.955206  
0.0470571  0.955206  
0.0470571  0.955206  
0.0470571  0.955206  
0.0470571  0.955206  
0.0469629  0.956003  
0.0465905  0.957094  
0.0446094  0.958636  
0.0446094  0.958636  
0.0446094  0.958636  
0.0407697  0.962545  
0.0407697  0.962545  
0.0442916  0.959779  
0.0427897  0.960307  
0.0427897  0.960307  
0.0407697  0.962545  
0.0407697  0.962545  
0.0411654  0.962925  
0.0411654  0.962925  
0.0407697  0.962545  
0.0407697  0.962545  
0.0386417  0.965448  
0.0386417  0.965448  
0.0386417  0.965448  
0.0386417  0.965448  
0.0364492  0.975257  
0.0367451  0.967641  
0.0367451  0.967641  
0.0367451  0.967641  
0.0367451  0.967641  
0.0367451  0.967641  
0.0364492  0.975257  
0.0358407  0.968103  
0.0358407  0.968103  
0.0323897  0.980063  
0.0348149  0.970591  
0.0323897  0.980063  
0.0338004  0.971434  
0.0338004  0.971434  
0.0323897  0.980063  
0.0328627  0.973223  
0.0323897  0.980063  
0.0323897  0.980063  
0.0323897  0.980063  
0.0315449  0.979239  
0.0315449  0.979239  
0.030677  0.981011  
0.030677  0.981011  
0.0307037  0.983453  
0.0289453  0.991426  
0.0289453  0.991426  
0.0289453  0.991426  
0.0241645  0.98753  
0.0241645  0.98753  
0.0241645  0.98753  
0.0269291  1.00394  
0.0269291  1.00394  
0.0265283  1.00592  
0.0265283  1.00592  
0.0261904  1.00922  
0.0257959  1.01343  
0.0249781  1.0356  
0.0241645  0.98753  
