0.941714  0.948501  5.47942e-005  
1.97086  0.000456775  0.00014539  
0.000565459  1.74249  8.71822e-005  
1.97086  0.000456775  0.00014539  
0.786881  0.788138  0.016738  
0.000565459  1.74249  8.71822e-005  
1.97086  0.000456775  0.000227605  
1.01246  0.162445  0.0117934  
0.0863026  1.00319  0.02443  
0.000565459  1.74249  8.71822e-005  
1.97086  0.000456775  0.000227605  
1.01246  0.162445  0.0117934  
0.749571  0.74905  0.0226776  
0.0863026  1.00319  0.02443  
0.000565459  1.74249  8.71822e-005  
1.97086  0.000456775  0.000227605  
1.01246  0.162445  0.0117934  
0.893549  0.547027  0.0393343  
0.521161  0.877665  0.0058699  
0.0863026  1.00319  0.02443  
0.000565459  1.74249  8.71822e-005  
1.97086  0.000456775  0.000227605  
1.01246  0.162445  0.0117934  
1.00222  0.0730539  0.036478  
0.714293  0.713955  0.0535993  
0.0543267  1.00015  0.0523628  
0.0863026  1.00319  0.02443  
0.000565459  1.74249  6.87832e-005  
1.97086  0.000456775  0.00014539  
1.01246  0.162445  0.0117934  
1.00222  0.0730539  0.036478  
0.873301  0.513883  0.0529354  
0.509042  0.87004  0.0580462  
0.0509658  1.00005  0.049361  
0.0863026  1.00319  0.02443  
0.000565459  1.74249  6.87832e-005  
1.97086  0.000456775  0.00014539  
1.01281  0.161549  0.026117  
1.00222  0.0730539  0.036478  
0.873301  0.513883  0.0529354  
0.714293  0.713955  0.0571742  
0.509042  0.87004  0.0580462  
0.0541041  0.99991  0.0555339  
0.0863026  1.00319  0.02443  
0.000565459  1.74249  6.87832e-005  
1.97086  0.000456775  0.00014539  
1.00226  0.0739157  0.0326017  
1.00222  0.0730539  0.036478  
0.999976  0.0659492  0.0663589  
0.868394  0.509057  0.0992572  
0.509281  0.868695  0.0936218  
0.0644318  0.998922  0.0807561  
0.0541041  0.99991  0.0555339  
0.0863026  1.00319  0.02443  
0.000565459  1.74249  6.87832e-005  
1.97086  0.000456775  0.00014539  
1.00226  0.0739157  0.0326017  
1.00222  0.0730539  0.036478  
0.999976  0.0659492  0.0663589  
0.868394  0.509057  0.0992572  
0.714293  0.713955  0.0516859  
0.509281  0.868695  0.0936218  
0.0689787  0.998609  0.0870667  
0.0541041  0.99991  0.0555339  
0.0574059  1.00118  0.0269438  
0.000565459  1.74249  6.87832e-005  
1.97086  0.000456775  0.00014539  
1.00226  0.0739157  0.0326017  
1.00222  0.0730539  0.036478  
0.999393  0.084545  0.0900129  
0.867231  0.50793  0.105057  
0.709808  0.709309  0.12859  
0.709808  0.709309  0.12859  
0.508355  0.869575  0.0730348  
0.0689787  0.998609  0.0870667  
0.0541041  0.99991  0.0555339  
0.0574059  1.00118  0.0269438  
0.000565459  1.74249  6.87832e-005  
1.97086  0.000456775  0.00014539  
1.00226  0.0739157  0.0326017  
1.00221  0.0916179  0.0612091  
0.999315  0.0835697  0.0934827  
0.995715  0.0707327  0.116706  
0.865475  0.506223  0.114056  
0.709808  0.709309  0.12859  
0.510804  0.867806  0.116734  
0.103255  0.997375  0.124063  
0.0689787  0.998609  0.0870667  
0.0541041  0.99991  0.0555339  
0.0574059  1.00118  0.0269438  
0.000565459  1.74249  6.87832e-005  
1.97086  0.000456775  0.00014539  
1.00226  0.0739157  0.0326017  
1.00206  0.092869  0.0633521  
0.998637  0.0794197  0.0964381  
0.994774  0.0779474  0.128082  
0.865475  0.506223  0.114056  
0.709808  0.709309  0.12859  
0.709174  0.709561  0.153898  
0.510804  0.867806  0.116734  
0.103255  0.997375  0.124063  
0.0689787  0.998609  0.0870667  
0.0541041  0.99991  0.0555339  
0.0574059  1.00118  0.0269438  
0.000565459  1.74249  6.87832e-005  
1.97086  0.000456775  0.00014539  
1.00226  0.0739157  0.0326017  
0.999976  0.0659492  0.0663589  
0.998637  0.0794197  0.0964381  
0.994177  0.0729243  0.130052  
0.865475  0.506223  0.114056  
0.865475  0.506223  0.114056  
0.709273  0.709432  0.143022  
0.511598  0.864096  0.169299  
0.508355  0.869575  0.0730348  
0.105288  0.996637  0.131738  
0.0689787  0.998609  0.0870667  
0.0524599  0.999339  0.0654528  
0.0574059  1.00118  0.0269438  
0.000565459  1.74249  6.87832e-005  
1.97086  0.000456775  0.00014539  
1.00226  0.0739157  0.0326017  
0.999976  0.0659492  0.0663589  
0.998637  0.0794197  0.0964381  
0.992905  0.069343  0.136722  
0.989464  0.0659174  0.158244  
0.865475  0.506223  0.114056  
0.708181  0.708864  0.180152  
0.708181  0.708864  0.180152  
0.511598  0.864096  0.169299  
0.115453  0.994454  0.158803  
0.105288  0.996637  0.131738  
0.0817106  0.998331  0.100112  
0.050388  0.999048  0.0670064  
0.046802  1.00056  0.0343829  
0.000318226  1.74249  6.87832e-005  
1.97086  0.000456775  0.00014539  
1.00226  0.0739157  0.0326017  
1.00121  0.0832897  0.0694309  
0.99753  0.0780354  0.106781  
0.992631  0.0757888  0.141547  
0.987099  0.0655943  0.173609  
0.865475  0.506223  0.114056  
0.860361  0.512664  0.213268  
0.708181  0.708864  0.180152  
0.511978  0.860403  0.202863  
0.510156  0.862148  0.184346  
0.127333  0.992573  0.176093  
0.110917  0.99658  0.138026  
0.0782783  0.99758  0.102726  
0.050388  0.999048  0.0670064  
0.046802  1.00056  0.0343829  
0.000318226  1.74249  6.87832e-005  
1.97086  0.000456775  0.00014539  
1.00226  0.0739157  0.0326017  
1.00121  0.0832897  0.0694309  
0.997191  0.077057  0.108679  
0.99255  0.0719307  0.142786  
0.985541  0.0652898  0.181813  
0.865475  0.506223  0.114056  
0.85952  0.512923  0.219481  
0.709499  0.708303  0.210982  
0.708181  0.708864  0.180152  
0.511978  0.860403  0.202863  
0.508355  0.869575  0.0730348  
0.127333  0.992573  0.176093  
0.111391  0.995619  0.143412  
0.0782783  0.99758  0.102726  
0.0592808  0.999001  0.0724498  
0.0459254  1.00048  0.0351149  
0.000318226  1.74249  6.87832e-005  
1.97086  0.000456775  0.00014539  
1.21603  0.0191078  0.0445114  
1.00085  0.0857873  0.0744267  
0.996745  0.0797502  0.113637  
0.990927  0.0694686  0.151711  
0.985  0.0653479  0.184445  
0.976878  0.0597191  0.222549  
0.859161  0.513124  0.223154  
0.857911  0.516886  0.241245  
0.708181  0.708864  0.180152  
0.514614  0.858938  0.232993  
0.511978  0.860403  0.202863  
0.161563  0.987236  0.224184  
0.138612  0.991233  0.188009  
0.121194  0.995315  0.151653  
0.0782783  0.99758  0.102726  
0.0592808  0.999001  0.0724498  
0.0462791  1.00033  0.0380801  
0.000318226  1.74249  6.87832e-005  
1.97086  0.000456775  0.00014539  
1.21603  0.0191078  0.0445114  
1.00061  0.0849048  0.0788723  
0.995715  0.0707327  0.116706  
0.989464  0.0659174  0.158244  
0.983072  0.0607865  0.192532  
0.974078  0.0552664  0.232708  
0.865993  0.506504  0.111482  
0.857911  0.516886  0.241245  
0.709621  0.708249  0.277177  
0.708181  0.708864  0.180152  
0.518188  0.857627  0.266557  
0.508355  0.869575  0.0730348  
0.173674  0.985824  0.236659  
0.144431  0.990725  0.196645  
0.115453  0.994454  0.158803  
0.0871226  0.996935  0.117075  
0.0590213  0.998594  0.0791577  
0.0462791  1.00033  0.0380801  
0.000318226  1.74249  6.87832e-005  
1.89498  0.000215137  0.000285744  
1.21563  0.0195566  0.0502989  
1.00061  0.0849048  0.0788723  
0.994916  0.0735987  0.12442  
0.989345  0.0683177  0.16168  
0.981024  0.0640798  0.204247  
0.972128  0.0548467  0.240873  
0.865993  0.506504  0.111482  
0.857911  0.516886  0.241245  
0.856157  0.528201  0.30261  
0.708181  0.708864  0.180152  
0.525283  0.851203  0.314869  
0.518188  0.857627  0.266557  
0.508355  0.869575  0.0730348  
0.174115  0.984981  0.240948  
0.143979  0.989872  0.201085  
0.115453  0.994454  0.158803  
0.0871226  0.996935  0.117075  
0.0590213  0.998594  0.0791577  
0.0462791  1.00033  0.0380801  
0.000318226  1.74249  6.87832e-005  
1.89498  0.000215137  0.000285744  
1.21563  0.0195566  0.0502989  
1.00061  0.0849048  0.0788723  
0.994774  0.0779474  0.128082  
0.987264  0.0520328  0.166855  
0.97993  0.0607068  0.208915  
0.969263  0.0551804  0.25242  
0.958351  0.0589334  0.291559  
0.856543  0.526863  0.291468  
0.852811  0.527538  0.329206  
0.709621  0.708249  0.287012  
0.707407  0.709026  0.307329  
0.525283  0.851203  0.314869  
0.518188  0.857627  0.266557  
0.20843  0.979003  0.292299  
0.174115  0.984981  0.240948  
0.148251  0.989207  0.212563  
0.123557  0.993803  0.162824  
0.0968841  0.996384  0.126268  
0.0590213  0.998594  0.0791577  
0.0462791  1.00033  0.0380801  
0.000318226  1.74249  6.87832e-005  
1.89498  0.000215137  0.000285744  
1.21563  0.0195566  0.0502989  
0.999159  0.0803296  0.0893307  
0.993465  0.0689131  0.13306  
0.986068  0.0648025  0.177767  
0.977882  0.0597772  0.217116  
0.968876  0.0563765  0.253549  
0.958351  0.0589334  0.291559  
0.865993  0.506504  0.111482  
0.850712  0.536477  0.34349  
0.849367  0.536626  0.37335  
0.70766  0.708711  0.329007  
0.707407  0.709026  0.307329  
0.525283  0.851203  0.314869  
0.508355  0.869575  0.0730348  
0.219562  0.976175  0.304548  
0.195159  0.983308  0.267161  
0.161563  0.987236  0.224184  
0.127333  0.992573  0.176093  
0.101866  0.995923  0.134965  
0.0590213  0.998594  0.0791577  
0.0462791  1.00033  0.0380801  
0.000318226  1.74249  6.87832e-005  
1.89498  0.000215137  0.000285744  
1.21526  0.0200059  0.0574455  
0.999159  0.0803296  0.0893307  
0.992644  0.0710534  0.140961  
0.985  0.0653479  0.184445  
0.975144  0.0588811  0.229792  
0.963708  0.0566654  0.273101  
0.950608  0.0650273  0.317136  
0.93872  0.0650883  0.35079  
0.850712  0.536477  0.34349  
0.849367  0.536626  0.37335  
0.709621  0.708249  0.287012  
0.70766  0.708711  0.329007  
0.54178  0.846756  0.401619  
0.525283  0.851203  0.314869  
0.508355  0.869575  0.0730348  
0.235858  0.972899  0.323932  
0.202581  0.980578  0.278753  
0.169432  0.986446  0.232556  
0.138612  0.991233  0.188009  
0.105037  0.995527  0.141297  
0.0590213  0.998594  0.0791577  
0.0459254  1.00048  0.0351149  
0.000318226  1.74249  6.87832e-005  
1.88938  0.000339673  0.000416699  
1.21509  0.00985559  0.0593731  
0.998537  0.0815711  0.0997381  
0.991338  0.0574998  0.143248  
0.983072  0.0607865  0.192532  
0.972128  0.0548467  0.240873  
0.960261  0.0619133  0.285634  
0.946363  0.0709178  0.331276  
0.932404  0.0640588  0.367053  
0.858198  0.514527  0.238911  
0.842951  0.548604  0.412104  
0.709621  0.708249  0.287012  
0.70766  0.708711  0.329007  
0.70766  0.708711  0.329007  
0.54178  0.846756  0.401619  
0.517673  0.859473  0.250153  
0.275983  0.962015  0.384748  
0.245092  0.970324  0.339357  
0.20843  0.979003  0.292299  
0.174115  0.984981  0.240948  
0.143639  0.990697  0.196078  
0.113878  0.995407  0.147285  
0.0590213  0.998594  0.0791577  
0.0459254  1.00048  0.0351149  
0.000318226  1.74249  6.87832e-005  
1.88938  0.000339673  0.000416699  
1.21463  0.00957769  0.0633256  
0.997248  0.0681943  0.102192  
0.989988  0.0658723  0.155842  
0.980351  0.0600282  0.206181  
0.968876  0.0563765  0.253549  
0.957007  0.0652408  0.297331  
0.941179  0.0675113  0.344587  
0.923403  0.0477212  0.386869  
0.865576  0.507013  0.123975  
0.840886  0.558097  0.443389  
0.836173  0.560849  0.484609  
0.709621  0.708249  0.287012  
0.70766  0.708711  0.329007  
0.561542  0.838653  0.464896  
0.554118  0.8387  0.440186  
0.508355  0.869575  0.0730348  
0.288424  0.959984  0.395902  
0.256545  0.968244  0.351961  
0.219562  0.976175  0.304548  
0.184955  0.983176  0.256065  
0.151483  0.989417  0.20578  
0.115603  0.994494  0.153757  
0.0782783  0.99758  0.102726  
0.0459254  1.00048  0.0351149  
0.000318226  1.74249  6.87832e-005  
1.89498  0.000215137  0.000285744  
1.21429  0.0101314  0.0673288  
0.997248  0.0681943  0.102192  
0.989345  0.0683177  0.16168  
0.978564  0.0526829  0.212454  
0.966214  0.0670711  0.266246  
0.951271  0.0555199  0.313445  
0.93872  0.0650883  0.35079  
0.919604  0.0789301  0.400866  
0.900814  0.105789  0.446582  
0.853221  0.531816  0.324744  
0.832208  0.568106  0.499053  
0.709621  0.708249  0.287012  
0.70766  0.708711  0.329007  
0.70766  0.708711  0.329007  
0.559013  0.83138  0.496709  
0.525283  0.851203  0.314869  
0.333478  0.94507  0.461177  
0.298865  0.955647  0.417276  
0.276756  0.965286  0.374232  
0.235858  0.972899  0.323932  
0.195736  0.9815  0.271753  
0.162393  0.989257  0.21617  
0.123557  0.993803  0.162824  
0.0782783  0.99758  0.102726  
0.0459254  1.00048  0.0351149  
0.000318226  1.74249  6.87832e-005  
1.89498  0.000215137  0.000285744  
1.21429  0.0101314  0.0673288  
0.996136  0.0753093  0.115234  
0.987264  0.0520328  0.166855  
0.975144  0.0588811  0.229792  
0.963  0.0897848  0.283271  
0.946363  0.0709178  0.331276  
0.927865  0.0794767  0.381602  
0.909157  0.0940445  0.427273  
0.890256  0.115691  0.470302  
0.866311  0.507104  0.111154  
0.832208  0.568106  0.499053  
0.819868  0.583842  0.561748  
0.709621  0.708249  0.287012  
0.70766  0.708711  0.329007  
0.582061  0.823827  0.557942  
0.571195  0.827366  0.515005  
0.510804  0.867806  0.116734  
0.353224  0.938246  0.4913  
0.308203  0.952683  0.439843  
0.285158  0.960444  0.39402  
0.245092  0.970324  0.339357  
0.205614  0.978886  0.286995  
0.165856  0.98718  0.228066  
0.123557  0.993803  0.162824  
0.0782783  0.99758  0.102726  
0.0459254  1.00048  0.0351149  
0.000108421  2.3966  0.00048183  
1.89498  0.000215137  0.000285744  
1.21397  0.0137354  0.0754866  
0.994916  0.0735987  0.12442  
0.985515  0.0673804  0.183027  
0.972932  0.0556056  0.237669  
0.957007  0.0652408  0.297331  
0.93872  0.0650883  0.35079  
0.919604  0.0789301  0.400866  
0.900814  0.105789  0.446582  
0.87741  0.115355  0.492952  
0.85481  0.119235  0.531729  
0.830664  0.0890408  0.563543  
0.801682  0.0981208  0.605583  
0.789656  0.146128  0.630135  
0.70766  0.708711  0.329007  
0.591888  0.807903  0.625724  
0.582061  0.823827  0.557942  
0.544254  0.844514  0.402946  
0.508355  0.869575  0.0730348  
0.375299  0.932083  0.513195  
0.333478  0.94507  0.461177  
0.298865  0.955647  0.417276  
0.257466  0.968072  0.357467  
0.209626  0.978145  0.294297  
0.162774  0.988325  0.220375  
0.116116  0.993843  0.160804  
0.0590213  0.998594  0.0791577  
0.0313023  1.21432  0.0703248  
0.000108421  2.3966  0.00048183  
1.89498  0.000215137  0.000285744  
1.21397  0.0137354  0.0754866  
0.994916  0.0735987  0.12442  
0.983072  0.0607865  0.192532  
0.969198  0.0592404  0.253446  
0.951271  0.0555199  0.313445  
0.93154  0.0828281  0.37352  
0.910635  0.0939546  0.423087  
0.885453  0.0813923  0.472019  
0.864888  0.102517  0.512193  
0.841037  0.113382  0.55225  
0.811861  0.123215  0.596343  
0.789656  0.146128  0.630135  
0.760912  0.119694  0.659864  
0.738619  0.1074  0.683081  
0.705095  0.711015  0.584567  
0.61343  0.79329  0.686669  
0.582061  0.823827  0.557942  
0.525283  0.851203  0.314869  
0.438356  0.908162  0.595441  
0.389724  0.924045  0.550815  
0.353224  0.938246  0.4913  
0.302672  0.954605  0.428572  
0.251366  0.968833  0.34962  
0.203838  0.980327  0.282533  
0.151483  0.989417  0.20578  
0.109074  0.994547  0.149303  
0.0590213  0.998594  0.0791577  
0.0326938  1.21365  0.0784678  
0.000108421  2.3966  0.00048183  
1.89498  0.000215137  0.000285744  
1.21397  0.0137354  0.0754866  
0.992268  0.0706361  0.142939  
0.980351  0.0600282  0.206181  
0.965169  0.0814579  0.274328  
0.945528  0.0817558  0.336346  
0.923403  0.0477212  0.386869  
0.900047  0.101722  0.447578  
0.873739  0.110736  0.499468  
0.848243  0.122967  0.544533  
0.820624  0.112669  0.583262  
0.791105  0.0653007  0.615173  
0.769426  0.139101  0.653509  
0.738619  0.1074  0.683081  
0.714939  0.523895  0.714436  
0.685414  0.490644  0.733799  
0.663049  0.475872  0.754215  
0.61343  0.79329  0.686669  
0.558615  0.833322  0.492992  
0.508355  0.869575  0.0730348  
0.443865  0.905205  0.609053  
0.395271  0.922751  0.558667  
0.339957  0.942301  0.483081  
0.286543  0.959773  0.398421  
0.241657  0.971276  0.338198  
0.195736  0.9815  0.271753  
0.151483  0.989417  0.20578  
0.109074  0.994547  0.149303  
0.0590213  0.998594  0.0791577  
0.0326938  1.21365  0.0784678  
0.000108421  2.3966  0.00048183  
1.89498  0.000215137  0.000285744  
1.21221  0.0273841  0.0917863  
0.991338  0.0574998  0.143248  
0.977418  0.0678049  0.221899  
0.960828  0.0805865  0.288787  
0.938887  0.0941858  0.357801  
0.91241  0.0579188  0.41321  
0.887194  0.100191  0.471992  
0.85719  0.0778763  0.521328  
0.827614  0.107321  0.57113  
0.791105  0.0653007  0.615173  
0.766053  0.0884422  0.64865  
0.738619  0.1074  0.683081  
0.705462  0.0903036  0.71466  
0.682748  0.0858961  0.735683  
0.663049  0.475872  0.754215  
0.635904  0.641633  0.776112  
0.61279  0.73429  0.796271  
0.588589  0.593823  0.810799  
0.525283  0.851203  0.314869  
0.481526  0.890092  0.674098  
0.435177  0.914119  0.582861  
0.379941  0.930317  0.526202  
0.330516  0.948186  0.461548  
0.275983  0.962015  0.384748  
0.228686  0.9737  0.317869  
0.184955  0.983176  0.256065  
0.145255  0.989775  0.202166  
0.105744  0.995712  0.143465  
0.0590213  0.998594  0.0791577  
0.0326938  1.21365  0.0784678  
0.000108421  2.3966  0.00048183  
1.89498  0.000215137  0.000285744  
1.21221  0.0273841  0.0917863  
0.991338  0.0574998  0.143248  
0.977418  0.0678049  0.221899  
0.954715  0.0946674  0.311306  
0.925555  0.0713684  0.385178  
0.900047  0.101722  0.447578  
0.864298  0.0429244  0.504815  
0.836194  0.09912  0.557231  
0.805952  0.100664  0.600045  
0.77015  0.11411  0.64753  
0.738619  0.1074  0.683081  
0.705462  0.0903036  0.71466  
0.682748  0.0858961  0.735683  
0.647331  0.0710236  0.765575  
0.629223  0.452598  0.784642  
0.598663  0.426923  0.803861  
0.571878  0.411854  0.8232  
0.556807  0.689289  0.835132  
0.53276  0.0625803  0.848767  
0.512434  0.638851  0.859821  
0.470265  0.896542  0.658846  
0.41371  0.915741  0.575179  
0.365452  0.934305  0.506892  
0.308203  0.952683  0.439843  
0.266077  0.964634  0.376308  
0.219455  0.976249  0.310442  
0.181195  0.984711  0.251627  
0.136845  0.990885  0.193518  
0.101866  0.995923  0.134965  
0.0590213  0.998594  0.0791577  
0.0326938  1.21365  0.0784678  
0.000108421  2.3966  0.00048183  
1.89498  0.000215137  0.000285744  
1.21219  0.0134425  0.1081  
0.986382  0.0642187  0.176494  
0.969198  0.0592404  0.253446  
0.943559  0.0878406  0.342263  
0.91241  0.0579188  0.41321  
0.882119  0.0962328  0.480863  
0.849955  0.1227  0.541739  
0.814222  0.101575  0.589633  
0.778222  0.0924663  0.635243  
0.747748  0.0564124  0.666198  
0.712914  0.123765  0.712077  
0.682748  0.0858961  0.735683  
0.647331  0.0710236  0.765575  
0.624363  0.45448  0.78844  
0.596275  0.131126  0.813962  
0.568878  0.405673  0.825089  
0.543883  0.39522  0.844153  
0.524567  0.381299  0.85889  
0.4923  0.598253  0.872017  
0.483592  0.348598  0.878581  
0.464946  0.743397  0.88644  
0.447042  0.758115  0.897725  
0.395271  0.922751  0.558667  
0.353224  0.938246  0.4913  
0.302672  0.954605  0.428572  
0.258085  0.966705  0.364545  
0.215609  0.976993  0.298098  
0.175021  0.985789  0.241204  
0.136845  0.990885  0.193518  
0.0905918  0.99715  0.116083  
0.0590213  0.998594  0.0791577  
0.0326938  1.21365  0.0784678  
0.000108421  2.3966  0.00048183  
1.89498  0.000215137  0.000285744  
1.21  0.0081794  0.112378  
0.983072  0.0607865  0.192532  
0.962003  0.0669825  0.281208  
0.93154  0.0828281  0.37352  
0.898019  0.0642387  0.4443  
0.864298  0.0429244  0.504815  
0.827614  0.107321  0.57113  
0.789032  0.0709202  0.618249  
0.747748  0.0564124  0.666198  
0.712914  0.123765  0.712077  
0.678031  0.146568  0.749477  
0.647331  0.0710236  0.765575  
0.607003  0.100495  0.801351  
0.586188  0.134302  0.82078  
0.549382  0.38427  0.837714  
0.528396  0.0718036  0.852139  
0.508255  0.363249  0.865895  
0.488085  0.489094  0.878035  
0.466549  0.579567  0.8855  
0.445998  0.449122  0.894361  
0.431039  0.522609  0.903979  
0.414136  0.290139  0.910544  
0.399245  0.746777  0.91828  
0.383812  0.843441  0.924959  
0.339957  0.942301  0.483081  
0.294868  0.957475  0.416221  
0.103677  0.961726  0.631838  
0.209626  0.978145  0.294297  
0.165856  0.98718  0.228066  
0.127333  0.992573  0.176093  
0.0905918  0.99715  0.116083  
0.0556349  1.00004  0.0547533  
0.0326938  1.21365  0.0784678  
0.000108421  2.3966  0.00048183  
1.89498  0.000215137  0.000285744  
1.21  0.0081794  0.112378  
0.983072  0.0607865  0.192532  
0.950643  0.0779531  0.320143  
0.920783  0.118402  0.406678  
0.881606  0.121483  0.487793  
0.836194  0.09912  0.557231  
0.791105  0.0653007  0.615173  
0.747748  0.0564124  0.666198  
0.712914  0.123765  0.712077  
0.672505  0.123677  0.749713  
0.634316  0.111853  0.781599  
0.601951  0.114275  0.806886  
0.572922  0.131119  0.82961  
0.539769  0.0921935  0.846606  
0.511105  0.369278  0.862724  
0.491076  0.345943  0.874351  
0.464665  0.337774  0.890978  
0.445998  0.449122  0.894361  
0.429195  0.432512  0.906449  
0.408694  0.494325  0.914364  
0.387498  0.280048  0.922205  
0.378899  0.375402  0.927502  
0.364658  0.578407  0.932875  
0.34881  0.245107  0.937645  
0.338525  0.793119  0.941668  
0.324444  0.835085  0.946124  
0.150796  0.955668  0.80268  
0.103677  0.961726  0.631838  
0.103677  0.961726  0.631838  
0.161523  0.988902  0.218735  
0.127333  0.992573  0.176093  
0.0905918  0.99715  0.116083  
0.0556349  1.00004  0.0547533  
0.0317388  1.2093  0.133383  
0.000108421  2.3966  0.00048183  
1.89498  0.000215137  0.000285744  
1.20966  0.021808  0.138788  
0.986382  0.0642187  0.176494  
0.945327  0.0855364  0.337846  
0.898019  0.0642387  0.4443  
0.852258  0.0739844  0.528579  
0.805952  0.100664  0.600045  
0.758586  0.113133  0.662059  
0.712914  0.123765  0.712077  
0.661704  0.0943185  0.756024  
0.628897  0.137078  0.789238  
0.588564  0.107083  0.815192  
0.559824  0.135153  0.839005  
0.528396  0.0718036  0.852139  
0.497928  0.0795727  0.87064  
0.472471  0.11645  0.888446  
0.447667  0.317013  0.898524  
0.414136  0.290139  0.910544  
0.404677  0.292987  0.920054  
0.387498  0.280048  0.922205  
0.371195  0.449661  0.930286  
0.354071  0.499092  0.93594  
0.341426  0.48126  0.939987  
0.328359  0.565271  0.945629  
0.31623  0.618452  0.948762  
0.300652  0.682271  0.952645  
0.293404  0.59138  0.956109  
0.280786  0.398746  0.958479  
0.150796  0.955668  0.80268  
0.150796  0.955668  0.80268  
0.103677  0.961726  0.631838  
0.0694811  0.970442  0.606585  
0.121417  0.993905  0.162139  
0.0905918  0.99715  0.116083  
0.0556349  1.00004  0.0547533  
0.0294562  1.20454  0.150976  
0.000108421  2.3966  0.00048183  
1.89498  0.000215137  0.000285744  
1.19992  0.00712527  0.170547  
1.15624  0.0129732  0.313532  
0.921387  0.0760781  0.395809  
0.882119  0.0962328  0.480863  
0.821006  0.112012  0.582476  
0.766053  0.0884422  0.64865  
0.712914  0.123765  0.712077  
0.649953  0.0802761  0.764543  
0.615678  0.120839  0.797345  
0.572922  0.131119  0.82961  
0.539769  0.0921935  0.846606  
0.505414  0.0517378  0.864547  
0.477512  0.113221  0.886242  
0.446556  0.100084  0.899936  
0.414136  0.290139  0.910544  
0.401528  0.045069  0.917036  
0.37954  0.273935  0.927972  
0.363601  0.091692  0.935986  
0.345297  0.343213  0.939641  
0.329923  0.236973  0.947579  
0.314537  0.391264  0.950694  
0.30168  0.425557  0.954124  
0.288664  0.288089  0.956864  
0.279138  0.436313  0.960932  
0.269139  0.330781  0.962849  
0.259365  0.519549  0.965659  
0.250506  0.604114  0.968493  
0.241705  0.553056  0.969999  
0.232412  0.397887  0.972058  
0.150796  0.955668  0.80268  
0.150796  0.955668  0.80268  
0.103677  0.961726  0.631838  
0.109074  0.994547  0.149303  
0.0637886  0.999234  0.0747916  
0.0556349  1.00004  0.0547533  
0.0307129  1.20326  0.158481  
0.000108421  2.3966  0.00048183  
1.89498  0.000215137  0.000285744  
1.19704  0.00958084  0.184104  
0.928486  0.0592681  0.376096  
0.898019  0.0642387  0.4443  
0.840614  0.0947028  0.550472  
0.789032  0.0709202  0.618249  
0.712914  0.123765  0.712077  
0.649953  0.0802761  0.764543  
0.606113  0.0921089  0.800682  
0.559824  0.135153  0.839005  
0.512415  0.08281  0.862969  
0.480443  0.0719053  0.87986  
0.446556  0.100084  0.899936  
0.416478  0.0941536  0.91396  
0.395484  0.110818  0.925092  
0.371918  0.101484  0.933376  
0.352898  0.095078  0.940878  
0.332999  0.082616  0.946367  
0.310585  0.228398  0.952685  
0.299456  0.219415  0.95608  
0.286609  0.29171  0.957015  
0.273887  0.329418  0.961839  
0.256356  0.361539  0.967287  
0.24717  0.386142  0.968882  
0.242018  0.348602  0.970211  
0.232412  0.397887  0.972058  
0.22454  0.358652  0.973673  
0.216476  0.371381  0.976296  
0.208926  0.334975  0.977909  
0.20228  0.3797  0.979159  
0.195468  0.544053  0.98077  
0.189711  0.471211  0.981749  
0.150796  0.955668  0.80268  
0.129966  0.958264  0.794876  
0.103677  0.961726  0.631838  
0.0772327  0.999383  0.0871091  
0.0543267  1.00015  0.0523628  
0.0307129  1.20326  0.158481  
0.000108421  2.3966  0.00048183  
1.89498  0.000215137  0.000285744  
1.18734  0.0126551  0.237415  
0.928486  0.0592681  0.376096  
0.864298  0.0429244  0.504815  
0.809917  0.0673291  0.590711  
0.723219  0.0998996  0.697331  
0.649953  0.0802761  0.764543  
0.583604  0.115334  0.820089  
0.534332  0.129331  0.855788  
0.480443  0.0719053  0.87986  
0.44811  0.105422  0.900198  
0.416478  0.0941536  0.91396  
0.386041  0.114215  0.929539  
0.357151  0.0722608  0.936687  
0.337516  0.0948291  0.945823  
0.312213  0.0945354  0.955017  
0.298791  0.0994899  0.959656  
0.282682  0.203222  0.960517  
0.260135  0.190632  0.967388  
0.249678  0.174911  0.9688  
0.239599  0.244311  0.972406  
0.224175  0.221353  0.974567  
0.221065  0.156552  0.975325  
0.211778  0.259301  0.977403  
0.203838  0.204042  0.979247  
0.194137  0.306307  0.980809  
0.188207  0.299086  0.982276  
0.182134  0.314634  0.983509  
0.172647  0.248686  0.984562  
0.169987  0.32054  0.985349  
0.164446  0.434755  0.986444  
0.15819  0.346767  0.987419  
0.15319  0.305696  0.988057  
0.149521  0.290735  0.988906  
0.125591  0.957816  0.911419  
0.0921391  0.96151  0.734397  
0.0529352  0.989198  0.588819  
0.0543267  1.00015  0.0523628  
0.0307129  1.20326  0.158481  
0.000108421  2.3966  0.00048183  
1.89498  0.000215137  0.000285744  
1.17173  0.0130235  0.270864  
1.04122  0.0276821  0.522297  
0.809917  0.0673291  0.590711  
0.649953  0.0802761  0.764543  
0.649953  0.0802761  0.764543  
0.525301  0.0956312  0.855983  
0.497928  0.0795727  0.87064  
0.44811  0.105422  0.900198  
0.401528  0.045069  0.917036  
0.371918  0.101484  0.933376  
0.337516  0.0948291  0.945823  
0.307586  0.0744254  0.954666  
0.292015  0.0925094  0.960661  
0.270844  0.0948018  0.967115  
0.250757  0.0766344  0.971239  
0.240187  0.0897049  0.97465  
0.224441  0.157187  0.974836  
0.21386  0.152663  0.977791  
0.202234  0.144313  0.980289  
0.193029  0.140641  0.981875  
0.183098  0.180202  0.983227  
0.177991  0.177431  0.984455  
0.169481  0.171206  0.985869  
0.164435  0.163526  0.986518  
0.157633  0.250329  0.987614  
0.1509  0.239643  0.988771  
0.145225  0.292535  0.989431  
0.141086  0.249115  0.989918  
0.134823  0.250187  0.990878  
0.131496  0.209105  0.991389  
0.127484  0.241163  0.991904  
0.123607  0.28378  0.99248  
0.120059  0.263358  0.992749  
0.116418  0.184123  0.993314  
0.113561  0.271863  0.993646  
0.0899157  0.958134  0.949417  
0.0709214  0.965581  0.726024  
0.0543267  1.00015  0.0523628  
0.0307129  1.20326  0.158481  
0.000108421  2.3966  0.00048183  
1.89498  0.000215137  0.000285744  
1.13925  0.00478086  0.37214  
0.951694  0.0181904  0.625991  
0.757049  0.031114  0.785921  
0.640534  0.0263144  0.854326  
0.480443  0.0719053  0.87986  
0.385935  0.0706809  0.925128  
0.385935  0.0706809  0.925128  
0.344301  0.0797089  0.942138  
0.307586  0.0744254  0.954666  
0.279764  0.0916188  0.964158  
0.263518  0.0962133  0.969668  
0.240187  0.0897049  0.97465  
0.221483  0.0703476  0.977587  
0.210375  0.0752215  0.980428  
0.192887  0.0611107  0.98324  
0.184433  0.0709665  0.985311  
0.165952  0.117427  0.986737  
0.158556  0.118716  0.988265  
0.152481  0.110944  0.988925  
0.146513  0.106912  0.989899  
0.140599  0.100449  0.990287  
0.128413  0.154777  0.991702  
0.128413  0.154777  0.991702  
0.124097  0.148998  0.992469  
0.11898  0.184053  0.993074  
0.114609  0.157038  0.993699  
0.110265  0.208994  0.99403  
0.106448  0.106486  0.994353  
0.102461  0.101749  0.994888  
0.0989701  0.191914  0.99517  
0.0956818  0.0942395  0.995455  
0.0930054  0.163387  0.9957  
0.0901465  0.216627  0.995961  
0.0876416  0.123017  0.996184  
0.0848518  0.372113  0.996466  
0.0828  0.328952  0.996659  
0.0803734  0.151472  0.996811  
0.0748946  0.961462  0.895663  
0.0369739  0.972588  0.612772  
0.0269102  1.15984  0.327389  
0.000108421  2.3966  0.00048183  
1.89498  0.000215137  0.000285744  
1.05246  0.0236596  0.520162  
0.757049  0.031114  0.785921  
0.558141  0.0413979  0.889617  
0.45215  0.0398991  0.930315  
0.374537  0.0326157  0.952176  
0.315411  0.039524  0.966614  
0.278482  0.0453144  0.974478  
0.226731  0.0404417  0.983015  
0.208194  0.0279325  0.985588  
0.192887  0.0611107  0.98324  
0.174148  0.0162118  0.989866  
0.156161  0.0632983  0.989867  
0.145231  0.0412338  0.990195  
0.132563  0.0476546  0.992258  
0.130464  0.0660032  0.993637  
0.119503  0.0520166  0.994258  
0.102737  0.0236504  0.994998  
0.108415  0.0813212  0.994703  
0.102737  0.0236504  0.994998  
0.0935093  0.0200357  0.995813  
0.0935093  0.0200357  0.995813  
0.0858361  0.0621892  0.996338  
0.0858361  0.0621892  0.996338  
0.0817229  0.0830968  0.996839  
0.0790893  0.112351  0.996904  
0.0762398  0.106602  0.997139  
0.0712132  0.0859992  0.997469  
0.0712132  0.0859992  0.997469  
0.0683093  0.0842988  0.997706  
0.066185  0.0675208  0.99785  
0.0636658  0.0990846  0.99799  
0.0623171  0.061663  0.998081  
0.0595882  0.0856041  0.998249  
0.0582027  0.119  0.998361  
0.0570767  0.0561526  0.998422  
0.053708  0.0748927  0.998552  
0.053708  0.0748927  0.998552  
0.0515995  0.113774  0.998735  
0.0506796  0.131311  0.998744  
0.0448749  0.966118  0.830347  
0.0124371  1.06922  0.478576  
0.000108421  2.3966  0.00048183  
1.89498  0.000215137  0.000285744  
0.752427  0.0186186  0.787324  
0.421647  0.0224958  0.954438  
0.29656  0.0224212  0.977668  
0.245857  0.0101793  0.984963  
0.180758  0.0158138  0.989268  
0.156887  0.0182282  0.991851  
0.137383  0.0249405  0.995512  
0.110974  0.015767  0.996992  
0.0993188  0.0267911  0.996995  
0.0993188  0.0267911  0.996995  
0.0884055  0.0310845  0.996535  
0.0772864  0.0306142  0.997444  
0.0665068  0.0279642  0.998161  
0.0665068  0.0279642  0.998161  
0.0665068  0.0279642  0.998161  
0.0585431  0.00666936  0.998866  
0.0585431  0.00666936  0.998866  
0.0468675  0.0364041  0.999072  
0.0468675  0.0364041  0.999072  
0.0468675  0.0364041  0.999072  
0.0468675  0.0364041  0.999072  
0.0428604  0.0306422  0.999119  
0.0428604  0.0306422  0.999119  
0.0393435  0.0279548  0.999245  
0.0393435  0.0279548  0.999245  
0.0383615  0.0526325  0.999292  
0.0367371  0.0608479  0.999392  
0.0341585  0.0243022  0.99944  
0.0341585  0.0243022  0.99944  
0.0314764  0.0229546  0.999527  
0.0314764  0.0229546  0.999527  
0.0302681  0.0889398  0.999576  
0.0302681  0.0889398  0.999576  
0.0293825  0.101842  0.999613  
0.0284678  0.101964  0.999639  
0.0268337  0.0923338  0.999678  
0.0268337  0.0923338  0.999678  
0.0258454  0.0891389  0.999731  
0.0249612  0.103359  0.999751  
0.0249612  0.103359  0.999751  
0.0241666  0.0734484  0.999767  
0.0206443  0.989288  0.593418  
0.000111665  2.41087  0.000297062  
0.943552  5.64394e-005  0.746388  
0.00603272  0.00157521  0.999997  
0.00603272  0.00157521  0.999997  
0.00603272  0.00157521  0.999997  
0.00603272  0.00157521  0.999997  
0.00603272  0.00157521  0.999997  
0.00603272  0.00157521  0.999997  
0.00603272  0.00157521  0.999997  
0.00603272  0.00157521  0.999997  
0.00603272  0.00157521  0.999997  
0.00603272  0.00157521  0.999997  
0.00603272  0.00157521  0.999997  
0.00603272  0.00157521  0.999997  
0.00603272  0.00157521  0.999997  
0.00603272  0.00157521  0.999997  
0.00603272  0.00157521  0.999997  
0.00603272  0.00157521  0.999997  
0.00603272  0.00157521  0.999997  
0.00603272  0.00157521  0.999997  
0.00603272  0.00157521  0.999997  
0.00603272  0.00157521  0.999997  
0.00603272  0.00157521  0.999997  
0.00603272  0.00157521  0.999997  
0.00603272  0.00157521  0.999997  
0.00603272  0.00157521  0.999997  
0.00603272  0.00157521  0.999997  
0.00603272  0.00157521  0.999997  
0.00603272  0.00157521  0.999997  
0.00603272  0.00157521  0.999997  
0.00603272  0.00157521  0.999997  
0.00603272  0.00157521  0.999997  
0.00603272  0.00157521  0.999997  
0.00603272  0.00157521  0.999997  
0.00603272  0.00157521  0.999997  
0.00603272  0.00157521  0.999997  
0.00603272  0.00157521  0.999997  
0.00603272  0.00157521  0.999997  
0.00603272  0.00157521  0.999997  
0.00603272  0.00291187  0.999997  
0.00603272  0.00291187  0.999997  
0.00603272  0.00291187  0.999997  
0.00603272  0.00291187  0.999997  
0.00603272  0.00291187  0.999997  
0.00603272  0.00291187  0.999997  
0.000108421  2.3966  0.192814  
