13.366  0.125013  
13.366  0.125013  
13.366  0.125013  
13.366  0.125013  
8.73371  0.125013  
8.73371  0.125013  
7.1865  0.125016  
6.24186  0.125018  
5.16423  0.12502  
5.16423  0.12502  
4.61527  0.125022  
4.06233  0.125023  
3.52986  0.125026  
3.52986  0.125026  
2.81485  0.125027  
2.81485  0.125027  
2.81485  0.125027  
2.27445  0.12503  
2.27445  0.12503  
2.27445  0.12503  
2.27445  0.12503  
2.04132  0.125033  
2.04132  0.125033  
1.80189  0.125033  
1.80189  0.125033  
1.80189  0.125033  
1.66798  0.125037  
1.66798  0.125037  
1.56478  0.12504  
1.41545  0.125041  
1.41545  0.125041  
1.41545  0.125041  
1.39655  0.125045  
1.2068  0.125048  
1.2068  0.125048  
1.2068  0.125048  
1.2068  0.125048  
1.17543  0.125049  
1.08265  0.125051  
1.08265  0.125051  
1.08265  0.125051  
1.07227  0.125052  
1.01547  0.125056  
1.01547  0.125056  
1.01547  0.125056  
1.01547  0.125056  
1.01547  0.125056  
1.01069  0.131313  
1.00361  0.133716  
1.00067  0.134742  
0.993714  0.136658  
0.993003  0.136823  
0.990085  0.139879  
0.985844  0.141527  
0.983949  0.143434  
0.983949  0.143434  
0.981842  0.145558  
0.981842  0.145558  
0.977133  0.149839  
0.977133  0.149839  
0.974588  0.15442  
0.972117  0.156271  
0.971262  0.157103  
0.968264  0.158837  
0.965305  0.161248  
0.965305  0.161248  
0.961798  0.16487  
0.961036  0.165944  
0.958204  0.167664  
0.957229  0.169397  
0.957229  0.169397  
0.957229  0.169397  
0.950595  0.175966  
0.948428  0.177734  
0.948428  0.177754  
0.948428  0.177734  
0.944287  0.182934  
0.943666  0.184952  
0.94217  0.186372  
0.93962  0.188849  
0.936748  0.190032  
0.935859  0.192361  
0.935485  0.193423  
0.933444  0.195769  
0.929688  0.196983  
0.928496  0.199204  
0.926074  0.20042  
0.926074  0.20042  
0.923979  0.204391  
0.923979  0.204391  
0.923979  0.204391  
0.920502  0.209994  
0.918653  0.210946  
0.916214  0.21345  
0.913875  0.214361  
0.912107  0.216777  
0.909961  0.219542  
0.90559  0.221002  
0.904181  0.2224  
0.904181  0.2224  
0.902641  0.225278  
0.901626  0.228472  
0.898903  0.229388  
0.896191  0.231442  
0.896191  0.231442  
0.896191  0.231442  
0.893102  0.237386  
0.89144  0.238357  
0.89144  0.238357  
0.886961  0.243172  
0.882829  0.243504  
0.881706  0.245117  
0.88004  0.247481  
0.878656  0.248882  
0.876462  0.250873  
0.876462  0.250873  
0.87331  0.254479  
0.872615  0.256829  
0.870621  0.25931  
0.869814  0.260806  
0.867625  0.263281  
0.867093  0.263822  
0.865803  0.265786  
0.858231  0.268024  
0.857233  0.269751  
0.857233  0.269751  
0.854117  0.273983  
0.853203  0.275102  
0.852675  0.276027  
0.849959  0.27929  
0.847211  0.280848  
0.845611  0.282989  
0.842167  0.284286  
0.842167  0.284286  
0.84021  0.286642  
0.838684  0.288779  
0.838684  0.288779  
0.835752  0.294217  
0.835752  0.294217  
0.831289  0.296252  
0.831183  0.297195  
0.827859  0.300203  
0.824763  0.301591  
0.824763  0.301591  
0.822552  0.305074  
0.821957  0.307102  
0.817821  0.309671  
0.817821  0.309671  
0.814552  0.312456  
0.812091  0.31489  
0.811895  0.315911  
0.810392  0.317301  
0.808692  0.320735  
0.805096  0.322327  
0.804066  0.323654  
0.802017  0.325065  
0.800813  0.327729  
0.797771  0.328272  
0.797771  0.328272  
0.796307  0.331821  
0.792189  0.334799  
0.790887  0.336444  
0.788282  0.338536  
0.788282  0.338536  
0.78646  0.342795  
0.783764  0.344268  
0.783764  0.344268  
0.779709  0.347604  
0.778344  0.349434  
0.778344  0.349434  
0.777102  0.351867  
0.771638  0.355246  
0.771638  0.355246  
0.769995  0.357962  
0.767688  0.360766  
0.766862  0.362338  
0.764601  0.364042  
0.763058  0.365791  
0.761261  0.36795  
0.760589  0.370042  
0.760476  0.370835  
0.756089  0.373306  
0.756089  0.373306  
0.754666  0.376769  
0.754666  0.376769  
0.754436  0.38095  
0.750202  0.383185  
0.749713  0.385075  
0.747548  0.388231  
0.747548  0.388231  
0.746224  0.39295  
0.746224  0.39295  
0.746052  0.397394  
0.746052  0.397394  
0.746052  0.397394  
0.702077  0.404681  
0.702077  0.404681  
0.702077  0.404681  
0.702077  0.404681  
0.702077  0.404681  
0.702077  0.404681  
0.702077  0.404726  
0.702077  0.404726  
0.701026  0.405188  
0.697832  0.405314  
0.697094  0.407357  
0.696366  0.408735  
0.696366  0.408735  
0.69408  0.415749  
0.69408  0.415749  
0.69408  0.415749  
0.678851  0.420961  
0.678851  0.420961  
0.678851  0.420961  
0.677069  0.422307  
0.66543  0.42243  
0.66543  0.42243  
0.665017  0.423402  
0.664338  0.425717  
0.664338  0.425717  
0.664338  0.425717  
0.664338  0.425717  
0.663143  0.435656  
0.663143  0.435656  
0.663143  0.435656  
0.615356  0.444257  
0.615356  0.444257  
0.615356  0.444257  
0.615356  0.444257  
0.615356  0.444257  
0.615356  0.444257  
0.615356  0.444257  
0.615356  0.444257  
0.615609  0.444257  
0.615609  0.444257  
0.615356  0.444257  
0.614512  0.444819  
0.613  0.446767  
0.612395  0.448294  
0.61226  0.450278  
0.61226  0.450278  
0.61226  0.450278  
0.61226  0.450278  
0.594234  0.461454  
0.594234  0.461454  
0.594234  0.461454  
0.594234  0.461454  
0.591604  0.462111  
0.588046  0.462441  
0.58192  0.462883  
0.58192  0.462883  
0.581218  0.463061  
0.581206  0.467106  
0.581078  0.468309  
0.581078  0.468309  
0.581078  0.468309  
0.581078  0.468309  
0.564107  0.480933  
0.564107  0.480933  
0.564107  0.480933  
0.564107  0.480933  
0.550788  0.481124  
0.550788  0.481124  
0.550788  0.481124  
0.550788  0.481124  
0.547315  0.482072  
0.547315  0.482072  
0.547315  0.482072  
0.547315  0.482072  
0.53704  0.490586  
0.536111  0.490586  
0.536111  0.490586  
0.536111  0.490586  
0.536111  0.490586  
0.536111  0.490586  
0.536111  0.490586  
0.532288  0.502319  
0.50308  0.502581  
0.50308  0.502581  
0.50308  0.502581  
0.50308  0.502581  
0.50308  0.502581  
0.50308  0.502581  
0.50308  0.502581  
0.50308  0.502581  
0.50308  0.502581  
0.501351  0.502645  
0.500172  0.505551  
0.498519  0.508016  
0.495974  0.508245  
0.493658  0.510831  
0.493658  0.510831  
0.491405  0.512929  
0.490785  0.51353  
0.489258  0.517804  
0.488143  0.518228  
0.485725  0.519955  
0.482529  0.520769  
0.482311  0.521728  
0.480837  0.524541  
0.480837  0.524541  
0.478944  0.528498  
0.475345  0.530576  
0.472183  0.53163  
0.472183  0.531857  
0.472183  0.531857  
0.468298  0.536703  
0.468298  0.536703  
0.463777  0.539476  
0.463777  0.539476  
0.462954  0.541581  
0.462352  0.544353  
0.461582  0.545094  
0.45691  0.548844  
0.45691  0.548844  
0.455621  0.549517  
0.455621  0.549517  
0.448669  0.554983  
0.448669  0.554983  
0.447686  0.555694  
0.446902  0.558404  
0.446902  0.558404  
0.445155  0.564214  
0.445155  0.564214  
0.437838  0.567565  
0.437838  0.567565  
0.437838  0.567565  
0.437697  0.572014  
0.436071  0.572316  
0.433356  0.575608  
0.425768  0.57667  
0.425768  0.57667  
0.425768  0.57667  
0.425768  0.57667  
0.425148  0.579775  
0.419704  0.585007  
0.419704  0.585007  
0.419704  0.585007  
0.419013  0.586291  
0.415285  0.588579  
0.415285  0.588579  
0.415285  0.588579  
0.414368  0.595004  
0.411662  0.597993  
0.403052  0.599148  
0.403052  0.599148  
0.403052  0.599148  
0.403052  0.599148  
0.400708  0.604059  
0.400708  0.604059  
0.400708  0.604059  
0.395077  0.610233  
0.395077  0.610233  
0.395077  0.610233  
0.389495  0.61376  
0.389495  0.61376  
0.389495  0.61376  
0.386616  0.616536  
0.386616  0.616536  
0.386263  0.623115  
0.382255  0.625154  
0.382255  0.625154  
0.381141  0.628676  
0.375425  0.630083  
0.375425  0.630083  
0.375425  0.630083  
0.375425  0.630083  
0.373588  0.638364  
0.362986  0.639436  
0.362986  0.639436  
0.362986  0.639436  
0.362986  0.639436  
0.362986  0.639436  
0.360624  0.643046  
0.360624  0.643046  
0.359152  0.645042  
0.358178  0.649791  
0.354315  0.651556  
0.354315  0.651556  
0.353176  0.65466  
0.351485  0.655904  
0.349668  0.658529  
0.348125  0.660639  
0.348125  0.660639  
0.341971  0.663059  
0.341971  0.663059  
0.341971  0.663059  
0.335115  0.66786  
0.335115  0.66786  
0.335823  0.668026  
0.331107  0.669959  
0.331107  0.669959  
0.331107  0.669959  
0.328977  0.674068  
0.328404  0.67595  
0.327586  0.677807  
0.323267  0.681144  
0.323267  0.681144  
0.321566  0.68185  
0.319008  0.683821  
0.318174  0.686349  
0.316812  0.686532  
0.314504  0.690076  
0.310121  0.691066  
0.310121  0.691066  
0.308698  0.692639  
0.308323  0.69355  
0.306587  0.694921  
0.30205  0.699092  
0.30205  0.699092  
0.30205  0.699092  
0.300566  0.703247  
0.297861  0.704817  
0.29783  0.706518  
0.295979  0.709203  
0.292999  0.710338  
0.292999  0.710338  
0.288518  0.715222  
0.288518  0.715222  
0.288518  0.715222  
0.287379  0.717113  
0.285479  0.720541  
0.281265  0.722861  
0.281265  0.722861  
0.278752  0.725067  
0.278752  0.725067  
0.278272  0.727883  
0.272174  0.731067  
0.272174  0.731067  
0.271644  0.732206  
0.270578  0.733916  
0.267407  0.73437  
0.266755  0.73437  
0.266684  0.738388  
0.264518  0.742305  
0.263936  0.745352  
0.26007  0.748847  
0.26007  0.748847  
0.258975  0.749983  
0.254078  0.755708  
0.254078  0.755708  
0.254078  0.755708  
0.247984  0.757887  
0.247984  0.757887  
0.247984  0.757887  
0.247984  0.757887  
0.242615  0.766163  
0.242615  0.766163  
0.242615  0.766163  
0.240619  0.767037  
0.23455  0.768353  
0.23455  0.768353  
0.23455  0.768353  
0.233365  0.771501  
0.233365  0.771501  
0.225325  0.776775  
0.224327  0.777989  
0.224327  0.777989  
0.224327  0.777989  
0.223563  0.778741  
0.220021  0.781353  
0.220021  0.781353  
0.219266  0.783271  
0.217929  0.786608  
0.214068  0.788527  
0.214068  0.788527  
0.213344  0.793342  
0.209369  0.79388  
0.209369  0.79388  
0.208946  0.797711  
0.199676  0.801989  
0.199676  0.801989  
0.199676  0.801989  
0.199676  0.801989  
0.199634  0.801989  
0.195528  0.805276  
0.195528  0.805276  
0.195528  0.805276  
0.192505  0.812302  
0.191842  0.812783  
0.190105  0.81302  
0.189446  0.81699  
0.185242  0.818161  
0.185242  0.818161  
0.181436  0.821491  
0.181436  0.821491  
0.178393  0.825139  
0.178393  0.825139  
0.178215  0.825139  
0.172609  0.830541  
0.172609  0.830541  
0.172609  0.830541  
0.171185  0.831906  
0.167892  0.836564  
0.167892  0.836564  
0.166791  0.838328  
0.16279  0.841014  
0.16279  0.841014  
0.160944  0.841591  
0.15812  0.84335  
0.15812  0.84335  
0.155646  0.845663  
0.154474  0.847693  
0.152822  0.849183  
0.152364  0.850105  
0.149884  0.855073  
0.147481  0.857859  
0.147481  0.857859  
0.14565  0.860281  
0.142338  0.863853  
0.142338  0.863853  
0.140708  0.866129  
0.138172  0.867138  
0.136939  0.868208  
0.134816  0.871422  
0.134816  0.871422  
0.133619  0.875886  
0.131466  0.876242  
0.127145  0.879903  
0.125634  0.880866  
0.126446  0.882525  
0.122742  0.883346  
0.122742  0.883346  
0.119034  0.884844  
0.119034  0.884844  
0.119034  0.884844  
0.117137  0.88894  
0.112856  0.890993  
0.112856  0.890993  
0.112059  0.895012  
0.110007  0.896502  
0.107743  0.898152  
0.107743  0.898152  
0.10409  0.902443  
0.10409  0.902443  
0.100471  0.906429  
0.100471  0.906429  
0.0983609  0.908891  
0.0977444  0.911125  
0.0947233  0.911212  
0.0947233  0.911212  
0.0914169  0.913294  
0.0914169  0.913294  
0.0900925  0.917541  
0.0842078  0.92082  
0.0842078  0.92082  
0.0842078  0.92082  
0.0816176  0.924076  
0.0795782  0.92638  
0.0795782  0.92638  
0.0769959  0.928047  
0.0751802  0.928436  
0.07344  0.930493  
0.071872  0.930585  
0.071872  0.930585  
0.068859  0.932743  
0.068859  0.932743  
0.067163  0.935819  
0.0653224  0.938018  
0.0593066  0.942639  
0.0593066  0.942639  
0.0593066  0.942639  
0.0593066  0.942639  
0.0572782  0.948333  
0.0541543  0.948947  
0.0532409  0.949085  
0.0518753  0.950292  
0.0493617  0.954201  
0.0493617  0.954201  
0.0470411  0.958872  
0.0451247  0.959166  
0.0434638  0.959347  
0.0412088  0.960994  
0.0403627  0.964638  
0.0388923  0.966518  
0.0364604  0.967615  
0.0364604  0.967615  
0.0343127  0.969862  
0.0319763  0.972774  
0.0313785  0.974823  
0.0297967  0.97593  
0.0275444  0.977251  
0.0250663  0.97864  
0.0250663  0.97864  
0.0232432  0.979461  
0.0213947  0.98125  
0.0200617  0.982257  
0.0177308  0.984708  
0.0177308  0.984708  
0.01607  0.988182  
0.0135682  0.99028  
0.0125161  0.992845  
0.0109301  0.995955  
0.00872429  0.999081  
0.00683807  1.00276  
0.00635886  1.01215  
0.00395887  1.01824  
0.00296122  1.04439  
0.00143666  1.0622  
0.000253455  1.0981  
