1.09259  0.839497  0.000150952  
2.37231  0.000406282  0.000261537  
0.00167217  1.55965  0.000469544  
2.37231  0.000406282  0.000261537  
0.708782  0.71461  0.0142618  
0.00167217  1.55965  0.000469544  
2.37231  0.000406282  0.000261537  
0.899799  0.44242  0.0057086  
0.00477597  0.999771  0.0236626  
0.00167217  1.55965  0.000469544  
2.37231  0.000406282  0.000261537  
0.952695  0.315141  0.00740394  
0.705098  0.710569  0.0355576  
0.00477597  0.999771  0.0236626  
0.00167217  1.55965  0.000469544  
2.37231  0.000406282  0.000261537  
0.97323  0.231646  0.00297431  
0.867255  0.500943  0.042018  
0.555579  0.834148  0.0290958  
0.00477597  0.999771  0.0236626  
0.00167217  1.55965  0.000469544  
2.37231  0.000406282  0.000261537  
0.981267  0.193652  0.020782  
0.895623  0.447548  0.0256857  
0.704884  0.710107  0.0357192  
0.0101132  0.998865  0.0520781  
0.00477597  0.999771  0.0236626  
0.00167217  1.55965  0.000469544  
2.29922  0.000578161  0.000293324  
0.987234  0.161396  0.00473492  
0.929072  0.371619  0.041744  
0.864957  0.499034  0.0699741  
0.599865  0.801144  0.0451345  
0.00667086  0.998733  0.0529225  
0.00477597  0.999771  0.0236626  
0.00167217  1.55965  0.000469544  
2.29922  0.000578161  0.000293324  
0.990889  0.1405  0.024582  
0.948872  0.315903  0.0398477  
0.864957  0.499034  0.0699741  
0.706528  0.709267  0.0759863  
0.512924  0.860533  0.0123484  
0.00152  0.998536  0.0551643  
0.00477597  0.999771  0.0236626  
0.00167217  1.55965  0.000469544  
2.29922  0.000578161  0.000293324  
0.993915  0.124203  0.0178524  
0.962535  0.270483  0.047414  
0.892596  0.446621  0.0677479  
0.864957  0.499034  0.0699741  
0.625171  0.779253  0.0710262  
0.0100607  0.996531  0.0851213  
0.011905  0.998452  0.0568277  
0.00784745  0.999763  0.0281391  
0.00167217  1.55965  0.000469544  
2.29922  0.000578161  0.000293324  
0.994907  0.109657  0.0102028  
0.972015  0.241299  0.0154102  
0.917265  0.393732  0.0714107  
0.864957  0.499034  0.0699741  
0.706362  0.708178  0.0947469  
0.554478  0.830333  0.0908851  
0.00947328  0.996364  0.0861696  
0.0100501  0.998452  0.0578445  
0.00784745  0.999763  0.0281391  
0.00167217  1.55965  0.000469544  
2.29922  0.000578161  0.000293324  
0.995791  0.0975547  0.00469469  
0.977418  0.215734  0.0465387  
0.934729  0.350442  0.068711  
0.868367  0.491941  0.0701207  
0.706589  0.70623  0.110025  
0.640685  0.769438  0.0684918  
0.501117  0.86411  0.0786983  
0.00382483  0.996049  0.089574  
0.010377  0.998413  0.0599792  
0.00784745  0.999763  0.0281391  
0.00165729  1.55972  0.000519342  
2.18193  0.000614953  0.000319651  
0.996037  0.0905715  0.0181394  
0.980436  0.194863  0.0571412  
0.948872  0.315903  0.0398477  
0.892596  0.446621  0.0677479  
0.864957  0.499034  0.0699741  
0.706358  0.70648  0.112413  
0.580186  0.80998  0.12217  
0.0165313  0.992672  0.123428  
0.00107463  0.995772  0.0928225  
0.0154066  0.998281  0.0608898  
0.0151624  0.999663  0.0304176  
0.00090497  1.56298  0.00058128  
2.18193  0.000614953  0.000319651  
0.997326  0.0806202  0.00713123  
0.984664  0.17719  0.0597653  
0.956104  0.284225  0.0903088  
0.912473  0.404829  0.101865  
0.86341  0.501203  0.135531  
0.706589  0.70623  0.110025  
0.647601  0.75685  0.0981239  
0.527179  0.848129  0.0753353  
0.00904732  0.992238  0.125666  
0.00107463  0.995772  0.0928225  
0.0121738  0.998105  0.0634827  
0.0149896  0.999601  0.031747  
0.00090497  1.56298  0.00058128  
2.18193  0.000614953  0.000319651  
0.998297  0.0741071  0.0273347  
0.987097  0.160732  0.0489839  
0.963484  0.262317  0.0896695  
0.925523  0.367948  0.122939  
0.872501  0.478388  0.112574  
0.857705  0.493619  0.166471  
0.706358  0.70648  0.112413  
0.597466  0.795497  0.153212  
0.501117  0.86411  0.0786983  
0.0125061  0.991362  0.131813  
0.00742618  0.995144  0.0991029  
0.0149981  0.998019  0.0648468  
0.0149896  0.999601  0.031747  
0.00090497  1.56298  0.00058128  
2.18193  0.000614953  0.000319651  
0.99835  0.0639119  0.0209645  
0.987976  0.145608  0.0580115  
0.967362  0.241548  0.0936996  
0.936399  0.337548  0.115632  
0.891542  0.446022  0.111763  
0.857705  0.493619  0.166471  
0.695083  0.696729  0.1853  
0.653744  0.741886  0.175399  
0.553461  0.830554  0.135717  
0.0262271  0.986151  0.169192  
0.0177523  0.990998  0.136197  
0.001289  0.994938  0.101989  
0.0190597  0.997831  0.068543  
0.0117342  0.99949  0.034038  
0.00090497  1.56298  0.00058128  
2.29922  0.000578161  0.000293324  
0.99835  0.0639119  0.0209645  
0.989346  0.137678  0.0575113  
0.971159  0.22135  0.0999554  
0.943817  0.31215  0.131274  
0.905002  0.405194  0.161093  
0.857705  0.493619  0.166471  
0.850097  0.49093  0.212094  
0.695083  0.696729  0.1853  
0.608927  0.783207  0.15625  
0.506965  0.850798  0.158146  
0.0213827  0.98488  0.175323  
0.0186184  0.990297  0.141355  
0.00371426  0.994596  0.105061  
0.0229707  0.997722  0.0708953  
0.0117342  0.99949  0.034038  
0.00090497  1.56298  0.00058128  
2.29922  0.000578161  0.000293324  
0.998455  0.0604392  0.0228503  
0.990839  0.132027  0.0605702  
0.973616  0.207494  0.103238  
0.950577  0.284632  0.128916  
0.914317  0.37733  0.167053  
0.869433  0.471474  0.17717  
0.849277  0.493655  0.216604  
0.69155  0.69435  0.231561  
0.655158  0.73754  0.201636  
0.551763  0.811262  0.19674  
0.499167  0.856422  0.180528  
0.0303509  0.984231  0.181317  
0.0108021  0.989556  0.146374  
0.010258  0.9941  0.110008  
0.0229707  0.997722  0.0708953  
0.0117342  0.99949  0.034038  
0.00090497  1.56298  0.00058128  
2.29922  0.000578161  0.000293324  
0.998564  0.0574182  0.0166138  
0.991266  0.118688  0.0703228  
0.977879  0.186076  0.106795  
0.956168  0.26743  0.136207  
0.924589  0.351804  0.173065  
0.884367  0.430879  0.200641  
0.84625  0.489434  0.227759  
0.841389  0.484721  0.254351  
0.69155  0.69435  0.231561  
0.614005  0.763486  0.226141  
0.52759  0.825869  0.207735  
0.0138828  0.975459  0.224158  
0.0260751  0.982465  0.18831  
0.00496689  0.98884  0.152072  
0.0123848  0.993805  0.112287  
0.0155673  0.99729  0.0762511  
0.0107142  0.999473  0.0375899  
0.00090497  1.56298  0.00058128  
2.40881  0.000554798  0.000271854  
0.998785  0.0532127  0.0167768  
0.991805  0.114694  0.0722095  
0.978033  0.180952  0.114522  
0.956933  0.255354  0.149707  
0.931612  0.327941  0.184853  
0.891716  0.410804  0.203088  
0.84489  0.490097  0.231026  
0.839872  0.487094  0.262753  
0.684513  0.685956  0.260915  
0.650985  0.722475  0.246184  
0.5785  0.790125  0.21312  
0.493452  0.847273  0.229218  
0.0274077  0.973294  0.23233  
0.0149597  0.980868  0.196199  
0.00717281  0.987888  0.157653  
0.00881155  0.993147  0.11845  
0.0159556  0.997222  0.0787527  
0.0126988  0.999339  0.0391147  
0.000897602  1.56332  0.000619798  
2.47148  0.000514075  0.000232263  
0.999245  0.0423139  0.011017  
0.992854  0.105137  0.0825142  
0.97986  0.166095  0.115173  
0.960844  0.240463  0.150005  
0.937229  0.302561  0.19495  
0.899448  0.38135  0.222132  
0.863008  0.458527  0.23641  
0.834504  0.481264  0.275688  
0.828486  0.476133  0.305586  
0.684513  0.685956  0.260915  
0.6122  0.751053  0.274986  
0.536457  0.809965  0.259835  
0.48918  0.839567  0.261503  
0.00535926  0.97092  0.240111  
0.0173452  0.97975  0.203088  
0.00996537  0.987003  0.16276  
0.0295717  0.992766  0.123771  
0.0139238  0.997037  0.0824491  
0.0126988  0.999339  0.0391147  
0.00088935  1.56359  0.000664266  
2.47148  0.000514075  0.000232263  
0.999245  0.0423139  0.011017  
0.992473  0.0987653  0.0831232  
0.981501  0.158617  0.121117  
0.96336  0.219573  0.161981  
0.93922  0.286988  0.195422  
0.908448  0.363344  0.235891  
0.870049  0.430411  0.259477  
0.834504  0.481264  0.275688  
0.82591  0.48345  0.320082  
0.670164  0.679233  0.317416  
0.648859  0.711184  0.305598  
0.573267  0.764946  0.298925  
0.508154  0.825525  0.277361  
0.0233625  0.957775  0.290399  
0.00482734  0.968214  0.251801  
0.0095733  0.977749  0.211923  
0.0188173  0.985404  0.171279  
0.00731632  0.992055  0.12863  
0.00897442  0.996362  0.086336  
0.0126988  0.999339  0.0391147  
0.000874539  1.56423  0.000747995  
2.54577  0.000395573  0.000285018  
0.999245  0.0423139  0.011017  
0.992473  0.0987653  0.0831232  
0.981779  0.146482  0.130894  
0.966826  0.209083  0.172181  
0.941758  0.268371  0.213334  
0.91302  0.338037  0.241588  
0.873659  0.408613  0.273571  
0.834545  0.474542  0.303013  
0.822538  0.476656  0.332992  
0.662209  0.665648  0.358504  
0.670164  0.679233  0.317416  
0.602172  0.735912  0.325746  
0.548522  0.778618  0.321545  
0.481519  0.824766  0.300924  
0.0203573  0.953777  0.302548  
0.0153255  0.965635  0.261498  
0.0184518  0.975909  0.221252  
0.0111589  0.984356  0.178797  
0.00371116  0.99128  0.134543  
0.0103353  0.996163  0.0903011  
0.0105919  0.999051  0.045324  
0.00033578  1.58181  0.000784222  
2.54577  0.000395573  0.000285018  
0.999245  0.0423139  0.011017  
0.992688  0.093404  0.093986  
0.980521  0.147129  0.135132  
0.96619  0.192648  0.180814  
0.943895  0.260612  0.211592  
0.916676  0.317258  0.261215  
0.885803  0.378285  0.286091  
0.841094  0.449844  0.312422  
0.816466  0.468273  0.344117  
0.8049  0.465793  0.381495  
0.662209  0.665648  0.358504  
0.632976  0.696035  0.347202  
0.572206  0.746432  0.357872  
0.51722  0.802485  0.316277  
0.481072  0.816602  0.334376  
0.0151348  0.949353  0.316034  
0.024923  0.96251  0.273767  
0.0172942  0.973597  0.231837  
0.00103377  0.983012  0.184874  
0.00965335  0.990452  0.141168  
0.0124253  0.995627  0.0946307  
0.0105919  0.999051  0.045324  
0.00033578  1.58181  0.000784222  
2.54577  0.000395573  0.000285018  
0.999245  0.0423139  0.011017  
0.992479  0.0860261  0.0956961  
0.981459  0.137739  0.138239  
0.96619  0.192648  0.180814  
0.944946  0.247978  0.221732  
0.916535  0.299774  0.273729  
0.884509  0.359606  0.308697  
0.848054  0.423175  0.334343  
0.812817  0.474746  0.362917  
0.800382  0.46027  0.393336  
0.644059  0.648981  0.420459  
0.660768  0.664974  0.381445  
0.599066  0.715022  0.384258  
0.545474  0.768568  0.3791  
0.487832  0.813583  0.341141  
0.0355628  0.930579  0.371874  
0.0231626  0.944619  0.329879  
0.0102106  0.958708  0.286619  
0.0148808  0.970372  0.242752  
0.0149597  0.980868  0.196199  
0.0143083  0.989482  0.147169  
0.0109326  0.995614  0.0968805  
0.0105919  0.999051  0.045324  
0.000572937  1.58008  0.000696652  
2.54577  0.000395573  0.000285018  
0.999514  0.0392255  0.0183492  
0.992458  0.0799613  0.103394  
0.981395  0.128815  0.152398  
0.966702  0.180023  0.202437  
0.945021  0.225856  0.248706  
0.918854  0.282472  0.288168  
0.885429  0.342847  0.325522  
0.855619  0.39917  0.347801  
0.811514  0.45187  0.383171  
0.794554  0.450803  0.418129  
0.781353  0.453219  0.44698  
0.641536  0.646324  0.442053  
0.614355  0.679264  0.422704  
0.563793  0.721327  0.417912  
0.514682  0.770662  0.393084  
0.472528  0.800726  0.385018  
0.0349045  0.923124  0.387886  
0.0142739  0.940076  0.345777  
0.0124458  0.955086  0.300443  
0.0255819  0.967408  0.25445  
0.0248903  0.979393  0.205979  
0.00829324  0.988211  0.153583  
0.0197073  0.994887  0.104103  
0.0204328  0.998886  0.051915  
0.000572937  1.58008  0.000696652  
2.54577  0.000395573  0.000285018  
0.999514  0.0392255  0.0183492  
0.992023  0.0685988  0.109993  
0.981231  0.123573  0.157524  
0.964981  0.166222  0.210434  
0.943292  0.216107  0.259679  
0.920237  0.261038  0.297239  
0.888163  0.321181  0.337978  
0.852289  0.377973  0.374129  
0.812002  0.42943  0.401883  
0.787272  0.454452  0.436945  
0.76956  0.439677  0.467546  
0.623458  0.63112  0.477547  
0.631849  0.639481  0.459961  
0.594739  0.694952  0.448443  
0.535343  0.734358  0.446679  
0.487728  0.775309  0.434693  
0.465373  0.777619  0.435123  
0.0348721  0.916343  0.404075  
0.0164069  0.933543  0.362098  
0.0151348  0.949353  0.316034  
0.018635  0.964172  0.266789  
0.0170046  0.976725  0.216054  
0.00996537  0.987003  0.16276  
0.0188202  0.994098  0.110147  
0.0204328  0.998886  0.051915  
0.000572937  1.58008  0.000696652  
2.54577  0.000395573  0.000285018  
0.99981  0.0367339  0.0122961  
0.99143  0.071926  0.115831  
0.97965  0.119709  0.171707  
0.964389  0.165113  0.223634  
0.938984  0.21209  0.275076  
0.915822  0.258686  0.319933  
0.88689  0.305957  0.356589  
0.854502  0.359099  0.388484  
0.813138  0.405958  0.423479  
0.77662  0.455347  0.456988  
0.757315  0.436879  0.487478  
0.741676  0.427686  0.520618  
0.614653  0.626164  0.507585  
0.605731  0.645686  0.496267  
0.553386  0.689215  0.485513  
0.506464  0.7295  0.47565  
0.465373  0.777619  0.435123  
0.0533208  0.885462  0.468027  
0.0377152  0.906147  0.425065  
0.0150826  0.925854  0.379692  
0.0231626  0.944619  0.329879  
0.0198431  0.959987  0.281374  
0.00175668  0.974181  0.22838  
0.00975246  0.984977  0.173715  
0.0219257  0.993546  0.11568  
0.0144239  0.998742  0.0574273  
0.00033578  1.58181  0.000784222  
2.54577  0.000395573  0.000285018  
0.99981  0.0367339  0.0122961  
0.991378  0.0710784  0.120001  
0.980515  0.109454  0.174013  
0.962676  0.154422  0.229996  
0.938079  0.194922  0.293158  
0.91272  0.23519  0.341469  
0.878101  0.293487  0.385362  
0.851609  0.331128  0.427333  
0.810889  0.380122  0.457157  
0.776962  0.427662  0.484309  
0.747462  0.430092  0.511283  
0.735728  0.416829  0.546286  
0.583182  0.601467  0.549417  
0.60232  0.616644  0.528128  
0.560537  0.647011  0.531866  
0.526859  0.69328  0.521406  
0.483984  0.73139  0.513469  
0.456561  0.770237  0.47027  
0.055739  0.874517  0.48985  
0.0562051  0.896716  0.445951  
0.0310298  0.916394  0.401992  
0.0447344  0.937934  0.349465  
0.0119421  0.955199  0.298734  
0.0151663  0.971283  0.24247  
0.00495089  0.983587  0.183675  
0.0295717  0.992766  0.123771  
0.00920128  0.998411  0.0598598  
0.00033578  1.58181  0.000784222  
2.54577  0.000395573  0.000285018  
1.00027  0.0344646  0.00778449  
0.990704  0.0710538  0.124719  
0.979305  0.0991005  0.185573  
0.957972  0.152378  0.254395  
0.937836  0.186493  0.302705  
0.910735  0.224055  0.362868  
0.876177  0.278981  0.401728  
0.844873  0.316721  0.441015  
0.806944  0.347926  0.484843  
0.765289  0.399281  0.511238  
0.736784  0.415023  0.540541  
0.721558  0.424671  0.571147  
0.699707  0.411349  0.606684  
0.581616  0.58787  0.588851  
0.566415  0.608496  0.570296  
0.53458  0.663278  0.544706  
0.486517  0.695861  0.559055  
0.448212  0.729319  0.536369  
0.0381182  0.83377  0.55665  
0.0623802  0.860825  0.516774  
0.0533208  0.885462  0.468027  
0.036873  0.909289  0.419218  
0.0293363  0.930545  0.368669  
0.0151348  0.949353  0.316034  
0.0222911  0.966805  0.256843  
0.00428865  0.981109  0.195718  
0.00707158  0.991969  0.129145  
0.00920128  0.998411  0.0598598  
0.00033578  1.58181  0.000784222  
2.54577  0.000395573  0.000285018  
1.00027  0.0344646  0.00778449  
0.99035  0.0566586  0.138743  
0.976157  0.0925454  0.199551  
0.955403  0.124333  0.272005  
0.932189  0.173297  0.32441  
0.902333  0.20806  0.385651  
0.871547  0.250147  0.436094  
0.834104  0.292057  0.47727  
0.797435  0.334023  0.508844  
0.763881  0.37697  0.533352  
0.726075  0.42018  0.556798  
0.700167  0.414033  0.603749  
0.68341  0.405844  0.632189  
0.560171  0.560447  0.640679  
0.565253  0.569453  0.611766  
0.541083  0.584773  0.611318  
0.495931  0.64602  0.60333  
0.44272  0.692802  0.580125  
0.428643  0.716375  0.575488  
0.0637553  0.815925  0.583215  
0.0495622  0.844586  0.543422  
0.0468493  0.869658  0.496852  
0.0174649  0.896249  0.445863  
0.0184424  0.921349  0.393199  
0.0237336  0.943056  0.335627  
0.024923  0.96251  0.273767  
0.00944437  0.978617  0.20724  
0.0142594  0.990699  0.138639  
0.0181021  0.997909  0.0690912  
0.00033578  1.58181  0.000784222  
2.63122  0.000481572  0.000375038  
1.00027  0.0344646  0.00778449  
0.988147  0.0485077  0.150138  
0.972934  0.0961132  0.219785  
0.951968  0.138234  0.286847  
0.925889  0.150804  0.353034  
0.895821  0.199149  0.410422  
0.856066  0.25057  0.462642  
0.826631  0.280743  0.508659  
0.787889  0.295307  0.545283  
0.751632  0.338961  0.576987  
0.712606  0.3903  0.596363  
0.68341  0.405844  0.632189  
0.663343  0.392559  0.659968  
0.50858  0.527934  0.686855  
0.550946  0.550205  0.645824  
0.530962  0.572162  0.649148  
0.480047  0.607787  0.658638  
0.460224  0.647367  0.617686  
0.411489  0.682094  0.629325  
0.411489  0.682094  0.629325  
0.0699786  0.795622  0.613615  
0.0473517  0.824568  0.568134  
0.0610156  0.852335  0.526241  
0.0670119  0.883548  0.473765  
0.036873  0.909289  0.419218  
0.0424123  0.934638  0.358981  
0.0226691  0.956859  0.293496  
0.0244745  0.975462  0.222276  
0.0214542  0.989355  0.149637  
0.0173763  0.998237  0.0691129  
0.00033578  1.58181  0.000784222  
2.63122  0.000481572  0.000375038  
1.00027  0.0344646  0.00778449  
0.987414  0.0558561  0.161398  
0.969244  0.0856177  0.239221  
0.943432  0.127457  0.308705  
0.918606  0.13663  0.374187  
0.881545  0.201755  0.431097  
0.844324  0.237253  0.492814  
0.806575  0.265224  0.535577  
0.772593  0.295674  0.575688  
0.732939  0.332632  0.607974  
0.692732  0.355673  0.638723  
0.663343  0.392559  0.659968  
0.637357  0.363967  0.692254  
0.613155  0.360838  0.71707  
0.477817  0.509636  0.727062  
0.521802  0.521714  0.694571  
0.480198  0.564659  0.70927  
0.450976  0.592787  0.680553  
0.41976  0.616392  0.683993  
0.406117  0.639198  0.683948  
0.134737  0.746797  0.685477  
0.137752  0.775645  0.645559  
0.0701687  0.803096  0.601513  
0.0381182  0.83377  0.55665  
0.0468493  0.869658  0.496852  
0.0174649  0.896249  0.445863  
0.0323409  0.924148  0.384474  
0.0151348  0.949353  0.316034  
0.0205154  0.971283  0.24247  
0.0197571  0.987295  0.161526  
0.0198879  0.99713  0.0817922  
0.00033578  1.58181  0.000784222  
2.93526  0.000335991  0.00135869  
1.00027  0.0344646  0.00778449  
0.985102  0.0592765  0.170583  
0.96424  0.0958414  0.251482  
0.937504  0.126117  0.332143  
0.903656  0.16016  0.406283  
0.872095  0.167148  0.468383  
0.833156  0.211377  0.522658  
0.787687  0.25123  0.56926  
0.746565  0.280769  0.607113  
0.714365  0.283821  0.650259  
0.67319  0.329866  0.666056  
0.637357  0.363967  0.692254  
0.606107  0.356147  0.721224  
0.580156  0.32512  0.750963  
0.565939  0.322467  0.771371  
0.475246  0.483246  0.749087  
0.478769  0.505892  0.736575  
0.452542  0.536999  0.739159  
0.394519  0.568015  0.727639  
0.394061  0.592566  0.714093  
0.383256  0.629684  0.703177  
0.146398  0.719911  0.715414  
0.0802633  0.746546  0.680882  
0.0952541  0.777891  0.635749  
0.0776363  0.810596  0.593026  
0.0751793  0.847067  0.539523  
0.0346129  0.877527  0.480742  
0.034543  0.911291  0.415386  
0.0237336  0.943056  0.335627  
0.0189864  0.965268  0.262702  
0.0280541  0.984583  0.17853  
0.0198879  0.99713  0.0817922  
0.00033578  1.58181  0.000784222  
2.93526  0.000335991  0.00135869  
1.00027  0.0344646  0.00778449  
0.98138  0.0585433  0.188046  
0.956668  0.0867557  0.28331  
0.926052  0.123616  0.364255  
0.887804  0.145202  0.446437  
0.84892  0.180487  0.507892  
0.807776  0.203195  0.558526  
0.76728  0.230346  0.610989  
0.727189  0.254957  0.651688  
0.686683  0.27293  0.683546  
0.648921  0.308336  0.713687  
0.610006  0.320091  0.73219  
0.580156  0.32512  0.750963  
0.554826  0.328472  0.776407  
0.527259  0.307889  0.798436  
0.444822  0.44236  0.814886  
0.463891  0.464699  0.780424  
0.435912  0.482383  0.77842  
0.406484  0.52054  0.778337  
0.353584  0.554264  0.776698  
0.353584  0.554264  0.776698  
0.353584  0.554264  0.776698  
0.180013  0.690267  0.753281  
0.146398  0.719911  0.715414  
0.111425  0.750438  0.673643  
0.0930491  0.786424  0.629575  
0.0602783  0.823046  0.574948  
0.0623802  0.860825  0.516774  
0.0174649  0.896249  0.445863  
0.0293363  0.930545  0.368669  
0.0269832  0.958716  0.287617  
0.00960161  0.981188  0.19584  
0.0109326  0.995614  0.0968805  
0.000247592  1.58292  0.000845041  
2.92156  0.000335991  0.00135869  
1.00027  0.0344646  0.00778449  
0.977199  0.0441686  0.213329  
0.949211  0.0510857  0.314408  
0.909624  0.117143  0.40112  
0.869805  0.12738  0.483142  
0.828146  0.168124  0.551725  
0.781788  0.167099  0.608434  
0.739586  0.198392  0.654584  
0.693326  0.236943  0.691876  
0.655249  0.261937  0.73101  
0.61902  0.273933  0.75296  
0.577497  0.277841  0.772652  
0.540264  0.305522  0.787759  
0.515293  0.295622  0.809978  
0.496625  0.292377  0.828147  
0.475583  0.270002  0.843666  
0.376766  0.393786  0.84625  
0.408461  0.435543  0.821176  
0.374815  0.461747  0.826793  
0.33903  0.486342  0.826628  
0.328378  0.523459  0.811806  
0.328378  0.523459  0.811806  
0.181611  0.604734  0.815899  
0.156053  0.643482  0.784249  
0.185363  0.680972  0.763346  
0.146398  0.719911  0.715414  
0.11366  0.751477  0.668685  
0.0811301  0.794402  0.615903  
0.0714352  0.836418  0.5549  
0.0346129  0.877527  0.483306  
0.0153948  0.915094  0.404371  
0.0151348  0.949353  0.316034  
0.0167749  0.97816  0.216889  
0.0115842  0.994685  0.108161  
0.000247592  1.58292  0.000845041  
2.92156  0.000335991  0.00135869  
1.20287  0.014331  0.146027  
0.971306  0.0312328  0.236732  
0.935192  0.0795203  0.347358  
0.895048  0.0945368  0.445179  
0.846606  0.0908592  0.529159  
0.799389  0.124674  0.598634  
0.750368  0.167456  0.654768  
0.700866  0.187447  0.701489  
0.658204  0.206303  0.736223  
0.608613  0.222496  0.770442  
0.577212  0.238079  0.791747  
0.539315  0.266657  0.813239  
0.499639  0.286988  0.823746  
0.477631  0.267473  0.841043  
0.457885  0.270777  0.857362  
0.435849  0.266213  0.872417  
0.352081  0.368988  0.871914  
0.363999  0.378031  0.863175  
0.362428  0.394982  0.861275  
0.33454  0.425352  0.847322  
0.308304  0.447246  0.861805  
0.307841  0.47099  0.858595  
0.29862  0.460378  0.867423  
0.080909  0.564582  0.842124  
0.137438  0.590219  0.829427  
0.160421  0.636413  0.798181  
0.127509  0.677775  0.765488  
0.146398  0.719911  0.715414  
0.0704887  0.758128  0.661105  
0.0246905  0.803189  0.598938  
0.0708172  0.850743  0.529939  
0.0174649  0.896249  0.445863  
0.0497147  0.937823  0.350418  
0.0205154  0.971283  0.24247  
0.0209656  0.994389  0.115584  
0.000107674  1.60252  0.00100297  
2.92156  0.000335991  0.00135869  
1.20281  0.00837839  0.158925  
0.966467  0.0487  0.25845  
0.920798  0.0775087  0.39446  
0.867725  0.0946267  0.49375  
0.813256  0.0514872  0.582791  
0.760169  0.0639893  0.650269  
0.706299  0.13498  0.704906  
0.656081  0.151986  0.751161  
0.601599  0.191381  0.779974  
0.56364  0.20308  0.802248  
0.515985  0.213416  0.837131  
0.494117  0.218524  0.850986  
0.457574  0.234471  0.861507  
0.436451  0.253456  0.870931  
0.41115  0.240471  0.882108  
0.38857  0.229393  0.896643  
0.370182  0.212161  0.908618  
0.335042  0.333677  0.896255  
0.328304  0.34326  0.888701  
0.310838  0.363771  0.898833  
0.289476  0.364191  0.904592  
0.268557  0.407603  0.89288  
0.268557  0.407603  0.89288  
0.253746  0.492381  0.903038  
0.206405  0.513293  0.883657  
0.174302  0.550475  0.85344  
0.165231  0.584782  0.83487  
0.174725  0.624585  0.800457  
0.0959576  0.654507  0.771809  
0.146398  0.719911  0.715414  
0.034788  0.766124  0.653379  
0.0342042  0.8165  0.579016  
0.0756204  0.873714  0.492145  
0.0472843  0.924342  0.390193  
0.0150882  0.964495  0.274259  
0.00707158  0.991969  0.129145  
0.000107674  1.60252  0.00100297  
2.92156  0.000335991  0.00135869  
0.981881  0.029455  0.189521  
0.949211  0.0510857  0.314408  
0.897242  0.0485948  0.44345  
0.8339  0.0501204  0.553754  
0.770066  0.104683  0.638847  
0.708581  0.0823901  0.706792  
0.65162  0.0930527  0.761011  
0.597865  0.153861  0.795998  
0.551742  0.164164  0.821893  
0.505682  0.173755  0.850671  
0.467384  0.182343  0.874568  
0.435245  0.189139  0.886701  
0.410577  0.204106  0.896431  
0.380009  0.220605  0.901024  
0.364408  0.21776  0.912435  
0.345708  0.199124  0.918776  
0.328242  0.195487  0.930762  
0.312018  0.18749  0.937922  
0.288623  0.288986  0.936781  
0.246864  0.311199  0.928641  
0.262546  0.315688  0.928144  
0.247539  0.328692  0.926426  
0.241372  0.354137  0.926769  
0.219579  0.404112  0.94495  
0.16305  0.428292  0.923679  
0.16305  0.428292  0.923679  
0.174602  0.466764  0.922481  
0.181852  0.532882  0.876702  
0.119887  0.562368  0.842176  
0.157768  0.614916  0.813047  
0.0959576  0.654507  0.771809  
0.134532  0.719808  0.721617  
0.0808139  0.772117  0.644916  
0.0533391  0.839461  0.551339  
0.0174649  0.896249  0.445863  
0.0289605  0.950546  0.31498  
0.0163965  0.987697  0.163566  
0.000104593  1.58723  0.00109563  
2.93526  0.000335991  0.00135869  
0.981881  0.029455  0.189521  
0.936162  0.0479211  0.351296  
0.860618  0.0708042  0.513839  
0.782701  0.0773214  0.625419  
0.708581  0.0823901  0.706792  
0.636962  0.106151  0.769052  
0.573066  0.104802  0.817035  
0.530181  0.134197  0.848834  
0.485564  0.125041  0.874266  
0.439452  0.138954  0.892115  
0.413488  0.140997  0.909214  
0.379226  0.158294  0.916256  
0.352216  0.161667  0.927023  
0.329753  0.18547  0.931272  
0.312018  0.18749  0.937922  
0.293596  0.176682  0.945144  
0.279197  0.161924  0.951561  
0.265037  0.147841  0.954163  
0.229654  0.233836  0.953868  
0.229654  0.233836  0.953868  
0.225541  0.240182  0.954105  
0.19892  0.273747  0.953662  
0.19892  0.273747  0.953662  
0.19892  0.273747  0.953662  
0.0872917  0.313499  0.961224  
0.180848  0.366419  0.950179  
0.108004  0.390582  0.948465  
0.165392  0.420593  0.929438  
0.129609  0.448122  0.931702  
0.150807  0.512793  0.897716  
0.088596  0.554448  0.887483  
0.0988485  0.579873  0.842035  
0.0877913  0.657945  0.796682  
0.0916035  0.729376  0.715412  
0.077829  0.786867  0.630296  
0.0328024  0.864159  0.510606  
0.0456907  0.931234  0.370069  
0.0244874  0.981719  0.193738  
0.000115971  1.5741  0.00139123  
2.93526  0.000335991  0.00135869  
1.16706  0.0290776  0.277652  
0.908912  0.0428724  0.416368  
0.80129  0.0608854  0.600781  
0.712299  0.0633219  0.702939  
0.624176  0.0708043  0.783688  
0.554639  0.0925902  0.832439  
0.495913  0.0929164  0.867007  
0.446723  0.0845986  0.892584  
0.405655  0.0767924  0.91244  
0.360294  0.109017  0.929828  
0.340735  0.121528  0.936365  
0.308618  0.129897  0.943793  
0.290423  0.13961  0.950406  
0.271803  0.127501  0.95578  
0.250568  0.14214  0.959512  
0.238159  0.138786  0.962616  
0.224052  0.130275  0.96789  
0.208673  0.119523  0.971751  
0.18365  0.184881  0.970071  
0.186472  0.19151  0.969718  
0.184648  0.190469  0.969808  
0.172327  0.20081  0.973931  
0.16865  0.201219  0.975173  
0.157262  0.193527  0.978802  
0.145715  0.197801  0.978995  
0.145715  0.197801  0.978995  
0.108449  0.299217  0.970935  
0.0872917  0.313499  0.961224  
0.0872917  0.313499  0.961224  
0.106036  0.383181  0.952956  
0.108004  0.390582  0.948465  
0.11572  0.422445  0.943329  
0.107646  0.517715  0.904791  
0.080909  0.564582  0.842124  
0.0853325  0.655719  0.797531  
0.071765  0.73335  0.732474  
0.0317321  0.804118  0.603187  
0.0174649  0.896249  0.445863  
0.0205154  0.971283  0.24247  
0.000115971  1.5741  0.00139123  
2.93526  0.000335991  0.00135869  
1.13086  0.0165643  0.374502  
0.802895  0.0426312  0.595693  
0.723223  0.0548643  0.690645  
0.567437  0.0615296  0.824632  
0.518435  0.0688206  0.854665  
0.4483  0.0718143  0.893577  
0.395436  0.0514388  0.918971  
0.350703  0.065304  0.938204  
0.308192  0.0745364  0.949892  
0.280947  0.089995  0.962004  
0.260324  0.0841647  0.965254  
0.240468  0.0912555  0.967777  
0.215947  0.0931112  0.973314  
0.208981  0.0923737  0.975334  
0.191738  0.10623  0.976814  
0.183844  0.104418  0.979862  
0.168377  0.0909413  0.982537  
0.163043  0.0956845  0.982932  
0.155208  0.0904201  0.984911  
0.132187  0.137201  0.984009  
0.132187  0.137201  0.984009  
0.132187  0.137201  0.984009  
0.121079  0.140703  0.986213  
0.122524  0.173776  0.984814  
0.117413  0.127769  0.987693  
0.109585  0.119611  0.990537  
0.0773001  0.204508  0.982357  
0.0970786  0.215513  0.981563  
0.0404466  0.24269  0.979037  
0.0404466  0.24269  0.979037  
0.0404466  0.24269  0.979037  
0.0872917  0.313499  0.961224  
0.0872917  0.313499  0.961224  
0.0791233  0.350597  0.972369  
0.0791233  0.350597  0.972369  
0.0436109  0.569208  0.843496  
0.0436109  0.569208  0.843496  
0.0381614  0.745625  0.704685  
0.0204348  0.845625  0.551457  
0.016766  0.952712  0.30695  
0.000115971  1.5741  0.00139123  
3.11463  0.000331133  0.00619033  
1.05968  0.0182915  0.517936  
0.767467  0.034491  0.777677  
0.581976  0.0383284  0.880469  
0.46519  0.0127408  0.932793  
0.380722  0.0504017  0.952015  
0.32035  0.0303577  0.968903  
0.277393  0.0545391  0.978424  
0.241648  0.0571509  0.972064  
0.168807  0.0593272  0.984709  
0.196831  0.0601691  0.981872  
0.168807  0.0593272  0.984709  
0.163614  0.062312  0.986525  
0.150288  0.0678225  0.988089  
0.136816  0.0681825  0.988748  
0.130764  0.0655716  0.989637  
0.123851  0.0732523  0.990419  
0.116285  0.0639181  0.991572  
0.10733  0.0587736  0.992969  
0.102913  0.0612588  0.993501  
0.0992402  0.0534589  0.994118  
0.0912727  0.0901071  0.994652  
0.0895559  0.047726  0.995274  
0.0853292  0.0506396  0.9958  
0.0830159  0.0361067  0.996257  
0.0781149  0.0373762  0.996576  
0.0764464  0.0289228  0.99679  
0.0706241  0.0332153  0.997275  
0.0706241  0.0332153  0.997275  
0.0628627  0.146633  0.996706  
0.0476969  0.160634  0.994779  
0.0224963  0.176699  0.984807  
0.0224963  0.176699  0.984807  
0.0524775  0.215681  0.983088  
0.0404466  0.24269  0.979037  
0.0404466  0.24269  0.979037  
0.0515091  0.236188  0.980112  
0.0515091  0.236188  0.980112  
0.0515091  0.236188  0.980112  
0.0436109  0.569208  0.843496  
0.0284473  0.746972  0.704685  
0.0119486  0.898775  0.445701  
0.000115971  1.5741  0.00139123  
3.10996  0.000314661  0.00698994  
0.788432  0.0142678  0.771947  
0.435915  0.0141197  0.933934  
0.312996  0.0130334  0.96954  
0.236766  0.0230967  0.981386  
0.190267  0.0259368  0.991055  
0.156286  0.0214345  0.992293  
0.126246  0.019158  0.995578  
0.0764354  0.0244511  0.997188  
0.0764354  0.0244511  0.997188  
0.0876002  0.0300284  0.996587  
0.0876002  0.0300284  0.996587  
0.0764354  0.0244511  0.997188  
0.0764354  0.0244511  0.997188  
0.0700089  0.0286705  0.997398  
0.0627517  0.0295427  0.997848  
0.0612817  0.0313348  0.997974  
0.0587726  0.0230812  0.998163  
0.0540802  0.0307681  0.9984  
0.0514889  0.0238624  0.998586  
0.0486409  0.0305291  0.998747  
0.0472592  0.0163983  0.999006  
0.0453166  0.0189921  0.999022  
0.0422071  0.0143962  0.999201  
0.0396548  0.0150723  0.999293  
0.0396548  0.0150723  0.999293  
0.036862  0.0124783  0.999364  
0.036862  0.0124783  0.999364  
0.035563  0.0265057  0.999479  
0.0335227  0.0218091  0.999491  
0.0311894  0.0530583  0.999624  
0.0311894  0.0530583  0.999624  
0.0311894  0.0530583  0.999624  
0.029124  0.0238403  0.999713  
0.029124  0.0238403  0.999713  
0.0275122  0.0695212  0.999774  
0.0275122  0.0695212  0.999774  
0.0258698  0.0119809  0.999835  
0.0224963  0.176699  0.984807  
0.0224963  0.176699  0.984807  
0.0224963  0.176699  0.984807  
0.0224963  0.176699  0.984807  
0.0193559  0.81514  0.618478  
0.000115971  1.5741  0.00139123  
0.206699  9.59894e-005  1.07583  
0.00829665  0.000537952  1.00056  
0.00829665  0.000537952  1.00056  
0.00823003  0.000602437  1.00058  
0.00823003  0.000602437  1.00058  
0.00823003  0.000602437  1.00058  
0.0076193  0.00105775  1.00045  
0.00726208  0.00107874  1.00043  
0.0068157  0.00144822  1.00036  
0.0068157  0.00144822  1.00036  
0.0068157  0.00144822  1.00036  
0.0068157  0.00144822  1.00036  
0.0068157  0.00144822  1.00036  
0.0068157  0.00144822  1.00036  
0.0068157  0.00144822  1.00036  
0.0068157  0.00144822  1.00036  
0.00726208  0.00107874  1.00043  
0.00726208  0.00107874  1.00043  
0.00726208  0.00107874  1.00043  
0.00726208  0.00107874  1.00043  
0.00726208  0.00107874  1.00043  
0.00726208  0.00107874  1.00043  
0.00726208  0.00107874  1.00043  
0.00726208  0.00107874  1.00043  
0.00726208  0.00107874  1.00043  
0.0074958  0.000984929  1.00046  
0.0074958  0.000984929  1.00046  
0.0074958  0.000984929  1.00046  
0.0074958  0.000984929  1.00046  
0.0074958  0.000984929  1.00046  
0.0074958  0.000984929  1.00046  
0.0074958  0.000984929  1.00046  
0.0074958  0.000984929  1.00046  
0.0074958  0.000984929  1.00046  
0.0074958  0.000984929  1.00046  
0.00598653  0.0284697  1.00059  
0.00598653  0.0284697  1.00059  
0.00508774  0.0284697  1.00059  
0.00508774  0.0284697  1.00059  
0.00508774  0.0284697  1.00059  
0.00508774  0.0284697  1.00059  
0.00427783  0.0555234  1.00085  
0.00336691  0.0667426  1.0034  
0.00336691  0.0667426  1.0034  
0.000115971  1.5741  0.00139123  
